2022-04-27 11:07:33.039082

reference phi, theta, psi, translation: -86.91639066027085, -0.0, 34.793557367935236, -2.296917200088501, -0.12373751401901245, 3.3104169368743896

phi,theta,psi,rot_x,rot_y,rot_z,phi_err,theta_err,psi_err
-76.53055527251121,6.8177051513072,38.18892636661862,-2.336111545562744,-0.9462913274765015,3.345968008041382,10.385835387759641,6.8177051513072,3.395368998683381
-76.49109726967603,6.420238354702113,38.8913942472815,-2.389263391494751,-0.9332715272903442,3.3061530590057373,10.425293390594817,6.420238354702113,4.097836879346261
-76.99011089043717,5.176993156099737,41.36604350056341,-2.591444969177246,-0.8788212537765503,3.139455795288086,9.926279769833684,5.176993156099737,6.572486132628171
-79.9501987635048,4.280144599273188,41.943768221319765,-2.6954824924468994,-0.6948539614677429,3.0894839763641357,6.966191896766048,4.280144599273188,7.150210853384529
-82.49373388966087,5.670730688419881,40.87842605043244,-2.648989200592041,-0.6649694442749023,3.1205596923828125,4.422656770609976,5.670730688419881,6.084868682497202
-82.86239335011231,4.217663547738171,40.955050527636224,-2.671231985092163,-0.5634172558784485,3.1223864555358887,4.053997310158536,4.217663547738171,6.1614931597009885
-83.06529094959672,4.379424476421125,39.719500042632184,-2.5949339866638184,-0.562932550907135,3.169492244720459,3.8510997106741343,4.379424476421125,4.925942674696948
-83.82682972129645,3.216918598690764,38.77666072960363,-2.550394296646118,-0.4600098133087158,3.197978973388672,3.089560938974401,3.216918598690764,3.983103361668391
-85.14435955181358,1.6631845925687465,36.96949854315039,-2.4460105895996094,-0.2992761433124542,3.266765594482422,1.77203110845727,1.6631845925687465,2.1759411752151507
-87.4485648494524,-0.546055081944158,34.712694758351454,-2.2943382263183594,-0.07446867227554321,3.3191728591918945,0.5321741891815464,0.546055081944158,0.08086260958378233
-86.9886267409329,-0.21861633497987074,34.99884553362914,-2.300741672515869,-0.10863199830055237,3.290095567703247,0.07223608066205145,0.21861633497987074,0.20528816569390074
-86.88554552597907,-0.09483312460809339,34.883732940452326,-2.295114040374756,-0.12127454578876495,3.297191619873047,0.030845134291780596,0.09483312460809339,0.09017557251709007
-87.00123527014075,-0.06858995841969949,34.886225959499384,-2.296203374862671,-0.11772525310516357,3.2996506690979004,0.08484460986990428,0.06858995841969949,0.09266859156414853
-87.15295426217425,-0.19907947909884938,34.80684208587091,-2.2875497341156006,-0.10463517904281616,3.297328472137451,0.23656360190339853,0.19907947909884938,0.013284717935675872
-87.14785211086425,-0.14444472869989383,34.75034617615115,-2.287584066390991,-0.1076214388012886,3.3054754734039307,0.2314614505934003,0.14444472869989383,0.0432111917840885
-87.03366500831997,-0.16092796488998234,34.88824428039912,-2.2928824424743652,-0.11070671677589417,3.2956457138061523,0.11727434804912207,0.16092796488998234,0.09468691246388516
-86.9569688141299,-0.012370255906995841,34.96270017254143,-2.2995452880859375,-0.12127401679754257,3.294741630554199,0.04057815385904462,0.012370255906995841,0.1691428046061958
-86.871803185369,-0.016455416252605225,34.795336632214024,-2.2913033962249756,-0.12754225730895996,3.304135799407959,0.04458747490184578,0.016455416252605225,0.0017792642787881618
-87.02535266810007,-0.13807629590916004,34.79893272681203,-2.2906336784362793,-0.11214512586593628,3.30313777923584,0.10896200782921994,0.13807629590916004,0.00537535887679752
-86.9501113042032,-0.03474303835725143,34.90461965893423,-2.294499635696411,-0.12306618690490723,3.2970945835113525,0.03372064393235519,0.03474303835725143,0.11106229099899423
-86.86235703374687,0.05604854341849913,34.849875692736575,-2.2934980392456055,-0.13009057939052582,3.304260015487671,0.054033626523974476,0.05604854341849913,0.056318324801338804
-87.06259085945497,-0.17759076174708777,34.79610502849565,-2.2911174297332764,-0.10904158651828766,3.301179885864258,0.14620019918412197,0.17759076174708777,0.0025476605604168867
-87.13861769510639,-0.3264894083392246,34.92240888662752,-2.295773506164551,-0.09677954018115997,3.2942776679992676,0.22222703483554085,0.3264894083392246,0.1288515186922865
-86.83653891868423,0.04138730589869451,34.929061490879114,-2.295947790145874,-0.13016283512115479,3.294863224029541,0.07985174158662289,0.04138730589869451,0.13550412294387826
-87.05250267005087,-0.04534916810085387,34.77482898923106,-2.286792278289795,-0.11709807813167572,3.29821515083313,0.13611200978002103,0.04534916810085387,0.018728378704174986
-87.02865847965835,-0.08189927895787616,34.89055288433858,-2.292020797729492,-0.11683566868305206,3.294445276260376,0.11226781938749752,0.08189927895787616,0.09699551640334647
-86.86607265665536,-0.15608203056262276,34.91728624475002,-2.2971508502960205,-0.11761187016963959,3.2996649742126465,0.05031800361548733,0.15608203056262276,0.12372887681478062
-86.95369715351747,-0.013336462971685536,34.699932549887286,-2.2865078449249268,-0.12101523578166962,3.31022310256958,0.03730649324661783,0.013336462971685536,0.09362481804794953
-87.02648647950228,-0.04418621390745898,34.901549488902305,-2.29573130607605,-0.11837694048881531,3.300480365753174,0.1100958192314323,0.04418621390745898,0.10799212096706867
-86.96939292823015,-0.10369478433528007,34.80025436841643,-2.2908504009246826,-0.11608172953128815,3.3035731315612793,0.0530022679593003,0.10369478433528007,0.006697000481196369
-87.04742100930838,-0.022154923723005423,34.73567151471938,-2.287001848220825,-0.11844820529222488,3.3050196170806885,0.1310303490375304,0.022154923723005423,0.05788585321585771
-86.90679424448699,-0.09451723723685194,34.815400312900934,-2.2914607524871826,-0.11854681372642517,3.301499366760254,0.009596415783860834,0.09451723723685194,0.021842944965698052
-86.95063039858013,-0.06336868980070949,34.78195970672455,-2.2881486415863037,-0.12006602436304092,3.302647590637207,0.03423973830928162,0.06336868980070949,0.011597661210686283
-86.98068323092818,-0.03594356516597958,34.81990823775315,-2.290900230407715,-0.1200944185256958,3.3010716438293457,0.0642925706573294,0.03594356516597958,0.026350869817910905
-86.94214730363097,-0.05563435195040962,34.81492219965904,-2.2907533645629883,-0.12011854350566864,3.3006114959716797,0.02575664336012551,0.05563435195040962,0.021364831723801103
-87.00939051600974,-0.06125988269453552,34.82434786071365,-2.2927825450897217,-0.11747664213180542,3.3029494285583496,0.09299985573889558,0.06125988269453552,0.030790492778415057

Errors:
rotation,[20.598909537750224, 20.943368624643192, 21.675759058561592, 18.396547349423766, 16.178256141527058, 14.433154017597696, 13.156466861792207, 10.289582899333556, 5.611156876241167, 1.1590918807094868, 0.49614058133582295, 0.21585383141696407, 0.2461031598537523, 0.4489277989379238, 0.4191173710773826, 0.3728892254029896, 0.22209121437223625, 0.06282215543323917, 0.2524136626151775, 0.17952597328860084, 0.1664004947438124, 0.3263386214916266, 0.6775679618670519, 0.25674317042919564, 0.2001895565850499, 0.2911626147487202, 0.3301289109928907, 0.1442677742662529, 0.26227415410595994, 0.16339405277577673, 0.21107112597639355, 0.12595659798641085, 0.1092060893206774, 0.12658700564121989, 0.10275582703433622, 0.18505023121184616]
translation,[0.1579505536533441, 0.15339301716317078, 0.13349555382888845, 0.12739962113414993, 0.11582435094335164, 0.1164266240737879, 0.10363310832816275, 0.08508172794945601, 0.060850056994574686, 0.004517549514478247, 0.014918956011860551, 0.011958728554468223, 0.009424780186966686, 0.016629220756935403, 0.009836613255381543, 0.014806345977853574, 0.011435050171222372, 0.008237902562037824, 0.00989790913246491, 0.012334693741665959, 0.006803940417442256, 0.011315708022285875, 0.014636905763197205, 0.013114141591426431, 0.015988257393304117, 0.016109609418086812, 0.008875322911298333, 0.006164289406631163, 0.008994356031263528, 0.009305149731443585, 0.010238150971827231, 0.010588623973103672, 0.011486940910462096, 0.011213372542910882, 0.011674210093899795, 0.00867594148316897]
loss,
[0.06596158444881439, 0.0714813768863678, 0.04646237939596176, 0.03979223966598511, 0.032275520265102386, 0.026052242144942284, 0.028522511944174767, 0.022899379953742027, 0.01947510614991188, 0.00649004802107811, 0.00287575158290565, 0.0019435598514974117, 0.0014064008137211204, 0.0024470386561006308, 0.002021696185693145, 0.0021980982273817062, 0.0017856605118140578, 0.004025711677968502, 0.001741630956530571, 0.002238230314105749, 0.003233384108170867, 0.002488324884325266, 0.0025073299184441566, 0.003229050664231181, 0.002616800367832184, 0.001653297571465373, 0.0021371017210185528, 0.002770537044852972, 0.0020205837208777666, 0.002699781209230423, 0.002561836037784815, 0.002706340979784727, 0.002246101154014468, 0.0016057811444625258, 0.0017401045188307762, 0.0025358032435178757]

2022-04-27 11:10:07.487767