2022-04-27 23:15:43.821720

reference phi, theta, psi, translation: -33.091320547511735, -0.0, 74.32085247222868, -2.1190009117126465, -3.251617431640625, 1.089412808418274

phi,theta,psi,rot_x,rot_y,rot_z,phi_err,theta_err,psi_err
-22.822884158753556,1.294954214858955,81.82337814338081,-1.5357718467712402,-3.6827800273895264,0.7731812596321106,10.268436388758179,1.294954214858955,7.502525671152128
-23.27404205909499,0.32219300495327113,81.11372831880564,-1.5959211587905884,-3.641541004180908,0.7991596460342407,9.817278488416743,0.32219300495327113,6.792875846576962
-23.399376030364724,-2.538958767431119,77.76516660650437,-1.6638087034225464,-3.5600221157073975,0.9632071256637573,9.69194451714701,2.538958767431119,3.444314134275686
-19.85029362441021,-7.641398288607324,73.14849831252018,-1.51789128780365,-3.5317294597625732,1.1532752513885498,13.241026923101526,7.641398288607324,1.1723541597085045
-18.19932078880224,-3.741751047167781,73.02095819014853,-1.2897653579711914,-3.589796304702759,1.1926788091659546,14.891999758709495,3.741751047167781,1.299894282080146
-19.841241916212653,0.05346193592399453,75.00985463494288,-1.3226877450942993,-3.627070188522339,1.0278770923614502,13.250078631299083,0.05346193592399453,0.6890021627142033
-24.196329332910985,2.370361640821413,75.24779793505861,-1.5323361158370972,-3.5575428009033203,1.010595679283142,8.89499121460075,2.370361640821413,0.9269454628299343
-29.125258507822522,1.4370247091743307,75.52071863391399,-1.8668817281723022,-3.398721218109131,1.0027116537094116,3.966062039689213,1.4370247091743307,1.199866161685307
-33.5563198262062,-0.004636659346700379,74.6030075868419,-2.135298013687134,-3.2249231338500977,1.065726399421692,0.46499927869446367,0.004636659346700379,0.28215511461321796
-32.86850270131299,0.1370774238701751,74.25254375033938,-2.100160837173462,-3.2556591033935547,1.0936640501022339,0.222817846198744,0.1370774238701751,0.06830872188929504
-33.12383907815016,0.16391291418316747,74.391934250921,-2.1154727935791016,-3.246715784072876,1.0828578472137451,0.03251853063842702,0.16391291418316747,0.07108177869231724
-32.92699985645957,0.045427852947391385,74.30748579202296,-2.1038715839385986,-3.2509474754333496,1.0886396169662476,0.1643206910521684,0.045427852947391385,0.013366680205720627
-32.88153128715479,0.047969943264809585,74.247345976381,-2.101292133331299,-3.251725912094116,1.0927928686141968,0.209789260356942,0.047969943264809585,0.07350649584768121
-32.941152008419834,0.049515916886780496,74.24745525940772,-2.1045329570770264,-3.2488536834716797,1.09262216091156,0.15016853909190075,0.049515916886780496,0.07339721282096434
-32.84184447298243,0.10476300299042189,74.40853161060413,-2.099215507507324,-3.25581955909729,1.0820103883743286,0.24947607452930498,0.10476300299042189,0.08767913837544938
-32.961803085375365,0.050497505926208844,74.32406266113858,-2.1057305335998535,-3.2500061988830566,1.0877152681350708,0.12951746213636994,0.050497505926208844,0.003210188909903877
-32.99742252189698,0.042199808045816564,74.26435314741433,-2.1090877056121826,-3.248389959335327,1.092746615409851,0.09389802561475591,0.042199808045816564,0.05649932481435371
-32.98988540814787,0.07556525268289965,74.30170062179596,-2.1081128120422363,-3.250178813934326,1.0898921489715576,0.10143513936386483,0.07556525268289965,0.019151850432720607
-32.86992338066035,0.02487077672728359,74.33318096368055,-2.10227632522583,-3.2518880367279053,1.0880433320999146,0.2213971668513821,0.02487077672728359,0.012328491451867762
-32.839638321880514,0.05508402000835831,74.43883032976231,-2.100102663040161,-3.2593750953674316,1.079322338104248,0.251682225631221,0.05508402000835831,0.11797785753363144
-32.8376609821158,0.06407975368262647,74.35595964456255,-2.098665475845337,-3.2548108100891113,1.0848411321640015,0.25365956539593526,0.06407975368262647,0.03510717233386629
-32.7955904319231,0.07166129056089553,74.29385273443961,-2.096996307373047,-3.2566514015197754,1.0907050371170044,0.2957301155886327,0.07166129056089553,0.026999737789068945
-32.95960376446262,0.029570259847615372,74.32125545338971,-2.107090711593628,-3.251729726791382,1.087842345237732,0.13171678304911438,0.029570259847615372,0.0004029811610308798
-32.97942155833941,0.03983875054589128,74.22008669140348,-2.107527732849121,-3.248389720916748,1.094130039215088,0.11189898917232455,0.03983875054589128,0.10076578082519916
-32.9458750842309,0.06408443178374207,74.31986209479902,-2.1061935424804688,-3.2519402503967285,1.0879499912261963,0.1454454632808364,0.06408443178374207,0.0009903774296589063
-32.89921464691595,0.07015540230754753,74.31711635875268,-2.1042556762695312,-3.2541446685791016,1.0880805253982544,0.19210590059578436,0.07015540230754753,0.0037361134759947845
-33.011629315370605,0.04506928475837854,74.28248729966072,-2.1091132164001465,-3.248492956161499,1.0906621217727661,0.07969123214112983,0.04506928475837854,0.03836517256796412
-32.93713927228245,0.05919365681385253,74.32997077477064,-2.106105089187622,-3.2509427070617676,1.0870187282562256,0.15418127522928415,0.05919365681385253,0.009118302541963885
-32.90309419436452,0.06410292432086602,74.28850469631949,-2.1029515266418457,-3.252854347229004,1.089806318283081,0.1882263531472148,0.06410292432086602,0.03234777590918725
-32.89409542013303,0.06600268177711219,74.34119277557697,-2.1030125617980957,-3.254004716873169,1.0865215063095093,0.197225127378708,0.06600268177711219,0.0203403033482914
-32.89894485444374,0.05008984594020861,74.27361488392887,-2.1017704010009766,-3.2517037391662598,1.090586543083191,0.1923756930679943,0.05008984594020861,0.04723758829980795
-32.936316234487464,0.072723517569673,74.38077372181719,-2.1053214073181152,-3.2531304359436035,1.0835846662521362,0.1550043130242713,0.072723517569673,0.05992124958851264
-32.958415311547036,0.08992142629921379,74.31116043379643,-2.1055469512939453,-3.2516074180603027,1.0881301164627075,0.1329052359646994,0.08992142629921379,0.00969203843224875
-32.93642551751418,0.07346959748299421,74.33026447290496,-2.10465669631958,-3.2521886825561523,1.087332844734192,0.15489502999755445,0.07346959748299421,0.009412000676277898
-32.83464545359724,0.14814939654434142,74.36964051347007,-2.097794771194458,-3.2576725482940674,1.084550380706787,0.2566750939144953,0.14814939654434142,0.04878804124139435
-33.02713384478654,0.022213241918379024,74.24557695738596,-2.1100516319274902,-3.246711492538452,1.092237949371338,0.06418670272519478,0.022213241918379024,0.07527551484271555

Errors:
rotation,[19.06591627476926, 16.93234733994698, 15.675217418853816, 22.054779371417354, 19.933645087957423, 13.99254272993728, 12.192298318252098, 6.602952910548851, 0.7517910526543821, 0.4282039919582141, 0.2675132235139117, 0.2231152242052804, 0.3312656994694328, 0.27308166879964557, 0.44191821589517627, 0.18322515697248265, 0.1925971584749262, 0.1961522424794851, 0.2585964350305335, 0.42474410317321076, 0.352846491412428, 0.3943911439385972, 0.16169002405776065, 0.25250352054341496, 0.21052027249423738, 0.26599741637932667, 0.1631256894674725, 0.22249323458510056, 0.28467705337726806, 0.2835681125041116, 0.28970312730801084, 0.28764908018245694, 0.23251870069616193, 0.23777662815682654, 0.4536125317002311, 0.16167545948628936]
translation,[0.03326186669987141, 0.024292227410713352, 0.014830069813570823, 0.017757511328014175, 0.034553604496096124, 0.03592283476421665, 0.02794672319638014, 0.02588444716117433, 0.019221779361576097, 0.005449832958619005, 0.007577136015603614, 0.008683064086348224, 0.008276000863246757, 0.008948947772415394, 0.008963763351785836, 0.008721034684126217, 0.006904428068537527, 0.006744971455414195, 0.008918189321691194, 0.0063440518185933215, 0.009304733201675575, 0.00710001102347757, 0.006582017662182693, 0.0073460251894825745, 0.0068524468891677515, 0.006049042176870856, 0.007373431917962137, 0.007956519374533677, 0.0073068989326978695, 0.007233191438119846, 0.008642829013894016, 0.0075247013282959685, 0.0074110827475744046, 0.00762260463712483, 0.007520815269672632, 0.00789185744804577]
loss,
[0.13303402066230774, 0.1307697594165802, 0.10107216238975525, 0.07339376211166382, 0.05840391665697098, 0.03890059515833855, 0.031739506870508194, 0.015321321785449982, 0.003207364585250616, 0.0023614545352756977, 0.0022385097108781338, 0.0013013165444135666, 0.002092454582452774, 0.0020493431948125362, 0.0018822014098986983, 0.0012737865326926112, 0.0023069640155881643, 0.0018757737707346678, 0.0023285550996661186, 0.0021101587917655706, 0.002248192671686411, 0.0018720196094363928, 0.0015027787303552032, 0.0014587905025109649, 0.0014295754954218864, 0.0022045052610337734, 0.001531401532702148, 0.0019228964811190963, 0.0016169812297448516, 0.0012428672052919865, 0.0017955017974600196, 0.0014882161049172282, 0.0020769410766661167, 0.0021293875761330128, 0.0012862409930676222, 0.002207450568675995]

2022-04-27 23:20:22.869134