2022-04-20 18:20:34.295225

reference phi, theta, psi, translation: 164.57178246643477, -4.268868188959204e-07, 11.003265705708584, 0.2046843022108078, 0.7416750192642212, 3.957021951675415

phi,theta,psi,rot_x,rot_y,rot_z,phi_err,theta_err,psi_err
174.68706040079186,1.035587752499106,3.46078983121423,-0.0498787984251976,0.24902896583080292,4.223120212554932,10.115277934357096,1.035588179385925,7.542475874494354
173.1808124435073,-0.43968981033404186,5.197093500783641,0.09204254299402237,0.3862605094909668,4.227203369140625,8.609029977072538,0.43968938344722297,5.806172204924943
169.65592939778213,-3.7394563502669937,9.694015772012813,0.3982516825199127,0.6987856030464172,4.164788246154785,5.084146931347362,3.739455923380175,1.3092499336957708
164.3438044123181,-5.498339639736323,12.468480447780658,0.6237433552742004,0.8122894763946533,4.1249189376831055,0.22797805411667582,5.498339212849504,1.4652147420720745
163.85162098072698,-3.754713584194262,11.660850705788024,0.49322229623794556,0.7414706349372864,4.103062629699707,0.7201614857077914,3.7547131573074433,0.6575850000794397
164.204154364548,-2.4659213914718405,12.210196844316625,0.4015631079673767,0.789191484451294,4.025413513183594,0.36762810188676553,2.4659209645850217,1.2069311386080415
164.58698646752723,-0.733785897738632,11.07308731449904,0.25886738300323486,0.7368896007537842,3.9717705249786377,0.015204001092456565,0.7337854708518131,0.06982160879045551
164.72137726963638,-0.30109525575193036,11.204051922965803,0.2287505865097046,0.7503231167793274,3.9532437324523926,0.14959480320160878,0.30109482886511146,0.20078621725721923
164.63053575367522,-0.5927313206019554,11.07381131455106,0.24788077175617218,0.7385273575782776,3.9644198417663574,0.05875328724044948,0.5927308937151365,0.07054560884247607
164.5389565772837,-0.4453028591968893,11.382574284849719,0.24418213963508606,0.7605578899383545,3.949725866317749,0.03282588915106999,0.4453024323100704,0.379308579141135
164.62310450785824,-0.4608684460059882,11.014768598044531,0.23850563168525696,0.7350370287895203,3.9587044715881348,0.051322041423475184,0.4608680191191693,0.011502892335947479
164.5003933292298,-0.4848522007313745,11.127176436310016,0.24170126020908356,0.7417599558830261,3.9598922729492188,0.0713891372049602,0.48485177384455563,0.1239107306014322
164.62366458337019,-0.42475738775365324,11.212100447129016,0.2386731654405594,0.7502015233039856,3.9566736221313477,0.05188211693541689,0.42475696086683434,0.20883474142043212
164.53491310529503,-0.46516545118526814,11.18191101099756,0.24181219935417175,0.7458227872848511,3.955166816711426,0.036869361139736156,0.46516502429844925,0.17864530528897582
164.56257537143358,-0.5267657962633293,11.072499918230418,0.24381834268569946,0.7381118535995483,3.957536220550537,0.009207095001187326,0.5267653693765104,0.06923421252183459
164.46322343976658,-0.4649184303663843,11.335390484289624,0.2462191879749298,0.7573950290679932,3.955892324447632,0.10855902666818906,0.4649180034795654,0.33212477858103995
164.5607312203577,-0.43969658569982834,11.207950253434587,0.2414446324110031,0.7489670515060425,3.954615354537964,0.011051246077073529,0.43969615881300944,0.20468454772600353
164.54972095541564,-0.5072472633682215,11.114587543896036,0.24277399480342865,0.7406330704689026,3.9553942680358887,0.022061511019131785,0.5072468364814026,0.11132183818745212
164.65941379348604,-0.5121170730212278,11.255566063459685,0.24492476880550385,0.7505636215209961,3.954181432723999,0.08763132705126964,0.5121166461344089,0.2523003577511016
164.53358804859607,-0.4682630179553684,11.197104766806254,0.2416338175535202,0.7461071014404297,3.9519870281219482,0.03819441783869593,0.4682625910685495,0.19383906109766968
164.62410171547708,-0.45588667760584506,11.228982967209996,0.2414083480834961,0.7498520016670227,3.9529287815093994,0.052319249042312777,0.45588625071902616,0.22571726150141203
164.56231582424513,-0.41128951074595377,11.083049999177149,0.23567867279052734,0.7410558462142944,3.958035707473755,0.009466642189636332,0.4112890838591349,0.07978429346856508
164.54391529462112,-0.488932672307886,11.210168357367548,0.2439810335636139,0.7477656602859497,3.9577062129974365,0.027867171813653613,0.4889322454210671,0.2069026516589645
164.6173261678204,-0.5324709372354136,11.224304287628536,0.24670517444610596,0.7493966221809387,3.9597887992858887,0.04554370138563968,0.5324705103485947,0.2210385819199523
164.6286506214643,-0.42730033989201605,11.034166335287368,0.23608973622322083,0.7376676201820374,3.9592857360839844,0.056868155029519585,0.42729991300519715,0.03090062957878459
164.5003250273381,-0.435336468553649,11.161707311432663,0.24064408242702484,0.7454325556755066,3.9559712409973145,0.0714574390966618,0.4353360416668301,0.15844160572407873
164.5273862368297,-0.47988308802821433,11.113034529633506,0.2418060302734375,0.7403109669685364,3.95420503616333,0.04439622960506995,0.47988266114139544,0.10976882392492193
164.58835250536123,-0.4498366677170256,11.228305924708518,0.24071010947227478,0.7492199540138245,3.9548861980438232,0.01657003892646003,0.4498362408302067,0.22504021899993454
164.55805378620303,-0.4946224029016255,11.175095335979533,0.24294136464595795,0.7452694773674011,3.953840494155884,0.013728680231736234,0.4946219760148066,0.171829630270949
164.53685287901934,-0.5038312231858583,11.21234548016549,0.2450355738401413,0.7470511794090271,3.953773021697998,0.034929587415433616,0.5038307962990394,0.20907977445690662
164.63277605572299,-0.4528262436608874,11.20274052664516,0.2396422177553177,0.7484550476074219,3.9549808502197266,0.0609935892882163,0.4528258167740685,0.19947482093657598
164.57950058019688,-0.49926867615758114,11.25841681366452,0.24539431929588318,0.7505383491516113,3.9535086154937744,0.007718113762109624,0.49926824927076224,0.25515110795593543
164.55518510675165,-0.49157586418386967,11.137537833280925,0.2426377385854721,0.7440122961997986,3.9585514068603516,0.01659735968311793,0.4915754372970508,0.1342721275723413
164.56088148451943,-0.4434436540657776,11.211791381069073,0.2404506802558899,0.7496892213821411,3.9601945877075195,0.01090098191534139,0.44344322717895873,0.20852567536048916
164.5159525001591,-0.43458816289134156,11.124675733300146,0.23943188786506653,0.7440844178199768,3.9610233306884766,0.05582996627566672,0.43458773600452266,0.12141002759156194
164.6226400549947,-0.4075400538366395,11.229681354052628,0.23805072903633118,0.7512525320053101,3.9587864875793457,0.050857588559921396,0.4075396269498206,0.22641564834404448

Errors:
rotation,[18.693341988237375, 14.854891565444705, 10.132852788423309, 7.191532009038254, 5.132459643094674, 4.040480205079829, 0.8188110807347252, 0.6514758493239394, 0.7220297897980621, 0.8574369006022754, 0.523692952878592, 0.6801516416509481, 0.6854738192226834, 0.6806796907271613, 0.6052066768995323, 0.9056018087287945, 0.6554319526160866, 0.6406301856879865, 0.8520483309367801, 0.7002960700049151, 0.733922761262751, 0.5005400195173363, 0.7237020688936853, 0.7990527936541867, 0.5150686976135013, 0.6652350864875707, 0.6340477146713873, 0.6914464987566012, 0.6801802865174918, 0.7478401581713796, 0.7132942269988608, 0.7621374709888074, 0.64244492455251, 0.6628698844547893, 0.6118277298717514, 0.6848128638537865]
translation,[0.19962134480110283, 0.2146828384981676, 0.21061211528622792, 0.2190271198341298, 0.1674625141746553, 0.09052490219980935, 0.01670752126374353, 0.0008128325952121429, 0.0091052765367996, 0.0014381395406779518, 0.002294639377240948, 0.004880779037517158, 0.003103783191336973, 0.001000723710428808, 0.0020273595835336167, 0.0041350549097431966, 0.0010206187687744617, 0.00032497643675277743, 0.0011018324633766952, 0.0020763856165748606, 0.0004711433531250364, 0.0025734750205117507, 0.0039818395494046754, 0.006492436871729623, 0.0032031892017343466, 0.0016477754014028179, 0.0009591843781402432, 0.0012893224031804706, 0.0003347179086308216, 5.5663972764463665e-05, 0.0011765027469152756, 0.00046588902253130726, 0.004036102131264485, 0.006567425304432106, 0.0062830260493527135, 0.005334769508440473]
loss,
[0.10861053317785263, 0.08988957107067108, 0.07392890751361847, 0.046274300664663315, 0.030536850914359093, 0.02140481024980545, 0.0041475314646959305, 0.0034011355601251125, 0.0036601040046662092, 0.0032601840794086456, 0.003469297429546714, 0.0035729892551898956, 0.0025546953547745943, 0.0027564079500734806, 0.002583325607702136, 0.0039005193393677473, 0.0028462777845561504, 0.0027884733863174915, 0.002310503739863634, 0.0026095453649759293, 0.0031908084638416767, 0.0031251274049282074, 0.002971099689602852, 0.0027266484685242176, 0.002974035684019327, 0.0029075280763208866, 0.002275018719956279, 0.0031302429269999266, 0.002746405079960823, 0.0032635293900966644, 0.003703926457092166, 0.0027670450508594513, 0.0027832125779241323, 0.0033559405710548162, 0.002465513302013278, 0.0036535763647407293]

2022-04-20 18:29:28.198907