2022-04-20 19:14:31.396096

reference phi, theta, psi, translation: 132.9853677440357, -8.537735924097414e-07, 76.34363348549546, 2.865516185760498, 2.6707684993743896, 0.9517420530319214

phi,theta,psi,rot_x,rot_y,rot_z,phi_err,theta_err,psi_err
143.3552887910292,-3.0579185397180266,69.36864430507845,2.3124754428863525,2.981729030609131,1.6183615922927856,10.369921046993511,3.0579176859444344,6.974989180417012
141.7797827155607,-2.7665610329292294,66.87765382420729,2.3765993118286133,2.8900747299194336,1.7492311000823975,8.794414971525015,2.766560179155637,9.465979661288173
135.37826987823632,1.389567778329084,61.867511992516995,2.5460257530212402,2.6751630306243896,1.9647655487060547,2.392902134200625,1.3895686321026766,14.476121492978464
131.2247498816815,5.711855724032503,63.242886695114954,2.6585476398468018,2.603353500366211,1.8678491115570068,1.760617862354195,5.7118565778060955,13.100746790380505
130.92681703008557,3.8077144283604727,67.82756921321598,2.8513071537017822,2.5954694747924805,1.5719507932662964,2.058550713950126,3.807715282134065,8.516064272279479
130.19709327953973,1.8674993161357454,73.06012932503856,3.0261080265045166,2.5994462966918945,1.2186099290847778,2.78827446449597,1.8675001699093379,3.2835041604569
130.5974516479292,0.25267799594327744,74.65820234552477,3.038017749786377,2.6126301288604736,1.0974459648132324,2.387916096106494,0.2526788497168699,1.6854311399706887
131.15595621636115,0.26221664059303573,74.70783050003409,2.9924569129943848,2.61953067779541,1.0894997119903564,1.8294115276745515,0.26221749436662817,1.6358029854613676
131.4374009913007,0.25674875947488507,75.07175663939071,2.9698805809020996,2.6280674934387207,1.05876624584198,1.5479667527349932,0.2567496132484775,1.271876846104746
131.71728848310948,0.12849204232482694,75.5445628243065,2.9486656188964844,2.630324602127075,1.022047996520996,1.2680792609262141,0.12849289609841935,0.7990706611889635
132.40902272149168,0.09003747340421737,75.82046831582916,2.906426429748535,2.652623414993286,0.996959924697876,0.5763450225440181,0.09003832717780978,0.5231651696662993
132.4975556335134,0.06557775358896525,76.00915229165076,2.892008066177368,2.6485884189605713,0.9780471324920654,0.4878121105222988,0.06557860736255766,0.3344811938446952
132.6715478724303,0.0690430094012861,76.07804840980869,2.877715826034546,2.652482509613037,0.9707047939300537,0.3138198716054035,0.06904386317487851,0.26558507568677214
132.77949218207317,0.01702345181346338,76.17865026609381,2.8720695972442627,2.656822443008423,0.9629749059677124,0.20587556196252876,0.01702430558705579,0.16498321940164828
132.9634291764216,0.047418602832423856,76.3460377120833,2.8633203506469727,2.6668143272399902,0.9502317905426025,0.02193856761408597,0.047419456606016264,0.0024042265878421176
133.0751574108647,0.1385589836234113,76.26067400783649,2.8510870933532715,2.6681931018829346,0.9546970129013062,0.08978966682900591,0.1385598373970037,0.08295947765897438
133.12444405591552,0.02202369564734314,76.33915288139994,2.8463430404663086,2.6661765575408936,0.948932945728302,0.13907631187981906,0.02202454942093555,0.004480604095519425
133.2244790064995,0.11062093630747828,76.23280683602283,2.839010238647461,2.6713476181030273,0.9555593132972717,0.23911126246380832,0.11062179008107069,0.11082664947262799
133.1731433046977,0.05881635715362219,76.28466846239074,2.843165874481201,2.668377637863159,0.9528059959411621,0.18777556066200418,0.0588172109272146,0.05896502310471874
133.13710722663672,0.050887888741769235,76.23691860990319,2.8440606594085693,2.6656246185302734,0.9552450776100159,0.1517394826010161,0.05088874251536164,0.10671487559227444
133.17448202177502,0.05725938916710614,76.34442578743918,2.8439977169036865,2.6691057682037354,0.9477949142456055,0.18911427773932132,0.05726024294069855,0.0007923019437185985
133.13330964145817,0.06259908601966982,76.24621449736357,2.844923734664917,2.666206121444702,0.9549599885940552,0.14794189742247,0.06259993979326223,0.09741898813189209
133.19112036259318,0.06584877776911109,76.28360295288022,2.843052864074707,2.66904616355896,0.9523168802261353,0.20575261855748295,0.0658496315427035,0.060030532615243715
133.14691537828486,0.12383439171925902,76.30530929406252,2.8432180881500244,2.668372392654419,0.9506750106811523,0.1615476342491604,0.12383524549285142,0.03832419143293464
133.137038924745,0.13250928995052882,76.27610340517154,2.844304323196411,2.6679582595825195,0.9532678127288818,0.1516711807093145,0.13251014372412123,0.0675300803239196
133.20506760887832,0.06927187607910913,76.29873182189179,2.842463731765747,2.670093059539795,0.9517858028411865,0.2196998648426245,0.06927272985270154,0.04490166360366743
133.06295869300706,0.027888295022718064,76.35064808977306,2.8494718074798584,2.662992000579834,0.9472877383232117,0.07759094897136265,0.027889148796310475,0.007014604277600256
133.10049741268543,0.07017995567440084,76.29847227470334,2.8468875885009766,2.664912223815918,0.9520919322967529,0.11512966864972896,0.07018080944799325,0.045161210792116435
133.1434183214298,0.08097107857822684,76.25762774346666,2.842888355255127,2.6662216186523438,0.9537056684494019,0.158050577394107,0.08097193235181925,0.08600574202880296
133.16948232330256,0.09512134696234814,76.29901868983694,2.8415937423706055,2.6680259704589844,0.9502192139625549,0.18411457926686126,0.09512220073594055,0.04461479565851789
133.16647704006778,0.05710973494091906,76.28282431131484,2.842444658279419,2.6673648357391357,0.9520137310028076,0.18110929603207637,0.05711058871451147,0.06080917418061915
133.1964205893891,0.11818138950982486,76.21560841969274,2.8396081924438477,2.668691873550415,0.9572755694389343,0.2110528453534073,0.11818224328341727,0.1280250658027171
133.13878745317254,0.01735207088436549,76.32326586139048,2.8444817066192627,2.665956497192383,0.9494857788085938,0.15341970913684122,0.017352924657957902,0.020367624104977722
133.185328362177,0.13961236012857345,76.26303725328931,2.841221570968628,2.669151782989502,0.9537279009819031,0.19996061814129007,0.13961321390216586,0.08059623220614753
133.12336488602665,0.0888436732056596,76.32301997458036,2.8450205326080322,2.66652250289917,0.9499421119689941,0.13799714199095092,0.088844526979252,0.020613510915097777
133.1357002076677,0.08648099335048348,76.23592140228436,2.844608783721924,2.6664679050445557,0.9561258554458618,0.15033246363199737,0.08648184712407589,0.10771208321109782

Errors:
rotation,[20.402827913354958, 21.026954811968825, 18.258592259281766, 20.573221230540796, 14.38233026836367, 7.939278794862208, 4.3260260857940525, 3.7274320075025473, 3.0765932120882167, 2.1956428182135967, 1.1895485193881272, 0.8878719117295517, 0.6484488104670542, 0.38788308695123286, 0.07176225080794435, 0.311308981884984, 0.16558146539627402, 0.460559702017507, 0.3055577946939375, 0.3093431007086522, 0.24716682262373846, 0.3079608253476243, 0.3316327827154302, 0.32370707117494646, 0.35171140475735535, 0.3338742582989935, 0.11249470204527338, 0.23047168888983866, 0.3250282517747292, 0.3238515756613197, 0.299029058927207, 0.45726015443954166, 0.19114025789977684, 0.42017006424960346, 0.2474551798853007, 0.3445263939671711]
translation,[0.07464079787699607, 0.09931484818981051, 0.1520574354748474, 0.13230540184351547, 0.1326966795348543, 0.14013720006115005, 0.12335970453437373, 0.09243131571464858, 0.07349230797067374, 0.050270178156043066, 0.02813883553565777, 0.0105671976502002, 0.0011383928439272495, 0.0018845763748709388, 0.0045369878379402095, 0.011253489693676677, 0.01732275610426992, 0.01750575894413675, 0.01719435154815674, 0.017809988560594014, 0.017307316972654974, 0.016879953660622782, 0.016946002226159607, 0.017666157691048845, 0.01655697190027805, 0.01679295083280863, 0.017605520068693536, 0.017028124603912786, 0.018610201279885885, 0.01915506961996094, 0.01856652270700465, 0.018440598658897578, 0.018657921449905857, 0.01783747644321476, 0.01779188564033074, 0.0166517537468982]
loss,
[0.2171856015920639, 0.1770210564136505, 0.08647146075963974, 0.05846668407320976, 0.040746595710515976, 0.017999697476625443, 0.014010628685355186, 0.012379231862723827, 0.007554542273283005, 0.0063511962071061134, 0.003941753879189491, 0.0018056444823741913, 0.0017573600634932518, 0.0015961758326739073, 0.0020944371353834867, 0.0014474623603746295, 0.0014142985455691814, 0.0014540472766384482, 0.0014676903374493122, 0.001685791416093707, 0.0013559975195676088, 0.0015284590190276504, 0.0015982243930920959, 0.0013709831982851028, 0.0012534874258562922, 0.001516679534688592, 0.0013339975848793983, 0.0014945397851988673, 0.0014975493540987372, 0.0012494269758462906, 0.0015200511552393436, 0.001323410077020526, 0.0013267662143334746, 0.0013449164107441902, 0.0017244862392544746, 0.0015981211327016354]

2022-04-20 19:23:10.709217