2022-04-20 18:56:35.725887

reference phi, theta, psi, translation: 175.36684180812657, -0.0, 39.4597479484966, 0.2069414258003235, 2.553555727005005, 3.112318754196167

phi,theta,psi,rot_x,rot_y,rot_z,phi_err,theta_err,psi_err
-174.60268024378553,2.426304892454245,32.24175771288345,-0.3459881842136383,2.1274664402008057,3.6064906120300293,10.030477948087878,2.426304892454245,7.217990235613151
-175.1222800547051,2.0507193507419603,32.574804567002445,-0.2989574372768402,2.1532206535339355,3.5934898853302,9.510878137168334,2.0507193507419603,6.884943381494153
-176.2820598361516,1.106116150953855,32.56868130241153,-0.1771940290927887,2.1539225578308105,3.596327543258667,8.351098355721831,1.106116150953855,6.891066646085072
-179.29510216585433,0.5649290675775408,33.00504159791613,-0.02128632366657257,2.183605432510376,3.5565402507781982,5.338056026019103,0.5649290675775408,6.454706350580466
175.3259016542415,-1.5774372722500039,33.44648696925781,0.2867450714111328,2.1600465774536133,3.4955248832702637,0.040940153885060226,1.5774372722500039,6.013260979238787
175.05046744577157,-4.386998519867509,34.13015133913565,0.4592551589012146,2.1683287620544434,3.432070255279541,0.31637436235499194,4.386998519867509,5.329596609360948
175.0066176313001,-3.3025620209328124,34.39182613152259,0.39310574531555176,2.167163610458374,3.402255058288574,0.36022417682647756,3.3025620209328124,5.067921816974007
175.0482954456155,-2.9293960600750566,34.122679112183654,0.3690684139728546,2.1348206996917725,3.389063835144043,0.31854636251105717,2.9293960600750566,5.337068836312945
174.9204069835962,-2.47550527912847,34.715320966087326,0.3479624390602112,2.1594462394714355,3.345871925354004,0.4464348245303711,2.47550527912847,4.744426982409273
174.9304746824328,-2.414810181480721,34.195816777816155,0.339497834444046,2.12520170211792,3.3629190921783447,0.4363671256937778,2.414810181480721,5.2639311706804435
174.81559090059318,-3.037407440947732,34.2237761571836,0.38231900334358215,2.1278793811798096,3.3666346073150635,0.5512509075333867,3.037407440947732,5.235971791312998
175.32853810726112,-2.4336849550905053,34.67288841586862,0.3271039128303528,2.16735577583313,3.351592779159546,0.038303700865441215,2.4336849550905053,4.786859532627979
175.40670279212276,-2.0918268849883033,34.801244745846084,0.3042151927947998,2.1729466915130615,3.3517115116119385,0.03986098399619209,2.0918268849883033,4.658503202650515
174.99071695091232,-2.452083741050879,34.55380748278403,0.3424537777900696,2.15653395652771,3.362015724182129,0.3761248572142506,2.452083741050879,4.905940465712568
174.8250165616478,-2.840867642200732,34.758774629586945,0.3731214702129364,2.160311222076416,3.3466615676879883,0.5418252464787656,2.840867642200732,4.700973318909654
175.1209823187628,-2.717257193570437,34.49714764852419,0.35384681820869446,2.1547229290008545,3.3564670085906982,0.24585948936376667,2.717257193570437,4.962600299972408
174.73323247958118,-2.6852973121069987,34.509045838058356,0.36706236004829407,2.148235559463501,3.3509645462036133,0.6336093285453899,2.6852973121069987,4.950702110438243
174.77792923750974,-2.4797741094049037,34.33248544801352,0.35074302554130554,2.1324098110198975,3.3460655212402344,0.5889125706168272,2.4797741094049037,5.127262500483077
174.99657725322018,-2.7088703535868484,34.7359174015295,0.35759493708610535,2.1462295055389404,3.3256759643554688,0.37026455490638455,2.7088703535868484,4.7238305469671005
175.09181741100684,-2.044193086705456,34.583214862255524,0.3117367625236511,2.135392189025879,3.319939136505127,0.27502439711972215,2.044193086705456,4.876533086241075
175.08129891968503,-1.5014922488984763,34.0188055952861,0.279361367225647,2.1010165214538574,3.3407440185546875,0.2855428884415403,1.5014922488984763,5.440942353210495
175.0556993706758,-1.6148304085757348,34.12150431964641,0.28858596086502075,2.113372325897217,3.339177131652832,0.3111424374507692,1.6148304085757348,5.338243628850186
175.0826922782757,-1.838697265701697,34.176579550018815,0.2996099591255188,2.116115093231201,3.3383402824401855,0.28414952985087893,1.838697265701697,5.283168398477784
174.98131861061435,-1.8731481771591547,34.350414694584806,0.3066256046295166,2.1216044425964355,3.32784366607666,0.38552319751221376,1.8731481771591547,5.109333253911792
175.27498942416824,-1.859605673740927,34.71700460771773,0.2958413064479828,2.14312744140625,3.3140769004821777,0.09185238395832585,1.859605673740927,4.7427433407788655
175.01705416035188,-1.8580432178514878,34.681894020289285,0.30538466572761536,2.137057304382324,3.309525489807129,0.34978764777468996,1.8580432178514878,4.777853928207314
175.122799149082,-1.5351739381832141,34.70219334250256,0.28225278854370117,2.140927314758301,3.31124210357666,0.2440426590445668,1.5351739381832141,4.757554605994038
175.1779460964407,-1.3162543563657705,34.91018967820237,0.26909124851226807,2.1538686752319336,3.299208879470825,0.18889571168585917,1.3162543563657705,4.549558270294227
175.02944412350627,-1.5509288735261064,34.62503611054351,0.28570547699928284,2.135011911392212,3.3120627403259277,0.3373976846202993,1.5509288735261064,4.834711837953087
175.03876050153417,-1.6356869390995588,34.789862235594256,0.2926737368106842,2.1471314430236816,3.307140350341797,0.3280813065923951,1.6356869390995588,4.669885712902342
174.99349000771534,-1.6575301587044449,34.81182812396502,0.2949138283729553,2.1448328495025635,3.3047401905059814,0.3733518004112284,1.6575301587044449,4.647919824531577
175.07627190045588,-1.5599859094464905,34.93831639720449,0.28716418147087097,2.1550962924957275,3.3007445335388184,0.2905699076706867,1.5599859094464905,4.52143155129211
174.87441248972533,-1.5276081542932753,34.682252605220704,0.2897755205631256,2.133697509765625,3.303232431411743,0.4924293184012356,1.5276081542932753,4.777495343275895
175.1736840583986,-1.5782907939728685,34.870711184799696,0.2842522859573364,2.1452579498291016,3.2956464290618896,0.19315774972795907,1.5782907939728685,4.589036763696903
175.05518027629887,-1.5942450090914206,34.819436954700414,0.28871408104896545,2.144484043121338,3.300318717956543,0.3116615318276956,1.5942450090914206,4.640310993796184
175.01441770733226,-1.4370335993043095,34.66935720806772,0.27996551990509033,2.1326241493225098,3.3043439388275146,0.35242410079430897,1.4370335993043095,4.790390740428876

Errors:
rotation,[19.674773076155276, 18.446540869404448, 16.34828115276076, 12.35769144417711, 7.631638405373851, 10.032969491583449, 8.730708014733297, 8.585011258899058, 7.666367086068114, 8.115108477854942, 8.824630139794117, 7.258848188583926, 6.79019107163501, 7.734149063977698, 8.08366620758915, 7.925716982906612, 8.269608751090631, 8.195949180504808, 7.802965455460333, 7.195750570066253, 7.227977490550511, 7.26421647487669, 7.40601519403036, 7.368004628583161, 6.694201398478119, 6.985684793833492, 6.536771203221819, 6.054708338345857, 6.723038396099493, 6.633653958594296, 6.67880178364725, 6.371987368409288, 6.797532815970406, 6.360485307397731, 6.546217534715301, 6.579848440527495]
translation,[0.170370405351016, 0.1687407275305981, 0.1646252046952048, 0.14230672838428315, 0.0879388040973339, 0.05441534065415521, 0.021829316207815808, 0.008763281670961298, 0.0337365709588795, 0.038514913477822876, 0.030095579456394184, 0.026431313611592344, 0.025106578890118136, 0.022255791742654907, 0.030340424195644644, 0.0268924155382102, 0.03380294928589578, 0.047870521015113354, 0.056925027864835, 0.07144759388312139, 0.0747562734886964, 0.06884055518535392, 0.06726391450662828, 0.07262303240430823, 0.07339930127908678, 0.07977049451198859, 0.07795786434534113, 0.08190870293487995, 0.08022221395602491, 0.0772688605299292, 0.08035803727021396, 0.07868429728227078, 0.08803620835438908, 0.0885133998303278, 0.08470370295780016, 0.08839433068072156]
loss,
[0.10829398036003113, 0.1055753082036972, 0.10619040578603745, 0.09361009299755096, 0.0640917420387268, 0.0579000823199749, 0.05948635935783386, 0.05918720364570618, 0.05885455012321472, 0.06027740240097046, 0.06030130386352539, 0.061863165348768234, 0.0550699308514595, 0.0623420774936676, 0.05947692319750786, 0.057625673711299896, 0.062276553362607956, 0.055523380637168884, 0.05860904976725578, 0.05083385854959488, 0.056823499500751495, 0.05896773189306259, 0.05662509799003601, 0.059760987758636475, 0.0572357103228569, 0.05468020588159561, 0.059541016817092896, 0.05237820744514465, 0.06013394519686699, 0.057812951505184174, 0.0522368922829628, 0.05840740725398064, 0.05816909670829773, 0.0600869283080101, 0.05714692920446396, 0.05696742236614227]

2022-04-20 19:05:36.542029