2022-04-29 00:33:13.590849

reference phi, theta, psi, translation: -86.91639066027085, -0.0, 34.793557367935236, -2.296917200088501, -0.12373751401901245, 3.3104169368743896

phi,theta,psi,rot_x,rot_y,rot_z,phi_err,theta_err,psi_err
-76.53055527251121,6.8177051513072,38.18892636661862,-2.336111545562744,-0.9462913274765015,3.345968008041382,10.385835387759641,6.8177051513072,3.395368998683381
-75.82934073156102,5.240869847950671,39.44831079673141,-2.447442054748535,-0.9167364835739136,3.270718812942505,11.087049928709831,5.240869847950671,4.654753428796177
-77.71355769713576,5.322762788576013,40.65881156295443,-2.618107557296753,-0.8796768188476562,3.131700277328491,9.202832963135094,5.322762788576013,5.865254195019197
-80.92335045606988,7.140171073294836,38.340583886949574,-2.488093614578247,-0.786118745803833,3.2408785820007324,5.993040204200966,7.140171073294836,3.547026519014338
-83.46445403488143,6.380723233575119,35.29374236613902,-2.3274290561676025,-0.6421279311180115,3.3613171577453613,3.451936625389422,6.380723233575119,0.5001849982037854
-85.35719507654034,2.857767979776472,33.24906718148776,-2.2271313667297363,-0.3524472713470459,3.422821283340454,1.5591955837305136,2.857767979776472,1.5444901864474758
-86.77978004668142,0.30615194454317257,34.554258275269255,-2.296160936355591,-0.14727790653705597,3.3434150218963623,0.1366106135894256,0.30615194454317257,0.2392990926659806
-87.08648969136085,-0.26214346720984216,34.75678362944389,-2.289522171020508,-0.10203728079795837,3.306756019592285,0.1700990310900039,0.26214346720984216,0.03677373849134824
-86.66598909510901,0.3601321921664701,34.81184519943795,-2.289114475250244,-0.1556425839662552,3.3023505210876465,0.2504015651618374,0.3601321921664701,0.01828783150271107
-86.80875370914062,0.2545555964309555,34.91031262160743,-2.2978315353393555,-0.14425070583820343,3.300520420074463,0.10763695113023175,0.2545555964309555,0.11675525367219564
-86.87766348767688,0.15936681496136576,34.863020391794265,-2.2956883907318115,-0.13547849655151367,3.302929639816284,0.03872717259396552,0.15936681496136576,0.06946302385902925
-86.80387695407323,0.26687056298872275,34.81707712434218,-2.292480945587158,-0.1452047973871231,3.3042361736297607,0.11251370619761758,0.26687056298872275,0.023519756406940928
-86.7657986494504,0.23896749126791575,34.937776812260054,-2.299032211303711,-0.14390580356121063,3.299140691757202,0.15059201082044638,0.23896749126791575,0.14421944432481837
-86.8634703545816,0.11915677513019844,34.81701906773423,-2.291598320007324,-0.13440582156181335,3.302952766418457,0.05292030568925554,0.11915677513019844,0.023461699798993152
-86.78558570747593,0.2765369980341718,34.8826230347122,-2.2957682609558105,-0.14618811011314392,3.3024721145629883,0.130804952794918,0.2765369980341718,0.08906566677696759
-86.82941503137991,0.22261648803000175,34.74980317611213,-2.287647247314453,-0.14050129055976868,3.308523416519165,0.08697562889094002,0.22261648803000175,0.043754191823104804
-86.78581793390772,0.21639804643035576,34.834746823725,-2.2926409244537354,-0.14256815612316132,3.303924322128296,0.1305727263631269,0.21639804643035576,0.04118945578976252
-86.80804336946694,0.18034295225248917,34.88066277042041,-2.295024871826172,-0.13951346278190613,3.301927089691162,0.1083472908039056,0.18034295225248917,0.08710540248517162
-86.81087106778332,0.1898314742233424,34.91748773533053,-2.2986953258514404,-0.1402716040611267,3.3015341758728027,0.10551959248752496,0.1898314742233424,0.12393036739529606
-86.88448684665772,0.1374511223457427,34.786259310807075,-2.290797710418701,-0.13457269966602325,3.306321620941162,0.031903813613126886,0.1374511223457427,0.007298057128160451
-86.71261879657268,0.16144684443748403,34.84994740972286,-2.2941155433654785,-0.14186114072799683,3.304410696029663,0.20377186369816513,0.16144684443748403,0.056390041787622636
-86.85039054232102,0.24099456673477396,34.81847389802744,-2.2916951179504395,-0.14127671718597412,3.3044233322143555,0.06600011794982663,0.24099456673477396,0.024916530092205846
-86.81967518162347,0.2422962962110132,34.89849639434331,-2.2959001064300537,-0.14224883913993835,3.3015716075897217,0.09671547864738272,0.2422962962110132,0.10493902640807562
-86.85097110840047,0.17304671726732854,34.816636577140706,-2.29081654548645,-0.13733717799186707,3.303339719772339,0.06541955187037729,0.17304671726732854,0.02307920920546991
-86.79976518019288,0.07864538515163041,34.8722138264171,-2.29531192779541,-0.13480035960674286,3.302023410797119,0.11662548007797113,0.07864538515163041,0.07865645848186631
-86.80120635010776,0.19679926513150234,34.81319416179902,-2.2911217212677,-0.14086081087589264,3.3038573265075684,0.11518431016308739,0.19679926513150234,0.01963679386378203
-86.80551619947403,0.20956433447444195,34.87749014755094,-2.2944605350494385,-0.14101868867874146,3.3016228675842285,0.11087446079682195,0.20956433447444195,0.08393277961570078
-86.77869404660339,0.22985758216107055,34.85755624045825,-2.2933812141418457,-0.14387273788452148,3.3030588626861572,0.13769661366745822,0.22985758216107055,0.0639988725230154
-86.80121318029693,0.2127634563601502,34.898537375478334,-2.295991897583008,-0.14205940067768097,3.3008763790130615,0.11517747997392291,0.2127634563601502,0.104980007543098
-86.80689589768637,0.25435708549823244,34.88454573296356,-2.2957537174224854,-0.14455565810203552,3.302161931991577,0.10949476258447532,0.25435708549823244,0.09098836502832341
-86.81649231347025,0.32123970533524987,34.84887507002317,-2.294783592224121,-0.14727947115898132,3.305027484893799,0.09989834680060028,0.32123970533524987,0.055317702087933185
-86.87559394035837,0.1479272790373437,34.84290206959399,-2.2940680980682373,-0.13443171977996826,3.303407907485962,0.04079671991247835,0.1479272790373437,0.04934470165875382
-86.86958337388876,0.09363479978715462,34.89576090358072,-2.296964168548584,-0.1323978453874588,3.3012688159942627,0.04680728638209075,0.09363479978715462,0.10220353564548645
-86.81481891712359,0.14848818871809205,34.8911880919314,-2.2963643074035645,-0.1375320702791214,3.3013410568237305,0.10157174314726092,0.14848818871809205,0.09763072399616135
-86.81270155848088,0.20160828883052292,34.886714318025035,-2.2958693504333496,-0.14070989191532135,3.301877975463867,0.10368910178996771,0.20160828883052292,0.0931569500897993
-86.86114126007462,0.14770122092761948,34.79082529226723,-2.2904632091522217,-0.13518071174621582,3.3047890663146973,0.05524940019623159,0.14770122092761948,0.002732075668006928

Errors:
rotation,[20.598909537750224, 20.982673205456678, 20.390849946730306, 16.68023779651014, 10.332844857168325, 5.961453749954462, 0.6820616507985788, 0.4690162367911943, 0.6288215888310186, 0.4789478012333829, 0.2675570114143605, 0.40290402559328126, 0.5337789464131805, 0.19553878061844715, 0.4964076176060574, 0.3533463087440466, 0.38816022858324517, 0.3757956455415664, 0.4192814341061634, 0.17665299308703003, 0.4216087499232718, 0.3319112147768064, 0.4439508012664716, 0.26154547834317576, 0.2739273237114679, 0.3316203691583718, 0.4043715748869647, 0.43155306835154417, 0.4329209438771711, 0.4548402131110312, 0.47645575422378333, 0.23806870060857588, 0.24264562181473182, 0.3476906558615143, 0.39845434071028996, 0.205682696791858]
translation,[0.1579505536533441, 0.1555141792733714, 0.14449865062906042, 0.1296266596159663, 0.10743457671792012, 0.067656171551854, 0.027500197888833178, 0.007826889611556531, 0.009961286716118067, 0.0069179972572790405, 0.006469394964722319, 0.006886073618817434, 0.007375974139249841, 0.008817987394845517, 0.006424531410255341, 0.006281318539311798, 0.007145260688879773, 0.007532748585656002, 0.005733943721037527, 0.006501347271592017, 0.0059306349250460855, 0.00731982172629575, 0.007229370134673729, 0.008846517434390577, 0.007450619653706525, 0.008125785532107521, 0.008051807448543613, 0.007387491322261575, 0.0077540912059461675, 0.006746312577885938, 0.004848983088908909, 0.007035903487743411, 0.007206722325227233, 0.007317623162945708, 0.007049647764135969, 0.007930343434348508]
loss,
[0.17238947749137878, 0.12210510671138763, 0.0835205540060997, 0.05777888745069504, 0.03943055123090744, 0.02562292478978634, 0.005888661369681358, 0.002173591637983918, 0.001971493475139141, 0.0016385295893996954, 0.002250071382150054, 0.0018994442652910948, 0.0020959279499948025, 0.0014485301217064261, 0.002094048773869872, 0.0015853624790906906, 0.0015183824580162764, 0.0015175867592915893, 0.0015128086088225245, 0.002037214580923319, 0.0017674311529845, 0.0022010852117091417, 0.0012927158968523145, 0.0017854049801826477, 0.002326392102986574, 0.0016352820675820112, 0.0017798495246097445, 0.0023965637665241957, 0.001375887542963028, 0.002295961370691657, 0.0015935949049890041, 0.001695421407930553, 0.0015831555938348174, 0.001720944419503212, 0.001649945043027401, 0.0018823056016117334]

2022-04-29 00:37:39.667523