2022-04-28 13:13:59.171130

reference phi, theta, psi, translation: 16.672973292337613, -0.0, 55.56417970941693, 0.9538894295692444, -3.184936285018921, 2.279534101486206

phi,theta,psi,rot_x,rot_y,rot_z,phi_err,theta_err,psi_err
26.607018987257597,-4.879078348390559,61.415046110949504,1.4386786222457886,-3.2383759021759033,2.121750593185425,9.934045694919984,4.879078348390559,5.850866401532571
27.857910077137486,-5.790226647338567,60.4854505347216,1.464000940322876,-3.213608503341675,2.154113531112671,11.184936784799874,5.790226647338567,4.921270825304667
28.658514115795118,-5.8663833181347815,59.05571435651951,1.4936894178390503,-3.1584298610687256,2.223125457763672,11.985540823457505,5.8663833181347815,3.4915346471025757
28.352963895727303,-5.710410313145847,57.86261691230168,1.466671347618103,-3.1178319454193115,2.292419672012329,11.67999060338969,5.710410313145847,2.298437202884749
28.20465487563694,-5.4778357363254,57.065318685202335,1.4609911441802979,-3.0873613357543945,2.3310205936431885,11.531681583299328,5.4778357363254,1.501138975785402
27.170485688121552,-4.357690134482256,56.03817434724831,1.4399752616882324,-3.042030096054077,2.390477418899536,10.49751239578394,4.357690134482256,0.47399463783137463
26.994548552838488,-3.780390723165432,56.113876748914144,1.4468154907226562,-3.0442521572113037,2.38151216506958,10.321575260500875,3.780390723165432,0.5496970394972109
27.3164980571035,-3.2028102889235246,55.584745409007844,1.4660437107086182,-3.007110357284546,2.4136874675750732,10.643524764765889,3.2028102889235246,0.020565699590910924
27.864226294572457,-3.2645648544076757,55.387233413684,1.485550880432129,-2.98500657081604,2.427234411239624,11.191253002234845,3.2645648544076757,0.1769462957329324
28.1002315285112,-2.923692635348923,55.03781801121907,1.5100953578948975,-2.9681758880615234,2.4359400272369385,11.427258236173586,2.923692635348923,0.52636169819786
28.174356156478762,-2.67904562873177,55.845323956033,1.5367436408996582,-2.9892356395721436,2.3900234699249268,11.50138286414115,2.67904562873177,0.28114424661606563
28.123112662230742,-2.3628523083217643,56.04468351752733,1.5469518899917603,-2.9873533248901367,2.3841662406921387,11.45013936989313,2.3628523083217643,0.4805038081103987
28.486809990250165,-2.404550330821478,55.544150179675874,1.5695338249206543,-2.955472946166992,2.4009997844696045,11.813836697912553,2.404550330821478,0.020029529741059093
28.354587773202475,-2.513416060539438,56.15328694042512,1.5645524263381958,-2.975757122039795,2.375171422958374,11.681614480864862,2.513416060539438,0.5891072310081853
28.519238020882092,-2.2720378676393738,55.45890941883411,1.570803165435791,-2.944345235824585,2.4030070304870605,11.84626472854448,2.2720378676393738,0.10527029058282267
28.354838782654472,-2.4294327169169625,55.83612369122099,1.548160433769226,-2.966660976409912,2.389747381210327,11.68186549031686,2.4294327169169625,0.271943981804057
28.853471620369376,-2.586418471151374,55.52266240454701,1.5586836338043213,-2.9495110511779785,2.4025285243988037,12.180498328031764,2.586418471151374,0.041517304869920224
28.717260572846396,-2.565128946729338,55.883542279533806,1.5646424293518066,-2.959108352661133,2.3846230506896973,12.044287280508783,2.565128946729338,0.31936257011687275
28.740319291484358,-2.8458228030853356,56.21207096351684,1.5588346719741821,-2.9780101776123047,2.3652217388153076,12.067345999146745,2.8458228030853356,0.6478912540999033
28.745650254131554,-2.972526435107054,56.213635076836766,1.5556566715240479,-2.980051040649414,2.3635783195495605,12.072676961793942,2.972526435107054,0.6494553674198329
28.867312998722404,-3.0226783228749587,56.271558496093064,1.5618233680725098,-2.9778943061828613,2.3610708713531494,12.194339706384792,3.0226783228749587,0.7073787866761307
28.74684895233089,-2.4946521057252364,56.08139236922157,1.5735677480697632,-2.964648723602295,2.367232322692871,12.073875659993277,2.4946521057252364,0.5172126598046347
28.927719191742,-2.1475802092655933,55.707644417838466,1.5864102840423584,-2.9428884983062744,2.382585287094116,12.254745899404387,2.1475802092655933,0.1434647084215328
28.8309627319596,-2.366755268903251,56.263553514385805,1.57993483543396,-2.962697982788086,2.3639848232269287,12.157989439621986,2.366755268903251,0.6993738049688716
29.235231383648898,-2.499535954337196,56.0681520475155,1.596001148223877,-2.946410894393921,2.3714802265167236,12.562258091311286,2.499535954337196,0.5039723380985635
29.230556119162024,-2.4141448119767173,56.013551515290416,1.5949149131774902,-2.9418091773986816,2.375899314880371,12.557582826824412,2.4141448119767173,0.4493718058734828
29.00400557458187,-2.2625937929269733,55.90806265865415,1.5919877290725708,-2.944047689437866,2.374680757522583,12.331032282244259,2.2625937929269733,0.3438829492372193
28.713999157517716,-1.9611196702559224,55.92289782953142,1.5884681940078735,-2.9440739154815674,2.37691330909729,12.041025865180103,1.9611196702559224,0.35871812011448867
28.479325810467124,-1.7465365114855596,55.85258786221531,1.5834224224090576,-2.9459872245788574,2.3753161430358887,11.806352518129511,1.7465365114855596,0.2884081527983753
28.279911607459432,-1.6601952755112228,55.7574501572662,1.5756608247756958,-2.945295572280884,2.3810715675354004,11.60693831512182,1.6601952755112228,0.19327044784926528
28.46820284740376,-1.7296861264940782,55.50880736581564,1.5738664865493774,-2.934114933013916,2.394735336303711,11.795229555066147,1.7296861264940782,0.05537234360129162
28.597575168020263,-1.6997991191757627,55.160375510591194,1.5728216171264648,-2.9183595180511475,2.4146616458892822,11.92460187568265,1.6997991191757627,0.40380419882573904
28.61577932970564,-2.0132576664564508,55.46980357056029,1.566778540611267,-2.9344825744628906,2.401437759399414,11.942806037368026,2.0132576664564508,0.09437613885664575
28.72596906403816,-2.10420446458272,55.44163587042315,1.5706874132156372,-2.932154893875122,2.400991678237915,12.052995771700548,2.10420446458272,0.12254383899378496
28.53098765380181,-2.0243911961834757,55.719006437522786,1.5684558153152466,-2.9448699951171875,2.386643886566162,11.858014361464196,2.0243911961834757,0.15482672810585285
28.57676699671382,-2.1044057650777566,55.77287955460126,1.5682344436645508,-2.9459078311920166,2.383923292160034,11.903793704376206,2.1044057650777566,0.20869984518432716

Errors:
rotation,[20.663990444843115, 21.896434257443108, 21.34345878869486, 19.688838119420286, 18.51065629541013, 15.32919716809757, 14.651663023163518, 13.866900753280325, 14.632764152375453, 14.877312569720369, 14.461572739488986, 14.293495486325293, 14.238416558475091, 14.784137772412485, 14.223572886766675, 14.38324218903788, 14.808434104053058, 14.928778797354994, 15.561060056331984, 15.69465876432083, 15.924396815935882, 15.085740425523149, 14.545790817091513, 15.224118513494108, 15.565766383747045, 15.421099444674612, 14.93750902440845, 14.360863655550514, 13.841297182413445, 13.460404038482308, 13.580288025161517, 14.028205193684153, 14.050439842681122, 14.279744075277053, 14.037232285753525, 14.21689931463829]
translation,[0.09908907901583852, 0.10538941665448753, 0.11001519054324138, 0.10737193335251138, 0.10407997765698518, 0.09704968895293486, 0.0958974829561221, 0.09414495344941542, 0.09301862954065143, 0.09491766069066276, 0.09310717783009892, 0.09216941724748384, 0.0874942971185364, 0.0852280262301166, 0.08117392835331483, 0.08089869412787998, 0.07998454200287686, 0.07871970785140103, 0.07895435187632227, 0.07828403473962453, 0.07761819642529133, 0.07606560386559114, 0.07423384448156423, 0.07523177298992145, 0.07404778306760917, 0.0728804422860021, 0.07264384443296823, 0.07259131618850656, 0.07108932737645546, 0.07094071947595193, 0.07019330131209678, 0.07023444533374423, 0.07166119918153413, 0.07123049688021421, 0.07111222949327001, 0.07019074049287077]
loss,
[0.19419166445732117, 0.16239449381828308, 0.17554853856563568, 0.15666131675243378, 0.15130572021007538, 0.14790746569633484, 0.1541188508272171, 0.16463392972946167, 0.15922117233276367, 0.14848986268043518, 0.15479491651058197, 0.1697673499584198, 0.1633852869272232, 0.16921991109848022, 0.16128221154212952, 0.1716286540031433, 0.14667397737503052, 0.16881421208381653, 0.15950924158096313, 0.15279456973075867, 0.1477350890636444, 0.16521698236465454, 0.15441328287124634, 0.15914027392864227, 0.15645629167556763, 0.14245519042015076, 0.16223520040512085, 0.1586933732032776, 0.1446322500705719, 0.15242382884025574, 0.17018131911754608, 0.14054158329963684, 0.1528761386871338, 0.15771397948265076, 0.15794463455677032, 0.1642020344734192]

2022-04-28 13:16:29.141783