2022-04-28 13:26:40.584664

reference phi, theta, psi, translation: 132.9853677440357, -8.537735924097414e-07, 76.34363348549546, 2.865516185760498, 2.6707684993743896, 0.9517420530319214

phi,theta,psi,rot_x,rot_y,rot_z,phi_err,theta_err,psi_err
143.3552887910292,-3.0579185397180266,69.36864430507845,2.3124754428863525,2.981729030609131,1.6183615922927856,10.369921046993511,3.0579176859444344,6.974989180417012
142.74527093587704,-3.900287467001437,69.27165561886426,2.386277437210083,2.9248366355895996,1.613769769668579,9.759903191841346,3.900286613227845,7.071977866631201
142.51878186299942,-6.685381813528046,70.19386776059939,2.5146005153656006,2.881021022796631,1.5206233263015747,9.53341411896372,6.685380959754454,6.149765724896071
142.58145567882346,-9.110208294934141,70.46510140272976,2.5741119384765625,2.873478651046753,1.4784634113311768,9.59608793478776,9.110207441160549,5.878532082765702
140.80597532483532,-10.127104004408581,71.04075657616761,2.686267852783203,2.8106448650360107,1.4446355104446411,7.820607580799617,10.127103150634989,5.30287690932785
138.8831541300717,-9.782758740581277,71.74807730623579,2.780738592147827,2.7641875743865967,1.393226146697998,5.897786386035989,9.782757886807685,4.595556179259674
137.89188877582774,-9.957214302122692,73.05161890933272,2.84512996673584,2.7586982250213623,1.2977654933929443,4.906521031792039,9.9572134483491,3.2920145761627424
137.58147033842897,-8.817860323902451,74.05543132108198,2.8444063663482666,2.7895352840423584,1.2271795272827148,4.5961025943932725,8.817859470128859,2.2882021644134767
136.60713019294832,-7.524550611185901,75.25247661464007,2.8804407119750977,2.7959749698638916,1.1450756788253784,3.6217624489126194,7.524549757412308,1.0911568708553858
136.9186824417493,-7.725607876354537,76.2221790616743,2.8719425201416016,2.8301751613616943,1.074815273284912,3.933314697713598,7.725607022580944,0.121454423821163
136.85972424883374,-8.260561362720411,77.35145521828753,2.89644718170166,2.8414902687072754,0.9992577433586121,3.874356504798044,8.260560508946819,1.0078217327920669
135.99189407327026,-9.551942848408142,79.5928296057514,2.9711339473724365,2.841840982437134,0.8262722492218018,3.0065263292345605,9.55194199463455,3.249196120255945
136.36184443947482,-11.81513917840041,78.35382646012192,2.9665963649749756,2.8123772144317627,0.9009171724319458,3.3764766954391234,11.815138324626817,2.010192974626463
136.58095690804885,-13.444262085782892,77.00950862768,2.972681760787964,2.7845613956451416,0.9652653932571411,3.5955891640131483,13.4442612320093,0.6658751421845466
136.83208930345185,-12.853298811355982,75.0105786349949,2.9297842979431152,2.7534408569335938,1.1189020872116089,3.846721559416153,12.85329795758239,1.3330548505005595
136.6424422709573,-13.14507342638521,73.86370108089055,2.933292865753174,2.7197012901306152,1.188398003578186,3.6570745269216047,13.145072572611618,2.4799324046049094
136.43809667136884,-12.991367096956816,73.27900273699161,2.940293312072754,2.6938841342926025,1.2230274677276611,3.4527289273331405,12.991366243183224,3.064630748503845
136.5197174319505,-13.562030425426133,73.1442089537214,2.9419071674346924,2.6883444786071777,1.229894995689392,3.534349687914812,13.562029571652541,3.1994245317740564
136.2173995989074,-14.06406349663323,72.87794085911763,2.9593305587768555,2.6644041538238525,1.2434158325195312,3.232031854871707,14.064062642859637,3.4656926263778303
136.3214233799667,-14.513015360512119,71.98569275727135,2.960726022720337,2.6311399936676025,1.303831934928894,3.3360556359309896,14.513014506738527,4.357940728224108
136.55105433986253,-14.57129299538932,71.97050924674642,2.950265884399414,2.638878345489502,1.3077919483184814,3.5656865958268327,14.571292141615729,4.3731242387490425
136.7043237848376,-15.066896971949795,71.81290946183755,2.9489269256591797,2.642486095428467,1.3077442646026611,3.7189560408019133,15.066896118176203,4.5307240236579105
136.71638589891185,-15.277171812119311,71.69635911384044,2.954902172088623,2.6363461017608643,1.3108450174331665,3.7310181548761534,15.27717095834572,4.647274371655016
136.58232294588285,-15.341606468933003,71.76370477905677,2.957975149154663,2.636369466781616,1.3093881607055664,3.596955201847152,15.341605615159411,4.579928706438693
136.65399895103295,-14.903025869070655,71.66565058333207,2.9457509517669678,2.639725923538208,1.3226168155670166,3.6686312069972473,14.903025015297063,4.677982902163393
136.42468217983895,-15.58640093396298,71.58464453977572,2.9758412837982178,2.614617109298706,1.3177709579467773,3.4393144358032544,15.586400080189387,4.758988945719736
136.7311117867624,-15.337024078537679,71.72708130472716,2.951533794403076,2.6499459743499756,1.3142458200454712,3.745744042726699,15.337023224764087,4.616552180768295
136.09035808034517,-15.780474500684152,71.68705639619088,2.9943816661834717,2.607271432876587,1.316643476486206,3.10499033630947,15.78047364691056,4.656577089304577
136.34602572135708,-15.609742641468138,71.75707949556185,2.9807984828948975,2.623579263687134,1.3164072036743164,3.360657977321381,15.609741787694546,4.586553989933606
136.04858464338136,-15.443985270883061,71.86518089955565,2.991882085800171,2.6195385456085205,1.3053258657455444,3.0632168993456617,15.44398441710947,4.478452585939806
136.19688171064067,-15.194644183973633,71.61506620233895,2.9773154258728027,2.621927261352539,1.3282315731048584,3.2115139666049686,15.19464333020004,4.728567283156508
136.28960835881279,-15.38151729778051,72.09291989705139,2.980087995529175,2.639399528503418,1.2977941036224365,3.304240614777086,15.381516444006918,4.250713588444071
136.08925158969961,-15.05025899589485,72.19555714970917,2.984053373336792,2.642659902572632,1.2926620244979858,3.1038838456639155,15.050258142121258,4.1480763357862855
135.97208652467722,-15.336280384575623,72.09481185945148,2.998896360397339,2.6290762424468994,1.2956167459487915,2.9867187806415245,15.336279530802031,4.248821626043977
136.40553032940622,-15.284158838654571,71.93017697969749,2.974224805831909,2.649231195449829,1.3097838163375854,3.4201625853705195,15.284157984880979,4.413456505797967
136.1542613302198,-15.35475620726631,72.15818235457085,2.9935476779937744,2.6414148807525635,1.2970633506774902,3.1688935861841117,15.354755353492719,4.185451130924605

Errors:
rotation,[20.402827913354958, 20.73216767170039, 22.368560803614244, 24.58482745871401, 23.250587640762454, 20.27610045210335, 18.155749056303883, 15.702164228935608, 12.237469077180315, 11.780376144115706, 13.14273874653693, 15.807664444125056, 17.201807994692402, 17.705725538206995, 18.033074367499104, 19.28207950413813, 19.508725919020208, 20.29580379134141, 20.761787124109176, 22.207010870893626, 22.510102976191604, 23.316576182636027, 23.65546348487689, 23.518489523445254, 23.2496391244577, 23.784703461712375, 23.699319448259082, 23.542041072524604, 23.556953754949532, 22.985653902394937, 23.134724579961517, 22.936470647228077, 22.30221832357146, 22.571819937487533, 23.117777076049464, 22.709100070601437]
translation,[0.07464079787699607, 0.07414114037521102, 0.0841831256621699, 0.1003098046653994, 0.11648862983062891, 0.129918929715922, 0.13892812371386842, 0.13757883152662398, 0.14327080753303978, 0.14178052094608962, 0.14762559647246754, 0.16248801296171855, 0.15477736040492918, 0.15484245403879182, 0.14224076330646263, 0.14179235967804527, 0.13997797439546922, 0.13956113867401676, 0.14053379781825992, 0.13885597326544818, 0.13757202137820634, 0.13889480734774473, 0.14021167053677708, 0.14194648687407607, 0.13959246960345606, 0.14360152877014976, 0.14750812211241282, 0.15190060170120478, 0.15232129748175893, 0.15422844477207232, 0.1525427770316652, 0.1559492874597872, 0.15924111772113836, 0.16220436860035115, 0.16171889693808694, 0.16658160554859958]
loss,
[0.14914125204086304, 0.13922977447509766, 0.1157228946685791, 0.12243859469890594, 0.11845557391643524, 0.11663681268692017, 0.10321681201457977, 0.11014758795499802, 0.09605441987514496, 0.11525895446538925, 0.10259722918272018, 0.1016804501414299, 0.10315694659948349, 0.10110785812139511, 0.1038021445274353, 0.09301052987575531, 0.10085158050060272, 0.09433387219905853, 0.0931202620267868, 0.10272318124771118, 0.09501226246356964, 0.08012145012617111, 0.09696780145168304, 0.10094395279884338, 0.09299027174711227, 0.0918530821800232, 0.09682347625494003, 0.09816499799489975, 0.08477648347616196, 0.0878324955701828, 0.09595014899969101, 0.0885062962770462, 0.09672998636960983, 0.09487461298704147, 0.08103462308645248, 0.09479709714651108]

2022-04-28 13:29:10.150911