2022-04-28 13:14:34.946255

reference phi, theta, psi, translation: 16.672973292337613, -0.0, 55.56417970941693, 0.9538894295692444, -3.184936285018921, 2.279534101486206

phi,theta,psi,rot_x,rot_y,rot_z,phi_err,theta_err,psi_err
26.607018987257597,-4.879078348390559,61.415046110949504,1.4386786222457886,-3.2383759021759033,2.121750593185425,9.934045694919984,4.879078348390559,5.850866401532571
26.412093926081894,-5.5094285127157585,61.05779989660115,1.3830331563949585,-3.2593345642089844,2.122525691986084,9.739120633744282,5.5094285127157585,5.49362018718422
27.705502943545113,-6.201303188870332,57.01295162483585,1.3207027912139893,-3.164992094039917,2.2785592079162598,11.0325296512075,6.201303188870332,1.4487719154189165
26.23670320593243,-3.77495579375459,56.348500577093255,1.331018328666687,-3.112705945968628,2.3277666568756104,9.563729913594816,3.77495579375459,0.7843208676763211
24.298611415731923,-0.33546590314291463,54.58091592178565,1.3242464065551758,-3.0388779640197754,2.3984360694885254,7.62563812339431,0.33546590314291463,0.9832637876312802
20.708091959630234,2.592867116968145,52.61851378078178,1.2643959522247314,-2.9786276817321777,2.4538216590881348,4.035118667292622,2.592867116968145,2.945665928635151
18.543671605997602,1.2653916350007786,54.69428340162953,1.1009784936904907,-3.1097192764282227,2.3374433517456055,1.8706983136599895,1.2653916350007786,0.8698963077874069
16.40516840517058,-0.24277848814041356,55.874365920383894,0.9346531629562378,-3.196298599243164,2.254909038543701,0.2678048871670313,0.24277848814041356,0.3101862109669611
16.687424265074064,0.08800884607247547,55.13974833929776,0.9530755281448364,-3.1619513034820557,2.2994823455810547,0.014450972736451462,0.08800884607247547,0.42443137011917287
16.527877876251736,-0.04128962360437918,55.1821945498948,0.9409002065658569,-3.1674582958221436,2.297980785369873,0.1450954160858764,0.04128962360437918,0.38198515952213086
16.629758685458942,0.0789704964609538,55.48095043928574,0.9546294212341309,-3.1776978969573975,2.282111883163452,0.043214606878670736,0.0789704964609538,0.08322927013119141
16.655450442021944,-0.011978592589261393,55.412884189111985,0.9508040547370911,-3.175203561782837,2.284797430038452,0.017522850315668137,0.011978592589261393,0.15129552030494864
16.62887246841413,-0.0019991479435881366,55.31490854056273,0.9491914510726929,-3.1716647148132324,2.2891290187835693,0.04410082392348258,0.0019991479435881366,0.2492711688542002
16.52201245130199,0.0814933807922701,55.34665184473037,0.9472851753234863,-3.174799919128418,2.2868969440460205,0.1509608410356229,0.0814933807922701,0.21752786468656637
16.667908707068047,-0.08260464945167603,55.36644573294507,0.9486477375030518,-3.17375111579895,2.286996841430664,0.005064585269565214,0.08260464945167603,0.1977339764718664
16.660525272575264,0.05524645050105884,55.45137572017959,0.9551421999931335,-3.174262523651123,2.2834465503692627,0.012448019762349105,0.05524645050105884,0.11280398923734225
16.79960670709694,-0.07594351554773254,55.3945895274201,0.9564881324768066,-3.1722359657287598,2.2867321968078613,0.1266334147593291,0.07594351554773254,0.1695901819968313
16.527594423401183,-0.12344833688539417,55.367022883929934,0.9390677809715271,-3.1762421131134033,2.288700819015503,0.14537886893642948,0.12344833688539417,0.1971568254869993
16.55249729311505,-0.010880413101078247,55.25540734760817,0.9433649182319641,-3.1716713905334473,2.2949576377868652,0.12047599922256325,0.010880413101078247,0.30877236180876366
16.68383329311793,-0.09108964063053246,55.27969208520215,0.948531985282898,-3.170060873031616,2.2933359146118164,0.010860000780319012,0.09108964063053246,0.28448762421478335
16.694952841086714,-0.03038482490434292,55.433104964149805,0.95282381772995,-3.175241708755493,2.2852365970611572,0.02197954874910124,0.03038482490434292,0.13107474526712792
16.55209601950131,-0.007458966385695804,55.346436693771516,0.9451560378074646,-3.174238920211792,2.289106845855713,0.120877272836303,0.007458966385695804,0.21774301564541787
16.649243507613694,-0.03425465417580727,55.38474039463694,0.9501606225967407,-3.1743874549865723,2.286985397338867,0.023729784723919067,0.03425465417580727,0.17943931477999087
16.574691992823006,-0.007395776296139618,55.342430787823304,0.9456188678741455,-3.1729354858398438,2.2891836166381836,0.09828129951460696,0.007395776296139618,0.2217489215936297
16.57180965299326,-0.029544153137149788,55.352037448890925,0.9459138512611389,-3.1731748580932617,2.2899134159088135,0.10116363934435313,0.029544153137149788,0.21214226052600793
16.560785727672858,0.00859221154755656,55.27310436774767,0.9456292986869812,-3.1711957454681396,2.292930841445923,0.11218756466475455,0.00859221154755656,0.29107534166926285
16.61855034503095,0.017170270268711502,55.39639611245557,0.9503216743469238,-3.1744284629821777,2.2856104373931885,0.054422947306662195,0.017170270268711502,0.1677835969613639
16.61725602418323,0.015172398948071621,55.368692865182,0.9492796063423157,-3.173252820968628,2.2885332107543945,0.05571726815438183,0.015172398948071621,0.19548684423493512
16.603498315647535,0.001900068554942874,55.42424962389089,0.9492930769920349,-3.176544427871704,2.28495454788208,0.06947497669007774,0.001900068554942874,0.13993008552604635
16.696670633662972,0.012992283191109249,55.29505659574009,0.9531911015510559,-3.169989824295044,2.2920618057250977,0.02369734132535939,0.012992283191109249,0.26912311367684083
16.698612114934548,-0.034199002348367716,55.48269555261869,0.9537999629974365,-3.1781487464904785,2.2816879749298096,0.025638822596935285,0.034199002348367716,0.08148415679824694
16.691961218230247,0.0007450833092293058,55.413649170299024,0.953781008720398,-3.174633502960205,2.2859416007995605,0.01898792589263465,0.0007450833092293058,0.15053053911790926
16.556737133042333,0.003093068538355186,55.33333639094343,0.9457643032073975,-3.1737170219421387,2.2894394397735596,0.11623615929527986,0.003093068538355186,0.2308433184735037
16.603793721329136,-0.03527351759395931,55.326980899920734,0.9464015364646912,-3.1729094982147217,2.2896926403045654,0.06917957100847616,0.03527351759395931,0.2371988094961992
16.621096298044073,0.0015350013001327123,55.3842486210167,0.9502041935920715,-3.174421787261963,2.287240982055664,0.05187699429353998,0.0015350013001327123,0.17993108840023098
16.59966999461774,0.034439739313018226,55.29222548232912,0.948413074016571,-3.170869827270508,2.2917494773864746,0.0733032977198711,0.034439739313018226,0.2719542270878108

Errors:
rotation,[20.663990444843115, 20.74216933364426, 18.682604755496747, 14.123006575025727, 8.944367814168505, 9.573651712895918, 4.005986256448175, 0.820769586274406, 0.5268911889280998, 0.5683701992123864, 0.20541437347081595, 0.18079696320987818, 0.2953711407212709, 0.44998208651445937, 0.28540321119310763, 0.1804984595007502, 0.37216711230389293, 0.46598403130882293, 0.44012877413240514, 0.38643726562563485, 0.18343911892057208, 0.34607925486741664, 0.2374237536797172, 0.3274259974043763, 0.3428500530075108, 0.411855117881574, 0.2393768145367376, 0.2663765113373886, 0.21130513077106697, 0.30581273819330945, 0.14132198174354993, 0.17026354831977322, 0.35017254630713873, 0.34165189809863467, 0.23334308399390366, 0.37969726412070015]
translation,[0.09908907901583852, 0.09696486573712804, 0.08630515456242183, 0.07728271729552816, 0.060436046885196326, 0.02992527747179352, 0.011908244323794115, 0.009373518696064842, 0.00696335045373786, 0.0063554592907060226, 0.0040808237681213555, 0.005430748093326443, 0.006140273524677831, 0.005386525323322289, 0.005835925286296728, 0.005912428266817038, 0.005325251726859825, 0.005149019020833201, 0.004186183434339519, 0.005164569831284105, 0.004673915034874909, 0.005073371961004547, 0.0049839155916915345, 0.00594858404912646, 0.005275518280122071, 0.005184367970950454, 0.00569442313700641, 0.005206670468344221, 0.004640425049875496, 0.004845702284034914, 0.004161785165333498, 0.004526685012884002, 0.005152856145548057, 0.005495627602289943, 0.004801378834145886, 0.005458919456302169]
loss,
[0.16014860570430756, 0.1395878791809082, 0.11099764704704285, 0.09954753518104553, 0.0800655260682106, 0.04147658869624138, 0.013349151238799095, 0.003858861979097128, 0.0012680381769314408, 0.0011089507024735212, 0.0014124971348792315, 0.001630220329388976, 0.0031802854500710964, 0.003981730435043573, 0.0018178659956902266, 0.0019505716627463698, 0.0017168284393846989, 0.0019419476157054305, 0.0017352503491565585, 0.0011549886548891664, 0.0017889103619381785, 0.0013628534507006407, 0.0011079446412622929, 0.0019731195643544197, 0.0031160134822130203, 0.0020914562046527863, 0.0016226073494181037, 0.001478360267356038, 0.0018379846587777138, 0.0015038804849609733, 0.0012899232096970081, 0.0010308459168300033, 0.0013305745087563992, 0.001615022774785757, 0.0016480216290801764, 0.0023654967080801725]

2022-04-28 13:17:12.218255