2022-04-27 18:07:25.774158

reference phi, theta, psi, translation: 164.57178246643477, -4.268868188959204e-07, 11.003265705708584, 0.2046843022108078, 0.7416750192642212, 3.957021951675415

phi,theta,psi,rot_x,rot_y,rot_z,phi_err,theta_err,psi_err
174.68706040079186,1.035587752499106,3.46078983121423,-0.0498787984251976,0.24902896583080292,4.223120212554932,10.115277934357096,1.035588179385925,7.542475874494354
175.11984850736056,2.1101376718174887,3.724958923308698,-0.10920269787311554,0.2586899697780609,4.199617862701416,10.54806604092579,2.1101380987043075,7.278306782399886
175.0904103920378,4.665707105288368,4.465466688780324,-0.264173686504364,0.30945533514022827,4.135580062866211,10.518627925603028,4.665707532175187,6.53779901692826
173.4945913339777,6.329728657121471,3.8872869066705134,-0.3995298743247986,0.2990247309207916,4.125565052032471,8.922808867542926,6.3297290840082905,7.1159787990380705
173.19287455758155,7.295316111917629,3.786276092808841,-0.479223370552063,0.29783886671066284,4.110374450683594,8.621092091146778,7.295316538804448,7.216989612899743
173.24037169306982,8.587117082149575,3.619558005358,-0.572101354598999,0.2967182397842407,4.082061290740967,8.66858922663505,8.587117509036394,7.383707700350584
173.68656063079007,9.733481738761014,4.062286171603172,-0.6483064889907837,0.341616690158844,4.035696506500244,9.1147781643553,9.733482165647834,6.940979534105412
174.2447236897635,9.134980278679807,3.9847686471654047,-0.6121817827224731,0.3245275318622589,4.048128604888916,9.672941223328735,9.134980705566626,7.018497058543179
173.57475043407695,9.00654593125654,4.05409720167515,-0.5936992168426514,0.33541858196258545,4.053117275238037,9.002967967642178,9.006546358143359,6.949168504033434
173.6654416858764,10.100893842116696,3.6811590545955215,-0.6738189458847046,0.31552281975746155,4.008702278137207,9.093659219441633,10.100894269003515,7.322106651113062
173.65902130805657,10.142898008067093,4.294812704820263,-0.6737006306648254,0.36614662408828735,3.99888277053833,9.087238841621797,10.142898434953912,6.708453000888321
174.05534986483573,10.779747271655477,4.1658681248005305,-0.7231485247612,0.3574111759662628,3.9817557334899902,9.483567398400965,10.779747698542296,6.837397580908053
174.56523714675552,11.290816857585874,3.895620591231575,-0.7676962018013,0.33634141087532043,3.9680497646331787,9.993454680320752,11.290817284472693,7.107645114477009
174.378404152199,11.66956887898731,4.262068351052399,-0.7828130125999451,0.3655231297016144,3.960139274597168,9.806621685764242,11.669569305874129,6.741197354656185
174.14026277659733,11.29098791024052,4.184236637912811,-0.7563680410385132,0.3638744056224823,3.98449969291687,9.568480310162556,11.29098833712734,6.819029067795773
174.76075814193632,11.507053433303692,3.813377002774982,-0.7832190990447998,0.3256121873855591,3.9781622886657715,10.188975675501553,11.507053860190512,7.189888702933602
174.9799252520237,12.97037217166221,3.548546876434904,-0.8842599391937256,0.31060364842414856,3.936650276184082,10.408142785588922,12.970372598549028,7.45471882927368
175.00137204601754,11.683203531026885,2.945421749372326,-0.7999189496040344,0.26482146978378296,3.9710466861724854,10.429589579582768,11.683203957913705,8.057843956336258
174.88681611325808,11.377525365524393,3.6557174537108703,-0.7741036415100098,0.31430763006210327,3.980748176574707,10.31503364682331,11.377525792411213,7.347548251997713
174.66596877663488,11.045742558265463,4.193863789547944,-0.741802990436554,0.35470929741859436,3.9973883628845215,10.094186310200115,11.045742985152282,6.80940191616064
174.42050543824297,11.429187370974734,4.44954082206997,-0.770577609539032,0.3769582509994507,3.989276170730591,9.8487229718082,11.429187797861553,6.553724883638614
174.48013298969718,11.32113086942515,4.090694209021724,-0.7638629674911499,0.35040968656539917,3.9971423149108887,9.908350523262413,11.32113129631197,6.912571496686859
174.5333811444666,11.200426635537132,3.9918263670121434,-0.7576712369918823,0.3408665955066681,3.996507167816162,9.961598678031834,11.200427062423952,7.011439338696441
174.52127804925732,11.169364999674603,3.9411369718605402,-0.7555210590362549,0.33606550097465515,4.001463413238525,9.94949558282255,11.169365426561422,7.062128733848043
174.50917495404806,11.673482517224258,3.827018171207967,-0.7901154160499573,0.3339309096336365,3.985966205596924,9.937392487613295,11.673482944111077,7.176247534500616
174.67726590952208,11.840744209064365,3.8638614922514853,-0.8051550388336182,0.33435237407684326,3.9817495346069336,10.105483443087309,11.840744635951184,7.139404213457098
174.52458386081562,11.650823142731875,3.8728051980827938,-0.7893387675285339,0.33581170439720154,3.986311435699463,9.952801394380856,11.650823569618694,7.13046050762579
174.60870447063348,11.483386390611171,3.7942622914958783,-0.7777130007743835,0.3279191851615906,3.9923243522644043,10.036922004198715,11.48338681749799,7.209003414212706
174.77478735049152,11.965396382219069,3.6914098878792414,-0.8130142092704773,0.3184940218925476,3.977612018585205,10.203004884056753,11.965396809105888,7.3118558178293425
174.79045580444753,11.934060439352091,3.7180331114903047,-0.8106575608253479,0.3215544819831848,3.9794182777404785,10.218673338012763,11.93406086623891,7.285232594218279
174.90923279411405,11.682850183081413,3.7332396739036917,-0.7931349277496338,0.3188384175300598,3.9861483573913574,10.337450327679278,11.682850609968233,7.270026031804893
174.8932774722129,12.028343988210205,3.8294830157246955,-0.8160948753356934,0.3289576768875122,3.9776735305786133,10.321495005778132,12.028344415097024,7.173782689983888
174.99553906446633,12.136011164214208,3.6180271892102707,-0.8256679773330688,0.31425195932388306,3.977788209915161,10.42375659803156,12.136011591101028,7.385238516498314
175.01675363202838,12.019987390563122,3.6874261800458314,-0.8176818490028381,0.31806349754333496,3.9800126552581787,10.444971165593614,12.019987817449941,7.315839525662753
174.91397294539803,11.842266793108134,3.8207117721699295,-0.804828405380249,0.32515013217926025,3.9833827018737793,10.34219047896326,11.842267219994953,7.182553933538655
174.9114730961618,11.822888129987355,3.7546023711933763,-0.8028998970985413,0.3211670517921448,3.983304500579834,10.339690629727045,11.822888556874174,7.248663334515207

Errors:
rotation,[18.693341988237375, 19.93651092202998, 21.722134474706476, 22.368516750589286, 23.13339824285097, 24.63941443602203, 25.78923986410855, 25.82641898743854, 24.958682829818972, 26.516660139558212, 25.93859027746403, 27.100712677851313, 28.391917079270456, 28.217388346294555, 27.67849771508567, 28.885918238625663, 30.83323421341163, 30.17063749383273, 29.040107691232237, 27.949331211513034, 27.831635653308368, 28.14205331626124, 28.173465079152226, 28.18098974323201, 28.78712296622499, 29.08563229249559, 28.73408547162534, 28.72931223590941, 29.480257510991986, 29.43796679846995, 29.290326969452405, 29.523622110859044, 29.945006705630902, 29.780798508706308, 29.36701163249687, 29.411242521116428]
translation,[0.19962134480110283, 0.17786574318142545, 0.12441833009994063, 0.12450906460402944, 0.11779157867771062, 0.10149327476202252, 0.07055972099177232, 0.07586876740449267, 0.07894944673973114, 0.04603685095855603, 0.04060283073136528, 0.03151374281660768, 0.024472402155289785, 0.022154513452236735, 0.04081596503344809, 0.036453998123625375, 0.015549447484525025, 0.028330732149249194, 0.036349651127260074, 0.049949887579528784, 0.04933819655793048, 0.05340537597228234, 0.050822259202047526, 0.05487911803808032, 0.04609059368380475, 0.04494709136508046, 0.0464321403213539, 0.049437509417580294, 0.041195731128404134, 0.042730790693893184, 0.045646745245999654, 0.04270353384371539, 0.04358347391153217, 0.04444084116572977, 0.045733754612938604, 0.04496129143192107]
loss,
[0.052906375378370285, 0.04777437075972557, 0.045308493077754974, 0.04534517228603363, 0.044341813772916794, 0.04241175949573517, 0.03918083757162094, 0.040833789855241776, 0.04054998978972435, 0.04180105775594711, 0.035193637013435364, 0.038848817348480225, 0.035725463181734085, 0.04022933170199394, 0.04203934222459793, 0.03912831470370293, 0.03336775675415993, 0.04237237572669983, 0.034274183213710785, 0.035743050277233124, 0.035738714039325714, 0.035609763115644455, 0.037234120070934296, 0.03619357943534851, 0.037709787487983704, 0.035104669630527496, 0.037378206849098206, 0.03930874168872833, 0.03885012865066528, 0.03518836200237274, 0.03824840113520622, 0.03756057471036911, 0.036171313375234604, 0.0423048660159111, 0.03934309631586075, 0.03733714297413826]

2022-04-27 18:37:26.008712