2022-04-27 19:07:17.275959

reference phi, theta, psi, translation: -86.91639066027085, -0.0, 34.793557367935236, -2.296917200088501, -0.12373751401901245, 3.3104169368743896

phi,theta,psi,rot_x,rot_y,rot_z,phi_err,theta_err,psi_err
-76.53055527251121,6.8177051513072,38.18892636661862,-2.336111545562744,-0.9462913274765015,3.345968008041382,10.385835387759641,6.8177051513072,3.395368998683381
-76.05341191747245,5.6062169576692895,39.01774591673757,-2.4135749340057373,-0.9123218655586243,3.2996668815612793,10.862978742798404,5.6062169576692895,4.224188548802331
-75.93514719199368,3.456810285067932,42.01531445287565,-2.6549935340881348,-0.8602315187454224,3.1166157722473145,10.981243468277171,3.456810285067932,7.221757084940414
-78.34832815784006,4.235460492300097,43.07277800055536,-2.7357497215270996,-0.785784125328064,3.0484519004821777,8.568062502430791,4.235460492300097,8.279220632620124
-81.89908396014123,4.138793368148055,42.405502669590966,-2.7457878589630127,-0.6177924871444702,3.0607306957244873,5.017306700129623,4.138793368148055,7.61194530165573
-83.70187824062025,3.285802624491534,40.265939081895304,-2.645517349243164,-0.47515982389450073,3.149818181991577,3.214512419650603,3.285802624491534,5.472381713960068
-85.5570259210874,0.8847604570294372,38.652832815045876,-2.5601143836975098,-0.24869012832641602,3.2082529067993164,1.359364739183448,0.8847604570294372,3.8592754471106403
-87.49882138136535,-0.6691665607472533,36.76603403796488,-2.431711196899414,-0.07198480516672134,3.253105640411377,0.5824307210944966,0.6691665607472533,1.9724766700296428
-86.95375179503083,-0.269370117206787,34.69225541726019,-2.284740686416626,-0.10784418880939484,3.307318925857544,0.03736113475997627,0.269370117206787,0.10130195067504388
-86.96655839972459,-0.11658384573417388,34.86572514670559,-2.294583559036255,-0.11525075882673264,3.3007285594940186,0.05016773945374098,0.11658384573417388,0.07216777877035696
-86.95160028544227,-0.17205473455651413,34.89783386599382,-2.295039415359497,-0.11384353041648865,3.296506643295288,0.03520962517141868,0.17205473455651413,0.10427649805858152
-86.9791054572299,-0.060852883490836826,34.874809298301706,-2.2930757999420166,-0.11987462639808655,3.2958521842956543,0.06271479695905668,0.060852883490836826,0.08125193036647005
-86.96778100358603,-0.07458260028031881,34.90467430044759,-2.295851230621338,-0.11814780533313751,3.299684762954712,0.05139034331517678,0.07458260028031881,0.11111693251235266
-86.92345307587264,-0.10512986506150128,34.861852429446195,-2.292311191558838,-0.11776255071163177,3.2995264530181885,0.007062415601794214,0.10512986506150128,0.06829506151095899
-87.06343097272288,-0.04796999987455311,34.80758657649044,-2.291010856628418,-0.11710302531719208,3.3005566596984863,0.14704031245203453,0.04796999987455311,0.014029208555207617
-86.9408427374995,-0.013929512177569225,34.8434245790655,-2.293128252029419,-0.123418428003788,3.300469398498535,0.024452077228644953,0.013929512177569225,0.04986721113026249
-86.94983126644723,-0.08420860582780924,34.91718720700705,-2.2984628677368164,-0.11841057986021042,3.298271894454956,0.033440606176384335,0.08420860582780924,0.12362983907181757
-87.04718878287659,-0.1001326666318189,34.90932224417778,-2.297516345977783,-0.11484457552433014,3.2976763248443604,0.1307981226057393,0.1001326666318189,0.11576487624254383
-87.0040014967546,-0.03373753677460372,34.841044258139746,-2.2932820320129395,-0.11963939666748047,3.300806760787964,0.08761083648374779,0.03373753677460372,0.047486890204510246
-87.02998353635734,0.009895046073471008,34.80391876490614,-2.29082989692688,-0.12074951827526093,3.3012185096740723,0.11359287608648572,0.009895046073471008,0.010361396970907322
-86.97476828710695,-0.0027133980511008637,34.75965913908446,-2.289036273956299,-0.12236368656158447,3.3044955730438232,0.05837762683610492,0.0027133980511008637,0.03389822885077365
-86.96921534331173,-0.020377201608991143,34.79494731143133,-2.2905242443084717,-0.12159943580627441,3.301405906677246,0.05282468304088184,0.020377201608991143,0.0013899434960933377
-87.02035979981679,-0.1469815315738191,34.842396635595414,-2.2925262451171875,-0.11109528690576553,3.3007912635803223,0.10396913954593856,0.1469815315738191,0.048839267660177654
-86.85066374988781,-0.10367782924495374,34.847017258568926,-2.29328989982605,-0.12085621803998947,3.2994496822357178,0.06572691038303446,0.10367782924495374,0.05345989063368961
-87.01454047864394,-0.04912476887753513,34.88269475169849,-2.2960686683654785,-0.11781372874975204,3.2959296703338623,0.09814981837308778,0.04912476887753513,0.08913738376325142
-86.88827760164708,0.011148602079000352,34.836273371004495,-2.2924811840057373,-0.1266317218542099,3.299882650375366,0.028113058623773668,0.011148602079000352,0.042716003069259045
-86.9801094950379,-0.13063430637572082,34.8198501811452,-2.2933835983276367,-0.11422798037528992,3.3039166927337646,0.06371883476704454,0.13063430637572082,0.02629281320996313
-86.95028205893246,-0.09220724506755232,34.79268310372147,-2.2906932830810547,-0.11721156537532806,3.304396629333496,0.03389139866160917,0.09220724506755232,0.0008742642137633538
-86.93251673690125,-0.06013754232767789,34.80775733121969,-2.2905185222625732,-0.12114407122135162,3.301391124725342,0.016126076630399666,0.06013754232767789,0.014199963284454498
-86.97228209824907,-0.13313805275616283,34.90486554574435,-2.296297550201416,-0.11438138782978058,3.2955689430236816,0.05589143797821805,0.13313805275616283,0.11130817780911428
-86.96483719205375,-0.09228135507636714,34.75633625205325,-2.2885828018188477,-0.11707510054111481,3.303553819656372,0.04844653178290059,0.09228135507636714,0.037221115881983735
-86.97952892895844,-0.0668755240663349,34.78625589571249,-2.289886713027954,-0.11836884170770645,3.3027584552764893,0.0631382686875952,0.0668755240663349,0.007301472222742689
-87.08077282302554,-0.10056110209828405,34.80136427415656,-2.291944980621338,-0.11179395020008087,3.301483631134033,0.1643821627546913,0.10056110209828405,0.00780690622132596
-86.93485949178657,-0.07355206643814377,34.81163687866826,-2.2905259132385254,-0.11896354705095291,3.301018238067627,0.018468831515718875,0.07355206643814377,0.01807951073302405
-86.96159968238716,-0.048872366960682284,34.828367427040206,-2.291290521621704,-0.12019510567188263,3.2979907989501953,0.04520902211631039,0.048872366960682284,0.03481005910497004
-86.99574379804805,-0.10664855765269284,34.79204106593949,-2.2898571491241455,-0.11468300968408585,3.300769329071045,0.0793531377772041,0.10664855765269284,0.0015163019957427082

Errors:
rotation,[20.598909537750224, 20.693384249270025, 21.659810838285516, 21.082743627351014, 16.768045369933407, 11.972696758102206, 6.103400643323526, 3.2240739518713926, 0.40803320264180715, 0.23891936395827182, 0.3115408577865143, 0.20481961081636357, 0.23708987610784826, 0.1804873421742545, 0.20903952088179525, 0.08824880053647667, 0.24127905107601116, 0.34669566548010206, 0.16883526346286176, 0.13384931913086406, 0.09498925373797944, 0.07459182814596632, 0.2997899387799353, 0.2228646302616778, 0.23641197101387434, 0.08197766377203307, 0.2206459543527285, 0.12697290794292485, 0.09046358224253205, 0.3003376685434952, 0.17794900274125147, 0.1373152649766728, 0.27275017107430133, 0.1101004086868867, 0.12889144818196271, 0.18751799742563963]
translation,[0.1579505536533441, 0.1576032478100835, 0.15244411020279625, 0.1395835747436207, 0.12688640075719793, 0.10963115192549289, 0.08091675562011424, 0.031025427871099964, 0.009931420912860922, 0.009536456010451388, 0.012780653295673794, 0.01426339491093831, 0.009585461566572917, 0.011746640675282194, 0.011661467276367965, 0.010336956330979419, 0.009244960246532763, 0.010377714559613338, 0.010086541246051794, 0.0111132250811119, 0.009394045134649254, 0.011107878617367284, 0.010775429440528228, 0.011159582847692917, 0.012551525932529728, 0.011087682125287657, 0.007632635737081728, 0.008685405367360843, 0.011137026824814988, 0.012815757126142024, 0.010583417790329008, 0.010456559420361167, 0.010518975703641686, 0.011504165285363577, 0.013517328078973101, 0.012214066998918582]
loss,
[0.0670609325170517, 0.06768544763326645, 0.04582422971725464, 0.04268495365977287, 0.03313011676073074, 0.029211601242423058, 0.017756517976522446, 0.009949738159775734, 0.002732309279963374, 0.0023826798424124718, 0.002054839860647917, 0.0022696605883538723, 0.0020232554525136948, 0.001510400092229247, 0.0020846582483500242, 0.0020121445413678885, 0.001763108535669744, 0.0025027883239090443, 0.0015892580850049853, 0.0014377969782799482, 0.002436695620417595, 0.0022321667056530714, 0.001684192568063736, 0.002826645504683256, 0.0022211121395230293, 0.0015645173843950033, 0.001739516737870872, 0.002475892659276724, 0.0019185026176273823, 0.0024708015844225883, 0.0019849222153425217, 0.002433910733088851, 0.0023575318045914173, 0.0020073745399713516, 0.0020281323231756687, 0.002143881283700466]

2022-04-27 19:37:16.892876