2022-04-20 16:35:09.639081

reference phi, theta, psi, translation: -33.091320547511735, -0.0, 74.32085247222868, -2.1190009117126465, -3.251617431640625, 1.089412808418274

phi,theta,psi,rot_x,rot_y,rot_z,phi_err,theta_err,psi_err
-22.822884158753556,1.294954214858955,81.82337814338081,-1.5357718467712402,-3.6827800273895264,0.7731812596321106,10.268436388758179,1.294954214858955,7.502525671152128
-23.08337903596138,1.4061896824860027,81.75258323263363,-1.547896146774292,-3.676715135574341,0.774686336517334,10.007941511550356,1.4061896824860027,7.431730760404946
-25.34168204728313,4.350549430096085,82.08297314316547,-1.6300311088562012,-3.6514508724212646,0.723746657371521,7.749638500228606,4.350549430096085,7.762120670936795
-26.91165737707121,11.130099146025577,83.68963854162757,-1.6162952184677124,-3.6771769523620605,0.5557085275650024,6.179663170440524,11.130099146025577,9.368786069398894
-26.76125661154753,13.487037001401198,84.50084644897166,-1.6168711185455322,-3.6688482761383057,0.4570784568786621,6.330063935964205,13.487037001401198,10.179993976742978
-25.38294492760647,12.717425724053637,85.41413836365074,-1.6033806800842285,-3.678450345993042,0.3836711049079895,7.708375619905265,12.717425724053637,11.093285891422056
-25.983446621697528,11.46791702689074,84.94840142452591,-1.6633836030960083,-3.6496834754943848,0.44234001636505127,7.107873925814207,11.46791702689074,10.627548952297232
-26.98958642040647,11.395756056268734,84.59928313528988,-1.701518177986145,-3.6349895000457764,0.4721567928791046,6.101734127105264,11.395756056268734,10.2784306630612
-26.110768178015736,11.811765779141025,84.90910051604165,-1.6351349353790283,-3.6543526649475098,0.4382045567035675,6.980552369495999,11.811765779141025,10.588248043812968
-26.339383147272525,12.55407802245801,85.90844598407372,-1.6495378017425537,-3.6389238834381104,0.3691878914833069,6.7519374002392105,12.55407802245801,11.587593511845043
-26.98041518389844,14.051306754463916,87.44114043382459,-1.7126046419143677,-3.618629217147827,0.24163822829723358,6.110905363613295,14.051306754463916,13.120287961595906
-26.293482568502746,12.55000328675296,87.01894595065859,-1.673147439956665,-3.622366428375244,0.2891422212123871,6.797837979008989,12.55000328675296,12.69809347842991
-25.718102310178995,12.870114847701467,88.12943225686512,-1.644587755203247,-3.643059015274048,0.19963626563549042,7.37321823733274,12.870114847701467,13.808579784636436
-25.670892042635867,13.136756778239544,88.4211428061272,-1.636000633239746,-3.6441667079925537,0.18334247171878815,7.4204285048758685,13.136756778239544,14.100290333898513
-25.83321319580851,13.258399679308768,88.80314162602767,-1.6582894325256348,-3.62154221534729,0.16039486229419708,7.258107351703224,13.258399679308768,14.482289153798988
-26.527746104203136,14.039968453576693,89.31369143629695,-1.7137969732284546,-3.5941250324249268,0.12691572308540344,6.5635744433086,14.039968453576693,14.99283896406827
-26.447496504097362,13.836578651338,89.84826302187716,-1.7178075313568115,-3.5890145301818848,0.08802009373903275,6.643824043414373,13.836578651338,15.52741054964848
-27.32512800111981,13.629337150608762,90.23936648394127,-1.7758097648620605,-3.5482497215270996,0.06304176151752472,5.766192546391924,13.629337150608762,15.918514011712588
-27.7905780722995,13.13418475967733,90.48088197299292,-1.8091847896575928,-3.5270073413848877,0.04797685891389847,5.300742475212235,13.13418475967733,16.16002950076424
-28.137703653845183,12.805818189998254,90.84273173484185,-1.8168811798095703,-3.51204776763916,0.022104017436504364,4.953616893666553,12.805818189998254,16.52187926261317
-28.03052432538934,12.047169180613585,90.62751930428392,-1.8104537725448608,-3.5104470252990723,0.046969592571258545,5.060796222122395,12.047169180613585,16.306666832055242
-27.708940236244924,11.85822149947552,91.31363912716839,-1.7914541959762573,-3.511972427368164,-0.006658412516117096,5.382380311266811,11.85822149947552,16.992786654939707
-27.32703020880366,11.089481603758648,91.21714221457444,-1.7720286846160889,-3.5141637325286865,0.01010877639055252,5.764290338708076,11.089481603758648,16.896289742345758
-27.656914685336936,12.02452563919718,91.8261150507836,-1.7894731760025024,-3.5001087188720703,-0.032246410846710205,5.434405862174799,12.02452563919718,17.50526257855492
-27.55119018717431,12.061617770336923,91.68418371983074,-1.777163028717041,-3.499297618865967,-0.018075868487358093,5.540130360337425,12.061617770336923,17.363331247602062
-27.46292706762482,11.405871903393713,92.37107535409142,-1.7861809730529785,-3.4968645572662354,-0.06742656975984573,5.628393479886917,11.405871903393713,18.050222881862737
-27.446382641907757,11.9448715189756,92.96476222693809,-1.7867066860198975,-3.487058162689209,-0.11251924186944962,5.644937905603978,11.9448715189756,18.643909754709412
-27.36193589055701,12.108906992476491,92.70549507623357,-1.777328372001648,-3.4867446422576904,-0.0873495414853096,5.729384656954725,12.108906992476491,18.384642604004895
-27.27496196921336,12.410351158335407,92.97260328410526,-1.7714236974716187,-3.484482765197754,-0.10546300560235977,5.816358578298374,12.410351158335407,18.651750811876582
-27.20925042675596,12.344084569694905,93.01268966434407,-1.7664103507995605,-3.486293315887451,-0.1054876297712326,5.882070120755774,12.344084569694905,18.691837192115386
-27.03622978224849,11.95891105864652,93.16702461882969,-1.7568320035934448,-3.495842218399048,-0.11192560195922852,6.055090765263245,11.95891105864652,18.846172146601006
-27.008215761367683,12.398544215204048,93.81626825038524,-1.7587970495224,-3.4891130924224854,-0.15791887044906616,6.083104786144052,12.398544215204048,19.495415778156556
-26.779703244948443,11.94606211219258,93.86230372539113,-1.747806191444397,-3.4970343112945557,-0.15577208995819092,6.311617302563292,11.94606211219258,19.54145125316245
-26.85377664649723,12.506003058766211,94.2514332627851,-1.755229115486145,-3.4941279888153076,-0.18796372413635254,6.237543901014504,12.506003058766211,19.93058079055642
-26.319703664726426,12.658983655879329,93.88470674586877,-1.7189422845840454,-3.51458740234375,-0.15773048996925354,6.77161688278531,12.658983655879329,19.56385427364009
-26.054849419280842,12.939493859987609,94.20657258031645,-1.7078981399536133,-3.5175817012786865,-0.18222787976264954,7.036471128230893,12.939493859987609,19.885720108087767

Errors:
rotation,[19.06591627476926, 18.845861954441304, 19.862308601261486, 26.678548385864993, 29.99709491410838, 31.519087235380958, 29.20333990500218, 27.7759208464352, 29.38056619244999, 30.893608934542264, 33.28250007967311, 32.04593474419186, 34.051912869670645, 34.65747561701393, 34.99879618481098, 35.596381860953564, 36.00781324440085, 35.31404370871327, 34.5949567356538, 34.28131434627797, 33.41463223479122, 34.23338846568204, 33.75006168481248, 34.9641940799269, 34.965079378276414, 35.084488265143364, 36.23371917928899, 36.22293425343611, 36.87846054851036, 36.917991882566064, 36.86017397051077, 37.97706477950466, 37.79913066791832, 38.674127750337135, 38.994454812304724, 39.86168509630627]
translation,[0.03326186669987141, 0.0326568643074685, 0.03260131526458121, 0.023849730093958854, 0.004170315406463843, 0.00012043738776501556, 0.004053664303063087, 0.010064483902263888, 0.003725015773445861, 0.01876789335266782, 0.020408233581946433, 0.030558530237347448, 0.029079215942753756, 0.03237125643125571, 0.04474989939391216, 0.047293865701556026, 0.051225042372910146, 0.06281063657546682, 0.06688479323856811, 0.07688756908738714, 0.08104200282485374, 0.08862944209553092, 0.09545440111719694, 0.09996949097204011, 0.10637181566699816, 0.10390981773377828, 0.11136421692998955, 0.11655185200038254, 0.12079851965394539, 0.12145200376325338, 0.1170647685165025, 0.12060274822604278, 0.11854157423429745, 0.11640168195204215, 0.11552354784971763, 0.11660424662324509]
loss,
[0.22392961382865906, 0.22133849561214447, 0.1928825080394745, 0.1683700680732727, 0.16747838258743286, 0.14829395711421967, 0.12483593076467514, 0.1403481364250183, 0.14454424381256104, 0.1381256878376007, 0.11767588555812836, 0.12594276666641235, 0.12241166830062866, 0.11383587121963501, 0.1275845170021057, 0.13605763018131256, 0.13978630304336548, 0.12104633450508118, 0.10041719675064087, 0.12966950237751007, 0.1200047954916954, 0.11768173426389694, 0.11540775001049042, 0.11652513593435287, 0.12110483646392822, 0.12189611047506332, 0.12008337676525116, 0.11209716647863388, 0.12202847003936768, 0.11691977828741074, 0.11246749758720398, 0.1197163462638855, 0.11539821326732635, 0.11824771016836166, 0.10851629823446274, 0.12750659883022308]

2022-04-20 16:37:40.360404