2022-04-27 03:46:13.255072

reference phi, theta, psi, translation: 175.36684180812657, -0.0, 39.4597479484966, 0.2069414258003235, 2.553555727005005, 3.112318754196167

phi,theta,psi,rot_x,rot_y,rot_z,phi_err,theta_err,psi_err
-174.60268024378553,2.426304892454245,32.24175771288345,-0.3459881842136383,2.1274664402008057,3.6064906120300293,10.030477948087878,2.426304892454245,7.217990235613151
-175.0174093301887,2.2448350261413963,32.58470151110979,-0.31757357716560364,2.15387225151062,3.5892138481140137,9.615748861684722,2.2448350261413963,6.875046437386807
-176.7644487764729,1.259452261586512,34.17288100258325,-0.18335770070552826,2.265967607498169,3.5234215259552,7.868709415400531,1.259452261586512,5.286866945913346
179.03183935448536,-0.9588344813742269,34.821933388842055,0.14796485006809235,2.2939517498016357,3.508145570755005,3.6649975463587907,0.9588344813742269,4.637814559654544
179.1595229108296,-1.0687577100869001,33.425405590384564,0.12969441711902618,2.2175443172454834,3.549787998199463,3.7926811027030283,1.0687577100869001,6.034342358112035
176.8076428927841,-3.080225630006449,34.066145636423464,0.33643969893455505,2.21934175491333,3.5108582973480225,1.4408010846575223,3.080225630006449,5.393602312073135
174.19870187513595,-4.033491634779962,36.35403019704054,0.48142316937446594,2.346259832382202,3.369898796081543,1.1681399329906128,4.033491634779962,3.105717751456062
174.14964745651693,-4.2703930570502635,36.01727455020223,0.4897843301296234,2.376861095428467,3.3192076683044434,1.2171943516096349,4.2703930570502635,3.442473398294368
174.438905967867,-1.9830939060189476,38.593980490062464,0.3589223027229309,2.542569637298584,3.2126879692077637,0.927935840259579,1.9830939060189476,0.865767458434135
175.30366255830396,-0.8359902685348201,38.190633913911114,0.2540800869464874,2.5143349170684814,3.217013359069824,0.06317924982261047,0.8359902685348201,1.2691140345854848
175.29430519914104,-0.3121199217131627,39.11694416914825,0.22869952023029327,2.5463781356811523,3.149681568145752,0.07253660898552994,0.3121199217131627,0.34280377934835116
175.248624893972,-0.30482380534868236,39.359279280900296,0.22980231046676636,2.5478463172912598,3.119792938232422,0.1182169141545728,0.30482380534868236,0.10046866759630291
175.38297471494613,-0.14656056305512144,39.69498307860643,0.21606884896755219,2.561532735824585,3.0969724655151367,0.01613290681956414,0.14656056305512144,0.2352351301098281
175.29243372730843,-0.16224797583229517,39.52835719870938,0.22023537755012512,2.551684617996216,3.105990409851074,0.07440808081813088,0.16224797583229517,0.06860925021278064
175.32718572980548,-0.14910323777139717,39.38422313174919,0.21693862974643707,2.5431251525878906,3.1105377674102783,0.03965607832108731,0.14910323777139717,0.07552481674741074
175.4052821127754,-0.1301028788789028,39.58951812763226,0.21315619349479675,2.5548222064971924,3.1024587154388428,0.0384403046488444,0.1301028788789028,0.12977017913566158
175.33898829669124,-0.16615199374702724,39.56643208823761,0.21929194033145905,2.5547749996185303,3.1039252281188965,0.027853511435324663,0.16615199374702724,0.10668413974101298
175.3876738850951,-0.18555205570606617,39.61530550684364,0.21753618121147156,2.557992696762085,3.1041605472564697,0.02083207696853151,0.18555205570606617,0.15555755834704144
175.35482067518734,-0.15194029325567251,39.39632281186386,0.21638038754463196,2.5471608638763428,3.1124095916748047,0.012021132939224799,0.15194029325567251,0.06342513663273763
175.36695109115328,-0.11968965584671677,39.502460536471276,0.21452170610427856,2.5511314868927,3.1074118614196777,0.00010928302671686652,0.11968965584671677,0.04271258797467681
175.31386686092395,-0.27201385600406863,39.61758679002642,0.2256319522857666,2.55621600151062,3.099923849105835,0.052974947202613976,0.27201385600406863,0.15783884152982353
175.30437289797763,-0.15265970037467078,39.48067564811352,0.21863827109336853,2.548875331878662,3.10705828666687,0.06246891014893663,0.15265970037467078,0.020927699616919426
175.3656670155893,-0.1149973073151012,39.50654498959494,0.21358491480350494,2.5505752563476562,3.1057536602020264,0.001174792537256053,0.1149973073151012,0.04679704109834404
175.33060082439047,-0.17020923322028494,39.550995860713385,0.21910786628723145,2.5546140670776367,3.1050944328308105,0.03624098373609286,0.17020923322028494,0.09124791221678663
175.3261748618083,-0.094235717495882,39.50313331010452,0.21497656404972076,2.5509262084960938,3.1055214405059814,0.04066694631825385,0.094235717495882,0.04338536160792472
175.34782656147726,-0.1169693063436336,39.54460280365026,0.21498164534568787,2.552293300628662,3.103769540786743,0.019015246649303208,0.1169693063436336,0.08485485515365809
175.33020467341862,-0.12157435191798564,39.538599067369816,0.21652483940124512,2.5529818534851074,3.1047868728637695,0.03663713470794505,0.12157435191798564,0.07885111887321727
175.3007802184742,-0.1546013858851099,39.55651465356276,0.2191631942987442,2.5526223182678223,3.1021275520324707,0.06606158965237796,0.1546013858851099,0.09676670506615892
175.34270391959973,-0.12553149755332307,39.60340731730948,0.2152935117483139,2.5549514293670654,3.1004059314727783,0.024137888526837514,0.12553149755332307,0.14365936881288377
175.40209924462218,-0.23966766705255874,39.51376449954765,0.2196047008037567,2.550241708755493,3.1060824394226074,0.03525743649561264,0.23966766705255874,0.05401655105104908
175.32871569217954,-0.1163614370422768,39.54842087939629,0.21562881767749786,2.5533647537231445,3.1038999557495117,0.038126115947022754,0.1163614370422768,0.08867293089969053
175.38042022419654,-0.13105931972788773,39.49472534723623,0.21441440284252167,2.550356388092041,3.106945276260376,0.013578416069975674,0.13105931972788773,0.03497739873963468
175.33722610788539,-0.16805780572762663,39.51434848072168,0.21726980805397034,2.551057815551758,3.106356382369995,0.02961570024118032,0.16805780572762663,0.054600532225080656
175.37270211043443,-0.12157573186146137,39.49379302641453,0.21388833224773407,2.5505166053771973,3.1067054271698,0.00586030230786605,0.12157573186146137,0.034045077917930655
175.36584460050776,-0.06147406322517298,39.56596763537405,0.21169312298297882,2.554131507873535,3.102583646774292,0.0009972076188091705,0.06147406322517298,0.10621968687745209
175.34975267482318,-0.173007401525098,39.48281008222915,0.21781937777996063,2.5499117374420166,3.1081628799438477,0.01708913330338646,0.173007401525098,0.023062133732551615

Errors:
rotation,[19.674773076155276, 18.735630325212924, 14.415028622900389, 9.261646587387562, 10.895781170901962, 9.914629026737106, 8.307349319226637, 8.930060806954266, 3.7767972047126617, 2.168283552942915, 0.7274603100470438, 0.5235093870995581, 0.3979285999845137, 0.3052653068632067, 0.2642841328398952, 0.2983133626634088, 0.3006896449233649, 0.3619416910216391, 0.22738656282763495, 0.16251152684811043, 0.48282764473650613, 0.23605631014052683, 0.1629691409507013, 0.2976981291731644, 0.17828802542206057, 0.22083940814659492, 0.23706260549914798, 0.3174296806036468, 0.29332875489304433, 0.3289416545992204, 0.2431604838889901, 0.17961513453749808, 0.2522740381938876, 0.16148111208725807, 0.16869095772143425, 0.21315866856103607]
translation,[0.170370405351016, 0.16678430778911757, 0.16204759204303176, 0.16305685795644553, 0.15639051742972132, 0.13597993895202443, 0.10322981154235134, 0.08062224639928584, 0.08163782753572324, 0.059789371343490494, 0.025574150614131597, 0.00340186731646952, 0.006284215851589892, 0.0053649957670396375, 0.007449776575238154, 0.006479508341819873, 0.0050493365955119884, 0.002920625144770206, 0.0034815742661873372, 0.004927156712096981, 0.006867667226131857, 0.0064078012233999004, 0.006609173734511309, 0.004259979730839802, 0.006491843461954971, 0.006976301296790055, 0.005672223862459802, 0.007808240460287941, 0.007865844037221237, 0.006242852749679173, 0.006161463727791805, 0.005784098950034178, 0.005641016857647507, 0.005895694407805685, 0.006898837225541854, 0.004943085398646296]
loss,
[0.0978446751832962, 0.09212808310985565, 0.0916953980922699, 0.09294785559177399, 0.08050849288702011, 0.0692683756351471, 0.056038789451122284, 0.026522411033511162, 0.014556147158145905, 0.010022087022662163, 0.005016785115003586, 0.003964097239077091, 0.0032070958986878395, 0.0030106157064437866, 0.003075087908655405, 0.0026691292878240347, 0.0034858505241572857, 0.0030628605745732784, 0.003066978184506297, 0.003067978424951434, 0.002765302313491702, 0.0026578507386147976, 0.0025632947217673063, 0.0019699567928910255, 0.0028643596451729536, 0.00258459011092782, 0.002954987809062004, 0.0026580989360809326, 0.003730371128767729, 0.0031652897596359253, 0.0028979135677218437, 0.002351690549403429, 0.003108204109594226, 0.0034419975709170103, 0.0023963171988725662, 0.0030965390615165234]

2022-04-27 03:50:37.969855