2022-04-27 04:21:50.708241

reference phi, theta, psi, translation: 175.36684180812657, -0.0, 39.4597479484966, 0.2069414258003235, 2.553555727005005, 3.112318754196167

phi,theta,psi,rot_x,rot_y,rot_z,phi_err,theta_err,psi_err
-174.60268024378553,2.426304892454245,32.24175771288345,-0.3459881842136383,2.1274664402008057,3.6064906120300293,10.030477948087878,2.426304892454245,7.217990235613151
-173.90067340089163,1.3194732450990834,33.249579445675515,-0.32024624943733215,2.188091516494751,3.556941032409668,10.7324847909818,1.3194732450990834,6.210168502821084
-174.63418107623764,1.1349220419330168,34.93255854773417,-0.29991665482521057,2.292742967605591,3.4760563373565674,9.998977115635796,1.1349220419330168,4.527189400762431
-175.27233931077026,0.8355395715965677,37.45174746459372,-0.27397602796554565,2.4348526000976562,3.363051414489746,9.360818881103171,0.8355395715965677,2.008000483902876
-176.2608725893462,0.9348015980949945,39.21053825134493,-0.24560347199440002,2.535684823989868,3.2781267166137695,8.3722856025272,0.9348015980949945,0.24920969715167018
-176.53569208079085,0.44946617110152687,40.181541849416035,-0.19357049465179443,2.5962157249450684,3.238335371017456,8.097466111082554,0.44946617110152687,0.7217939009194367
-177.01847717208403,-0.49974643542952957,41.50513005772696,-0.1262820065021515,2.666583776473999,3.1681177616119385,7.614681019789373,0.49974643542952957,2.04538210923036
-177.62449253638258,-1.6396744008912993,41.51513969995561,-0.032262273132801056,2.6606521606445312,3.1644937992095947,7.008665655490859,1.6396744008912993,2.0553917514590125
-178.11573340186823,-1.5138562252467793,40.72515319036277,-0.01780170574784279,2.6194417476654053,3.2001378536224365,6.51742479000518,1.5138562252467793,1.2654052418661692
-178.6789508008275,-2.6689300984096946,41.64195582227524,0.0730433538556099,2.6713480949401855,3.1470539569854736,5.954207391045941,2.6689300984096946,2.182207873778644
-178.85194583212558,-2.7256464514431697,42.17840229478263,0.08125074952840805,2.6926236152648926,3.124978542327881,5.781212359747883,2.7256464514431697,2.71865434628603
-179.6794915519643,-3.184256195364185,42.7284954852517,0.15009722113609314,2.715616226196289,3.0874955654144287,4.953666639909102,3.184256195364185,3.2687475367551
179.44480625208269,-4.055315231979961,42.99567882520426,0.23861093819141388,2.718938112258911,3.066441774368286,4.07796444395612,4.055315231979961,3.53593087670766
179.1054961144948,-4.889238072511298,43.314614508498,0.3102151155471802,2.7244784832000732,3.044914722442627,3.7386543063682325,4.889238072511298,3.8548665600014047
178.03221384869732,-6.719521354767554,44.16024656925894,0.44787243008613586,2.749244213104248,2.973348379135132,2.665372040570759,6.719521354767554,4.700498620762339
177.04719128735476,-8.84823653050177,45.15364294252394,0.5802701711654663,2.774496555328369,2.8889057636260986,1.680349479228198,8.84823653050177,5.693894994027339
175.75274749623227,-9.59078433016221,44.45545076028148,0.6919940710067749,2.7173240184783936,2.899716377258301,0.3859056881057086,9.59078433016221,4.995702811784881
176.2624025517203,-9.026536980626751,42.64263317719547,0.6450580358505249,2.6318137645721436,3.0045547485351562,0.8955607435937338,9.026536980626751,3.182885228698872
175.65870945173955,-10.025039247324516,43.26044427819063,0.7254480123519897,2.639556407928467,2.9637813568115234,0.29186764361298856,10.025039247324516,3.800696329694034
174.66495790863772,-11.102232934350061,44.13298045409225,0.8141692876815796,2.6551883220672607,2.9017140865325928,0.7018838994888483,11.102232934350061,4.673232505595649
174.58325518578602,-12.201295517712051,44.121222283436076,0.8841207027435303,2.6410837173461914,2.8854317665100098,0.7835866223405503,12.201295517712051,4.661474334939477
173.37634709906644,-13.345126590408563,44.74426530933547,0.990304172039032,2.6370275020599365,2.825216293334961,1.9904947090601297,13.345126590408563,5.284517360838869
172.89559740414592,-14.010319544528086,44.88757633850067,1.0421116352081299,2.6207799911499023,2.804286241531372,2.4712444039806485,14.010319544528086,5.427828390004073
173.40596279930762,-13.846360525527668,43.58812943381116,1.0199227333068848,2.566042900085449,2.871757745742798,1.9608790088189494,13.846360525527668,4.128381485314563
172.77321407459763,-13.852243985368453,43.986192858639505,1.0441834926605225,2.5765113830566406,2.848207950592041,2.5936277335289333,13.852243985368453,4.5264449101429065
172.51082552744242,-14.084580782184936,43.99504478380384,1.0643116235733032,2.562687397003174,2.837183952331543,2.8560162806841447,14.084580782184936,4.535296835307243
172.66069353821084,-14.517053325004198,44.18531336351289,1.0732218027114868,2.5674080848693848,2.814824104309082,2.7061482699157295,14.517053325004198,4.725565415016291
172.08541402517733,-15.035453487380831,44.47915834689059,1.1266562938690186,2.564110040664673,2.7934470176696777,3.281427782949237,15.035453487380831,5.019410398393994
172.44729110778295,-14.641639223106266,44.3836074154967,1.0917601585388184,2.573096752166748,2.806518077850342,2.9195507003436205,14.641639223106266,4.923859467000099
172.7154306742193,-14.256658367063242,44.1157273962488,1.0608409643173218,2.569016933441162,2.8228862285614014,2.65141113390726,14.256658367063242,4.655979447752202
172.8038543032143,-14.714103511778559,43.9994058595889,1.0825244188308716,2.558445692062378,2.825906753540039,2.5629875049122575,14.714103511778559,4.5396579110922985
172.42850808756543,-14.53485541897319,44.17131830590353,1.0898656845092773,2.5601696968078613,2.8131537437438965,2.9383337205611326,14.53485541897319,4.711570357406934
171.9524302420372,-14.650955198937986,44.266114501394135,1.1155259609222412,2.551034688949585,2.8003487586975098,3.4144115660893704,14.650955198937986,4.806366552897536
172.5138308106772,-14.57873430513693,44.12254392504047,1.084425449371338,2.556225299835205,2.813973903656006,2.85301099744936,14.57873430513693,4.662795976543869
172.7394182985844,-14.550643147557677,43.879942435910785,1.0740450620651245,2.5473735332489014,2.828950881958008,2.6274235095421545,14.550643147557677,4.420194487414186
172.20524286397605,-15.115322634484658,44.174678758975176,1.1218160390853882,2.5449106693267822,2.798654079437256,3.161598944150512,15.115322634484658,4.714930810478577

Errors:
rotation,[19.674773076155276, 18.262126538901967, 15.661088558331244, 12.204358936602615, 9.556296897773864, 9.268726183103517, 10.159809564449262, 10.703731807841171, 9.296686257118129, 10.805345363234279, 11.225513157477083, 11.406670372028387, 11.66921055264374, 12.482758938880934, 14.085392016100652, 16.22248100375731, 14.972392830052799, 13.104982952919357, 14.117603220631539, 16.47734933943456, 17.64635647499208, 20.62013866030756, 21.90939233851281, 19.93562101966118, 20.972316629040293, 21.475893898176324, 21.94876700993622, 23.336291668724062, 22.485049390449987, 21.564048948722704, 21.816748927783117, 22.184759496941258, 22.871733317924893, 22.09454127913016, 21.59826114451402, 22.991852389113745]
translation,[0.170370405351016, 0.1572039725641181, 0.14374697509219292, 0.12984279651756214, 0.12051342027864731, 0.12394296409671046, 0.11176705881856108, 0.1033761937543396, 0.10440913552926467, 0.09747681792129637, 0.09468194120235207, 0.08344642659369139, 0.07406602598774636, 0.06649512812240133, 0.04314829023285238, 0.01613211166610018, 0.0026114561313885787, 0.014843588306709954, 0.003413621376464171, 0.01455799080279263, 0.020803517774167446, 0.041584555839523585, 0.053880313973220684, 0.04718466513077457, 0.05105111533960338, 0.06253478201249152, 0.07302018296173829, 0.07545430380800466, 0.07015535463002154, 0.06957380365183496, 0.06839587561032268, 0.0743485626421787, 0.0821885499350663, 0.07781180746100613, 0.07567085180601874, 0.08556091039595914]
loss,
[0.10762795060873032, 0.09340083599090576, 0.0954965204000473, 0.09533100575208664, 0.09524860978126526, 0.09773267805576324, 0.08898159116506577, 0.09016038477420807, 0.10194568336009979, 0.09481136500835419, 0.09097568690776825, 0.09777413308620453, 0.0959240049123764, 0.09350236505270004, 0.094977006316185, 0.0863925963640213, 0.09517605602741241, 0.0877683088183403, 0.08672277629375458, 0.08560119569301605, 0.08811106532812119, 0.07254579663276672, 0.08143921941518784, 0.08295195549726486, 0.08636654913425446, 0.08406718820333481, 0.0786745548248291, 0.0809989646077156, 0.07838573306798935, 0.08417937159538269, 0.0794021263718605, 0.07839561998844147, 0.07983750104904175, 0.08663612604141235, 0.09056919813156128, 0.07198557257652283]

2022-04-27 04:26:16.278462