2022-04-27 04:12:50.329068

reference phi, theta, psi, translation: -86.91639066027085, -0.0, 34.793557367935236, -2.296917200088501, -0.12373751401901245, 3.3104169368743896

phi,theta,psi,rot_x,rot_y,rot_z,phi_err,theta_err,psi_err
-76.53055527251121,6.8177051513072,38.18892636661862,-2.336111545562744,-0.9462913274765015,3.345968008041382,10.385835387759641,6.8177051513072,3.395368998683381
-76.29477714236236,6.997415797616654,38.27647231630525,-2.3337783813476562,-0.9657401442527771,3.3440675735473633,10.621613517908486,6.997415797616654,3.4829149483700164
-73.52674052837715,7.882596552173875,40.01456421477673,-2.362809896469116,-1.1487691402435303,3.2741057872772217,13.389650131893703,7.882596552173875,5.221006846841497
-70.46379000640911,9.02141082993443,42.04666843626059,-2.388822317123413,-1.3670650720596313,3.1690776348114014,16.452600653861737,9.02141082993443,7.253111068325353
-69.91488185376105,9.480687251339619,40.96413809432693,-2.3019723892211914,-1.390974521636963,3.216444253921509,17.001508806509804,9.480687251339619,6.170580726391691
-69.51323940980761,8.952653048961656,40.55876295199209,-2.279735565185547,-1.3678369522094727,3.233454942703247,17.40315125046324,8.952653048961656,5.765205584056851
-69.13399998633183,9.279329898363928,40.977682359451066,-2.281285524368286,-1.4171851873397827,3.201167345046997,17.78239067393902,9.279329898363928,6.18412499151583
-70.85017380775673,9.38910285471267,40.44844173651804,-2.297821044921875,-1.335518479347229,3.2263035774230957,16.066216852514117,9.38910285471267,5.654884368582806
-69.20314882148904,9.44296622844266,40.65372990221194,-2.268544912338257,-1.4077098369598389,3.2083542346954346,17.713241838781812,9.44296622844266,5.860172534276707
-69.5906596040497,10.658153523566462,39.74624364832737,-2.1880085468292236,-1.4428049325942993,3.250758647918701,17.325731056221144,10.658153523566462,4.952686280392136
-68.79772928292459,10.629165335614555,39.89083192286737,-2.184847354888916,-1.4733110666275024,3.2411787509918213,18.118661377346257,10.629165335614555,5.0972745549321345
-70.26761331306801,10.34359109499359,39.87741743133746,-2.228067398071289,-1.4095454216003418,3.238982677459717,16.648777347202838,10.34359109499359,5.083860063402227
-70.63780273589353,10.41333064345955,39.86981201569666,-2.2360074520111084,-1.3971045017242432,3.2353196144104004,16.27858792437732,10.41333064345955,5.076254647761424
-69.60026968021191,10.050633509815455,40.062641916344454,-2.2269136905670166,-1.4176398515701294,3.2287979125976562,17.31612098005894,10.050633509815455,5.269084548409218
-70.29220199408006,9.899375221981124,39.4604070617515,-2.2022855281829834,-1.368021011352539,3.266535520553589,16.62418866619079,9.899375221981124,4.666849693816268
-70.44743170334694,9.733696162882179,39.302376974924925,-2.201144218444824,-1.3524116277694702,3.266211748123169,16.468958956923913,9.733696162882179,4.5088196069896895
-70.64579405722245,9.97031987742028,39.331893637423136,-2.2006783485412598,-1.3657280206680298,3.2601537704467773,16.270596603048403,9.97031987742028,4.5383362694879
-70.28005791773577,9.950860599272207,39.744713685953286,-2.2236993312835693,-1.3806214332580566,3.241909980773926,16.636332742535075,9.950860599272207,4.95115631801805
-70.71459455273198,9.94606305474869,39.7491533089138,-2.237269401550293,-1.3613035678863525,3.2446045875549316,16.20179610753887,9.94606305474869,4.9555959409785615
-71.15018986704955,9.724539925216135,39.68760647430281,-2.2504355907440186,-1.3347008228302002,3.249580144882202,15.766200793221302,9.724539925216135,4.894049106367575
-71.16128209426165,9.722440771036243,39.42091149287591,-2.235147714614868,-1.3339835405349731,3.258824586868286,15.755108566009199,9.722440771036243,4.627354124940673
-70.87515180955147,9.705390798284977,39.6176380164452,-2.2367911338806152,-1.3443328142166138,3.253596782684326,16.04123885071938,9.705390798284977,4.8240806485099625
-70.45639291153799,9.959559334754005,39.70811070219119,-2.220944881439209,-1.3704438209533691,3.2513723373413086,16.45999774873286,9.959559334754005,4.914553334255956
-69.56734133822329,10.160042426048001,40.34968061621424,-2.229414701461792,-1.4243220090866089,3.218806266784668,17.349049322047563,10.160042426048001,5.5561232482790075
-68.93309680208507,9.994247073868364,41.08808553719515,-2.2670183181762695,-1.4525514841079712,3.1781527996063232,17.983293858185775,9.994247073868364,6.294528169259912
-69.28619709160722,10.058595849532988,41.16451535400759,-2.278512954711914,-1.439752459526062,3.176856756210327,17.63019356866363,10.058595849532988,6.370957986072355
-69.70530432926837,10.377551097203558,41.02865264613229,-2.2712841033935547,-1.4372849464416504,3.1834757328033447,17.211086331002477,10.377551097203558,6.235095278197051
-69.42935785661068,10.42789879313207,40.909100429994965,-2.2529137134552,-1.44959557056427,3.1883745193481445,17.48703280366017,10.42789879313207,6.115543062059729
-69.06256986799183,10.792510216735101,41.27078968239841,-2.257523775100708,-1.4844564199447632,3.1705856323242188,17.853820792279024,10.792510216735101,6.477232314463173
-69.01232699645722,10.828365384686927,41.257300058787635,-2.2540061473846436,-1.488281488418579,3.169468879699707,17.90406366381363,10.828365384686927,6.463742690852399
-68.96211144567928,10.940298810735232,41.33207696982093,-2.2522809505462646,-1.496242642402649,3.164693593978882,17.954279214591566,10.940298810735232,6.538519601885696
-68.98915899479253,11.03797300300672,41.127263502274346,-2.2405941486358643,-1.4972264766693115,3.171424388885498,17.927231665478317,11.03797300300672,6.33370613433911
-68.84675638078694,10.835904674597053,41.25953353064622,-2.2504262924194336,-1.4943900108337402,3.1678571701049805,18.069634279483907,10.835904674597053,6.465976162710987
-68.44579012556135,10.81727337645587,41.25798307770463,-2.2426018714904785,-1.5118170976638794,3.164804220199585,18.470600534709504,10.81727337645587,6.464425709769394
-68.4686439385242,10.831154171995715,41.25624137946628,-2.243644952774048,-1.5060456991195679,3.1676156520843506,18.447746721746654,10.831154171995715,6.462684011531046
-68.14468123600133,10.695459282634848,41.349814971095455,-2.2403416633605957,-1.511718511581421,3.164046287536621,18.771709424269517,10.695459282634848,6.556257603160219

Errors:
rotation,[20.598909537750224, 21.101944263895156, 26.493253530909076, 32.72712255212152, 32.65277678424111, 32.12100988348175, 33.245845563818776, 31.11020407580959, 33.01638060150118, 32.93657086017974, 33.84510126789294, 32.07622850559866, 31.768173215598296, 32.63583903828361, 31.19041358198818, 30.71147472679578, 30.779252749956584, 31.538349659825332, 31.10345510326612, 30.38478982480501, 30.104903461986115, 30.57071029751432, 31.33411041774282, 33.06521499637457, 34.27206910131405, 34.059747404268975, 33.823732706403085, 34.03047465885197, 35.1235633234773, 35.196171739352955, 35.43309762721249, 35.298910802824146, 35.37151511679195, 35.752299620934764, 35.74158490527341, 36.023426310064586]
translation,[0.1579505536533441, 0.1595707819696388, 0.16676464079124464, 0.16629797352191034, 0.16165072309850892, 0.15496753578300204, 0.14740555570232328, 0.14889816505144093, 0.14277577390944796, 0.1445745843126902, 0.14612420300696272, 0.14524653070617521, 0.1424695053065923, 0.13948060238175142, 0.139218527868735, 0.13326692549224095, 0.13261954984227398, 0.13551662224217154, 0.1385210895708262, 0.14087997818335385, 0.13964266021804228, 0.13976520597655817, 0.13805985030437817, 0.135368094646668, 0.13419622694143118, 0.13503571575865791, 0.13528893353309446, 0.13332543647523654, 0.13452087360549303, 0.13313079496039926, 0.1314180841485184, 0.13058736159554574, 0.1321557862388616, 0.13190366885745597, 0.13251200282721687, 0.13007439505198537]
loss,
[0.10764241218566895, 0.10584281384944916, 0.10842962563037872, 0.0986630767583847, 0.1022225022315979, 0.09265809506177902, 0.10131602734327316, 0.09836211800575256, 0.10371218621730804, 0.09777217358350754, 0.09540175646543503, 0.09706269204616547, 0.09961976855993271, 0.09965061396360397, 0.09981807321310043, 0.09324806928634644, 0.09863056987524033, 0.10159685462713242, 0.1043502688407898, 0.09652383625507355, 0.10027971118688583, 0.09986283630132675, 0.10487186908721924, 0.09514578431844711, 0.10447659343481064, 0.10074500739574432, 0.09132077544927597, 0.09237651526927948, 0.09862208366394043, 0.10440561175346375, 0.10027729719877243, 0.09595557302236557, 0.10142453014850616, 0.10411616414785385, 0.10033892840147018, 0.09974730014801025]

2022-04-27 04:17:16.319024