2022-04-27 04:30:51.775203

reference phi, theta, psi, translation: 132.9853677440357, -8.537735924097414e-07, 76.34363348549546, 2.865516185760498, 2.6707684993743896, 0.9517420530319214

phi,theta,psi,rot_x,rot_y,rot_z,phi_err,theta_err,psi_err
143.3552887910292,-3.0579185397180266,69.36864430507845,2.3124754428863525,2.981729030609131,1.6183615922927856,10.369921046993511,3.0579176859444344,6.974989180417012
143.99413004447885,-4.8251848178383865,69.49718163506891,2.348747968673706,2.962887763977051,1.576873540878296,11.008762300443152,4.825183964064794,6.846451850426547
146.93119334985437,-9.253091410114694,70.53234461510853,2.304518222808838,3.053650379180908,1.4258674383163452,13.94582560581867,9.253090556341101,5.811288870386932
148.7453735556798,-9.35893826133378,73.00685384951245,2.188626527786255,3.217444658279419,1.2415305376052856,15.760005811644106,9.358937407560187,3.3367796359830066
148.16013562683642,-7.94699078019537,71.79685851728802,2.1873040199279785,3.170569896697998,1.3321303129196167,15.174767882800722,7.946989926421778,4.546774968207444
149.0781676927995,-8.273664056140719,72.9860695838681,2.1405575275421143,3.221832752227783,1.2529869079589844,16.092799948763798,8.273663202367127,3.3575639016273584
149.20576928687368,-7.432206158751182,72.21796017018681,2.1069116592407227,3.2145209312438965,1.303179144859314,16.220401542837976,7.43220530497759,4.125673315308646
149.95491809541903,-7.57997440798259,72.41500429755251,2.0658349990844727,3.2400360107421875,1.281836748123169,16.969550351383333,7.579973554208998,3.9286291879429456
150.473370434558,-7.3337608728550565,71.96287992544352,2.036198139190674,3.236191511154175,1.3201824426651,17.488002690522308,7.333760019081464,4.380753560051943
152.19192799200326,-7.505191933433763,71.85326221945398,1.9278371334075928,3.29886531829834,1.314526081085205,19.20656024796756,7.505191079660171,4.490371266041478
154.48618853421056,-7.80019014364821,72.59112755549046,1.7828500270843506,3.3914666175842285,1.2531301975250244,21.500820790174856,7.800189289874618,3.7525059300050003
155.0535313674285,-7.28939172757093,72.86884304714317,1.7405791282653809,3.4194958209991455,1.2350125312805176,22.068163623392792,7.289390873797338,3.4747904383522865
155.33694323684898,-6.6453840894416745,72.62648061463445,1.7119158506393433,3.428452968597412,1.2582926750183105,22.351575492813282,6.645383235668082,3.717152870861014
155.9509635828548,-6.681929872423218,72.84650149836807,1.6760931015014648,3.4511513710021973,1.2464628219604492,22.965595838819098,6.681929018649626,3.497131987127389
156.1315811052666,-6.209080257309398,73.16693299309004,1.6621267795562744,3.4704296588897705,1.2222317457199097,23.146213361230906,6.209079403535806,3.1767004924054163
156.5294942659332,-6.427775985008962,73.1369006513095,1.6393789052963257,3.476510763168335,1.226118564605713,23.54412652189751,6.42777513123537,3.2067328341859564
156.331746629083,-6.135231075753027,72.77314526668212,1.6399457454681396,3.4663524627685547,1.2502955198287964,23.3463788850473,6.135230221979435,3.570488218813338
157.276170545999,-7.004409025502922,73.69548718201148,1.609606146812439,3.498971462249756,1.1710847616195679,24.29080280196331,7.00440817172933,2.6481463034839834
156.02429249378406,-6.0413681092102705,72.7047067711986,1.6642707586288452,3.4379336833953857,1.2559514045715332,23.03892474974836,6.041367255436678,3.6389267142968578
156.59345215732122,-5.822403259072309,73.03208456830649,1.6246980428695679,3.4597315788269043,1.2348902225494385,23.608084413285525,5.822402405298717,3.311548917188972
157.6754770652563,-5.79973237903415,73.47731044935377,1.5516077280044556,3.501701593399048,1.1937909126281738,24.690109321220604,5.799731525260558,2.8663230361416936
158.13924690990015,-6.073217683316921,73.54846052993778,1.5462901592254639,3.5011210441589355,1.1762501001358032,25.153879165864453,6.073216829543329,2.7951729555576748
158.5918152443052,-6.099938564707511,73.18074363559181,1.5137444734573364,3.5000686645507812,1.1980469226837158,25.606447500269496,6.099937710933919,3.1628898499036495
158.53233795701274,-5.714637798895187,72.83713730901597,1.4986927509307861,3.4934425354003906,1.2192336320877075,25.546970212977044,5.714636945121595,3.5064961764794873
158.6357743418034,-5.8381331963129774,72.63907548346394,1.4961186647415161,3.481553792953491,1.2333769798278809,25.6504065977677,5.838132342539385,3.7045580020315185
159.1540627564023,-5.524402768394278,73.12994068854525,1.4526447057724,3.504619598388672,1.2041480541229248,26.168695012366612,5.524401914620686,3.2136927969502125
159.19004419294996,-5.046513447486049,72.99198452768934,1.4391393661499023,3.4996676445007324,1.2122983932495117,26.204676448914256,5.046512593712457,3.3516489578061197
159.52787900967712,-5.058918974628149,73.3153325131869,1.4184507131576538,3.5077648162841797,1.1881942749023438,26.542511265641423,5.058918120854557,3.028300972308557
159.54775486016186,-4.954213214343571,73.36170266746213,1.4123008251190186,3.5071842670440674,1.1827882528305054,26.56238711612616,4.954212360569978,2.9819308180333337
159.24881114056873,-5.206714578536544,73.38797840519916,1.4382288455963135,3.4948320388793945,1.1801564693450928,26.263443396533035,5.206713724762952,2.955655080296296
159.2379511397884,-5.040437705507313,73.60240536400255,1.4348407983779907,3.498103380203247,1.1621242761611938,26.25258339575271,5.040436851733721,2.7412281214929095
159.19595913677117,-4.90393523499673,73.82983700298563,1.434175968170166,3.5027642250061035,1.1487756967544556,26.210591392735466,4.903934381223138,2.5137964825098322
159.28128185988297,-5.010801937427447,73.83920802252689,1.431228756904602,3.4975438117980957,1.1464835405349731,26.295914115847268,5.010801083653854,2.5044254629685696
159.2504367255912,-4.961784375929495,73.46087018402154,1.4352108240127563,3.481405735015869,1.1710712909698486,26.265068981555487,4.961783522155903,2.882763301473915
159.51156851793914,-5.12373162412472,73.26076613190767,1.4217475652694702,3.475745677947998,1.1835761070251465,26.52620077390344,5.123730770351128,3.082867353587787
159.72938325057083,-4.9141554904663876,73.13920242505979,1.395943522453308,3.4818108081817627,1.1910663843154907,26.744015506535135,4.914154636692795,3.2044310604356667

Errors:
rotation,[20.402827913354958, 22.680398114934494, 29.0102050325467, 28.4557228551873, 27.668532777429945, 27.72402705275828, 27.77828016312421, 28.478153093535276, 29.202516269655714, 31.20212259366921, 33.05351601005447, 32.832344935542416, 32.714111599342374, 33.14465684459611, 32.53199325717213, 33.17863448731884, 33.05209732584007, 33.943357277176624, 32.7192187194819, 32.742035735773214, 33.35616388262285, 34.022268950965454, 34.86927506110706, 34.76810333457813, 35.1930969423386, 34.90678972393751, 34.60283800043283, 34.62973035880454, 34.49853029472948, 34.42581220159228, 34.034248368979334, 33.62832225646844, 33.81114066246969, 34.10961580518531, 34.73279889784236, 34.8626012036636]
translation,[0.07464079787699607, 0.06543685305775959, 0.05160091135241984, 0.05340707931277677, 0.0445775908511159, 0.03484809051107263, 0.02725714926475753, 0.019625712097169234, 0.013858111751080315, 0.0095451902474597, 0.00011597150167386161, 0.00027003261066926854, 0.002262474302100692, 0.00290175453371333, 0.006246209336112862, 0.003354573845275155, 0.0022642392637397535, 0.005576435387052214, 0.010357955865941904, 0.014371491966115535, 0.01932915185174, 0.027077700775239855, 0.03397750153937773, 0.03904282310153118, 0.04605593546068487, 0.05086413580151339, 0.05765900356305487, 0.06524665848124611, 0.069573265977521, 0.07194686689313246, 0.07562285203552399, 0.07563861280745376, 0.08199572094683338, 0.08759953444408852, 0.09374062276299178, 0.09535656903089196]
loss,
[0.12192928791046143, 0.11981372535228729, 0.09178094565868378, 0.07842137664556503, 0.08900674432516098, 0.08100982010364532, 0.07884958386421204, 0.088168203830719, 0.08664988726377487, 0.07638996094465256, 0.07244598865509033, 0.07925685495138168, 0.07504166662693024, 0.08289055526256561, 0.07513200491666794, 0.07867109775543213, 0.078116774559021, 0.08001750707626343, 0.0737805888056755, 0.07953055948019028, 0.07364798337221146, 0.06941046565771103, 0.08158046752214432, 0.07865963131189346, 0.07783158123493195, 0.07619579881429672, 0.06768977642059326, 0.0745040774345398, 0.07636889815330505, 0.07036662101745605, 0.07677500694990158, 0.07243668287992477, 0.07018374651670456, 0.06967468559741974, 0.06687331199645996, 0.07485093176364899]

2022-04-27 04:35:17.832435