2022-04-27 13:22:52.252946

reference phi, theta, psi, translation: 175.36684180812657, -0.0, 39.4597479484966, 0.2069414258003235, 2.553555727005005, 3.112318754196167

phi,theta,psi,rot_x,rot_y,rot_z,phi_err,theta_err,psi_err
-174.60268024378553,2.426304892454245,32.24175771288345,-0.3459881842136383,2.1274664402008057,3.6064906120300293,10.030477948087878,2.426304892454245,7.217990235613151
-174.71055625153673,2.75221226805318,32.57510168023134,-0.3666795492172241,2.1544265747070312,3.5845420360565186,9.922601940336676,2.75221226805318,6.884646268265257
-176.02391966666013,3.585750807473198,34.224534308181475,-0.3970133066177368,2.2900867462158203,3.468003034591675,8.6092385252133,3.585750807473198,5.2352136403151235
-179.42365998641233,5.878131695162181,38.913179135639254,-0.3670811653137207,2.5722286701202393,3.2200562953948975,5.209498205461102,5.878131695162181,0.5465688128573447
178.95405716021727,4.7619288821120325,42.45806097525421,-0.216817706823349,2.762136936187744,3.021103620529175,3.587215352090709,4.7619288821120325,2.9983130267576144
178.2835374893971,4.116824539183237,41.04336828869908,-0.1479921191930771,2.6873128414154053,3.081982135772705,2.9166956812705394,4.116824539183237,1.5836203402024793
177.80459096441749,3.142468102972123,40.045108820745035,-0.07451753318309784,2.624674081802368,3.123021364212036,2.43774915629092,3.142468102972123,0.5853608722484367
176.70091435681346,1.6539420657469446,40.142705393795346,0.06026666238903999,2.61435866355896,3.105928659439087,1.3340725486868905,1.6539420657469446,0.6829574452987472
174.8276803354241,-0.2747730010260227,39.41842530401802,0.24642838537693024,2.5457003116607666,3.113112211227417,0.5391614727024603,0.2747730010260227,0.041322644478576365
175.444596681638,0.10687842840774918,39.52440934936911,0.19928531348705292,2.555445432662964,3.1078577041625977,0.07775487351142374,0.10687842840774918,0.06466140087250949
175.2468217240311,0.002968793323156815,39.4899271393443,0.21293070912361145,2.550334930419922,3.1065187454223633,0.12002008409547216,0.002968793323156815,0.030179190847704263
175.32359305030204,0.13802689193290396,39.5665038052239,0.20319682359695435,2.555269479751587,3.105180025100708,0.04324875782452864,0.13802689193290396,0.10675585672730392
175.130913413816,0.009499416986014532,39.51277753721258,0.21842502057552338,2.5528829097747803,3.1094698905944824,0.23592839431057655,0.009499416986014532,0.053029588715979514
175.29097206682607,0.07467150455240885,39.58576835377792,0.20694869756698608,2.556995153427124,3.1049413681030273,0.07586974130049384,0.07467150455240885,0.12602040528132363
175.20241183404767,-0.08163048681418819,39.468910647268174,0.22021684050559998,2.549053192138672,3.1087820529937744,0.16442997407889948,0.08163048681418819,0.009162698771575606
175.23131719461517,-0.022238139356480773,39.54292257711443,0.21622708439826965,2.5551629066467285,3.1069161891937256,0.135524613511393,0.022238139356480773,0.08317462861783298
175.28672368916233,0.08211576250430484,39.48840400715939,0.2069958746433258,2.552762985229492,3.110330581665039,0.08011811896423637,0.08211576250430484,0.028656058662789974
175.16080232162395,-0.08092059552612309,39.596665920598674,0.22219106554985046,2.5549168586730957,3.101630449295044,0.20603948650261827,0.08092059552612309,0.13691797210207568
175.2385571951354,0.15006521921616456,39.581157976088164,0.20610438287258148,2.556858539581299,3.104532480239868,0.1282846129911661,0.15006521921616456,0.1214100275915655
175.20638700414463,0.0035721364701276725,39.68035964359343,0.21522121131420135,2.560866594314575,3.0978567600250244,0.1604548039819349,0.0035721364701276725,0.220611695096828
175.22932277937753,0.042949314693993594,39.5272131420234,0.21194607019424438,2.553657054901123,3.1058871746063232,0.13751902874903976,0.042949314693993594,0.06746519352680025
175.3042909357076,0.0829842133640846,39.48301498790425,0.2065924108028412,2.5513343811035156,3.108435869216919,0.06255087241896717,0.0829842133640846,0.023267039407649293
175.34728014634365,0.09389167223726433,39.56143921995434,0.20435118675231934,2.556128978729248,3.104822874069214,0.019561661782915962,0.09389167223726433,0.10169127145773871
175.24740912029972,0.00968066536134887,39.53198744425324,0.2131347954273224,2.5535662174224854,3.1057510375976562,0.11943268782684413,0.00968066536134887,0.07223949575664079
175.3207107104723,0.06543222601934519,39.49028230918114,0.20704157650470734,2.551853656768799,3.1087629795074463,0.046131097654267705,0.06543222601934519,0.030534360684541184
175.29944150139687,0.035087342397556606,39.52356240591203,0.20918884873390198,2.553422451019287,3.105748176574707,0.0674003067296951,0.035087342397556606,0.06381445741543246
175.28642316083884,-0.016197847046533372,39.54814084164032,0.21312019228935242,2.5538792610168457,3.1060097217559814,0.08041864728772907,0.016197847046533372,0.08839289314371968
175.24988164877928,0.04547526272287515,39.52999644411018,0.2103685587644577,2.553633689880371,3.1061360836029053,0.11696015934728621,0.04547526272287515,0.07024849561358337
175.29138187817625,0.03896549130593354,39.49979676269497,0.20912227034568787,2.552082061767578,3.107673168182373,0.0754599299503127,0.03896549130593354,0.040048814198371474
175.3465151651566,0.04676536626092462,39.459491816402725,0.2060282975435257,2.550427198410034,3.110220193862915,0.02032664296996245,0.04676536626092462,0.00025613209387387315
175.24630262965417,0.026737773673930657,39.53674125591557,0.21207459270954132,2.5546441078186035,3.1058521270751953,0.12053917847239859,0.026737773673930657,0.0769933074189737
175.26673855565085,-0.0264309419231788,39.493653007536544,0.21377800405025482,2.550929546356201,3.108623504638672,0.10010325247571927,0.0264309419231788,0.03390505903994523
175.3039904073841,0.06547944007448343,39.51453631092386,0.2073581963777542,2.5533320903778076,3.1075918674468994,0.06285140074245987,0.06547944007448343,0.05478836242726004
175.33303237173502,0.04489782384827912,39.47591500626202,0.20726078748703003,2.551191806793213,3.1088907718658447,0.03380943639155021,0.04489782384827912,0.016167057765422044
175.2823523680935,0.05430867772058766,39.51344006556207,0.20854629576206207,2.5530076026916504,3.1074154376983643,0.08448944003305314,0.05430867772058766,0.05369211706547361
175.30953652099015,0.0236613247223,39.49117706396241,0.208979070186615,2.5516531467437744,3.108668804168701,0.05730528713641547,0.0236613247223,0.031429115465812174

Errors:
rotation,[19.674773076155276, 19.55946047665511, 17.43020297300162, 11.634198713480629, 11.347457260960356, 8.617140560656257, 6.165578131511479, 3.6709720597325823, 0.8552571182070594, 0.24929470279168242, 0.15316806826633322, 0.2880315064847365, 0.2984574000125706, 0.2765616511342263, 0.25522315966466325, 0.24093738148570676, 0.1908899401313312, 0.42387805413081703, 0.39975985979889617, 0.38463863554889055, 0.2479335369698336, 0.16880212519070106, 0.215144605477919, 0.2013528489448338, 0.14209768435815406, 0.16630210654268418, 0.18500938747798212, 0.23268391768374475, 0.15447423545461772, 0.06734814132476094, 0.22427025956530294, 0.1604392534388433, 0.18311920324420333, 0.09487431800525137, 0.19249023481911443, 0.11239572732452764]
translation,[0.170370405351016, 0.1670790469473733, 0.1436959484646998, 0.10648781135789065, 0.06807566235221074, 0.060590352945116166, 0.04903407748391864, 0.02908004906453332, 0.002135819668520611, 0.002630906889145912, 0.006205666565193724, 0.004612461817133706, 0.0020192940299210704, 0.003510068358645313, 0.004878279189693302, 0.002662639264285005, 0.0020343300142187104, 0.006569167127434383, 0.003955312428950641, 0.00607300417663037, 0.00463896365346983, 0.004422842082909995, 0.004283929279195853, 0.004738835599054525, 0.0038182417271714897, 0.005039171809301024, 0.00434153743696708, 0.004544504028528351, 0.0044071478021958654, 0.003648697239060361, 0.004033152289487418, 0.004159412339571844, 0.003768725455961963, 0.004127648951893548, 0.004049231703554312, 0.003917911911972993]
loss,
[0.11474935710430145, 0.0972929298877716, 0.09095543622970581, 0.032874591648578644, 0.026187561452388763, 0.016688723117113113, 0.013515815138816833, 0.008013201877474785, 0.0021116486750543118, 0.0009202135261148214, 0.0013614374911412597, 0.001443923800252378, 0.0018876043614000082, 0.0011202367022633553, 0.0014017948415130377, 0.001186302863061428, 0.001662608701735735, 0.0016191648319363594, 0.0012213783338665962, 0.0010017482563853264, 0.0010555561166256666, 0.001577353454194963, 0.0007966146804392338, 0.000968614942394197, 0.0012772176414728165, 0.001542267156764865, 0.0013969491701573133, 0.0005812546005472541, 0.0012394010554999113, 0.0010350787779316306, 0.0017546203453093767, 0.0009240604704245925, 0.0005226308712735772, 0.0011939748656004667, 0.0010567961726337671, 0.001350382692180574]

2022-04-27 13:25:23.130858