2022-04-28 14:32:09.488840

reference phi, theta, psi, translation: -33.091320547511735, -0.0, 74.32085247222868, -2.1190009117126465, -3.251617431640625, 1.089412808418274

phi,theta,psi,rot_x,rot_y,rot_z,phi_err,theta_err,psi_err
-22.822884158753556,1.294954214858955,81.82337814338081,-1.5357718467712402,-3.6827800273895264,0.7731812596321106,10.268436388758179,1.294954214858955,7.502525671152128
-23.06133460041516,1.341415525569482,81.51526147973236,-1.5471234321594238,-3.6746139526367188,0.793969452381134,10.029985947096574,1.341415525569482,7.19440900750368
-25.643612267090834,1.246371859984323,79.13704425224728,-1.6853927373886108,-3.5620079040527344,0.9575616717338562,7.447708280420901,1.246371859984323,4.816191780018599
-32.59935568197405,0.960650827301312,75.30869590169846,-2.029860496520996,-3.2755308151245117,1.1780588626861572,0.4919648655376818,0.960650827301312,0.9878434294697769
-40.81819744233127,5.240456383367519,71.99912773936877,-2.3062634468078613,-2.9537832736968994,1.3630051612854004,7.726876894819533,5.240456383367519,2.3217247328599058
-38.402882042369264,5.289559184569146,68.53045715051282,-2.1674697399139404,-2.9185073375701904,1.525100588798523,5.3115614948575285,5.289559184569146,5.790395321715863
-39.106992583527536,6.853049159096641,69.6846156862724,-2.1873257160186768,-2.955301523208618,1.4440945386886597,6.0156720360158005,6.853049159096641,4.636236785956285
-38.82787348800038,6.78990652289793,69.7145660657829,-2.1793229579925537,-2.951425552368164,1.4403676986694336,5.736552940488643,6.78990652289793,4.606286406445776
-39.576083145534845,7.006386125924104,71.10370359955844,-2.2435109615325928,-2.9514968395233154,1.3436094522476196,6.48476259802311,7.006386125924104,3.2171488726702364
-42.07905036311562,8.187973061142227,70.11170058488413,-2.32627272605896,-2.837069034576416,1.3872522115707397,8.987729815603885,8.187973061142227,4.209151887344547
-42.73553741028598,8.632228345726617,71.4310609060988,-2.371796131134033,-2.842581272125244,1.2964478731155396,9.644216862774243,8.632228345726617,2.8897915661298725
-43.42338868612504,8.680618458600751,71.73311919195345,-2.415292739868164,-2.7923483848571777,1.27714204788208,10.332068138613302,8.680618458600751,2.5877332802752306
-42.90817727174722,8.152915502205703,72.25989753169068,-2.4127509593963623,-2.800765037536621,1.241927981376648,9.816856724235485,8.152915502205703,2.0609549405379965
-42.28424290616115,7.683626145021418,73.32354240056927,-2.398879289627075,-2.840230703353882,1.1898572444915771,9.192922358649412,7.683626145021418,0.9973100716594132
-42.734085995087355,7.869991417034957,74.23225125831527,-2.43876051902771,-2.835266590118408,1.1246706247329712,9.64276544757562,7.869991417034957,0.0886012139134067
-42.87745166576592,8.055428064874164,74.64232898589367,-2.4555602073669434,-2.8319947719573975,1.0989775657653809,9.786131118254183,8.055428064874164,0.3214765136649902
-41.21321460278978,7.730982406163633,74.84375126451734,-2.376255750656128,-2.901982307434082,1.0925605297088623,8.121894055278048,7.730982406163633,0.5228987922886574
-41.72255546957597,8.469111204932078,74.04615592418911,-2.3555893898010254,-2.878251552581787,1.1323063373565674,8.631234922064237,8.469111204932078,0.27469654803957155
-41.406010352491734,7.965268191194775,73.63933619684481,-2.3344123363494873,-2.8875527381896973,1.1635966300964355,8.314689804979999,7.965268191194775,0.6815162753838706
-41.421501221529326,8.075596695098882,73.45066588140155,-2.325244426727295,-2.8783092498779297,1.170391321182251,8.33018067401759,8.075596695098882,0.8701865908271316
-40.00836923319954,7.943883321456429,74.07531400175588,-2.2762253284454346,-2.9304215908050537,1.1338568925857544,6.917048685687803,7.943883321456429,0.24553847047279476
-40.49639307958611,8.291292716749679,74.11449879702425,-2.2966275215148926,-2.913822650909424,1.1230790615081787,7.405072532074378,8.291292716749679,0.2063536752044257
-41.360060254850474,8.264386955484065,73.51193267825656,-2.328618049621582,-2.8674862384796143,1.159376859664917,8.268739707338739,8.264386955484065,0.8089197939721231
-41.76616964252109,8.258982852064179,73.43825542767964,-2.3462750911712646,-2.854140520095825,1.161118984222412,8.674849095009357,8.258982852064179,0.8825970445490441
-40.29044580063731,7.192622105502496,74.11731966515147,-2.3041651248931885,-2.911114454269409,1.13810133934021,7.1991252531255725,7.192622105502496,0.20353280707720955
-39.72933893013159,7.025590770935006,73.6977821255726,-2.2684152126312256,-2.9299821853637695,1.16838538646698,6.638018382619855,7.025590770935006,0.6230703466560783
-40.36327269266257,7.3778340230300135,72.78566500343076,-2.280212163925171,-2.888301372528076,1.2185678482055664,7.271952145150834,7.3778340230300135,1.5351874687979148
-40.738376436595914,7.255069326612382,72.73939047180393,-2.2972536087036133,-2.8812451362609863,1.2176029682159424,7.647055889084179,7.255069326612382,1.5814620004247502
-41.405860088329995,7.283581579078032,72.68427767539109,-2.3340635299682617,-2.85159969329834,1.2234392166137695,8.31453954081826,7.283581579078032,1.6365747968375928
-42.04775443633862,7.5554067007722985,72.73650130178501,-2.3606815338134766,-2.830742120742798,1.2184391021728516,8.956433888826886,7.5554067007722985,1.584351170443668
-41.89733318024743,7.68406648124554,73.28275934103512,-2.3630740642547607,-2.8514232635498047,1.1791272163391113,8.806012632735694,7.68406648124554,1.0380931311935626
-42.158079066907256,7.918687032621398,73.27198813271401,-2.3715920448303223,-2.836883544921875,1.1825149059295654,9.06675851939552,7.918687032621398,1.0488643395146653
-41.97009177038099,7.747966296765012,73.40704146317267,-2.370410203933716,-2.837829828262329,1.1675162315368652,8.878771222869254,7.747966296765012,0.9138110090560048
-41.42397716510345,7.356111609268513,73.78077575417743,-2.358902931213379,-2.8583133220672607,1.1515271663665771,8.332656617591716,7.356111609268513,0.5400767180512531
-42.486324298039726,8.101412131298979,73.6922496723449,-2.395643711090088,-2.825204610824585,1.1507967710494995,9.39500375052799,8.101412131298979,0.6286027998837795
-42.41494199102392,8.308812587809742,74.1160355895875,-2.4003450870513916,-2.836913585662842,1.1244016885757446,9.323621443512188,8.308812587809742,0.20481688264118247

Errors:
rotation,[19.06591627476926, 18.565810480169738, 13.510271920423824, 2.440459122308771, 15.289058011046958, 16.391516001142538, 17.504957981068728, 17.13274586983235, 16.70829759661745, 21.384854764090658, 21.166236774630732, 21.600419877489283, 20.030727166979183, 17.873858575330242, 17.601358078523983, 18.163035696793337, 16.37577525373034, 17.375042675035886, 16.961474271558643, 17.275963959943603, 15.106470477617027, 15.902718924028482, 17.342046456794925, 17.81642899162258, 14.595280165705278, 14.286679500210939, 16.18497363697876, 16.48358721612131, 17.234695916733884, 18.096191760042853, 17.528172245174797, 18.034309891531585, 17.54054852869027, 16.228844944911483, 18.12501868171075, 17.83725091396311]
translation,[0.03326186669987141, 0.03418354249259181, 0.024160546336840838, 0.001580836490590265, 0.04346430170075344, 0.08885276391584052, 0.08098851131120766, 0.08967997501821401, 0.08778506988957702, 0.10876056187478822, 0.10857087717526426, 0.12447566303419633, 0.13138066688536565, 0.12763152723817406, 0.12585391577820948, 0.12501558977469207, 0.12449602781693025, 0.14329528722863394, 0.13993395827713462, 0.1502474519513184, 0.15115427560906136, 0.15476898636606506, 0.15955386640971714, 0.15823316215107308, 0.14795518074551772, 0.14581980277510276, 0.15471830257521946, 0.15021356295887367, 0.1483108413935348, 0.14905325791887947, 0.1446042520212063, 0.1490292407702256, 0.15360185201650411, 0.15035680052702327, 0.15231177626874448, 0.14860220034576033]
loss,
[0.16245269775390625, 0.17141573131084442, 0.15728098154067993, 0.14574991166591644, 0.1359589397907257, 0.10053467005491257, 0.10711818933486938, 0.09889688342809677, 0.09586101770401001, 0.09898227453231812, 0.10168936848640442, 0.10132843255996704, 0.09919945895671844, 0.09806570410728455, 0.09649215638637543, 0.0963754653930664, 0.09777176380157471, 0.10528934001922607, 0.10476881265640259, 0.10473452508449554, 0.09831984341144562, 0.09591858088970184, 0.09740340709686279, 0.0991511344909668, 0.1030227467417717, 0.09761273115873337, 0.0935085266828537, 0.09379278123378754, 0.09773600101470947, 0.09459084272384644, 0.10879112780094147, 0.11071646213531494, 0.10529115051031113, 0.09354113042354584, 0.10166966915130615, 0.10005837678909302]

2022-04-28 14:36:32.767060