2022-04-28 14:36:36.454563

reference phi, theta, psi, translation: 175.36684180812657, -0.0, 39.4597479484966, 0.2069414258003235, 2.553555727005005, 3.112318754196167

phi,theta,psi,rot_x,rot_y,rot_z,phi_err,theta_err,psi_err
-174.60268024378553,2.426304892454245,32.24175771288345,-0.3459881842136383,2.1274664402008057,3.6064906120300293,10.030477948087878,2.426304892454245,7.217990235613151
-174.31739690253244,2.138085694131628,32.69015963189479,-0.34572330117225647,2.146219491958618,3.590867757797241,10.315761289341026,2.138085694131628,6.769588316601812
-174.1029836041074,1.7879262970657706,35.43732318777645,-0.38117489218711853,2.307279109954834,3.458669424057007,10.530174587766055,1.7879262970657706,4.022424760720149
-174.52306755881986,1.7889626816805302,36.73143571472418,-0.36513328552246094,2.3939032554626465,3.403980016708374,10.110090633053574,1.7889626816805302,2.728312233772421
-174.45477932749807,1.6666074473646386,36.26127622811177,-0.3495767116546631,2.366722822189331,3.430731773376465,10.178378864375361,1.6666074473646386,3.1984717203848305
-174.4294939671907,0.8304362952082776,37.71457997404498,-0.3154812157154083,2.456930160522461,3.364229917526245,10.203664224682711,0.8304362952082776,1.7451679744516184
-174.81411557973246,0.9420540967016938,37.721553597187565,-0.3085014224052429,2.4535720348358154,3.3654139041900635,9.819042612140947,0.9420540967016938,1.7381943513090334
-174.82269429733,0.8840777445099471,38.005791919497646,-0.2987940013408661,2.4732184410095215,3.3531453609466553,9.810463894543432,0.8840777445099471,1.4539560289989524
-174.95713974095253,1.0266675430450816,37.92572502695217,-0.29516708850860596,2.4687271118164062,3.3600330352783203,9.676018450920878,1.0266675430450816,1.5340229215444268
-175.1293834514419,0.8098490525051023,38.56144488395111,-0.2791011333465576,2.5065176486968994,3.331331968307495,9.503774740431538,0.8098490525051023,0.8983030645454875
-175.25074225261469,0.8029147891420406,39.41697047372481,-0.2712933123111725,2.5546674728393555,3.2911386489868164,9.382415939258749,0.8029147891420406,0.04277747477178906
-175.63928439374004,0.432853698525109,40.43296111276421,-0.24688875675201416,2.6117537021636963,3.2393128871917725,8.993873798133393,0.432853698525109,0.9732131642676123
-175.61715458082918,0.4263509980134205,39.19728426926052,-0.23681455850601196,2.5429391860961914,3.2998135089874268,9.016003611044255,0.4263509980134205,0.2624636792360775
-175.77689904513744,0.2712923708094051,39.14450739754383,-0.22072698175907135,2.54262638092041,3.3006060123443604,8.856259146735965,0.2712923708094051,0.3152405509527654
-175.98276094672164,-0.4991297118042166,39.58604839153389,-0.170974463224411,2.5673999786376953,3.2761893272399902,8.650397245151794,0.4991297118042166,0.12630044303729449
-176.62624672880688,-0.5886341823231714,40.03145185749959,-0.1392381489276886,2.5903501510620117,3.2539384365081787,8.006911463066558,0.5886341823231714,0.5717039090029914
-176.78605949500684,-1.0013754531818426,40.03715506545655,-0.10562846809625626,2.5891051292419434,3.254909038543701,7.847098696866624,1.0013754531818426,0.5774071169599537
-177.42994142806393,-1.5714696023032195,41.2446881144852,-0.042516760528087616,2.6533663272857666,3.1974234580993652,7.2032167638095075,1.5714696023032195,1.7849401659886013
-177.985317769856,-2.288744308726645,42.75695005333397,0.020906222984194756,2.732839584350586,3.1168053150177,6.6478404220174525,2.288744308726645,3.2972021048373747
-178.2840429233957,-2.2703660041992877,42.67673289662676,0.03395174443721771,2.7280030250549316,3.114049196243286,6.3491152684777035,2.2703660041992877,3.216984948130161
-178.19594714348088,-2.33779156794527,42.53684379223573,0.03497016057372093,2.716770648956299,3.1216657161712646,6.437211048392555,2.33779156794527,3.07709584373913
-178.43986685912037,-2.435826981532622,42.805645887021576,0.04477950185537338,2.728121042251587,3.104543685913086,6.193291332753063,2.435826981532622,3.3458979385249776
-179.00401316380675,-2.5612984158723253,43.1548119875818,0.08343768119812012,2.7441086769104004,3.080817699432373,5.6291450280666595,2.5612984158723253,3.695064039085203
-178.82024009399836,-3.0726890371391535,42.992519862713124,0.1042381301522255,2.736325979232788,3.088456392288208,5.81291809787507,3.0726890371391535,3.532771914216525
-178.56965411372894,-2.7585104552463653,42.72816422107695,0.07611770927906036,2.7198660373687744,3.1050477027893066,6.06350407814449,2.7585104552463653,3.268416272580353
-178.54954603681242,-2.7364807573664063,42.9228963294086,0.07224544882774353,2.729491949081421,3.094458818435669,6.083612155061019,2.7364807573664063,3.4631483809120027
-178.8735292299028,-2.83915397769254,43.63494696547701,0.09160532057285309,2.763904571533203,3.0568809509277344,5.759628961970634,2.83915397769254,4.1751990169804145
-178.75726574985086,-2.8174200180680815,43.82883554544617,0.08107519149780273,2.7726967334747314,3.0472817420959473,5.875892442022575,2.8174200180680815,4.369087596949569
-179.08275158455865,-2.7505022734557882,43.60901956738765,0.10162559151649475,2.7597432136535645,3.057427167892456,5.550406607314812,2.7505022734557882,4.149271618891049
-179.2722210321348,-2.693223632524838,43.71839821675623,0.1084572821855545,2.7687175273895264,3.041607618331909,5.360937159738626,2.693223632524838,4.258650268259629
-179.4499971958519,-2.9641831315386487,43.79714005260272,0.12921714782714844,2.7660088539123535,3.034299850463867,5.18316099602157,2.9641831315386487,4.337392104106122
-179.84128507302358,-3.0896253356102803,44.25028212289805,0.15535317361354828,2.783642530441284,3.0078186988830566,4.791873118849821,3.0896253356102803,4.790534174401451
-179.65494385208729,-3.4651776650548465,44.835820580064905,0.16361907124519348,2.810206890106201,2.977858781814575,4.978214339786177,3.4651776650548465,5.376072631568306
-179.8294825061378,-3.844343910744238,45.22770268369438,0.19230090081691742,2.822965145111084,2.9536054134368896,4.803675685735641,3.844343910744238,5.767954735197783
-179.77779163449915,-3.797445203058725,44.56059469236465,0.19211816787719727,2.7878873348236084,2.984067916870117,4.855366557374282,3.797445203058725,5.100846743868054
-179.77273729451332,-4.019576305744199,44.775093368154316,0.20195172727108002,2.7954769134521484,2.9691312313079834,4.860420897360086,4.019576305744199,5.315345419657717

Errors:
rotation,[19.674773076155276, 19.223435300074467, 16.340525645551974, 14.627365548506525, 15.04345803212483, 12.779268494342608, 12.499291060151675, 12.14849766805233, 12.236708915510388, 11.211926857482128, 10.228108203172578, 10.399940660926115, 9.704818288293753, 9.442792068498136, 9.275827399993306, 9.16724955439272, 9.425881267008421, 10.559626532101328, 12.233786835581473, 11.836466220807152, 11.852098460076956, 11.975016252810661, 11.885507483024188, 12.418379049230747, 12.09043080597121, 12.283241293339428, 12.773981956643588, 13.062400057040225, 12.45018049966165, 12.312811060523092, 12.484736231666341, 12.672032628861553, 13.819464636409329, 14.415974331677662, 13.753658504301061, 14.195342622762002]
translation,[0.170370405351016, 0.1665031184694472, 0.14394307197920142, 0.1463315323481016, 0.1513944882136773, 0.146678867975381, 0.1451373991088749, 0.14615152161071165, 0.14877059140397098, 0.14718432976469575, 0.1439783036032356, 0.13724728693152688, 0.1415669467748346, 0.14112108752244001, 0.13470739306490653, 0.1302911833957907, 0.12928648638510776, 0.12407000088255327, 0.11414856092459313, 0.10897450618651217, 0.10733254189841546, 0.10201055002397119, 0.09543535663943548, 0.09645016396867856, 0.09740437387296996, 0.09573694149687562, 0.0910163852261876, 0.08959275610272233, 0.0888676827517445, 0.08335007313869625, 0.07672677185184451, 0.07006290937173976, 0.06663603660750361, 0.05909082145222477, 0.0571332122939463, 0.05191120830167684]
loss,
[0.11484788358211517, 0.11220475286245346, 0.10596245527267456, 0.10632979869842529, 0.09848171472549438, 0.10580095648765564, 0.10204090923070908, 0.1005835235118866, 0.10072293132543564, 0.10555668920278549, 0.11078152060508728, 0.10940464586019516, 0.09761454910039902, 0.1058085709810257, 0.0991329550743103, 0.10115610063076019, 0.0992136299610138, 0.10101880878210068, 0.10965925455093384, 0.10311134904623032, 0.10204388201236725, 0.10333484411239624, 0.09986116737127304, 0.10133837163448334, 0.10282620042562485, 0.10140615701675415, 0.09735413640737534, 0.10360518097877502, 0.09444934129714966, 0.10936899483203888, 0.10289036482572556, 0.10053156316280365, 0.10499148070812225, 0.10050701349973679, 0.09858773648738861, 0.104264996945858]

2022-04-28 14:41:01.927619