2022-04-28 14:27:38.982567

reference phi, theta, psi, translation: -86.91639066027085, -0.0, 34.793557367935236, -2.296917200088501, -0.12373751401901245, 3.3104169368743896

phi,theta,psi,rot_x,rot_y,rot_z,phi_err,theta_err,psi_err
-76.53055527251121,6.8177051513072,38.18892636661862,-2.336111545562744,-0.9462913274765015,3.345968008041382,10.385835387759641,6.8177051513072,3.395368998683381
-76.27505838622854,6.898158826096575,38.39833655147662,-2.3426687717437744,-0.9667052030563354,3.3363234996795654,10.641332274042313,6.898158826096575,3.604779183541382
-73.34952444017199,6.605890196163358,40.78525885505888,-2.4363842010498047,-1.1051464080810547,3.2295336723327637,13.56686622009886,6.605890196163358,5.991701487123642
-71.81095602773492,7.796466856144612,42.17425295486184,-2.457430839538574,-1.243449330329895,3.1689138412475586,15.105434632535932,7.796466856144612,7.380695586926606
-71.18656745456903,8.75346746181092,42.06028100327642,-2.421571969985962,-1.3080676794052124,3.170088052749634,15.72982320570182,8.75346746181092,7.266723635341187
-71.08602023979728,9.532455443881926,41.18517667624688,-2.347341299057007,-1.3505319356918335,3.2033724784851074,15.830370420473571,9.532455443881926,6.391619308311647
-70.18177832576846,10.1030936499688,41.3486879898824,-2.326504707336426,-1.41933012008667,3.185336112976074,16.734612334502387,10.1030936499688,6.555130621947164
-69.73200353873395,10.412042518413513,41.06612647901356,-2.297041416168213,-1.4391963481903076,3.2011327743530273,17.1843871215369,10.412042518413513,6.272569111078326
-68.65191840452316,10.542132970030163,41.43726188303913,-2.2848544120788574,-1.4927655458450317,3.186769723892212,18.26447225574769,10.542132970030163,6.643704515103892
-67.89809091639636,11.053175191817296,41.78140779455939,-2.2732532024383545,-1.5511363744735718,3.1683759689331055,19.018299743874493,11.053175191817296,6.987850426624156
-67.40844831517649,11.05708969134217,42.633654893531485,-2.2982065677642822,-1.5807695388793945,3.1332600116729736,19.507942345094364,11.05708969134217,7.840097525596249
-67.55926572223953,10.137740520377932,42.67627185885778,-2.3252785205841064,-1.5393608808517456,3.129638671875,19.35712493803132,10.137740520377932,7.882714490922545
-67.51588719082078,9.73461310647231,42.5973217022416,-2.329479217529297,-1.5097979307174683,3.14320707321167,19.400503469450072,9.73461310647231,7.803764334306365
-67.90477084140463,9.172794208695997,42.1165002903348,-2.3248908519744873,-1.4537179470062256,3.167560338973999,19.011619818866222,9.172794208695997,7.322942922399562
-67.78336422890766,8.74222950335186,41.96098712821737,-2.3216543197631836,-1.4332958459854126,3.1752121448516846,19.13302643136319,8.74222950335186,7.167429760282133
-67.74626947152531,8.678398572346111,42.021420641993636,-2.3248867988586426,-1.4306750297546387,3.169395685195923,19.17012118874554,8.678398572346111,7.2278632740584
-68.58660130549032,8.728601616843559,41.53345143712042,-2.312586545944214,-1.3886053562164307,3.193970203399658,18.32978935478053,8.728601616843559,6.739894069185183
-67.3814075962524,9.141691687168349,41.764332321634356,-2.2816643714904785,-1.462302565574646,3.1722264289855957,19.534983064018448,9.141691687168349,6.97077495369912
-67.67348014554048,9.328954339844579,41.37787680330045,-2.266859531402588,-1.4508178234100342,3.1805033683776855,19.24291051473037,9.328954339844579,6.584319435365217
-68.09384413800892,9.694234469986268,41.03500813715498,-2.2470543384552,-1.4433460235595703,3.1928439140319824,18.82254652226193,9.694234469986268,6.241450769219746
-67.95347009018683,10.602032522709559,41.033973363495726,-2.2099180221557617,-1.4934782981872559,3.195018768310547,18.962920570084023,10.602032522709559,6.24041599556049
-68.01509205687867,10.125868764922291,40.85803452066536,-2.2153306007385254,-1.466416358947754,3.2045836448669434,18.901298603392178,10.125868764922291,6.064477152730127
-67.83183125125807,9.798908397319464,40.80755942269897,-2.2200076580047607,-1.4540801048278809,3.2066266536712646,19.084559409012783,9.798908397319464,6.014002054763736
-67.50402998242164,9.202618834451895,41.21727515025135,-2.2457635402679443,-1.446756362915039,3.187047243118286,19.412360677849207,9.202618834451895,6.423717782316118
-67.76124124618597,9.132060260824527,41.45250003507743,-2.264493942260742,-1.4350240230560303,3.1749260425567627,19.155149414084875,9.132060260824527,6.658942667142192
-67.60480942362518,8.84923591727572,41.664150521983196,-2.281447649002075,-1.428604245185852,3.159674644470215,19.311581236645665,8.84923591727572,6.87059315404796
-68.1357610089453,8.740994784249052,41.49212879264184,-2.289546251296997,-1.3957599401474,3.1675539016723633,18.780629651325555,8.740994784249052,6.698571424706607
-67.77421860560901,8.579550710093754,41.97348978949307,-2.3090412616729736,-1.409065842628479,3.143063545227051,19.14217205466184,8.579550710093754,7.179932421557837
-68.14742697204767,8.424231902998468,41.95096382561037,-2.3185527324676514,-1.3912861347198486,3.144455909729004,18.76896368822318,8.424231902998468,7.157406457675137
-67.8334636664697,8.367109064681658,42.205040032545675,-2.3199586868286133,-1.402342677116394,3.136876344680786,19.082926993801152,8.367109064681658,7.411482664610439
-68.03231096377628,8.631219007010044,41.96949071373403,-2.3046183586120605,-1.3994389772415161,3.146106719970703,18.884079696494567,8.631219007010044,7.175933345798796
-68.03876549254194,8.77045175340901,41.78454626648301,-2.2916688919067383,-1.3995311260223389,3.150677442550659,18.877625167728908,8.77045175340901,6.990988898547776
-68.17711780436971,8.949985206297143,41.73279050804724,-2.28444242477417,-1.4001433849334717,3.1545636653900146,18.739272855901135,8.949985206297143,6.939233140112002
-67.94692676896194,8.941435016531228,41.874489612568325,-2.2861337661743164,-1.4139378070831299,3.1454591751098633,18.969463891308905,8.941435016531228,7.08093224463309
-67.84185113877047,9.073188049405266,41.91156387938315,-2.281067132949829,-1.4279329776763916,3.1384482383728027,19.074539521500384,9.073188049405266,7.118006511447916
-67.77932758710817,9.212441904903976,42.06636328673232,-2.2842650413513184,-1.4403562545776367,3.1287360191345215,19.13706307316268,9.212441904903976,7.272805918797083

Errors:
rotation,[20.598909537750224, 21.14427028368027, 26.16445790338586, 30.28259707560715, 31.750014302853927, 31.754445172667143, 33.39283660641835, 33.86899875102874, 35.45030974088175, 37.059325362315946, 38.40512956203278, 37.377579949331796, 36.93888091022875, 35.50735694996178, 35.04268569499718, 35.07638303515005, 33.798285040809276, 35.647449704885915, 35.156184289940164, 34.75823176146795, 35.80536908835407, 35.0916445210446, 34.897469861095985, 35.03869729461722, 34.94615234205159, 35.031410307969345, 34.220195860281216, 34.901655186313434, 34.35060204889679, 34.86151872309325, 34.69123204930341, 34.6390658196857, 34.62849120231028, 34.991831152473225, 35.26573408235357, 35.62231089686374]
translation,[0.1579505536533441, 0.15858120294251954, 0.1625812268362754, 0.16734080104764004, 0.1670267010990285, 0.16357529080468058, 0.16094560128495683, 0.16350299852508865, 0.16463208715280686, 0.16557347021129054, 0.16385672486109204, 0.16067150852504142, 0.16240353106000427, 0.15836416868164527, 0.1553240443930468, 0.15181252984853977, 0.149508294944515, 0.14108177795753285, 0.13529960589523515, 0.13141281503440005, 0.13088507738586408, 0.13149326296987596, 0.13123074030159643, 0.12745599252347883, 0.1242751071651238, 0.11970928629749444, 0.11899951882151072, 0.11567551682592292, 0.11603485071636843, 0.11480486930990885, 0.11226138431462207, 0.10858151914539427, 0.10775391230092524, 0.10644786252682081, 0.10313252410259821, 0.10184609637819175]
loss,
[0.12317269295454025, 0.12213969230651855, 0.12182429432868958, 0.11064010858535767, 0.112836554646492, 0.1122918352484703, 0.11796321719884872, 0.11499941349029541, 0.10571557283401489, 0.10827063769102097, 0.11300550401210785, 0.11570324748754501, 0.10668971389532089, 0.10520218312740326, 0.11349167674779892, 0.1146131306886673, 0.11663031578063965, 0.11126118153333664, 0.1061713919043541, 0.11770044267177582, 0.11814453452825546, 0.11200655996799469, 0.11171209812164307, 0.10378482192754745, 0.11420375108718872, 0.10945507138967514, 0.11663499474525452, 0.11139766871929169, 0.11214999854564667, 0.0980929359793663, 0.1076798066496849, 0.11010047048330307, 0.11259448528289795, 0.1150357574224472, 0.11149024218320847, 0.10698853433132172]

2022-04-28 14:32:05.956620