2022-04-21 07:50:05.104710

reference phi, theta, psi, translation: -139.02455270626928, -8.537736090602699e-07, 56.38966954231551, -2.2014424800872803, 2.5346622467041016, 2.231398344039917

phi,theta,psi,rot_x,rot_y,rot_z,phi_err,theta_err,psi_err
-129.04008655489625,6.852725648450977,53.065809209147574,-2.6847352981567383,1.8050535917282104,2.604990243911743,9.984466151373027,6.852726502224586,3.3238603331679357
-130.26512196367307,5.450177386403417,53.142484912770136,-2.637951374053955,1.8973764181137085,2.5749900341033936,8.759430742596209,5.450178240177026,3.247184629545373
-134.71272258513193,3.982230165533631,56.740580756208665,-2.611565113067627,2.295858860015869,2.2593138217926025,4.311830121137348,3.9822310193072403,0.3509112138931556
-137.128341928512,0.9604310389123627,57.742767582935464,-2.3862128257751465,2.5399065017700195,2.2056713104248047,1.8962107777572896,0.9604318926859717,1.3530980406199546
-140.58339312016295,-0.7699419898472653,57.050452778473804,-2.1475918292999268,2.6626453399658203,2.223818063735962,1.5588404138936767,0.7699411360736562,0.660783236158295
-139.49650511753882,-0.2633616774505364,56.61149018089542,-2.1842029094696045,2.5705180168151855,2.2248427867889404,0.471952411269541,0.26336082367692737,0.22182063857991352
-139.08475399361376,-0.06084620131786841,56.15066073268925,-2.184643507003784,2.524491786956787,2.2421953678131104,0.06020128734448349,0.06084534754425935,0.23900880962625592
-139.14358924312427,-0.030696519764221573,56.306392460860124,-2.18933367729187,2.5337398052215576,2.2337169647216797,0.11903653685499194,0.030695665990612513,0.08327708145538537
-139.17037724504905,-0.11204794845935681,56.3056923664702,-2.1866555213928223,2.5378220081329346,2.2339465618133545,0.1458245387797774,0.11204709468574775,0.0839771758453125
-139.18637354808521,-0.053342836973487934,56.3558464455456,-2.1881964206695557,2.5373709201812744,2.23038387298584,0.16182084181593837,0.05334198319987887,0.03382309676990758
-139.0834289369148,-0.13680758010490346,56.37354005059052,-2.1906239986419678,2.535787343978882,2.2280337810516357,0.05887623064552372,0.1368067263312944,0.01612949172498901
-139.10502599507038,-0.023927114151860572,56.30158742277902,-2.1920831203460693,2.531913995742798,2.233276605606079,0.08047328880110172,0.02392626037825151,0.08808211953648737
-139.1233582228027,-0.06838835935739013,56.321541820439215,-2.1900877952575684,2.533586263656616,2.2329258918762207,0.0988055165334174,0.06838750558378107,0.06812772187629434
-139.11947867535412,-0.1005947855530322,56.3553239360741,-2.18941068649292,2.5366201400756836,2.2308363914489746,0.09492596908484074,0.10059393177942313,0.03434560624140914
-139.1608286405894,-0.07001883279077875,56.29220274285942,-2.186128854751587,2.535149097442627,2.2344729900360107,0.13627593432011054,0.07001797901716969,0.09746679945608605
-139.09546373023235,0.01849659790004971,56.326562009479176,-2.193429470062256,2.5311012268066406,2.2321906089782715,0.07091102396307747,0.01849745167365877,0.06310753283633375
-139.07826531390225,-0.05151315045127941,56.25235883433616,-2.1902477741241455,2.5300517082214355,2.237144947052002,0.05371260763297414,0.05151229667767035,0.13731070797935274
-139.0983870511971,-0.02276920538003818,56.36554189907244,-2.19315505027771,2.5336008071899414,2.229295253753662,0.07383434492783181,0.022768351606429118,0.024127643243069485
-139.16633377306042,-0.05992675779573903,56.25852649515668,-2.186386823654175,2.5332162380218506,2.2365121841430664,0.14178106679113966,0.05992590402212997,0.13114304715882952
-139.15753648940944,-0.04518479812604026,56.30450049846003,-2.1878936290740967,2.5339395999908447,2.233944892883301,0.1329837831401619,0.0451839443524312,0.08516904385547974
-139.14226418642528,-0.08304055847432776,56.264011137060194,-2.186904191970825,2.533353567123413,2.2361092567443848,0.11771148015600374,0.0830397047007187,0.12565840525531513
-139.05385421780863,-0.012475651709209588,56.30450391355462,-2.1938936710357666,2.529651641845703,2.234315872192383,0.02930151153935867,0.012474797935600527,0.0851656287608904
-139.23608366486457,-0.028477560940253735,56.31641576346712,-2.1855545043945312,2.5373494625091553,2.232316732406616,0.21153095859529003,0.028476707166644674,0.07325377884838957
-139.18534901970972,-0.05952543724482864,56.2756941756355,-2.185971975326538,2.535146713256836,2.234807014465332,0.16079631344044287,0.059524583471219576,0.11397536668000896
-139.10299059869772,-0.08613648696839755,56.31605376344111,-2.190460443496704,2.5337276458740234,2.233095645904541,0.07843789242843968,0.0861356331947885,0.07361577887439807
-139.14040637497104,-0.013280877956990155,56.297072667737645,-2.190570116043091,2.532707929611206,2.2346882820129395,0.11585366870176017,0.013280024183381095,0.0925968745778647
-139.10035414567807,0.0006139621085052819,56.31796280131413,-2.192798376083374,2.5313878059387207,2.233330011367798,0.07580143940879225,0.0006148158821143422,0.0717067410013783
-139.15726328184263,0.009342211073349689,56.276575270038435,-2.1893508434295654,2.531733512878418,2.2350502014160156,0.13271057557335553,0.00934306484695875,0.11309427227707403
-139.09719859828152,-0.08861455299933937,56.32234778276128,-2.190822124481201,2.5339906215667725,2.232543468475342,0.0726458920122468,0.08861369922573031,0.06732175955423259
-139.10651497630943,-0.06920326628762899,56.276793836091876,-2.1886086463928223,2.5320184230804443,2.235067367553711,0.081962270040151,0.06920241251401993,0.11287570622363319
-139.08247271043098,-0.024565732497036665,56.26026136320586,-2.1910877227783203,2.529512882232666,2.2368390560150146,0.0579200041617014,0.024564878723427604,0.12940817910964597
-139.12371339263953,-0.026787194763057832,56.29564515820111,-2.189823627471924,2.5321552753448486,2.234617233276367,0.09916068637025433,0.02678634098944877,0.09402438411439817
-139.1669075089507,-0.07730131046071687,56.2683141562373,-2.1858303546905518,2.5346062183380127,2.23563814163208,0.14235480268141032,0.0773004566871078,0.12135538607820706
-139.10116010800013,-0.03947936826443944,56.34011310479248,-2.1919965744018555,2.5331215858459473,2.231621742248535,0.07660740173085401,0.03947851449083038,0.04955643752303018
-139.113850599478,-0.0389208707239289,56.28711425192777,-2.1902658939361572,2.532163381576538,2.2347583770751953,0.08929789320873738,0.03892001695031984,0.10255529038774114
-139.14518750739003,-0.06962599180819534,56.329017462485794,-2.1891629695892334,2.5352110862731934,2.2317352294921875,0.12063480112075808,0.06962513803458628,0.06065207982971543

Errors:
rotation,[20.161052986765547, 17.456793612318606, 8.644972354337744, 4.2097407110632155, 2.989564786125628, 0.9571338735263819, 0.36005544451499877, 0.23300928430098983, 0.34184880931083766, 0.24898592178572482, 0.21181244870180713, 0.1924816687158406, 0.23532074399349281, 0.22986550710567302, 0.30376071279336625, 0.15251600847306998, 0.24253561228999723, 0.12073033977733041, 0.3328500179720991, 0.2633367713480729, 0.3264095901120376, 0.1269419382358496, 0.3132614446103243, 0.3342962635916714, 0.23818930449762626, 0.22173056746300596, 0.1481229962922849, 0.2551479126973883, 0.2285813507922097, 0.2640403887778041, 0.21189306199477498, 0.21997141147410126, 0.3410106454467252, 0.1656423537447146, 0.23077320054679834, 0.25091201898505977]
translation,[0.12242333873291766, 0.11488102986729753, 0.11564564525519305, 0.09320408322492835, 0.04896884297453319, 0.009691634362074986, 0.009541397120028883, 0.005894649637423477, 0.00465151946760578, 0.006074003031686814, 0.0070531766130850215, 0.005791494737140468, 0.006019971578717254, 0.005636155590407199, 0.006329550993077859, 0.006171618734451378, 0.00581345730894256, 0.0063532051462456, 0.0062738042518111214, 0.006425413566495841, 0.006130168355988452, 0.005650763635490108, 0.006451432042661409, 0.0062308059762070656, 0.005634043157912494, 0.005332264737334391, 0.005703230260162506, 0.006407662518727264, 0.005577964953972447, 0.006622572496412182, 0.005864966601021315, 0.006125548713422191, 0.006186557236963708, 0.005996667133101319, 0.005801457199664739, 0.006160349233207185]
loss,
[0.12796546518802643, 0.1090109646320343, 0.04945560544729233, 0.02347683720290661, 0.01031692698597908, 0.002596807200461626, 0.0016694848891347647, 0.00103821512311697, 0.0011314169969409704, 0.0010570614831522107, 0.0014971483033150434, 0.0009774829959496856, 0.001011989894323051, 0.001061991206370294, 0.0010010013356804848, 0.0008909047464840114, 0.0010859662434086204, 0.0008363081142306328, 0.0009371853666380048, 0.0010159955127164721, 0.0009093097178265452, 0.0008327224059030414, 0.0010884597431868315, 0.0010670897318050265, 0.0010270600905641913, 0.0009154158178716898, 0.0012298122746869922, 0.0010180326644331217, 0.0009635377209633589, 0.0014840330695733428, 0.0010366600472480059, 0.000758902111556381, 0.0009707153658382595, 0.0008853399194777012, 0.0009755163337104023, 0.0010878518223762512]

2022-04-21 08:01:50.846659