2022-04-28 23:07:49.406613

reference phi, theta, psi, translation: 16.672973292337613, -0.0, 55.56417970941693, 0.9538894295692444, -3.184936285018921, 2.279534101486206

phi,theta,psi,rot_x,rot_y,rot_z,phi_err,theta_err,psi_err
26.607018987257597,-4.879078348390559,61.415046110949504,1.4386786222457886,-3.2383759021759033,2.121750593185425,9.934045694919984,4.879078348390559,5.850866401532571
27.81469717780611,-5.764564955564016,60.4840366855634,1.4608550071716309,-3.213318347930908,2.1551196575164795,11.141723885468497,5.764564955564016,4.91985697614647
28.350767989909144,-5.4130322674887115,58.65052021419767,1.4917211532592773,-3.136976480484009,2.254619598388672,11.677794697571532,5.4130322674887115,3.086340504780736
28.65948400265726,-4.751661661134027,56.061718009317346,1.4945369958877563,-3.0412826538085938,2.385246992111206,11.986510710319646,4.751661661134027,0.49753829990041254
27.83139186768491,-4.162856564824954,56.9002398431523,1.4801568984985352,-3.0628983974456787,2.3576927185058594,11.158418575347298,4.162856564824954,1.3360601337353657
27.876008370890727,-3.835255753532078,55.678588793109235,1.473765254020691,-3.0214407444000244,2.4167349338531494,11.203035078553114,3.835255753532078,0.1144090836923013
27.67409944128869,-3.322268683059426,54.93931302300915,1.4834777116775513,-2.994741439819336,2.4453155994415283,11.001126148951077,3.322268683059426,0.6248666864077848
27.296890291543686,-3.025740735723774,55.476285420082625,1.4745292663574219,-3.0030977725982666,2.427492141723633,10.623916999206074,3.025740735723774,0.08789428933430798
27.956780480468005,-3.2610800564551643,55.441847606287425,1.4996954202651978,-2.9948017597198486,2.421217679977417,11.283807188130393,3.2610800564551643,0.1223321031295086
28.18627654412773,-3.6874921529090265,56.03643264900996,1.5031232833862305,-3.0132877826690674,2.390918016433716,11.513303251790116,3.6874921529090265,0.4722529395930266
28.0789571967939,-3.4939158432020485,55.74891583589827,1.50022292137146,-3.002124786376953,2.4025654792785645,11.405983904456289,3.4939158432020485,0.18473612648134008
28.004509842388057,-3.406434601917474,56.30644710237349,1.5087721347808838,-3.0217247009277344,2.371170997619629,11.331536550050444,3.406434601917474,0.7422673929565562
27.94216387564418,-2.918768719874649,56.20505635923923,1.5260800123214722,-3.006211996078491,2.3757922649383545,11.269190583306568,2.918768719874649,0.640876649822296
28.335060262365406,-2.9102287733618297,55.7313929855826,1.538487434387207,-2.976893901824951,2.4007415771484375,11.662086970027794,2.9102287733618297,0.1672132761656684
28.403730984280717,-2.802532809928163,55.74050104284081,1.5472033023834229,-2.9699275493621826,2.4019172191619873,11.730757691943104,2.802532809928163,0.17632133342387846
28.535415323931268,-3.063293566790043,55.64385728117972,1.5413281917572021,-2.972841739654541,2.4033679962158203,11.862442031593655,3.063293566790043,0.07967757176278667
28.577023128807696,-3.480060807240104,56.08931538865878,1.5319797992706299,-3.00063419342041,2.373499870300293,11.904049836470083,3.480060807240104,0.5251356792418491
28.238187689367116,-3.1824861534144535,56.27197513763243,1.526235580444336,-3.0074331760406494,2.3660922050476074,11.565214397029504,3.1824861534144535,0.7077954282154977
28.35504710342416,-3.146175908656587,55.923058338976915,1.5252200365066528,-2.988701581954956,2.385695695877075,11.682073811086546,3.146175908656587,0.35887862955998173
27.994691445456162,-2.9619078505998875,55.70036685127782,1.5144845247268677,-2.9834086894989014,2.3959834575653076,11.32171815311855,2.9619078505998875,0.1361871418608871
28.071174196234672,-2.9361592343872283,55.52513493302656,1.5138791799545288,-2.9751157760620117,2.403055191040039,11.39820090389706,2.9361592343872283,0.03904477639037651
28.02846502335458,-2.7620214504716465,55.677752094935904,1.5177992582321167,-2.9765918254852295,2.3966012001037598,11.355491731016969,2.7620214504716465,0.11357238551897098
28.183402742034446,-2.800298599458131,55.55434423701212,1.5254648923873901,-2.968489170074463,2.4004714488983154,11.510429449696833,2.800298599458131,0.009835472404816414
28.07881888546321,-2.8555646005858013,55.71931038094085,1.5250523090362549,-2.9781992435455322,2.3902151584625244,11.405845593125598,2.8555646005858013,0.15513067152391358
28.132140464766206,-2.700567317383893,55.80590010414369,1.5308276414871216,-2.9789063930511475,2.386240005493164,11.459167172428593,2.700567317383893,0.24172039472675522
28.3009878636908,-2.4630504303335985,55.62501961944882,1.5457065105438232,-2.9642531871795654,2.3940048217773438,11.628014571353187,2.4630504303335985,0.06083991003188771
28.367759793016845,-2.5029378758166057,55.97616988996293,1.5501046180725098,-2.973054885864258,2.3804264068603516,11.694786500679232,2.5029378758166057,0.4119901805459989
28.58980241274479,-2.5018738972832835,55.88154786429616,1.5602365732192993,-2.9622316360473633,2.3859448432922363,11.916829120407176,2.5018738972832835,0.317368154879226
28.515609482885523,-2.6379789058893124,55.99796502360444,1.554276704788208,-2.9687366485595703,2.380089044570923,11.84263619054791,2.6379789058893124,0.4337853141875101
28.4608364883839,-2.74380672192725,56.04087568706505,1.5494415760040283,-2.9715442657470703,2.377434492111206,11.787863196046288,2.74380672192725,0.4766959776481201
28.71732545964351,-2.821435800901284,55.66924167923007,1.5526509284973145,-2.9571545124053955,2.3909685611724854,12.044352167305899,2.821435800901284,0.10506196981313565
28.5499175230865,-2.8498767318643194,55.966365153409384,1.5438257455825806,-2.972609281539917,2.379896640777588,11.876944230748887,2.8498767318643194,0.40218544399245104
28.65250013423092,-2.920989066314521,55.780652309876736,1.5426084995269775,-2.9612791538238525,2.391209602355957,11.979526841893307,2.920989066314521,0.21647260045980232
28.684660079937924,-2.875523384809236,55.62523818550226,1.5458922386169434,-2.9522745609283447,2.3982231616973877,12.011686787600311,2.875523384809236,0.06105847608532855
28.627102075802227,-2.837427947924251,55.706380832842015,1.545332670211792,-2.9535505771636963,2.3969132900238037,11.954128783464615,2.837427947924251,0.14220112342508173
28.68413757046642,-2.8260099331106185,55.76309189352063,1.5488255023956299,-2.955686569213867,2.392284393310547,12.011164278128806,2.8260099331106185,0.1989121841036976

Errors:
rotation,[20.663990444843115, 21.826145817178983, 20.17716746984098, 17.235710671354084, 16.657335273907616, 15.152699915777493, 14.948261518418288, 13.737552024264156, 14.667219347715065, 15.67304834429217, 15.084635874139677, 15.480238544924475, 14.828835953003512, 14.739529019555292, 14.709611835295146, 15.005413170146486, 15.909246322952036, 15.455495978659455, 15.187128349303116, 14.419813145579324, 14.373404914674664, 14.231085567007586, 14.32056352155978, 14.416540865235312, 14.401454884539241, 14.151904911718674, 14.609714557041837, 14.736071172569686, 14.914400410624733, 15.008365895621658, 14.970849938020319, 15.129006406605658, 15.11698850866763, 14.948268648494876, 14.933757854813948, 15.036086395343123]
translation,[0.09908907901583852, 0.10457578098961395, 0.11002592505296338, 0.11283593327894437, 0.10782341977937548, 0.10912426251884533, 0.10997615864240107, 0.10233831289857154, 0.10169329557292084, 0.09873455296346467, 0.09630895433531972, 0.0955726563494208, 0.09326438479665455, 0.09105514741143939, 0.08997706163046537, 0.09072246085003854, 0.09006869467222867, 0.08863347056972071, 0.08593043533562561, 0.08410229941144554, 0.081998695269343, 0.08074550316313811, 0.0799822124473426, 0.08087597530351509, 0.08122544289998146, 0.0807155732682503, 0.08084263091196231, 0.08006162543250195, 0.07910193715794644, 0.07776871323069301, 0.07645173675046912, 0.07785056030400472, 0.07577977720747597, 0.07462103643950613, 0.07456321024483703, 0.07471674511833637]
loss,
[0.19419166445732117, 0.16308429837226868, 0.17394423484802246, 0.15216569602489471, 0.15508028864860535, 0.14012360572814941, 0.1566755473613739, 0.16535820066928864, 0.1589452624320984, 0.14951294660568237, 0.15552034974098206, 0.17449425160884857, 0.1674531102180481, 0.1672368049621582, 0.15510568022727966, 0.17430391907691956, 0.14636433124542236, 0.168621227145195, 0.15904134511947632, 0.15293219685554504, 0.1492413431406021, 0.16234740614891052, 0.1504746675491333, 0.1579338163137436, 0.1563633531332016, 0.13889530301094055, 0.167153999209404, 0.15749619901180267, 0.15083882212638855, 0.15646013617515564, 0.16672776639461517, 0.13777261972427368, 0.15562430024147034, 0.16414256393909454, 0.1574857234954834, 0.167530819773674]

2022-04-28 23:10:19.232381