2022-04-28 13:01:16.145311

reference phi, theta, psi, translation: -33.091320547511735, -0.0, 74.32085247222868, -2.1190009117126465, -3.251617431640625, 1.089412808418274

phi,theta,psi,rot_x,rot_y,rot_z,phi_err,theta_err,psi_err
-22.822884158753556,1.294954214858955,81.82337814338081,-1.5357718467712402,-3.6827800273895264,0.7731812596321106,10.268436388758179,1.294954214858955,7.502525671152128
-23.323613864543653,1.8394828806047108,81.22211659074458,-1.572659969329834,-3.646463394165039,0.8123480677604675,9.767706682968083,1.8394828806047108,6.901264118515897
-24.70154818053307,3.1301155365308784,81.1133048470771,-1.6531496047973633,-3.6087288856506348,0.796436071395874,8.389772366978665,3.1301155365308784,6.792452374848423
-24.736289937746342,2.93269263328913,80.20542927240984,-1.6353992223739624,-3.597149133682251,0.8495248556137085,8.355030609765393,2.93269263328913,5.884576800181165
-25.692221015866522,2.504885924436773,79.28059433803344,-1.6959068775177002,-3.5487301349639893,0.9074831008911133,7.399099531645213,2.504885924436773,4.959741865804759
-25.822368562953823,2.8149232134793856,78.34323283671922,-1.6807489395141602,-3.5386383533477783,0.9629489779472351,7.268951984557912,2.8149232134793856,4.0223803644905445
-27.489301843104823,1.8750055645688657,75.73261842272446,-1.7806483507156372,-3.440446138381958,1.0774784088134766,5.6020187044069125,1.8750055645688657,1.4117659504957771
-30.38528839081189,1.0918188439830152,72.70222058234071,-1.9098583459854126,-3.323434352874756,1.2077454328536987,2.7060321566998446,1.0918188439830152,1.6186318898879648
-32.90585700588379,-0.004816276416831031,74.28154473355525,-2.1014156341552734,-3.2482845783233643,1.0885522365570068,0.18546354162794643,0.004816276416831031,0.03930773867342907
-32.78062207235702,-0.011483838793202738,74.19496525563618,-2.097482442855835,-3.252861261367798,1.0958425998687744,0.31069847515471594,0.011483838793202738,0.12588721659250268
-33.016506070438,-0.05003143345868461,74.21087959640231,-2.1114401817321777,-3.2509288787841797,1.0957772731781006,0.0748144770737369,0.05003143345868461,0.10997287582637227
-33.09434632131405,0.024707912921526465,74.48933957867455,-2.115622043609619,-3.2486319541931152,1.0777150392532349,0.003025773802313836,0.024707912921526465,0.16848710644586617
-32.72699142699408,-0.11221411487616914,74.16324585713063,-2.0946085453033447,-3.2556469440460205,1.0975385904312134,0.3643291205176524,0.11221411487616914,0.15760661509804663
-33.160103967548345,-0.09988817753682556,74.26400480776665,-2.119781255722046,-3.2422163486480713,1.0913857221603394,0.06878342003660975,0.09988817753682556,0.05684766446202616
-33.119973191079936,0.030576095732913165,74.21813325730085,-2.114628314971924,-3.24634051322937,1.0942610502243042,0.02865264356820063,0.030576095732913165,0.10271921492783065
-33.00829276796106,-0.0040645896241710494,74.30031409339445,-2.1117734909057617,-3.2486214637756348,1.0897175073623657,0.08302777955067597,0.0040645896241710494,0.020538378834231708
-32.94498374454421,0.055863357702882435,74.46485335050005,-2.1073474884033203,-3.256096124649048,1.0803948640823364,0.14633680296752516,0.055863357702882435,0.14400087827137042
-32.931186762420786,0.08152051045975249,74.36537164523882,-2.105003833770752,-3.2538609504699707,1.0855388641357422,0.16013378509094878,0.08152051045975249,0.044519173010144186
-33.06972007426157,-0.0345828218632135,74.23050272988775,-2.1147525310516357,-3.2473292350769043,1.09502112865448,0.02160047325016734,0.0345828218632135,0.0903497423409334
-33.035521317087316,-0.010774753459638266,74.29393469670966,-2.112854480743408,-3.248004198074341,1.0896313190460205,0.05579923042441948,0.010774753459638266,0.02691777551902419
-32.86906277682493,-0.00788040017324468,74.19875601062553,-2.10152530670166,-3.2533950805664062,1.0965811014175415,0.2222577706868023,0.00788040017324468,0.12209646160314946
-33.01391742874256,0.015968285673070452,74.28031529950465,-2.110264778137207,-3.2511680126190186,1.0922646522521973,0.07740311876917616,0.015968285673070452,0.04053717272402935
-33.107323680737075,0.014329027810201372,74.19971223710932,-2.1150355339050293,-3.244596004486084,1.096301555633545,0.01600313322533964,0.014329027810201372,0.12114023511935557
-32.880486268211776,0.07009121175601349,74.41189206367578,-2.1028969287872314,-3.2588539123535156,1.0826148986816406,0.21083427929995935,0.07009121175601349,0.09103959144709961
-33.11202285088604,0.0451148521308917,74.28739137548479,-2.1156229972839355,-3.246530532836914,1.0907411575317383,0.020702303374307007,0.0451148521308917,0.03346109674389197
-32.96064536831105,0.01696296478866998,74.3002799424486,-2.1083216667175293,-3.2517144680023193,1.0904967784881592,0.1306751792006864,0.01696296478866998,0.020572529780082505
-32.99083138934792,0.03448007485190357,74.3105525469603,-2.111135244369507,-3.2511184215545654,1.089053750038147,0.10048915816381765,0.03448007485190357,0.010299925268384413
-33.055830884584346,-0.003368899290462336,74.27568443124738,-2.1119518280029297,-3.247901201248169,1.0914790630340576,0.03548966292738953,0.003368899290462336,0.04516804098129512
-32.816063923960215,-0.007634348438572505,74.3765390045318,-2.100698709487915,-3.2584924697875977,1.0853800773620605,0.27525662355152036,0.007634348438572505,0.05568653230311327
-33.13786487161078,-0.06034662807947359,74.13475713810251,-2.1159777641296387,-3.2413761615753174,1.10060715675354,0.0465443240990453,0.06034662807947359,0.18609533412616486
-32.97098285961986,0.06175417558153582,74.40806715774058,-2.1075263023376465,-3.2538251876831055,1.082539439201355,0.12033768789187604,0.06175417558153582,0.0872146855118956
-32.907912892823965,0.08979658622887386,74.29310824382009,-2.1020185947418213,-3.2535688877105713,1.0902798175811768,0.18340765468776965,0.08979658622887386,0.027744228408593585
-33.04573928008565,0.02272870705874387,74.35140390838615,-2.111708164215088,-3.250159502029419,1.086723804473877,0.045581267426086924,0.02272870705874387,0.030551436157466583
-32.98176089813014,0.02583341988178954,74.25962665650869,-2.1083266735076904,-3.2501471042633057,1.0931804180145264,0.10955964938159468,0.02583341988178954,0.06122581571999319
-33.07281414995558,0.05565905171519554,74.35025643660558,-2.1127052307128906,-3.2490012645721436,1.0865803956985474,0.01850639755615191,0.05565905171519554,0.02940396437689685
-33.0649969984505,0.041383439684330545,74.39998021376327,-2.114109754562378,-3.249652862548828,1.083174705505371,0.026323549061231688,0.041383439684330545,0.07912774153459168

Errors:
rotation,[19.06591627476926, 18.508453682088692, 18.312340278357965, 17.172300043235687, 14.863727321886746, 14.106255562527842, 8.888790219471556, 5.416482890570824, 0.22958755671820652, 0.44806953054042137, 0.23481878635879377, 0.19622079316970648, 0.6341498504918682, 0.22551926203546147, 0.16194795422894445, 0.10763074800907874, 0.346201038941778, 0.28617346856084547, 0.14653303745431423, 0.09349175940308194, 0.3522346324631964, 0.13390857716627597, 0.15147239615489658, 0.3719650825030725, 0.09927825224909068, 0.16821067376943888, 0.14526915828410564, 0.08402660319914698, 0.33857750429320616, 0.2929862863046837, 0.2693065489853075, 0.3009484693252371, 0.09886141064229738, 0.19661888498337743, 0.1035694136482443, 0.14683473028015392]
translation,[0.03326186669987141, 0.022247864912645632, 0.01734455969315274, 0.010616284973374412, 0.005343624491937149, 0.002994088041586629, 0.010141824756125573, 0.012245598829983884, 0.012143269373350307, 0.008516670994080933, 0.00279857533356509, 0.0073327982745174936, 0.007298374613824876, 0.006633729775856523, 0.005239427953861231, 0.006130503153940481, 0.004923784896905481, 0.006573519862952182, 0.004170263841831279, 0.006084689571043356, 0.005774575988509056, 0.004175695995885853, 0.005876758853482045, 0.0044232377222481745, 0.005518809982612005, 0.005231532649933257, 0.00462914983069318, 0.006140895187645157, 0.005118801553339658, 0.006800808290458704, 0.006090234169671582, 0.007088403495360218, 0.005732529015292975, 0.0057667865008133035, 0.00618309634429437, 0.005837558872238802]
loss,
[0.15032386779785156, 0.14073872566223145, 0.13875924050807953, 0.1340654045343399, 0.12673674523830414, 0.12108564376831055, 0.1036396473646164, 0.04255996271967888, 0.003064123447984457, 0.00481615774333477, 0.0018264974933117628, 0.003139250446110964, 0.003052281914278865, 0.002099555917084217, 0.0026162569411098957, 0.0028066374361515045, 0.0029735853895545006, 0.0025849323719739914, 0.0028400353621691465, 0.002555977553129196, 0.002141233766451478, 0.002065302338451147, 0.001665608724579215, 0.0019337756093591452, 0.0020239318255335093, 0.0015535851707682014, 0.002899533836171031, 0.001218009740114212, 0.0023668017238378525, 0.0026193398516625166, 0.0016440942417830229, 0.0032898900099098682, 0.0018899146234616637, 0.0030426185112446547, 0.0014814820606261492, 0.0013251728378236294]

2022-04-28 13:03:53.085527