2022-04-21 13:21:00.384364

reference phi, theta, psi, translation: 164.57178246643477, -4.268868188959204e-07, 11.003265705708584, 0.2046843022108078, 0.7416750192642212, 3.957021951675415

phi,theta,psi,rot_x,rot_y,rot_z,phi_err,theta_err,psi_err
174.68706040079186,1.035587752499106,3.46078983121423,-0.0498787984251976,0.24902896583080292,4.223120212554932,10.115277934357096,1.035588179385925,7.542475874494354
174.67001224862352,1.143778101517936,3.400897183042858,-0.05966964736580849,0.24444639682769775,4.209387302398682,10.098229782188753,1.143778528404755,7.602368522665726
176.10992540868892,1.6465323591592642,2.9715395389848087,-0.09644745290279388,0.19862151145935059,4.129467487335205,11.538142942254154,1.6465327860460832,8.031726166723775
175.32247289927815,3.680559911828345,4.331951004658561,-0.23523549735546112,0.3069308400154114,3.9989895820617676,10.750690432843385,3.6805603387151637,6.671314701050023
175.7389641744872,4.112214726419635,5.921843592953224,-0.25830626487731934,0.4279566705226898,3.997938394546509,11.167181708052425,4.112215153306455,5.08142211275536
175.3426902592214,3.845373683149045,5.768986520649278,-0.2372630089521408,0.4194917380809784,4.004408836364746,10.77090779278663,3.8453741100358636,5.234279185059306
176.50316671996325,1.8379164668545287,5.135062149628408,-0.10864541679620743,0.3621738851070404,4.029506683349609,11.931384253528478,1.8379168937413477,5.868203556080176
177.16585899399456,0.7303347358135618,4.66230164160269,-0.03684502840042114,0.32190391421318054,4.0393385887146,12.594076527559793,0.7303351627003807,6.3409640641058935
176.68097020443702,0.6781497416256006,5.2364793597456964,-0.023807739838957787,0.36292117834091187,4.034112453460693,12.109187738002248,0.6781501685124195,5.766786345962887
175.81882274626298,0.9344844095775457,5.4353586735640125,-0.03941752389073372,0.38349515199661255,4.025644779205322,11.247040279828212,0.9344848364643646,5.567907032144571
175.68175450999917,0.8597400028050236,5.35488239655516,-0.03350656479597092,0.373379647731781,4.025547504425049,11.109972043564397,0.8597404296918425,5.648383309153424
176.42272075191883,0.6389196075239508,5.531272885644386,-0.020448721945285797,0.3846202790737152,4.024379253387451,11.850938285484062,0.6389200344107697,5.471992820064198
177.41649961577735,0.30809934681152484,5.804060395810939,-0.005632631480693817,0.4040430188179016,4.0349273681640625,12.844717149342586,0.30809977369834374,5.1992053098976445
178.41736821599434,-0.297660157657851,5.0592837621080555,0.033726517111063004,0.34735727310180664,4.041520118713379,13.845585749559575,0.2976597307710321,5.943981943600528
178.26269175205024,-0.46854292484044974,5.012321942695987,0.044445984065532684,0.34451815485954285,4.029922962188721,13.690909285615476,0.46854249795363084,5.990943763012597
178.30477937771585,-0.47181745422142257,5.405675525204783,0.04503629356622696,0.3699615001678467,4.025667667388916,13.732996911281077,0.4718170273346037,5.597590180503801
178.58962558686207,-0.25363788217124794,5.538143202175772,0.028690215200185776,0.3775087296962738,4.016055107116699,14.017843120427301,0.25363745528442905,5.465122503532812
179.03571890193393,-0.031174881685081195,5.961550897693094,0.007408157456666231,0.41192716360092163,4.018434524536133,14.463936435499164,0.031174454798262297,5.04171480801549
178.26244586524012,-0.03460875248074545,5.981391316571512,0.017166249454021454,0.4133865237236023,4.03611946105957,13.690663398805356,0.034608325593926556,5.021874389137072
178.31706005784352,-0.31967580046471533,6.272672844576345,0.035775117576122284,0.43287229537963867,4.011168479919434,13.745277591408751,0.31967537357789644,4.730592861132239
178.50001350495148,-0.32352057009030266,6.383236104879103,0.03732700273394585,0.4405321180820465,4.0134477615356445,13.928231038516714,0.32352014320348377,4.620029600829481
178.44615063315678,-0.36360879850863986,6.851867763551549,0.039154328405857086,0.47154486179351807,3.9990968704223633,13.874368166722007,0.36360837162182097,4.151397942157035
178.5719217365334,-0.7785696218744999,6.927740066172989,0.06769830733537674,0.4799562096595764,4.010044574737549,14.000139270098629,0.778569194987681,4.075525639535595
179.41472609897795,-1.1089516784251094,7.378430525443103,0.08312367647886276,0.510925829410553,3.995161294937134,14.842943632543182,1.1089512515382904,3.624835180265481
179.98914500817602,-1.4427869256179227,7.963507091067334,0.1020481213927269,0.5503183603286743,3.9773008823394775,15.417362541741255,1.4427864987311037,3.03975861464125
179.6439882286586,-1.0698989967469485,7.280422433495298,0.07849444448947906,0.5056747794151306,4.011632442474365,15.072205762223831,1.0698985698601295,3.722843272213286
179.34053658421325,-1.1073330117180789,7.058513002456168,0.08501105010509491,0.49206313490867615,4.023428916931152,14.768754117778485,1.1073325848312598,3.9447527032524157
179.63229494479953,-1.316995260218563,6.9350073874498825,0.09583671391010284,0.4813937842845917,4.015130043029785,15.060512478364757,1.316994833331744,4.068258318258701
179.96278047797978,-1.3622833657596407,6.909940593195936,0.09759052842855453,0.47886982560157776,4.005985736846924,15.390998011545008,1.3622829388728217,4.093325112512648
-179.88951986894222,-1.4647894275671214,7.074042291307839,0.10335800051689148,0.4902726411819458,4.00368070602417,15.538697664622987,1.4647890006803024,3.929223414400745
179.9985570088523,-1.3059588021229478,6.922901304032858,0.09264197945594788,0.480874240398407,4.009474277496338,15.426774542417519,1.3059583752361288,4.080364401675726
179.88591352906045,-1.0342745307650116,6.903043809681515,0.07518988102674484,0.47982946038246155,4.01250696182251,15.314131062625677,1.0342741038781926,4.100221896027069
-179.70506378021685,-1.1608803371331122,6.438189245620086,0.08113844692707062,0.44679659605026245,4.017025947570801,15.723153753348356,1.1608799102462932,4.565076460088497
-179.488369198609,-1.1716306925352284,6.552079234935464,0.07906220853328705,0.4572356343269348,4.014206886291504,15.939848334956196,1.1716302656484094,4.45118647077312
-179.52391350304976,-1.0307584032790176,6.573116217579104,0.06871746480464935,0.45766666531562805,4.017444133758545,15.904304030515505,1.0307579763921986,4.43014948812948
-179.58759818687096,-0.8062259259979045,6.546431095378687,0.054932426661252975,0.45558875799179077,4.016152381896973,15.840619346694268,0.8062254991110857,4.456834610329897

Errors:
rotation,[18.693341988237375, 18.844376833259233, 21.216401895024013, 21.10256547260857, 20.36081897411424, 19.8505610878818, 19.63750470335, 19.665375754366067, 18.554124252477553, 17.749432148437148, 17.618095782409664, 17.96185113995903, 18.352022232938573, 20.087227423931136, 20.150395546581706, 19.80240411911948, 19.736603079244542, 19.536825698312917, 18.747146113536356, 18.795545826118886, 18.871780782549678, 18.389374480500862, 18.854234104621902, 19.576730064346954, 19.89990765511361, 19.864947604297246, 19.82083940586216, 20.445765629955204, 20.84660606293048, 20.932710079704034, 20.813097319329376, 20.44862706253094, 21.44911012368315, 21.562665071377726, 21.365211495037183, 21.10367945613525]
translation,[0.19962134480110283, 0.1857723264014961, 0.10423738718039832, 0.01348531926007901, 0.002061957205586218, 0.002177084807619245, 0.016079748605120514, 0.02118351452377709, 0.01934537616314458, 0.012933184796700914, 0.011836317036160615, 0.011639862736351425, 0.02398162111562474, 0.025431146098544133, 0.013737880284958592, 0.011753726562665712, 0.0027321012536134504, 0.008370435494827966, 0.02614153547290954, 0.003487666915953369, 0.006596297601642931, 0.004137047294495488, 0.00810351469959869, 0.0025722718854348514, 0.014639585920984466, 0.013010464366340457, 0.023169219463762936, 0.01389197735900538, 0.004557154379877915, 0.003782414928756417, 0.008141645273234133, 0.010665495128863611, 0.011482643770568401, 0.009808140914047137, 0.012883738325210281, 0.011154938015770277]
loss,
[0.0678543671965599, 0.06003239005804062, 0.045565083622932434, 0.03496206924319267, 0.04068560153245926, 0.021361548453569412, 0.027453815564513206, 0.03699645400047302, 0.03621901199221611, 0.029651885852217674, 0.03389700502157211, 0.03707819804549217, 0.03253715857863426, 0.03810995817184448, 0.0334915816783905, 0.037155427038669586, 0.03395834565162659, 0.033820055425167084, 0.027058249339461327, 0.03417964279651642, 0.03101493790745735, 0.025597576051950455, 0.026782844215631485, 0.03221684694290161, 0.03573160991072655, 0.02931324951350689, 0.032010070979595184, 0.03440946340560913, 0.03336025029420853, 0.032849498093128204, 0.03185263276100159, 0.03851064294576645, 0.037424053996801376, 0.02684137225151062, 0.0357329323887825, 0.0370883010327816]

2022-04-21 13:24:13.433019