2022-04-21 14:44:07.593448

reference phi, theta, psi, translation: 175.36684180812657, -0.0, 39.4597479484966, 0.2069414258003235, 2.553555727005005, 3.112318754196167

phi,theta,psi,rot_x,rot_y,rot_z,phi_err,theta_err,psi_err
-174.60268024378553,2.426304892454245,32.24175771288345,-0.3459881842136383,2.1274664402008057,3.6064906120300293,10.030477948087878,2.426304892454245,7.217990235613151
-174.21711606513833,2.0624643160378926,31.729257883606127,-0.3421943485736847,2.095782518386841,3.6190743446350098,10.416042126735078,2.0624643160378926,7.730490064890471
-173.2442239197617,0.6317843024483306,29.966331417312478,-0.31353116035461426,2.001910924911499,3.6442389488220215,11.388934272111726,0.6317843024483306,9.49341653118412
-172.86367309996527,0.07269210073590222,29.406525697843648,-0.2729445993900299,1.9812257289886475,3.6601381301879883,11.769485091908166,0.07269210073590222,10.05322225065295
-172.55800847422887,0.7744971872289692,28.077936083512984,-0.3243614435195923,1.8926501274108887,3.6863760948181152,12.075149717644535,0.7744971872289692,11.381811864983614
-173.3661701172031,1.7584151304060196,28.353551291995924,-0.35167551040649414,1.8947534561157227,3.6771531105041504,11.266988074670337,1.7584151304060196,11.106196656500675
-174.2591627096689,2.7138578572245637,27.490939380958334,-0.38165727257728577,1.8436229228973389,3.66800594329834,10.37399548220452,2.7138578572245637,11.968808567538264
-175.28339055684734,3.7133088629007713,27.1593593099636,-0.4095517694950104,1.8207340240478516,3.651712417602539,9.349767635026069,3.7133088629007713,12.300388638532997
-176.99043241535196,4.9440620152437456,29.05566571036926,-0.4318709075450897,1.9570854902267456,3.5434017181396484,7.642725776521502,4.9440620152437456,10.404082238127337
-178.70524702913204,5.779011472729474,31.55732836181857,-0.4233502745628357,2.124697208404541,3.4340057373046875,5.927911162741395,5.779011472729474,7.902419586678029
-178.3260895679263,5.237768182438203,33.58033818642255,-0.3930054008960724,2.229280948638916,3.3882782459259033,6.307068623947146,5.237768182438203,5.879409762074047
179.59804837630108,5.7082098124093115,36.5589631928976,-0.3228459060192108,2.405620574951172,3.222163438796997,4.231206568174514,5.7082098124093115,2.9007847555989983
178.19164412430376,3.6778067263857666,38.4714776322037,-0.12922623753547668,2.4988157749176025,3.133739948272705,2.8248023161771982,3.6778067263857666,0.9882703162928976
176.44133984759628,0.7998139125640367,39.21139885518035,0.11412379890680313,2.5247995853424072,3.093161106109619,1.0744980394697166,0.7998139125640367,0.24834909331625
175.2701399898575,0.3147087068338462,39.192646570814084,0.1927504539489746,2.531203269958496,3.1130216121673584,0.09670181826905377,0.3147087068338462,0.26710137768251485
175.32898889974635,-0.035420782152453326,39.59339425998624,0.21227943897247314,2.5585200786590576,3.1049818992614746,0.03785290838021638,0.035420782152453326,0.1336463114896418
175.28717448164753,-0.006133686987472117,39.541669237401734,0.21170029044151306,2.554443597793579,3.10749888420105,0.07966732647903996,0.006133686987472117,0.08192128890513573
175.37591229934435,0.02699630663910398,39.39339607580451,0.20577558875083923,2.5459439754486084,3.1126835346221924,0.009070491217784138,0.02699630663910398,0.06635187269208842
175.45323004074888,0.12230377726171611,39.40053362348718,0.19697092473506927,2.546682834625244,3.1114113330841064,0.08638823262231199,0.12230377726171611,0.05921432500942103
175.33681629653518,0.10742943359671399,39.57187574900612,0.20273302495479584,2.5568506717681885,3.1046040058135986,0.030025511591389886,0.10742943359671399,0.1121278005095192
175.4178360004699,0.11887400108874387,39.420129436215944,0.19845937192440033,2.54770827293396,3.111821413040161,0.050994192343324585,0.11887400108874387,0.03961851228065427
175.26856904634843,-0.005214790863765506,39.374449131046894,0.213217630982399,2.544801712036133,3.115175724029541,0.0982727617781336,0.005214790863765506,0.08529881744970425
175.38746897942,0.09487248642192443,39.512371140956965,0.20344696938991547,2.552290678024292,3.1066534519195557,0.020627171293426727,0.09487248642192443,0.0526231924603664
175.29166874612142,0.12275029582201755,39.545545369755715,0.20562639832496643,2.5543594360351562,3.1049673557281494,0.07517306200514895,0.12275029582201755,0.08579742125911594
175.3630715437047,-0.005917187873069244,39.44461566439044,0.20795151591300964,2.547757625579834,3.109539031982422,0.0037702644218597925,0.005917187873069244,0.015132284106158522
175.48540023173965,0.1671299308833945,39.32079116492728,0.19280625879764557,2.543485641479492,3.1146085262298584,0.11855842361308078,0.1671299308833945,0.13895678356931995
175.33336022081517,-0.011081884628548125,39.53974653915038,0.2103789746761322,2.553208827972412,3.1049816608428955,0.03348158731139961,0.011081884628548125,0.0799985906537799
175.40174407478534,0.1359397036054832,39.49578402655759,0.19893217086791992,2.5527772903442383,3.108863592147827,0.034902266658775716,0.1359397036054832,0.036036078060988075
175.34680203310174,0.14818587184951273,39.49152540361008,0.2006375789642334,2.5520806312561035,3.108700752258301,0.020039775024827122,0.14818587184951273,0.03177745511348462
175.39457237615682,0.07921720946101445,39.46888674160608,0.20132721960544586,2.5505471229553223,3.1093122959136963,0.027730568030250424,0.07921720946101445,0.009138793109478627
175.35763471312538,0.07536761617456332,39.4314129087248,0.20391462743282318,2.547722578048706,3.1094958782196045,0.009207095001187326,0.07536761617456332,0.028335039771796744
175.33430278692063,0.17496969752810884,39.502426385525425,0.20020389556884766,2.5523171424865723,3.1065118312835693,0.03253902120593466,0.17496969752810884,0.04267843702882601
175.50136921401915,0.19291522537048983,39.394277170207445,0.19049912691116333,2.547269344329834,3.113722324371338,0.13452740589258383,0.19291522537048983,0.06547077828915349
175.3323766735747,0.04715099313571333,39.52122989631047,0.20685429871082306,2.5529417991638184,3.1055846214294434,0.03446513455187983,0.04715099313571333,0.06148194781387417
175.43308098269736,0.12534341977763364,39.418401398355925,0.19850489497184753,2.5482213497161865,3.1124446392059326,0.06623917457079642,0.12534341977763364,0.041346550140673344
175.38215509224574,0.09060024589224093,39.440199947092026,0.2020646184682846,2.5489015579223633,3.1107449531555176,0.015313284119173431,0.09060024589224093,0.0195480014045728

Errors:
rotation,[19.674773076155276, 20.208996507663443, 21.514135105744177, 21.895399443297016, 24.23145876985712, 24.13159986157703, 25.05666190696735, 25.363465136459837, 22.990870029892584, 19.609342222148896, 17.424246568459395, 12.840201136182824, 7.490879358855862, 2.122661045350003, 0.6785119027854148, 0.20692000202231148, 0.1677223023716478, 0.10241867054897653, 0.2679063348934491, 0.24958274569762307, 0.2094867057127227, 0.18878637009160334, 0.16812285017571754, 0.28372077908628246, 0.024819736401087557, 0.42464513806579524, 0.12456206259372762, 0.20687804832524698, 0.20000310198782448, 0.1160865706007435, 0.11290975094754739, 0.25018715576286954, 0.39291340955222714, 0.14309807550146733, 0.2329291444891034, 0.12546153141598715]
translation,[0.170370405351016, 0.16495273030713342, 0.13857459686512197, 0.13976619237927945, 0.1253965909910404, 0.12040357794597689, 0.09184041164926349, 0.06982333151090092, 0.039791440009482315, 0.029161688916634176, 0.043742490268074086, 0.002923359510443646, 0.02100342392009491, 0.03672238753968937, 0.014283512984498259, 0.002233179880653857, 0.0029098148162916004, 0.0045951945453994725, 0.0055516663255028575, 0.0040762997075995955, 0.004512870583632811, 0.0030030480734115628, 0.005352624534096684, 0.005230590355104425, 0.0057660196709976574, 0.005302238454373054, 0.005703913537162819, 0.0035639641065783323, 0.004046590299845221, 0.0045116094313018, 0.006028068735621339, 0.0056077251958113195, 0.0037056147297445108, 0.005590805914347463, 0.003704357177223727, 0.004410136412234422]
loss,
[0.12217875570058823, 0.10513782501220703, 0.1163683757185936, 0.11260044574737549, 0.08848188817501068, 0.11383986473083496, 0.07884696871042252, 0.08505111187696457, 0.08121729642152786, 0.06704378128051758, 0.055979833006858826, 0.041622262448072433, 0.019443800672888756, 0.007379661314189434, 0.003239146899431944, 0.00148511934094131, 0.001312031177803874, 0.0014162804000079632, 0.001564143574796617, 0.001942798844538629, 0.001489932183176279, 0.0019519985653460026, 0.0014212913811206818, 0.0016846077051013708, 0.0017592636868357658, 0.001578441821038723, 0.0022546974942088127, 0.0010349925141781569, 0.0012441850267350674, 0.002119145356118679, 0.0008673527045175433, 0.0016499673947691917, 0.0021324986591935158, 0.0012982655316591263, 0.0018956450512632728, 0.0009375404915772378]

2022-04-21 14:46:42.869402