2022-04-21 13:24:17.986207

reference phi, theta, psi, translation: 16.672973292337613, -0.0, 55.56417970941693, 0.9538894295692444, -3.184936285018921, 2.279534101486206

phi,theta,psi,rot_x,rot_y,rot_z,phi_err,theta_err,psi_err
26.607018987257597,-4.879078348390559,61.415046110949504,1.4386786222457886,-3.2383759021759033,2.121750593185425,9.934045694919984,4.879078348390559,5.850866401532571
25.729558244964398,-4.8159701599896705,60.38148139517566,1.3607683181762695,-3.251941204071045,2.1594181060791016,9.056584952626785,4.8159701599896705,4.8173016857587285
25.521085503569978,-5.2205210781963345,56.30917917804149,1.2465946674346924,-3.194202184677124,2.311962604522705,8.848112211232365,5.2205210781963345,0.744999468624556
22.612005483223996,-1.3564277991366929,55.26506523509457,1.2470080852508545,-3.1170151233673096,2.3593411445617676,5.939032190886383,1.3564277991366929,0.2991144743223657
18.63112876322503,1.77306070163524,54.65944943686246,1.1316518783569336,-3.122821569442749,2.369711399078369,1.9581554708874158,1.77306070163524,0.9047302725544739
16.570318964206905,-0.12607977083837682,55.686187378560874,0.9489374756813049,-3.2089998722076416,2.281838893890381,0.10265432813070774,0.12607977083837682,0.12200766914394023
16.637039667114173,-0.04557107945661204,55.09508231722046,0.9456561207771301,-3.1622066497802734,2.3022775650024414,0.035933625223439236,0.04557107945661204,0.46909739219647406
16.749765109176064,0.09449961215303805,55.64202337538757,0.964096188545227,-3.18168568611145,2.272927761077881,0.07679181683845115,0.09449961215303805,0.07784366597064007
16.706902257039648,-0.06112328459803003,55.49427613835644,0.9540160894393921,-3.177391767501831,2.283696413040161,0.0339289647020351,0.06112328459803003,0.06990357106049316
16.659492206463298,-0.04607251781692448,55.67375643427145,0.9530397653579712,-3.185955286026001,2.272817373275757,0.013481085874314402,0.04607251781692448,0.10957672485452008
16.69731096389766,0.027257791664248732,55.46362566445601,0.9558767080307007,-3.176232099533081,2.2837882041931152,0.024337671560047625,0.027257791664248732,0.1005540449609228
16.653377479608846,-0.0346931724024859,55.57937346522563,0.9526151418685913,-3.1829230785369873,2.27642822265625,0.01959581272876676,0.0346931724024859,0.015193755808695641
16.624207449211013,-0.0057028720620053335,55.45008139933187,0.9513745307922363,-3.1784403324127197,2.284881591796875,0.04876584312659915,0.0057028720620053335,0.11409831008506188
16.742253608636343,-0.03968022734736949,55.621409864472476,0.9578872323036194,-3.1834990978240967,2.2754292488098145,0.06928031629873033,0.03968022734736949,0.0572301550555423
16.65554435712303,0.012383903895298717,55.6142518262223,0.9554996490478516,-3.183572292327881,2.275088310241699,0.017428935214581998,0.012383903895298717,0.05007211680536727
16.573865539933433,0.04616111924808173,55.46839313649668,0.9490995407104492,-3.1777219772338867,2.2821996212005615,0.0991077524041799,0.04616111924808173,0.09578657292025383
16.751083335685877,-0.016538942378149474,55.57244423831265,0.9589078426361084,-3.1790902614593506,2.27685546875,0.07811004334826421,0.016538942378149474,0.008264528895715273
16.64955257367364,0.059700062155236114,55.512785951007174,0.9547643661499023,-3.1780595779418945,2.2796242237091064,0.023420718663974327,0.059700062155236114,0.051393758409759016
16.70662392683097,0.06168863571499846,55.450276059723215,0.9588281512260437,-3.1755154132843018,2.2842836380004883,0.03365063449335892,0.06168863571499846,0.11390364969371802
16.617879278944997,-0.010378814958555693,55.513988064301095,0.9496178030967712,-3.181635618209839,2.279916763305664,0.05509401339261544,0.010378814958555693,0.05019164511583796
16.726974475463024,-0.032206416656551544,55.511559932051156,0.9568607211112976,-3.179518699645996,2.28094482421875,0.054001183125411245,0.032206416656551544,0.052619777365777054
16.63332575175298,-0.05442331366794708,55.56174474697782,0.9514991641044617,-3.1816813945770264,2.277139902114868,0.03964754058463171,0.05442331366794708,0.0024349624391106772
16.618348854450435,0.07820656069191437,55.45597926768018,0.9537757635116577,-3.1772103309631348,2.2816975116729736,0.054624437887177635,0.07820656069191437,0.10820044173675569
16.66704468813804,0.0446142777154267,55.54456340612066,0.9552707076072693,-3.1804490089416504,2.2791335582733154,0.005928604199571197,0.0446142777154267,0.019616303296274396
16.715322172738983,0.009550899718981678,55.46924691014293,0.9569152593612671,-3.176321506500244,2.282562494277954,0.04234888040137008,0.009550899718981678,0.09493279927400522
16.601536343808448,0.08215812460604198,55.514466177543,0.9539681673049927,-3.1796584129333496,2.278437852859497,0.07143694852916482,0.08215812460604198,0.0497135318739339
16.689136935008445,0.008731494543200406,55.52299025362717,0.9555463790893555,-3.1788253784179688,2.2787225246429443,0.0161636426708327,0.008731494543200406,0.04118945578976252
16.727426975495536,-0.010502982100003342,55.64627858324049,0.9587942361831665,-3.1849358081817627,2.273512840270996,0.05445368315792365,0.010502982100003342,0.08209887382355419
16.705365464476397,0.0760866549536147,55.48294143942881,0.9591560363769531,-3.177107334136963,2.281916618347168,0.03239217213878476,0.0760866549536147,0.08123826998812689
16.712060757410303,0.00879427914456185,55.445327587669546,0.9560934901237488,-3.1757616996765137,2.2840282917022705,0.03908746507269001,0.00879427914456185,0.11885212174738768
16.649873592564628,-0.025679437071188804,55.54778384031432,0.9523459672927856,-3.1818840503692627,2.2780141830444336,0.02309969977298465,0.025679437071188804,0.0163958691026167
16.67615274539625,0.0025188000689217254,55.54211478330321,0.9547567367553711,-3.1800057888031006,2.2784876823425293,0.0031794530586388703,0.0025188000689217254,0.02206492611372113
16.714533285889846,0.03251518965211679,55.52224576300764,0.958250880241394,-3.178478717803955,2.279444694519043,0.04155999355223372,0.03251518965211679,0.041933946409294265
16.622928496288928,0.040152674828971564,55.55342216147417,0.9537568092346191,-3.180481195449829,2.277564764022827,0.0500447960486845,0.040152674828971564,0.010757547942766621
16.520680564413837,0.10617213013950443,55.468249702524105,0.9501460194587708,-3.1782453060150146,2.2819671630859375,0.15229272792377557,0.10617213013950443,0.0959300068928286
16.494840251236386,0.0410114204506493,55.49175238345812,0.9463171362876892,-3.1801483631134033,2.2810325622558594,0.1781330411012263,0.0410114204506493,0.07242732595881307

Errors:
rotation,[20.663990444843115, 18.689856798375185, 14.813632758053256, 7.594574464345442, 4.6359464450771295, 0.3507417681130248, 0.5506020968765253, 0.24913509496212927, 0.16495582036055828, 0.16913032854575896, 0.15214950818521916, 0.0694827409399483, 0.16856702527366638, 0.1661906987016421, 0.079884955915248, 0.24105544457251546, 0.10291351462212896, 0.13451453922896944, 0.2092429199020754, 0.11566447346700909, 0.13882737714773985, 0.09650581669168948, 0.2410314403158477, 0.07015918521127229, 0.14683257939435698, 0.20330860500914072, 0.06608459300379563, 0.14705553908148117, 0.18971709708052636, 0.16673386596463954, 0.06517500594679015, 0.027763179241281723, 0.11600912961364478, 0.10095501882042268, 0.3543948649561086, 0.2915717875106887]
translation,[0.09908907901583852, 0.10286419145983317, 0.10433930314022533, 0.07219943087613334, 0.04908959318215533, 0.019173750025768044, 0.0069148543047834465, 0.003871001893389625, 0.00356949573758758, 0.0031896010487466597, 0.0039910208764029065, 0.003648212258210215, 0.0026948819256187306, 0.002507172050205675, 0.0032089350470538847, 0.005319376627088701, 0.004940842857094729, 0.00517254382196608, 0.0035736108377744102, 0.0034000199154302635, 0.0027754898549741114, 0.004490898582995229, 0.004902685075245827, 0.0034436957443366722, 0.00436879151193903, 0.004770465725472128, 0.004892901190152621, 0.0022378082246437003, 0.003581870769214568, 0.0041743836101835186, 0.0036361471335037976, 0.004281042610025487, 0.004115102012928418, 0.004664663869334618, 0.004791218974935951, 0.004719880953188316]
loss,
[0.1925818920135498, 0.16125339269638062, 0.11617638915777206, 0.05888386070728302, 0.02645919844508171, 0.007687389850616455, 0.002669652458280325, 0.0017050027381628752, 0.002816061954945326, 0.003452285658568144, 0.002083638682961464, 0.0011753884609788656, 0.0010742286685854197, 0.0019799028523266315, 0.001804803847335279, 0.002367529086768627, 0.00114819232840091, 0.0014078406384214759, 0.0013392451219260693, 0.0022063697688281536, 0.001099989516660571, 0.0016310662031173706, 0.0018773193005472422, 0.001622095238417387, 0.0010657538659870625, 0.001342968549579382, 0.00174139894079417, 0.0021583486814051867, 0.001416334300301969, 0.0012429350754246116, 0.0025794617831707, 0.001206051092594862, 0.001315956236794591, 0.0011147989425808191, 0.0016801527235656977, 0.0019481400959193707]

2022-04-21 13:27:31.526722