2022-04-21 05:07:59.042072

reference phi, theta, psi, translation: -33.091320547511735, -0.0, 74.32085247222868, -2.1190009117126465, -3.251617431640625, 1.089412808418274

phi,theta,psi,rot_x,rot_y,rot_z,phi_err,theta_err,psi_err
-22.822884158753556,1.294954214858955,81.82337814338081,-1.5357718467712402,-3.6827800273895264,0.7731812596321106,10.268436388758179,1.294954214858955,7.502525671152128
-23.003692926462133,1.5650857763851576,81.89350369558932,-1.5420132875442505,-3.6838736534118652,0.7654486298561096,10.087627621049602,1.5650857763851576,7.572651223360637
-25.838793460360414,5.125006348816205,81.36006592141133,-1.6507960557937622,-3.641000270843506,0.7382656335830688,7.252527087151321,5.125006348816205,7.039213449182654
-30.326518028098516,10.639763701353251,80.14507089071444,-1.8717589378356934,-3.5489420890808105,0.6908676624298096,2.7648025194132195,10.639763701353251,5.824218418485756
-29.922399640570955,5.226402288652132,79.7326094271157,-1.9483617544174194,-3.4936916828155518,0.7374787330627441,3.16892090694078,5.226402288652132,5.411756954887025
-32.511085732235394,1.239652616603097,75.98681074287566,-2.104832649230957,-3.3284213542938232,0.9843363761901855,0.5802348152763415,1.239652616603097,1.665958270646982
-32.91321653471448,-0.006218843036788414,73.7225210707464,-2.105073928833008,-3.2556753158569336,1.1283197402954102,0.17810401279725596,0.006218843036788414,0.5983314014822838
-33.115174983188,-0.11120389180616486,74.09513521072726,-2.1175649166107178,-3.244809150695801,1.1067960262298584,0.023854435676263108,0.11120389180616486,0.22571726150141558
-33.13347647506905,0.026268158635108094,74.28933797939824,-2.1176815032958984,-3.246293544769287,1.0898350477218628,0.04215592755731734,0.026268158635108094,0.03151449283043917
-33.15045291025112,0.012449354090229257,74.34137719068457,-2.117560386657715,-3.2442169189453125,1.0864406824111938,0.05913236273938338,0.012449354090229257,0.020524718455888546
-33.17714187443294,-0.0360285024486234,74.3403663226874,-2.1193528175354004,-3.241611957550049,1.0858325958251953,0.08582132692120581,0.0360285024486234,0.019513850458722004
-33.24750306816783,-0.03842085607048007,74.35766719185504,-2.1234912872314453,-3.2370519638061523,1.0844310522079468,0.1561825206560954,0.03842085607048007,0.03681471962636351
-33.175581176207594,-0.025288062657829707,74.32707477456256,-2.118813991546631,-3.241243839263916,1.0865662097930908,0.08426062869585849,0.025288062657829707,0.006222302333881657
-33.16213253373184,-0.014752734822878196,74.33450602037954,-2.1173884868621826,-3.242180347442627,1.0869966745376587,0.07081198622010731,0.014752734822878196,0.013653548150855954
-33.25014293628204,-0.037347094223714405,74.28903062088558,-2.122229814529419,-3.238386392593384,1.0895676612854004,0.15882238877030375,0.037347094223714405,0.03182185134309634
-33.18072089355803,-1.5798506692836943e-05,74.35376715383897,-2.118835687637329,-3.2420573234558105,1.0858129262924194,0.08940034604629687,1.5798506692836943e-05,0.03291468161029343
-33.240987067699635,-0.011854515414547467,74.40467938391224,-2.1218619346618652,-3.2393126487731934,1.0814063549041748,0.14966652018789972,0.011854515414547467,0.08382691168355905
-33.15636102388318,-0.03235736721619553,74.31661775494327,-2.1169586181640625,-3.240414619445801,1.08780038356781,0.06504047637144339,0.03235736721619553,0.004234717285413581
-33.05396965803552,-0.05268133374545783,74.30786828261648,-2.111133575439453,-3.244666337966919,1.088504433631897,0.03735088947621534,0.05268133374545783,0.012984189612197383
-33.22908887816548,-0.06591269822259624,74.33614526578033,-2.1216912269592285,-3.2383639812469482,1.0861773490905762,0.13776833065374205,0.06591269822259624,0.015292793551651584
-33.19831887595457,-0.04405624383944308,74.35042036114567,-2.1202855110168457,-3.2407052516937256,1.0850844383239746,0.10699832844283463,0.04405624383944308,0.029567888916986362
-33.18162247852847,-0.020350652254075022,74.3255379819993,-2.117750644683838,-3.240788698196411,1.087341070175171,0.09030193101673234,0.020350652254075022,0.004685509770624208
-33.203291253670336,-0.024148091739884945,74.31362613208681,-2.119349241256714,-3.240497350692749,1.0878932476043701,0.11197070615860127,0.024148091739884945,0.007226340141869514
-33.2012046308789,-0.026391021331739803,74.34146598314378,-2.1200664043426514,-3.2406809329986572,1.0859246253967285,0.10988408336716304,0.026391021331739803,0.020613510915097777
-33.18138683700211,-0.03718698254253978,74.34846692704303,-2.119138717651367,-3.2413129806518555,1.0852092504501343,0.09006628949037321,0.03718698254253978,0.027614454814354872
-33.150388023454,-0.027287598214790508,74.35086432344171,-2.1166043281555176,-3.2417337894439697,1.0849814414978027,0.059067475942264025,0.027287598214790508,0.030011851213032514
-33.24427921887958,-0.00433808622601629,74.33294873724877,-2.1217703819274902,-3.2388904094696045,1.0862282514572144,0.15295867136784835,0.00433808622601629,0.012096265020090868
-33.161825175219185,-0.041497295899296585,74.342278775655,-2.1179006099700928,-3.241898775100708,1.0861568450927734,0.07050462770745014,0.041497295899296585,0.02142630342632401
-33.17325549679521,-0.0233308952745727,74.3501608139572,-2.118889093399048,-3.2417378425598145,1.0855295658111572,0.08193494928347178,0.0233308952745727,0.029308341728523146
-33.21560608474387,-0.018119309414238543,74.33569447329512,-2.1206953525543213,-3.2403945922851562,1.086544394493103,0.12428553723213298,0.018119309414238543,0.014842001066440957
-33.23934782229883,-0.047767843582717115,74.30905673553207,-2.1217761039733887,-3.2372844219207764,1.0874621868133545,0.14802727478709699,0.047767843582717115,0.01179573669661238
-33.190238762166445,-0.039242567259448254,74.36761877747576,-2.1190881729125977,-3.23964524269104,1.0837125778198242,0.0989182146547094,0.039242567259448254,0.04676630524707548
-33.24787872857218,-0.05856248034550172,74.34453956827028,-2.122596502304077,-3.237858533859253,1.0856014490127563,0.15655818106044705,0.05856248034550172,0.023687096041598465
-33.17276713826955,-0.034319267524712795,74.31846190601917,-2.118453025817871,-3.2402215003967285,1.0874412059783936,0.08144659075781391,0.034319267524712795,0.0023905662095131675
-33.214926480921456,-0.022485577024760395,74.34354919084063,-2.1199071407318115,-3.2400524616241455,1.0856364965438843,0.12360593340972059,0.022485577024760395,0.02269671861195377
-33.21235149960436,-0.031154989133756965,74.3154497925952,-2.1205861568450928,-3.2389109134674072,1.087082862854004,0.12103095209262449,0.031154989133756965,0.005402679633476737

Errors:
rotation,[19.06591627476926, 19.225364620795396, 19.416746885150182, 19.228784639252225, 13.807080150479937, 3.4858457025264205, 0.7826542573163282, 0.36077558898384354, 0.0999385790228646, 0.09210643528550119, 0.14136367982855122, 0.23141809635293897, 0.11577099368756985, 0.09921826919384147, 0.2279913343371145, 0.12233082616328314, 0.24534794728600623, 0.1016325608730525, 0.10301641283387056, 0.21897382242798988, 0.18062246119926406, 0.11533809304143157, 0.14334513804035573, 0.15688861561400064, 0.15486772684726785, 0.11636692537008705, 0.1693930226139555, 0.13342822703307072, 0.13457418628656764, 0.15724684771281247, 0.2075908550664265, 0.18492708716123313, 0.23880775744754723, 0.11815642449203986, 0.16878822904643476, 0.1575886208598582]
translation,[0.03326186669987141, 0.03515205764819651, 0.03421805743804729, 0.040206107987964756, 0.036532483448776354, 0.02813537376528874, 0.006675280338115819, 0.0015055677052160377, 0.0048730318071816825, 0.0075287804591424035, 0.00884894551923221, 0.010717163840643806, 0.009231382382363762, 0.00911095651874927, 0.008920220744278673, 0.008767749108606893, 0.010571305761173377, 0.01054318031724133, 0.009986565054291852, 0.010139552951724973, 0.009289945926489906, 0.009948856770017223, 0.009192157328401507, 0.009198279268925802, 0.00937094879286704, 0.01042799967808783, 0.009660062603989772, 0.00929517500823529, 0.009073601294916855, 0.00893002739158888, 0.010616814524168738, 0.011145306450242032, 0.010224342465714464, 0.010008890790198066, 0.009866411703790767, 0.010037274275004116]
loss,
[0.21732072532176971, 0.2237115204334259, 0.1952294558286667, 0.12930870056152344, 0.07674941420555115, 0.024234473705291748, 0.008924942463636398, 0.003021332435309887, 0.002310672774910927, 0.0015025611501187086, 0.0016998000210151076, 0.002085960004478693, 0.0025156596675515175, 0.0019167655846104026, 0.0020876245107501745, 0.002185995690524578, 0.001778984209522605, 0.0018272030865773559, 0.0026471789460629225, 0.0018756990320980549, 0.0016992862801998854, 0.0018381283152848482, 0.0014036630745977163, 0.0016928969416767359, 0.001653621788136661, 0.002165702637284994, 0.0018841740675270557, 0.0017025312408804893, 0.0018074025865644217, 0.001415675738826394, 0.0016917873872444034, 0.0014177578268572688, 0.0021320178639143705, 0.0022922465577721596, 0.0020466893911361694, 0.0015458314446732402]

2022-04-21 05:19:39.026821