2022-04-21 05:19:43.456753

reference phi, theta, psi, translation: 175.36684180812657, -0.0, 39.4597479484966, 0.2069414258003235, 2.553555727005005, 3.112318754196167

phi,theta,psi,rot_x,rot_y,rot_z,phi_err,theta_err,psi_err
-174.60268024378553,2.426304892454245,32.24175771288345,-0.3459881842136383,2.1274664402008057,3.6064906120300293,10.030477948087878,2.426304892454245,7.217990235613151
-173.6822712719913,1.3116752317538674,33.24207306777767,-0.33439841866493225,2.20316481590271,3.552774429321289,10.950886919882123,1.3116752317538674,6.217674880718931
-174.4500391762141,1.492703844898655,34.87962116657198,-0.3416428864002228,2.2925617694854736,3.4856889247894287,10.183119015659372,1.492703844898655,4.580126781924619
-175.10669356301912,1.3346517463619971,36.73411314887882,-0.3147467374801636,2.408313035964966,3.4027109146118164,9.526464628854342,1.3346517463619971,2.7256347996177794
-175.78983542342544,0.5379001359103552,38.2952075251986,-0.2448352873325348,2.501818895339966,3.330629825592041,8.84332276844799,0.5379001359103552,1.164540423298
-176.98943520773312,-0.36071003767191706,38.749599520112035,-0.13219234347343445,2.5300424098968506,3.294360399246216,7.643722984140311,0.36071003767191706,0.7101484283845636
-177.91857316128664,-1.1922814115871914,39.036388918077115,-0.04302036017179489,2.5452282428741455,3.2605600357055664,6.714585030586818,1.1922814115871914,0.4233590304194834
-179.66359087157653,-2.8555277519952114,40.354458333538666,0.12830480933189392,2.6034512519836426,3.180903911590576,4.969567320296903,2.8555277519952114,0.8947103850420675
176.23577847433558,-5.325332622525842,40.85717733192453,0.4491725564002991,2.594527006149292,3.0925633907318115,0.8689366662090094,5.325332622525842,1.3974293834279337
174.03379378781517,-2.4638427439825814,39.19716474095004,0.3930845260620117,2.5306198596954346,3.14115834236145,1.333048020311395,2.4638427439825814,0.2625832075465553
175.43757524717122,-0.44030517516478385,39.286988558724886,0.22770076990127563,2.5541539192199707,3.1346936225891113,0.07073343904465901,0.44030517516478385,0.1727593897717128
175.3810212808435,0.21311263281914739,39.42337719116628,0.19425511360168457,2.5519909858703613,3.1123852729797363,0.01417947271693265,0.21311263281914739,0.03637075733031736
175.37846679009394,0.017848269981832664,39.5076480651459,0.2045777291059494,2.550844430923462,3.1046974658966064,0.011624981967372605,0.017848269981832664,0.04790011664930205
175.32651637126682,0.029979647194267992,39.485781214518106,0.2088041603565216,2.550914764404297,3.1074113845825195,0.04032543685974588,0.029979647194267992,0.026033266021507018
175.4279856615765,0.013302996731955329,39.513457141035,0.20340530574321747,2.5531554222106934,3.1074728965759277,0.06114385344994844,0.013302996731955329,0.05370919253839901
175.32874301293623,0.041796647403233404,39.51091631066375,0.2072121798992157,2.551548719406128,3.105966329574585,0.03809879519033643,0.041796647403233404,0.0511683621671537
175.39846558398372,-0.03074833240574526,39.47527979866921,0.2070048749446869,2.5516767501831055,3.1089303493499756,0.03162377585715603,0.03074833240574526,0.01553185017261427
175.38675863974632,0.06159296550030151,39.468391552891255,0.20340266823768616,2.552156448364258,3.11102294921875,0.019916831619752884,0.06159296550030151,0.008643604394656279
175.35158316552076,-0.04816230384612188,39.57237093772094,0.21083371341228485,2.5555899143218994,3.1039419174194336,0.015258642605800787,0.04816230384612188,0.11262298922434155
175.3777018089069,0.015577205677753083,39.48027608204708,0.2054523378610611,2.5503931045532227,3.106844663619995,0.010860000780326118,0.015577205677753083,0.02052813355047789
175.32758188077733,-0.02896088013232926,39.626858771824715,0.211539626121521,2.557758092880249,3.099836826324463,0.03925992734923511,0.02896088013232926,0.167110823328116
175.34814075017908,-0.021230132460150056,39.466666930125825,0.20903976261615753,2.549985647201538,3.108458995819092,0.01870105794748156,0.021230132460150056,0.0069189816292265505
175.37634943145122,0.012727226695383686,39.48379021437505,0.20640063285827637,2.551327705383301,3.1082236766815186,0.009507623324651604,0.012727226695383686,0.024042265878449598
175.39688098009628,0.059722105516575606,39.545026275378795,0.2018967717885971,2.5549545288085938,3.104992151260376,0.030039171969718836,0.059722105516575606,0.08527832688219661
175.3671969779634,0.017748280977789375,39.517944575319696,0.20685434341430664,2.5532684326171875,3.1068291664123535,0.0003551698368369216,0.017748280977789375,0.05819662682309712
175.35732052442356,-0.009759457000281021,39.51531495248924,0.2083657830953598,2.5521016120910645,3.105724811553955,0.009521283703008976,0.009759457000281021,0.05556700399264258
175.39783720658008,0.03300392823226135,39.48661791269143,0.2037816047668457,2.551690101623535,3.1080949306488037,0.030995398453512735,0.03300392823226135,0.02686996419483023
175.36072195863022,-0.0034562370041993818,39.48304572375552,0.20798300206661224,2.551084041595459,3.1073927879333496,0.006119849496343477,0.0034562370041993818,0.023297775258917852
175.3377042211273,0.034257173564715804,39.54983814364907,0.2071448266506195,2.5545389652252197,3.104091167449951,0.02913758699926916,0.034257173564715804,0.09009019515247019
175.39832898020032,0.03326330156518123,39.48689453535282,0.20321078598499298,2.552309513092041,3.1079297065734863,0.031487172073752845,0.03326330156518123,0.027146586856218846
175.33427546616394,0.0051299230494246595,39.52767759488696,0.20834103226661682,2.553528308868408,3.105926036834717,0.03256634196262098,0.0051299230494246595,0.06792964639036114
175.35629599604806,0.009632417287241152,39.49023449785695,0.2070850133895874,2.551527738571167,3.1072070598602295,0.010545812078504468,0.009632417287241152,0.03048654936035433
175.38339818667467,0.035055557832123725,39.54835599259918,0.2049160748720169,2.5548970699310303,3.104546546936035,0.016556378548102657,0.035055557832123725,0.08860804410257828
175.3948729044803,0.06273695690010683,39.496914422865224,0.20240341126918793,2.551499605178833,3.106940984725952,0.028031096353743123,0.06273695690010683,0.0371664743686253
175.3970175838797,-0.006391373035500592,39.512125254146845,0.2065325826406479,2.552065134048462,3.1062543392181396,0.030175775753122025,0.006391373035500592,0.05237730565024634
175.3426629384647,-0.025114253697903304,39.5666404090073,0.20994353294372559,2.5550432205200195,3.103898048400879,0.024178869661852787,0.025114253697903304,0.1068924605107

Errors:
rotation,[19.674773076155276, 18.48023703235492, 16.255949642482648, 13.586751174834118, 10.545763327656346, 8.71458145019679, 8.330225472593494, 8.719805457334182, 7.591698672162785, 4.059473971840532, 0.6837980039811556, 0.2636628628663974, 0.07737336859850732, 0.09633835007552088, 0.1281560427203028, 0.13106380476072355, 0.07790395843551556, 0.09015340151471067, 0.17604393567626422, 0.046965340008557094, 0.23533163080968036, 0.046850172036858165, 0.04627711589848489, 0.17503960436849106, 0.07630007763772342, 0.07484774469593258, 0.09086929088060432, 0.03287386175946071, 0.15348495571645515, 0.09189706049515292, 0.10562591140240679, 0.05066477872609995, 0.14021998048280465, 0.12793452762247526, 0.08894445443886896, 0.1561855838704561]
translation,[0.170370405351016, 0.16267179309266044, 0.15487004975226526, 0.14947863405462236, 0.14165646884314675, 0.12475854380324325, 0.10545059244115773, 0.08136071433503567, 0.030554898276759168, 0.021700806496941283, 0.018791416491210633, 0.0015711445605388619, 0.007721601736195183, 0.0053654443352204595, 0.004174131594034236, 0.0061611770693055234, 0.003803019430677068, 0.0020670304445680188, 0.004971095472242837, 0.006305923779827971, 0.006720322326418504, 0.005133081906634196, 0.004600707972961082, 0.005022619054265931, 0.004423490724466461, 0.005937461283349599, 0.004603848483063722, 0.005315040637644763, 0.005714529385724809, 0.004367656692884303, 0.004878792074439531, 0.005223499766512596, 0.005250179386696807, 0.0056847960606178916, 0.005646475335307599, 0.0053984301464558015]
loss,
[0.12835898995399475, 0.11659770458936691, 0.10677169263362885, 0.10677933692932129, 0.10677361488342285, 0.10212322324514389, 0.10299420356750488, 0.09762992709875107, 0.08742228150367737, 0.014558187685906887, 0.006974512245506048, 0.0023217247799038887, 0.001765717170201242, 0.0015522496541962028, 0.002009778283536434, 0.0021054050885140896, 0.0023562386631965637, 0.001956135733053088, 0.0016141070518642664, 0.0018494881223887205, 0.0020814600866287947, 0.002028932562097907, 0.0017783294897526503, 0.0018708811840042472, 0.0019952962175011635, 0.0018942421302199364, 0.0016757932025939226, 0.0016597460489720106, 0.002024258254095912, 0.0020989032927900553, 0.0017162681324407458, 0.0018124146154150367, 0.001866625971160829, 0.0021010790951550007, 0.0017720763571560383, 0.001759659731760621]

2022-04-21 05:29:09.458299