2022-04-27 09:18:45.297826

reference phi, theta, psi, translation: -33.091320547511735, -0.0, 74.32085247222868, -2.1190009117126465, -3.251617431640625, 1.089412808418274

phi,theta,psi,rot_x,rot_y,rot_z,phi_err,theta_err,psi_err
-22.822884158753556,1.294954214858955,81.82337814338081,-1.5357718467712402,-3.6827800273895264,0.7731812596321106,10.268436388758179,1.294954214858955,7.502525671152128
-23.223599404527157,1.5832965986099579,81.04029012484968,-1.5714442729949951,-3.6517248153686523,0.8111393451690674,9.867721142984578,1.5832965986099579,6.7194376526209965
-23.43216264592808,2.1820793021090528,79.63420006155417,-1.5718337297439575,-3.641231060028076,0.8828566074371338,9.659157901583654,2.1820793021090528,5.313347589325488
-22.51338950444006,2.4674178127889057,78.59088866583471,-1.5043329000473022,-3.642580270767212,0.9320706725120544,10.577931043071676,2.4674178127889057,4.270036193606032
-20.746373462380863,-0.04882178394101078,74.2737651480906,-1.4141744375228882,-3.615812301635742,1.1001639366149902,12.344947085130872,0.04882178394101078,0.047087324138075815
-20.720720979405588,1.2184010787805226,74.64421411810459,-1.3413255214691162,-3.6312108039855957,1.077652931213379,12.370599568106147,1.2184010787805226,0.3233616458759059
-23.80587644636533,2.1961762958517803,74.41870859246745,-1.516700267791748,-3.535066604614258,1.0720348358154297,9.285444101146407,2.1961762958517803,0.09785612023877377
-27.99498343604318,0.925715948823972,73.87191096827291,-1.783989667892456,-3.386315107345581,1.1026965379714966,5.096337111468554,0.925715948823972,0.4489415039557656
-31.26824060519778,0.6573889957073266,74.91761976039103,-1.999664306640625,-3.3074326515197754,1.0383540391921997,1.8230799423139565,0.6573889957073266,0.5967672881623542
-33.154165118065016,-0.22412462904334327,74.42802497049534,-2.1190268993377686,-3.238194227218628,1.0773441791534424,0.06284457055328119,0.22412462904334327,0.10717249826666375
-32.864486550081025,-0.035947771680789754,74.30973975444907,-2.103825569152832,-3.2556095123291016,1.0885307788848877,0.22683399743070964,0.035947771680789754,0.011112717779610648
-33.006212975358785,0.05838477023825747,74.29755469696977,-2.1117491722106934,-3.2490744590759277,1.08786940574646,0.08510757215294973,0.05838477023825747,0.023297775258910747
-32.75533671204963,0.08163882477653038,74.22483367287664,-2.0932750701904297,-3.256742477416992,1.0937588214874268,0.33598383546210187,0.08163882477653038,0.09601879935203783
-33.239880577054095,-0.050962689581844384,74.25420348630769,-2.123217821121216,-3.236934185028076,1.0919407606124878,0.14856002954235947,0.050962689581844384,0.06664898592099178
-32.88324907973105,0.10125712261043915,74.3879249298782,-2.1018049716949463,-3.2573180198669434,1.083682894706726,0.20807146778068386,0.10125712261043915,0.06707245764951608
-33.02187801422021,0.05453736712384597,74.26892254396907,-2.1084682941436768,-3.2459871768951416,1.0911637544631958,0.06944253329152161,0.05453736712384597,0.05192992825961085
-32.89801253362203,0.06144752832672658,74.39254213775713,-2.1037516593933105,-3.254214286804199,1.0834375619888306,0.19330801388970542,0.06144752832672658,0.0716896655284529
-32.8986340808365,-0.017368854764583393,74.17112106524365,-2.1011552810668945,-3.2476699352264404,1.0962766408920288,0.1926864666752337,0.017368854764583393,0.14973140698502618
-33.009450485025376,-0.055153283376392935,74.46274282204652,-2.112307548522949,-3.24983549118042,1.0775840282440186,0.08187006248635953,0.055153283376392935,0.14189034981784232
-32.9111845534364,0.07694625544924934,74.3909780244372,-2.104616165161133,-3.2542474269866943,1.0833549499511719,0.18013599407533576,0.07694625544924934,0.07012555220852335
-32.96308033075016,0.002307261558719844,74.31083258471627,-2.106717824935913,-3.2503209114074707,1.0890343189239502,0.1282402167615757,0.002307261558719844,0.010019887512413561
-32.85255420960101,0.06524944240787062,74.30439854651812,-2.100027561187744,-3.2535102367401123,1.0884441137313843,0.2387663379107252,0.06524944240787062,0.016453925710564477
-33.04935928034576,-0.10006487671490796,74.29789620642826,-2.1121768951416016,-3.244227170944214,1.0901321172714233,0.04196126716597348,0.10006487671490796,0.022956265800416986
-33.019910919739246,0.00013226194528649855,74.22755891835547,-2.1093523502349854,-3.2461864948272705,1.0942981243133545,0.07140962777248916,0.00013226194528649855,0.09329355387320959
-32.982300483074575,0.07750834131135866,74.27229665741906,-2.106660842895508,-3.2500391006469727,1.090946078300476,0.10902006443716061,0.07750834131135866,0.04855581480961746
-32.834843529083166,0.04297911266605742,74.29657114972927,-2.098254919052124,-3.2535741329193115,1.0899723768234253,0.2564770184285692,0.04297911266605742,0.024281322499405178
-32.95873633043803,0.013258182232409708,74.3048561691925,-2.1048150062561035,-3.249788522720337,1.0881900787353516,0.13258421707370616,0.013258182232409708,0.015996303036175163
-32.879837400240625,0.05479381811186898,74.41260923353863,-2.102522611618042,-3.255547046661377,1.0825210809707642,0.21148314727111028,0.05479381811186898,0.09175676130995214
-32.925702120517265,0.04346089296931189,74.33764790739774,-2.104274034500122,-3.250953197479248,1.0862553119659424,0.16561842699447027,0.04346089296931189,0.016795435169058237
-32.87071226750949,0.06218618474416142,74.32883696336842,-2.101222515106201,-3.253072738647461,1.0862280130386353,0.22060828000224575,0.06218618474416142,0.007984491139737315
-32.96150255705189,-0.0007206584091693864,74.31608500018801,-2.10646653175354,-3.2490148544311523,1.0881675481796265,0.12981799045984843,0.0007206584091693864,0.004767472040668963
-32.84501368075732,0.06286054958001112,74.43154934810707,-2.09948992729187,-3.257046699523926,1.0804307460784912,0.24630686675441638,0.06286054958001112,0.11069687587838928
-32.87778834348962,0.04229483117568167,74.34768828547766,-2.1025002002716064,-3.253300428390503,1.086032509803772,0.21353220402211548,0.04229483117568167,0.026835813248979434
-33.00078297496863,0.017041191993728978,74.3145618680031,-2.108991861343384,-3.2482542991638184,1.088461995124817,0.09053757254310568,0.017041191993728978,0.006290604225583252
-32.914346931022116,0.022548196473559084,74.35943621085008,-2.1051056385040283,-3.2524302005767822,1.0852359533309937,0.17697361648961873,0.022548196473559084,0.038583738621397856
-32.969408501016176,0.0032115259349683833,74.3006214519071,-2.1072802543640137,-3.2487094402313232,1.0893281698226929,0.12191204649555942,0.0032115259349683833,0.020231020321574533

Errors:
rotation,[19.06591627476926, 18.170455394215534, 17.154584793018195, 17.315385049466613, 12.440856193209958, 13.912362292762577, 11.57947651723696, 6.470994564248291, 3.0772362261836372, 0.39414169786328823, 0.27389448689111007, 0.16679011765011795, 0.5136414595906701, 0.2661717050451956, 0.3764010480406391, 0.17590982867497842, 0.3264452077448849, 0.35978672842484327, 0.27891369568059476, 0.3272078017331084, 0.14056736583270912, 0.3204697060291603, 0.16498240968129843, 0.16483544359098523, 0.23508422055813671, 0.3237374535940318, 0.16183870234229103, 0.35803372669293143, 0.2258747551328404, 0.2907789558861445, 0.13530612090968677, 0.4198642922128168, 0.2826628484467766, 0.1138693687624179, 0.23810555158457566, 0.14535459275210233]
translation,[0.03326186669987141, 0.0262689628880457, 0.03195611569403667, 0.018582619786739585, 0.0042580433576135945, 0.012897814551881659, 0.03784285287192768, 0.0479532872554036, 0.029136101895263167, 0.014059508977377178, 0.004967733890225645, 0.006277547725324517, 0.008135039619452833, 0.008924204019515436, 0.005949078576031219, 0.009598246539477273, 0.007508915853518872, 0.010676791764908877, 0.008137426656424473, 0.007052282507597596, 0.007593026405591452, 0.008672639885411115, 0.009352132971600646, 0.008122357760852239, 0.007332612201671473, 0.009132221289268827, 0.009247691157313831, 0.00731988945399209, 0.009112531953243241, 0.009001508333127184, 0.009014214390877129, 0.008251706726387198, 0.00820253487002276, 0.008225553474755287, 0.0077586472648789595, 0.008520527747529094]
loss,
[0.1313273161649704, 0.12667956948280334, 0.12163141369819641, 0.11896461248397827, 0.05005916208028793, 0.04136946052312851, 0.029276277869939804, 0.02907383069396019, 0.0078285476192832, 0.004379608668386936, 0.0018931071972474456, 0.003620382398366928, 0.0017244108021259308, 0.003656569868326187, 0.0021955398842692375, 0.001403216039761901, 0.0014651528326794505, 0.0016281254356727004, 0.003341208677738905, 0.001455204444937408, 0.0023111957125365734, 0.0019891245756298304, 0.0017746265511959791, 0.0024651577696204185, 0.0015576182631775737, 0.0024114768020808697, 0.0016873795539140701, 0.0012709457660093904, 0.001467683701775968, 0.002459594514220953, 0.0014445409178733826, 0.0018936563283205032, 0.0014660264132544398, 0.0024159844033420086, 0.0019516476895660162, 0.0017075303476303816]

2022-04-27 09:21:19.845651