2022-04-27 09:24:02.405996

reference phi, theta, psi, translation: -139.02455270626928, -8.537736090602699e-07, 56.38966954231551, -2.2014424800872803, 2.5346622467041016, 2.231398344039917

phi,theta,psi,rot_x,rot_y,rot_z,phi_err,theta_err,psi_err
-129.04008655489625,6.852725648450977,53.065809209147574,-2.6847352981567383,1.8050535917282104,2.604990243911743,9.984466151373027,6.852726502224586,3.3238603331679357
-129.63376659755377,6.079767145078684,53.26087941184314,-2.6616575717926025,1.8549259901046753,2.5859034061431885,9.390786108715503,6.079767998852293,3.1287901304723675
-129.30867691381783,2.3410772932472557,53.78695765719045,-2.640479564666748,1.9699115753173828,2.5002105236053467,9.715875792451442,2.341078147020865,2.6027118851250606
-130.63406146188046,0.10824658968487959,54.787443766813915,-2.558100461959839,2.187729835510254,2.360523223876953,8.390491244388812,0.10824744345848865,1.6022257755015943
-133.96000841783984,1.304492507110128,56.38779807048292,-2.4940834045410156,2.3382761478424072,2.254387617111206,5.064544288429431,1.3044933608837372,0.0018714718325867352
-137.28355114721137,0.4541444483246028,57.30480219297591,-2.335348606109619,2.506150722503662,2.199460506439209,1.7410015590579064,0.45414530209821186,0.9151326506604036
-140.06417579983693,-0.6597763108307286,56.55070149728231,-2.139768123626709,2.5982882976531982,2.2251524925231934,1.0396230935676556,0.6597754570571196,0.161031954966802
-138.73138732671399,0.00909601115603279,56.18287190481503,-2.2065415382385254,2.5137832164764404,2.242851972579956,0.29316537955529043,0.009096864929641851,0.20679763750047897
-139.19857226594286,-0.027955118835169906,56.251149890853064,-2.1849682331085205,2.5334725379943848,2.2353250980377197,0.17401955967358163,0.027954265061560846,0.13851965146244538
-139.10744388203656,-0.10746698246340121,56.29887583767853,-2.1874821186065674,2.5318689346313477,2.2362070083618164,0.082891175767287,0.10746612868979215,0.09079370463697956
-139.3116938589766,-0.0780455772706469,56.43346130017904,-2.1850521564483643,2.543203830718994,2.2243967056274414,0.28714115270733487,0.07804472349703784,0.043791757863530734
-139.0352761032662,-0.08276248378840936,56.377805503727195,-2.1941425800323486,2.531916856765747,2.2275424003601074,0.01072339699692293,0.0827616300148003,0.011864038588313974
-139.01173927138635,-0.04190329531310338,56.226619266448964,-2.1917765140533447,2.524198293685913,2.23828125,0.012813434882929187,0.041902441539494316,0.16305027586654575
-138.9506363990714,-0.01387611502622236,56.32143595250708,-2.1984713077545166,2.525792121887207,2.2323646545410156,0.07391630719786235,0.0138752612526133,0.06823358980842897
-139.18375075544392,-0.11445109031797371,56.29798108289726,-2.1845781803131104,2.5368244647979736,2.2345900535583496,0.1591980491746483,0.11445023654436465,0.09168845941825055
-139.15007792283578,-0.0042006676421040366,56.430094016918225,-2.193225145339966,2.53546142578125,2.2259585857391357,0.12552521656650129,0.004199813868494977,0.04042447460271603
-139.04904576463295,0.020471198254064068,56.249917041707874,-2.193695068359375,2.52500319480896,2.2369441986083984,0.024493058363674436,0.02047205202767313,0.139752500607635
-139.08734946549836,-0.05727357591020165,56.344347822077886,-2.189737558364868,2.5309722423553467,2.230032444000244,0.06279675922908723,0.05727272213659259,0.04532172023762371
-139.05352636872848,-0.08678348931568763,56.32247414126092,-2.19116473197937,2.5298142433166504,2.2308690547943115,0.02897366245920807,0.08678263554207857,0.06719540105459032
-139.1321008649403,-0.07498343983995477,56.440284659159886,-2.1908671855926514,2.537193536758423,2.2236671447753906,0.10754815867102252,0.07498258606634571,0.05061511684437647
-139.1038102213981,0.11020900695816029,56.315483442645416,-2.1949892044067383,2.5279672145843506,2.2331886291503906,0.07925751512883039,0.11020986073176935,0.0741860996700936
-139.12682795890106,0.0030196123425694325,56.310866234766486,-2.19215989112854,2.5313620567321777,2.2335731983184814,0.1022752526317845,0.003020466116178493,0.07880330754902332
-139.13614433692894,0.04195596772867945,56.28200868552318,-2.191112756729126,2.52986216545105,2.234647512435913,0.11159163065966027,0.04195682150228851,0.10766085679232873
-139.07289678521462,0.05102587385121984,56.2829375912503,-2.1941611766815186,2.526435613632202,2.234710454940796,0.0483440789453482,0.0510267276248289,0.10673195106520694
-139.06120350135558,-0.07837122886954322,56.354750200183815,-2.1914703845977783,2.531799793243408,2.2299768924713135,0.03665079508630242,0.07837037509593416,0.03491934213169401
-139.11339980699282,-0.09926823176718767,56.34801904875677,-2.1892406940460205,2.5341603755950928,2.2310140132904053,0.08884710072354096,0.09926737799357861,0.041650493558741175
-139.11753890162984,-0.015017802692986025,56.37014203147844,-2.1922624111175537,2.533480644226074,2.2303359508514404,0.09298619536056663,0.015016948919376964,0.01952751083707227
-139.12020267540615,-0.09314512063237242,56.28092268544515,-2.1880459785461426,2.5332136154174805,2.234635829925537,0.09564996913687196,0.09314426685876336,0.10874685687036134
-139.05120410441066,-0.06425453033441178,56.29609936578092,-2.1919362545013428,2.528951644897461,2.233677864074707,0.026651398141382288,0.06425367656080272,0.0935701765345911
-139.14066592215949,-0.007239478669657321,56.26836538265608,-2.188584566116333,2.530777931213379,2.233975887298584,0.11611321589020918,0.007238624896048261,0.12130415965943087
-139.1398872805941,-0.03565043902863745,56.28186525155061,-2.188162088394165,2.531388998031616,2.234243392944336,0.11533457432483374,0.03564958525502839,0.1078042907648964
-139.0522013120295,-0.008352628155050414,56.368758918171515,-2.196321725845337,2.530125856399536,2.229327917098999,0.02764860576021988,0.008351774381441354,0.020910624143994028
-139.12516139274356,-0.09191235833101312,56.39878784485747,-2.1910030841827393,2.5352275371551514,2.2265448570251465,0.10060868647428833,0.09191150455740406,0.009118302541963885
-139.1407342240512,-0.0010034052775399053,56.28293417615572,-2.1895558834075928,2.530764102935791,2.234389305114746,0.11618151778191077,0.001002551503930845,0.10673536615978918
-139.06106689757218,-0.025053550608103763,56.27863115697861,-2.1927011013031006,2.5285770893096924,2.2351770401000977,0.036514191302899235,0.025052696834494702,0.11103838533689725
-139.16876532040493,-0.01594135639487446,56.30802487607176,-2.1889309883117676,2.5326616764068604,2.232686758041382,0.1442126141356539,0.0159405026212654,0.08164466624374711

Errors:
rotation,[20.161052986765547, 18.599344238040164, 14.659665824597367, 10.100964463348895, 6.370909121145755, 3.110279511816522, 1.860430505591577, 0.5090598819854113, 0.34049347619758785, 0.2811510090940587, 0.40897763406790344, 0.1053490656000372, 0.21776615228896926, 0.15602515825890462, 0.3653367451372635, 0.17014950503771228, 0.18471761099898257, 0.16539120160330353, 0.18295169905587697, 0.23314586158174472, 0.26365347553069335, 0.18409902629698632, 0.2612093089542775, 0.20610275763538405, 0.14994051231393057, 0.22976497227586073, 0.12753065511701586, 0.29754109286599667, 0.1844752512367761, 0.2446560004456883, 0.2587884503447585, 0.056911004285655264, 0.20163849357365626, 0.2239194354456308, 0.1726052734742912, 0.2417977830006664]
translation,[0.12242333873291766, 0.11761402081935124, 0.10453749701882309, 0.08008863700470137, 0.06402077250872384, 0.03977652943397114, 0.0038448615215394, 0.003931793946512663, 0.007542500390230522, 0.006696014940159145, 0.007414285898991402, 0.00784545022488281, 0.00802509718137756, 0.006659515648735237, 0.006050908298486313, 0.0069901417144304645, 0.007218056658043537, 0.009460625744747375, 0.008947940774039154, 0.00844999417311687, 0.006737363435433075, 0.005932255921443641, 0.006849196195867435, 0.007305974317751485, 0.008026922502793354, 0.0071797087280147665, 0.006338588908990417, 0.006416033386886788, 0.00751140982699372, 0.008022196724516206, 0.007719019798713589, 0.006794312104760003, 0.008023740904285148, 0.007272861468964997, 0.006497667507358251, 0.007363979057856795]
loss,
[0.0827724039554596, 0.09118233621120453, 0.08293624967336655, 0.04124952852725983, 0.02973797917366028, 0.011562924832105637, 0.0042255171574652195, 0.0021535144187510014, 0.001965911593288183, 0.0022562569938600063, 0.0013062793295830488, 0.0008017452200874686, 0.0013807615032419562, 0.0006712333997711539, 0.0011577191762626171, 0.0010224326979368925, 0.0012784681748598814, 0.0012859010603278875, 0.00108306051697582, 0.0007021501660346985, 0.0009657474001869559, 0.0007158974185585976, 0.000768555561080575, 0.0010246934834867716, 0.0008395233890041709, 0.0004279878339730203, 0.0006721720565110445, 0.0010145449778065085, 0.0008022336987778544, 0.0007105937111191452, 0.0011605494655668736, 0.0009583579376339912, 0.001979334279894829, 0.0008389026625081897, 0.0009246420813724399, 0.0008979807607829571]

2022-04-27 09:26:37.969535