2022-04-27 05:49:02.221343

reference phi, theta, psi, translation: 132.9853677440357, -8.537735924097414e-07, 76.34363348549546, 2.865516185760498, 2.6707684993743896, 0.9517420530319214

phi,theta,psi,rot_x,rot_y,rot_z,phi_err,theta_err,psi_err
143.3552887910292,-3.0579185397180266,69.36864430507845,2.3124754428863525,2.981729030609131,1.6183615922927856,10.369921046993511,3.0579176859444344,6.974989180417012
142.48325121893703,-2.1116374858865314,68.1615176523054,2.327000617980957,2.9527366161346436,1.672967553138733,9.497883474901329,2.111636632112939,8.182115833190053
137.9140049283602,2.1478666858927564,64.08828652944412,2.4519989490509033,2.8360865116119385,1.8211325407028198,4.928637184324515,2.1478675396663487,12.25534695605134
134.91627588277666,4.189823415814596,64.7442442369538,2.5905227661132812,2.7232825756073,1.7863844633102417,1.9309081387409606,4.189824269588188,11.599389248541655
132.77204727587787,6.167448530237053,66.53234678052812,2.689176082611084,2.7068357467651367,1.661856770515442,0.213320468157832,6.167449384010645,9.811286704967344
132.90172524745972,3.303269589785733,69.25830259903688,2.8045144081115723,2.6916329860687256,1.4824624061584473,0.08364249657597611,3.303270443559325,7.0853308864585784
132.37399751142786,1.6575044304760926,71.74116515479574,2.8974082469940186,2.6779472827911377,1.3030425310134888,0.6113702326078396,1.6575052842496851,4.602468330699722
131.51537443086556,0.9672004600881318,74.67126849740701,2.983962059020996,2.6620330810546875,1.1058783531188965,1.4699933131701357,0.9672013138617241,1.6723649880884466
131.06746428547447,-0.08100514885945295,74.9274688931742,3.014373540878296,2.6193156242370605,1.0766324996948242,1.9179034585612271,0.08100429508586054,1.416164592321266
131.07990889014224,-0.1457675634141119,75.19411264818231,3.007723569869995,2.6150600910186768,1.047176480293274,1.9054588538934638,0.1457667096405195,1.1495208373131476
131.55498952805164,-0.00882189146543433,75.27937389959159,2.974907875061035,2.6300392150878906,1.0479811429977417,1.4303782159840637,0.008821037691841921,1.0642595859038693
131.55466167897148,-0.06691937817228347,75.18967302522181,2.9612040519714355,2.6233696937561035,1.0483894348144531,1.4307060650642143,0.06691852439869106,1.1539604602736517
132.08491658499625,0.2151661299437098,75.6481972845831,2.933424711227417,2.6490910053253174,1.0141668319702148,0.9004511590394486,0.2151669837173022,0.6954362009123543
132.25908640883156,0.05905686601513933,75.70027747700445,2.9169507026672363,2.6500015258789062,1.0058977603912354,0.7262813352041348,0.059057719788731734,0.6433560084910113
132.46258506496292,0.09076737403378024,75.88045786730939,2.9039087295532227,2.6565213203430176,0.9907305240631104,0.5227826790727761,0.09076822780737265,0.4631756181860709
132.61163345303095,0.015796470470841865,76.00486976304117,2.8955907821655273,2.6607651710510254,0.9792982339859009,0.37373429100475164,0.015797324244434276,0.33876372245428854
132.6680371551969,0.17652959480490288,76.1269252435093,2.884094715118408,2.659461736679077,0.9699867367744446,0.31733058883878584,0.17653044857849529,0.21670824198615435
132.72877119729665,-0.13645926783311565,76.29724284065274,2.8810410499572754,2.6555588245391846,0.9565950632095337,0.25659654673904697,0.13645841405952325,0.04639064484271671
132.9522276661828,-0.016211618342093077,76.23956189311198,2.86348819732666,2.666011333465576,0.9596817493438721,0.033140077852891636,0.016210764568500666,0.10407159238347674
132.86411822588963,-0.02487924620994087,76.21191328735176,2.865180492401123,2.6589245796203613,0.9598812460899353,0.12124951814607243,0.02487839243634846,0.13172019814369662
133.00565340587065,0.017116362609362813,76.11488362000257,2.856607437133789,2.664480686187744,0.9665398001670837,0.020285661834947177,0.017117216382955224,0.22874986549288678
132.9080909837662,-0.02704993455222896,76.29717453876104,2.8643746376037598,2.6607043743133545,0.9548240900039673,0.07727676026951258,0.02704908077863655,0.046458946734418305
132.81179897684734,0.008938741990190107,76.14746362234352,2.865520477294922,2.6526341438293457,0.9635242223739624,0.1735687671883568,0.008939595763782516,0.19616986315193685
132.88071558557277,0.10452866523345804,76.21786921230802,2.861236333847046,2.6572787761688232,0.9588875770568848,0.10465215846292608,0.10452951900705044,0.12576427318744265
133.0338620871428,-0.021861797553670938,76.3843960544621,2.8568778038024902,2.6652019023895264,0.9469995498657227,0.04849434310710876,0.021860943780078527,0.040762568966641766
132.9827449513944,-0.06567192695283397,76.46519719234335,2.8596653938293457,2.6622118949890137,0.9408062696456909,0.0026227926412900615,0.06567107317924156,0.12156370684789408
132.9168063051471,-0.00037703627991891127,76.40340447092224,2.859250068664551,2.657325267791748,0.9429454803466797,0.06856143888859378,0.00037618250632650153,0.0597709854267805
133.088025487261,-0.010609854456517563,76.262060536238,2.848543167114258,2.6639649868011475,0.9550562500953674,0.10265774322530774,0.010609000682925154,0.08157294925746328
132.95487777958076,0.16825487721688748,76.37119329879647,2.855367422103882,2.660910129547119,0.9461656808853149,0.030489964454943674,0.16825573099047988,0.02755981330101065
133.05468050373298,0.03556191001167102,76.36192473209276,2.851005792617798,2.6645023822784424,0.9478095769882202,0.0693127596972829,0.03556276378526343,0.018291246597300415
132.9634564971783,-0.04675949471909277,76.46195968267676,2.8590352535247803,2.660677433013916,0.9409064650535583,0.021911246857399647,0.04675864094550036,0.11832619718130388
132.9387858538962,-0.08666934836462835,76.40620484848195,2.8588783740997314,2.6591298580169678,0.9438024759292603,0.04658189013949254,0.08666849459103594,0.06257136298648902
133.06641476872707,-0.043367993033450805,76.38587820551199,2.8536558151245117,2.6644840240478516,0.9454982876777649,0.08104702469137237,0.0433671392598584,0.04224472001652657
133.00650034932772,-0.1092490562618484,76.41231103759993,2.8562850952148438,2.6612629890441895,0.9431707859039307,0.02113260529202421,0.109248202488256,0.06867755210447513
133.00557144360062,0.046794981325374296,76.35542239200291,2.853848695755005,2.662090539932251,0.9483426809310913,0.020203699564916633,0.046795835098966704,0.011788906507447905
132.977786234057,-0.03057237324584055,76.32338880479554,2.8556277751922607,2.660083055496216,0.949738621711731,0.0075815099787064355,0.03057151947224814,0.020244680699917694

Errors:
rotation,[20.402827913354958, 19.791635940204323, 19.331851680042206, 17.720121656870802, 16.19205655713582, 10.47224382659388, 6.871343847557247, 4.109559615120307, 3.415072345968354, 3.2007464008471307, 2.5034588395797748, 2.651585049736557, 1.8110543436691051, 1.428695063483878, 1.0767265250662197, 0.7282953377034744, 0.7105692794034355, 0.43944560564128693, 0.15342243480486906, 0.27784810872611754, 0.2661527437107892, 0.15078478778256743, 0.37867822610407614, 0.33494595065741917, 0.11111785585382905, 0.1898575726684257, 0.12870860682170077, 0.19483969316569616, 0.2263055087464342, 0.12316677007984675, 0.1869960849842039, 0.1958217477170175, 0.16665888396775735, 0.19905835988475534, 0.07878844117133124, 0.058397710150872265]
translation,[0.07464079787699607, 0.08377155038842954, 0.136869319672015, 0.1303907167010161, 0.13064903377149317, 0.12914559380217483, 0.12390370132173079, 0.11777655899004547, 0.10485944675847492, 0.0897349433591792, 0.07562742302645464, 0.06153750194407781, 0.049459040161332624, 0.03617237690065167, 0.027360756305748524, 0.021418717057182235, 0.010110168486707316, 0.0021655600935961417, 0.0027086101969384657, 0.006143053352107408, 0.006969056347955416, 0.006743386672234841, 0.009182316693678416, 0.010274622246168263, 0.010947312195949799, 0.012400909622317435, 0.015430380669920751, 0.015778360892265475, 0.015061767387036795, 0.015391127911533964, 0.013842272856989801, 0.014299284685058922, 0.014066102033853056, 0.01487987153941095, 0.014845525192014541, 0.014581229751947866]
loss,
[0.14702844619750977, 0.1337157040834427, 0.05694672092795372, 0.043299924582242966, 0.02915489301085472, 0.02067195437848568, 0.0160031970590353, 0.010512344539165497, 0.006953035946935415, 0.00908791832625866, 0.0064604803919792175, 0.004549591802060604, 0.003029468934983015, 0.0017563824076205492, 0.0024399091489613056, 0.0014768856344744563, 0.001115207327529788, 0.0013046672102063894, 0.0008873767219483852, 0.0014978375984355807, 0.0008375699981115758, 0.0005663736374117434, 0.001091974787414074, 0.0007669785409234464, 0.0008813771419227123, 0.0008434592746198177, 0.0010579208610579371, 0.0007755134138278663, 0.0006392960203811526, 0.0008161728619597852, 0.0011715278960764408, 0.001051149214617908, 0.0017639247234910727, 0.001107582589611411, 0.0008610979421064258, 0.0009650602005422115]

2022-04-27 05:51:32.215002