2022-04-27 09:45:03.946414

reference phi, theta, psi, translation: 164.57178246643477, -4.268868188959204e-07, 11.003265705708584, 0.2046843022108078, 0.7416750192642212, 3.957021951675415

phi,theta,psi,rot_x,rot_y,rot_z,phi_err,theta_err,psi_err
174.68706040079186,1.035587752499106,3.46078983121423,-0.0498787984251976,0.24902896583080292,4.223120212554932,10.115277934357096,1.035588179385925,7.542475874494354
174.62599850961197,0.9422626172535142,3.3592665397213954,-0.04227185621857643,0.2436273694038391,4.225034236907959,10.054216043177206,0.9422630441403331,7.643999165987188
174.25409470930478,-0.02105588353016292,3.807214464596338,0.04328750818967819,0.2765582799911499,4.22853422164917,9.682312242870012,0.021055456643344024,7.1960512411122455
172.71810810837397,-1.0514206593489803,3.738563379474894,0.13218379020690918,0.27394628524780273,4.228843688964844,8.1463256419392,1.0514202324621613,7.2647023262336905
171.44453737535505,-1.9269287721542152,3.285221526146345,0.19225439429283142,0.2388780415058136,4.230380535125732,6.872754908920285,1.9269283452673962,7.718044179562239
169.43983587282128,-3.2549888000678764,3.600413412001277,0.3047707974910736,0.2549979090690613,4.226774215698242,4.868053406386508,3.2549883731810576,7.402852293707307
168.01967561983554,-4.586436772695944,4.778936086303943,0.39817237854003906,0.28780627250671387,4.229285717010498,3.44789315340077,4.586436345809124,6.2243296194046405
164.42364932371552,-8.279456495442028,6.224847006234269,0.7131695747375488,0.29529109597206116,4.168614387512207,0.14813314271924582,8.27945606855521,4.778418699474315
163.77923463590318,-5.869014641729463,5.354255299811988,0.5239432454109192,0.2693787217140198,4.169630527496338,0.7925478305315892,5.869014214842644,5.649010405896596
164.36478675344836,-3.9127475025019507,4.409386139939465,0.36570844054222107,0.24591508507728577,4.168220520019531,0.20699571298641217,3.912747075615132,6.593879565769119
163.70130217747334,-2.858448933544086,4.385661477857425,0.2941778302192688,0.23201008141040802,4.132826805114746,0.8704802889614314,2.8584485066572674,6.617604227851158
163.88585388884707,-1.7110567983904705,4.911169402409037,0.2204577624797821,0.30112171173095703,4.08179235458374,0.6859285775877026,1.7110563715036515,6.092096303299547
163.98785593391204,-1.4611809630535135,6.4995038537992915,0.2294914722442627,0.4101782739162445,4.041965007781982,0.5839265325227245,1.4611805361666945,4.503761851909292
164.39091905721284,-0.9247505063683089,9.368643489199977,0.24109399318695068,0.6183700561523438,3.988483190536499,0.1808634092219279,0.92475007948149,1.6346222165086068
164.44061551361384,-0.3182529132355704,11.237625717831,0.23350580036640167,0.7519667744636536,3.9527459144592285,0.1311669528209336,0.31825248634875153,0.23436001212241564
164.54705718163933,-0.40667328797379654,10.982493392895282,0.23374582827091217,0.7325592637062073,3.95607328414917,0.02472528479543712,0.40667286108697764,0.020772312813301497
164.6377347730604,-0.20668735589470655,10.841075179903815,0.2157631367444992,0.7298524975776672,3.9574735164642334,0.06595230662563267,0.20668692900788765,0.16219052580476934
164.5590646542002,-0.17179544520171755,11.151226386151277,0.22036735713481903,0.7498761415481567,3.955279588699341,0.012717812234569692,0.17179501831489866,0.14796068044269362
164.58467786358776,-0.2443479576532158,10.840392160986815,0.21841372549533844,0.7264255881309509,3.958014488220215,0.012895397152988153,0.2443475307663969,0.1628735447217693
164.56883182471333,-0.5295443218132609,10.838645340106583,0.24062705039978027,0.7230181097984314,3.9611406326293945,0.002950641721440661,0.529543894926442,0.16462036560200133
164.49753831015673,-0.4790128973183603,10.999642290353892,0.23980267345905304,0.7349678874015808,3.958467721939087,0.07424415627804137,0.4790124704315414,0.0036234153546921277
164.59164465654118,-0.324258976317131,10.641862467476638,0.22132912278175354,0.7129378914833069,3.965343475341797,0.01986219010640866,0.3242585494303121,0.3614032382319454
164.40352758642067,-0.2736356631853339,11.06057099284499,0.22923995554447174,0.7415033578872681,3.9524929523468018,0.1682548800141035,0.273635236298515,0.05730528713640659
164.6591269255409,-0.20875921525066152,11.204451489032248,0.22275088727474213,0.7529594302177429,3.9492695331573486,0.08734445910613431,0.20875878836384262,0.20118578332366432
164.54156570954663,-0.27931371320369247,11.00491092752491,0.22522355616092682,0.7383385896682739,3.9575395584106445,0.030216756888137297,0.2793132863168736,0.0016452218163269805
164.62634201752482,-0.4371595655867884,10.746732338219367,0.23090079426765442,0.7182863354682922,3.9682650566101074,0.05455955109005117,0.43715913869996953,0.25653336748921696
164.47577732746106,-0.4226492832125329,10.797743606035608,0.2327546924352646,0.7204981446266174,3.9612317085266113,0.09600513897370888,0.42264885632571403,0.20552209967297586
164.59925348727657,-0.3428639742499329,10.76888691056595,0.2247770130634308,0.7207107543945312,3.959939479827881,0.02747102084180142,0.34286354736311403,0.23437879514263393
164.5475626156379,-0.2702460654167289,10.930383318396316,0.2239125370979309,0.7332122921943665,3.959218978881836,0.02421985079686806,0.27024563852991,0.07288238731226748
164.55987061652226,-0.2145784122570717,10.931198672228486,0.21967734396457672,0.7332781553268433,3.9555857181549072,0.011911849912507932,0.2145779853702528,0.07206703348009746
164.5202965004712,-0.26423985594712796,11.023976546819355,0.22530534863471985,0.7377455830574036,3.951627254486084,0.051485965963564695,0.26423942906030906,0.020710841110771483
164.53683921864098,-0.2812398295157316,11.124147247413116,0.22758758068084717,0.7459015250205994,3.9568915367126465,0.03494324779379099,0.2812394026289127,0.12088154170453258
164.54534963434682,-0.26100026693668055,11.039787580974288,0.22462615370750427,0.7413390278816223,3.9566683769226074,0.026432832087948555,0.26099984004986165,0.03652187526570394
164.49262057395433,-0.26676477477594296,10.921743129096251,0.22425606846809387,0.7334809303283691,3.959765911102295,0.07916189248044248,0.26676434788912406,0.08152257661233264
164.50068019717494,-0.25548914727472266,10.742114276566793,0.22020414471626282,0.7215899229049683,3.9641072750091553,0.07110226925982488,0.25548872038790377,0.26115142914179046
164.54392895499947,-0.2329483876975811,10.83872559482933,0.21972285211086273,0.7278867363929749,3.960202693939209,0.02785351143529624,0.23294796081076222,0.16454011087925302

Errors:
rotation,[18.693341988237375, 18.640478253304728, 16.8994189406256, 16.462448200635052, 16.51772743374992, 15.525894073274872, 14.258659118614535, 13.20600791074877, 12.31057245127083, 10.713622354370663, 10.346533023469856, 8.489081252390902, 6.548868920598712, 2.740235705212025, 0.6837794512921007, 0.45217045869571626, 0.43482976143828966, 0.33247351099216194, 0.42011647264115437, 0.697114902249884, 0.5568800420642749, 0.7055239777686662, 0.4991954034490251, 0.4972890307936413, 0.31117526502133785, 0.7482520572792377, 0.7241760949723988, 0.6047133633475494, 0.36734787663904556, 0.2985568687628582, 0.33643623613464524, 0.4370641921272363, 0.32395454740351415, 0.4274488169818992, 0.587742418789519, 0.42534158312531145]
translation,[0.19962134480110283, 0.20113473685308758, 0.20666061082609577, 0.2086397317884563, 0.21035007868275812, 0.21428385106530712, 0.22659717777577537, 0.20834672432804258, 0.17991611755421122, 0.16032421080225134, 0.11864539011414266, 0.06768857832165409, 0.03807171692911826, 0.012199677501992134, 0.0007220672372207915, 0.0010177351261928536, 0.0011369623504586812, 0.000634065395527017, 0.0010820808993328157, 0.0026400151140153483, 0.0021265850811458265, 0.003869969854484623, 0.003154382957805346, 0.00455520869870174, 0.0009907490464460267, 0.008224758767364726, 0.0018165442742885674, 0.0001326104459105082, 0.0016309486679615404, 0.002157151921816869, 0.004916164877560192, 0.001879382884030889, 0.0006529756387072538, 0.0022358386172962597, 0.004131730313107873, 0.0014016447617573036]
loss,
[0.08803719282150269, 0.08855441212654114, 0.08784061670303345, 0.07931908220052719, 0.07530297338962555, 0.07797612994909286, 0.06554138660430908, 0.04465428739786148, 0.0375305637717247, 0.03438655659556389, 0.017731068655848503, 0.012660393491387367, 0.007109736558049917, 0.0033567622303962708, 0.003962773829698563, 0.003525461768731475, 0.0037112447898834944, 0.0028157138731330633, 0.0035286927595734596, 0.004995572846382856, 0.0023762357886880636, 0.0026762792840600014, 0.003569886088371277, 0.0025683024432510138, 0.00222186790779233, 0.003857068717479706, 0.002391868270933628, 0.0026488115545362234, 0.0020601842552423477, 0.0035066078417003155, 0.0030868640169501305, 0.0015266494592651725, 0.002057784702628851, 0.0016755032120272517, 0.0031644534319639206, 0.002403076272457838]

2022-04-27 09:47:36.215577