2022-04-27 09:50:13.486185

reference phi, theta, psi, translation: -86.91639066027085, -0.0, 34.793557367935236, -2.296917200088501, -0.12373751401901245, 3.3104169368743896

phi,theta,psi,rot_x,rot_y,rot_z,phi_err,theta_err,psi_err
-76.53055527251121,6.8177051513072,38.18892636661862,-2.336111545562744,-0.9462913274765015,3.345968008041382,10.385835387759641,6.8177051513072,3.395368998683381
-76.48744994865925,6.366264995882643,38.58531639510031,-2.374408006668091,-0.9319736361503601,3.3213112354278564,10.428940711611602,6.366264995882643,3.791759027165071
-78.32442932593418,5.45266751853848,40.28727317776784,-2.5822715759277344,-0.8579838275909424,3.1712357997894287,8.591961334336673,5.45266751853848,5.493715809832601
-81.3051102193494,7.603595005893073,38.235538992609364,-2.462796211242676,-0.8500233292579651,3.2620091438293457,5.611280440921448,7.603595005893073,3.4419816246741277
-83.25152971769545,7.0851080033046685,37.07194113541682,-2.4353439807891846,-0.7254369854927063,3.290107011795044,3.6648609425754017,7.0851080033046685,2.2783837674815857
-83.72221171377937,4.917732597217338,35.49030155007365,-2.3515024185180664,-0.556344211101532,3.353372812271118,3.1941789464914763,4.917732597217338,0.696744182138417
-85.29685718541245,2.749823775518224,33.632831605288686,-2.2477810382843018,-0.34790274500846863,3.4147846698760986,1.6195334748584003,2.749823775518224,1.1607257626465497
-86.72734468442324,0.7062774497620568,34.334773561385475,-2.286626100540161,-0.1728340983390808,3.358738899230957,0.18904597584760552,0.7062774497620568,0.4587838065497607
-87.27546053512759,-0.6478027869671444,34.90560320617471,-2.3096187114715576,-0.07335691154003143,3.3107852935791016,0.35906987485674335,0.6478027869671444,0.11204583823947445
-87.03279757429537,-0.31072983471365406,34.79307925469333,-2.292764663696289,-0.1015024185180664,3.3100929260253906,0.11640691402452319,0.31072983471365406,0.0004781132419040546
-86.88133812945034,-0.019237413678487244,34.834490691631125,-2.294290781021118,-0.12399575859308243,3.3064169883728027,0.035052530820507855,0.019237413678487244,0.040933323695888646
-86.89601620597671,-0.0005691602273945517,34.79722859461412,-2.2913942337036133,-0.12562072277069092,3.3062703609466553,0.020374454294142197,0.0005691602273945517,0.003671226678882533
-86.97681734385796,0.044984303158495595,34.95552847391291,-2.3018178939819336,-0.12593497335910797,3.3000874519348145,0.06042668358711012,0.044984303158495595,0.1619711059776776
-86.94280300179129,-0.12452387937012291,34.789732462000025,-2.292555570602417,-0.11574604362249374,3.308593988418579,0.02641234152044092,0.12452387937012291,0.0038249059352111203
-87.06148436880943,-0.09714098995081309,34.89543646959515,-2.2984559535980225,-0.1134481206536293,3.3037781715393066,0.14509370853858172,0.09714098995081309,0.10187910165991099
-86.86797144924464,0.03109570166206659,34.776621913888185,-2.2910842895507812,-0.1275278925895691,3.3096535205841064,0.04841921102621427,0.03109570166206659,0.01693545404705077
-86.89605718711172,0.02018950844342094,34.78628321646917,-2.291562080383301,-0.12576499581336975,3.30853533744812,0.020333473159126925,0.02018950844342094,0.007274151466063472
-86.84129273034657,0.05539897151718239,34.923867132015324,-2.2991771697998047,-0.1304401457309723,3.3020598888397217,0.07509792992428288,0.05539897151718239,0.13030976408008854
-86.93985236006985,0.06395272254992143,34.79805504750369,-2.292041540145874,-0.12733504176139832,3.3062644004821777,0.023461699799000257,0.06395272254992143,0.004497679568451929
-86.89209567739312,0.1093138509741363,34.77149927201068,-2.290072202682495,-0.13138143718242645,3.3082759380340576,0.024294982877734128,0.1093138509741363,0.022058095924556653
-86.90017579118124,0.030307473593498977,34.85774065556584,-2.2952897548675537,-0.12763506174087524,3.305103063583374,0.016214869089608897,0.030307473593498977,0.06418328763060543
-86.90004601758702,-0.007132189649242316,34.90088696055282,-2.2982072830200195,-0.12513643503189087,3.302159070968628,0.0163446426838334,0.007132189649242316,0.10732959261758168
-86.89870047032052,0.007820044391782464,34.880939393081796,-2.2966408729553223,-0.1269991248846054,3.3029510974884033,0.017690189950329227,0.007820044391782464,0.08738202514656024
-86.89829748915949,0.07534975614165751,34.879979751503406,-2.2966043949127197,-0.12999702990055084,3.3027985095977783,0.018093171111360107,0.07534975614165751,0.08642238356816989
-86.95457141773122,0.1603203289104447,34.844630107454,-2.29404878616333,-0.13240212202072144,3.3054072856903076,0.038180757460366976,0.1603203289104447,0.051072739518765786
-86.95252236098021,0.1375653202703349,34.87719986451121,-2.295889139175415,-0.131635844707489,3.303697347640991,0.03613170070936178,0.1375653202703349,0.08364249657597611
-86.99044357125213,0.04728875143851995,34.84949320214305,-2.2955267429351807,-0.12583214044570923,3.302699565887451,0.07405291098127975,0.04728875143851995,0.05593583420781556
-86.92590511378468,0.027286643833764567,34.894534884624704,-2.2972514629364014,-0.12713049352169037,3.3018929958343506,0.00951445351383029,0.027286643833764567,0.10097751668946842
-86.85461159922808,0.008139856641828916,34.8356791445467,-2.293771505355835,-0.12797291576862335,3.303936004638672,0.06177906104277042,0.008139856641828916,0.042121776611466544
-86.88595533732928,0.04494060453497178,34.9325039062208,-2.29955792427063,-0.1278180181980133,3.301241636276245,0.03043532294157103,0.04494060453497178,0.13894653828556613
-86.85702948619426,0.031745507929858,34.82596320045236,-2.293525457382202,-0.12793448567390442,3.3058323860168457,0.059361174076585144,0.031745507929858,0.032405832517120814
-86.9014598667452,0.10579655478839295,34.851381749448564,-2.294731855392456,-0.13116520643234253,3.3044533729553223,0.014930793525650188,0.10579655478839295,0.057824381513327694
-86.89990258361443,0.11441620013308439,34.881854638430575,-2.296395778656006,-0.1313355267047882,3.3029444217681885,0.016488076656415274,0.11441620013308439,0.08829727049533886
-86.88007454445389,0.10573530997756439,34.848362805835414,-2.2945773601531982,-0.13272228837013245,3.3059628009796143,0.03631611581695893,0.10573530997756439,0.05480543790017833
-86.92438198159977,-0.006337584413864737,34.86517873157199,-2.2962989807128906,-0.12473955005407333,3.3032140731811523,0.007991321328916001,0.006337584413864737,0.07162136363675131
-86.93238013311785,0.07061661004060185,34.860124391586176,-2.295403003692627,-0.12819136679172516,3.304165840148926,0.015989472846996478,0.07061661004060185,0.06656702365093992

Errors:
rotation,[20.598909537750224, 20.58696473465932, 19.538344662707754, 16.65685707148865, 13.028352713361656, 8.808655725847231, 5.530083013023174, 1.354107232159423, 1.1189185000633621, 0.4276148619800813, 0.09522326819488375, 0.02461484120041928, 0.26738209272328334, 0.15476112682577495, 0.3441138001493058, 0.09645036673533162, 0.04779713306861134, 0.26080666552155385, 0.09191210191737362, 0.1556669297764271, 0.1107056303137133, 0.1308064249506574, 0.11289225948867193, 0.1798653108211875, 0.24957382588957747, 0.2573395175556728, 0.17727749662761527, 0.13777861403706326, 0.11204069429606588, 0.21432246576210895, 0.12351251452356396, 0.17855172982737083, 0.21920154728483854, 0.19685686369470165, 0.08595026937953205, 0.15317310653853825]
translation,[0.1579505536533441, 0.1566505702564811, 0.14750718917008498, 0.14362963434818443, 0.12602921578806825, 0.10217390134957327, 0.07183473368477689, 0.035768917902974096, 0.00632319328333697, 0.0032525316440761287, 0.00477338257658122, 0.006493249976850635, 0.005609959468160675, 0.004219081439915229, 0.004874962516692172, 0.003829888595253017, 0.0045323225859439376, 0.0053581520756385, 0.006075703324645687, 0.005413836397229588, 0.0051690958885757254, 0.0059990028859671085, 0.006184882377171519, 0.006235201396240342, 0.005472705649698817, 0.005852336162530669, 0.007063605662502859, 0.006700478746425986, 0.006982006037819843, 0.005895894383313838, 0.005566288846284628, 0.0059070416254281, 0.006191041890813764, 0.004704825876368446, 0.006234802886838864, 0.005856214744826005]
loss,
[0.14578920602798462, 0.11777785420417786, 0.06015363335609436, 0.055313318967819214, 0.041891615837812424, 0.02741493657231331, 0.019884884357452393, 0.010642461478710175, 0.00617792084813118, 0.001687604351900518, 0.0022193819750100374, 0.001304838340729475, 0.0019481726922094822, 0.0012558815069496632, 0.0013731721555814147, 0.0015320172533392906, 0.0012608428951352835, 0.0015056973788887262, 0.0014966931194067001, 0.0011474343482404947, 0.0012635842431336641, 0.0012853839434683323, 0.0012339651584625244, 0.0015761228278279305, 0.0024483855813741684, 0.0012225436512380838, 0.0020332993008196354, 0.0011901953257620335, 0.0013078510528430343, 0.0010179562959820032, 0.0007139471126720309, 0.0011590509675443172, 0.0009072655811905861, 0.000905188440810889, 0.0015688961138948798, 0.0016980742802843451]

2022-04-27 09:52:46.815394