2022-04-27 09:52:50.288570

reference phi, theta, psi, translation: -33.091320547511735, -0.0, 74.32085247222868, -2.1190009117126465, -3.251617431640625, 1.089412808418274

phi,theta,psi,rot_x,rot_y,rot_z,phi_err,theta_err,psi_err
-22.822884158753556,1.294954214858955,81.82337814338081,-1.5357718467712402,-3.6827800273895264,0.7731812596321106,10.268436388758179,1.294954214858955,7.502525671152128
-23.575239741114213,2.327527304674119,80.92942249424202,-1.5865527391433716,-3.6530656814575195,0.811346173286438,9.516080806397522,2.327527304674119,6.608570022013339
-25.045192073149337,6.153317305416997,80.8118066367344,-1.6867038011550903,-3.634549379348755,0.7536812424659729,8.046128474362398,6.153317305416997,6.490954164505723
-27.03685645210484,9.857060396036593,76.55509614219906,-1.7101387977600098,-3.564209461212158,0.9813022613525391,6.054464095406896,9.857060396036593,2.2342436699703825
-28.561190750311603,9.563914083979565,71.26378274313603,-1.6782692670822144,-3.4554660320281982,1.3093422651290894,4.530129797200132,9.563914083979565,3.057069729092646
-33.02601369376266,5.373726797301647,69.09636564400505,-1.9471808671951294,-3.2586193084716797,1.4253370761871338,0.06530685374907819,5.373726797301647,5.2244868282236325
-33.647137436505275,1.0060034369065025,72.57724861109699,-2.1203484535217285,-3.2238404750823975,1.2102187871932983,0.5558168889935402,1.0060034369065025,1.7436038611316889
-33.68937874142722,-0.47180922900858,74.2790517145082,-2.163848400115967,-3.234745502471924,1.0977978706359863,0.5980581939154845,0.47180922900858,0.04180075772048042
-33.10147020861837,0.13318402011251818,74.08407713446101,-2.1178336143493652,-3.2541823387145996,1.1075488328933716,0.010149661106638064,0.13318402011251818,0.2367753377676678
-33.23076568960671,-0.0026973569178202796,74.25311748622966,-2.124464273452759,-3.2469711303710938,1.0941475629806519,0.13944514209497783,0.0026973569178202796,0.06773498599902439
-33.31016322361353,-0.07576700010479552,74.19525895377048,-2.1313600540161133,-3.2403993606567383,1.0973193645477295,0.21884267610179364,0.07576700010479552,0.12559351845820288
-33.27041152264405,0.11458319687600604,74.18320366988542,-2.1243460178375244,-3.244067430496216,1.0991003513336182,0.17909097513231842,0.11458319687600604,0.13764880234326426
-33.31610207309685,0.04728162731770136,74.24120563631716,-2.129307270050049,-3.2433083057403564,1.0948504209518433,0.2247815255851151,0.04728162731770136,0.07964683591151811
-33.216026141377824,-0.0004808024013786767,74.21354337017861,-2.1231167316436768,-3.244185209274292,1.0967200994491577,0.12470559386608926,0.0004808024013786767,0.10730910205006694
-33.25688091789826,-0.05618164167829846,74.29595643270397,-2.1258585453033447,-3.242163896560669,1.0911502838134766,0.1655603703865225,0.05618164167829846,0.024896039524705316
-33.17804345940338,0.0011533396325537847,74.13401947767215,-2.117851495742798,-3.2409539222717285,1.0988200902938843,0.08672291189164838,0.0011533396325537847,0.18683299455652502
-33.36894383161066,-0.14848053509112122,74.2505356747234,-2.131808042526245,-3.232651710510254,1.0908427238464355,0.27762328409892234,0.14848053509112122,0.07031679750528497
-33.111288605550264,0.07940806726340861,74.27006318556046,-2.1121387481689453,-3.245286703109741,1.0902031660079956,0.01996805803852908,0.07940806726340861,0.0507892866682198
-32.98804808726114,0.07274918384105192,74.31348269811423,-2.104100227355957,-3.2476718425750732,1.0870764255523682,0.10327246025059367,0.07274918384105192,0.007369774114451388
-33.08052884862311,-0.0156157591018591,74.31873511358597,-2.111760377883911,-3.243452310562134,1.0879554748535156,0.010791698888624524,0.0156157591018591,0.0021173586427067903
-33.15332500479711,-0.10574428673623304,74.25703801481325,-2.1171822547912598,-3.240540027618408,1.0913002490997314,0.062004457285375736,0.10574428673623304,0.06381445741543246
-33.12925541816198,-0.02452317521986826,74.24800167454131,-2.115387201309204,-3.24367618560791,1.0924421548843384,0.03793487065024692,0.02452317521986826,0.0728507976873658
-33.10891852990827,-0.028045212665304457,74.3059285088922,-2.1142759323120117,-3.2454161643981934,1.0880521535873413,0.01759798239653776,0.028045212665304457,0.014923963336485713
-33.011598579519344,0.050149970945628224,74.2826717147683,-2.105994939804077,-3.24686861038208,1.0881083011627197,0.07972196799239128,0.050149970945628224,0.03818075746038119
-33.09484834021804,-0.007709921210535412,74.25557635433087,-2.1104736328125,-3.2399322986602783,1.0911641120910645,0.003527792706307764,0.007709921210535412,0.06527611789780963
-33.080173678786274,-0.021269417572951733,74.3628922865701,-2.110466480255127,-3.2412731647491455,1.0831748247146606,0.011146868725461445,0.021269417572951733,0.04203981434142179
-33.04663061977234,-0.02064696533427725,74.29860654610195,-2.1072583198547363,-3.242239475250244,1.086937427520752,0.04468992773939817,0.02064696533427725,0.022245926126728932
-33.111964794278094,0.015817666930763388,74.30661835799837,-2.1114463806152344,-3.2408447265625,1.08665132522583,0.02064424676635923,0.015817666930763388,0.014234114230305295
-33.038721260713466,-0.0017952161434855315,74.28969997942424,-2.107369899749756,-3.2442569732666016,1.0879788398742676,0.05259928679826942,0.0017952161434855315,0.03115249280443777
-33.042617883634954,-0.0030980897872090285,74.33632285069875,-2.108217239379883,-3.2441153526306152,1.0851171016693115,0.04870266387678157,0.0030980897872090285,0.015470378470070045
-33.026184448491904,-0.013857261173599192,74.34618564386025,-2.1082706451416016,-3.2455220222473145,1.08528470993042,0.0651360990198313,0.013857261173599192,0.02533317163157278
-33.10961179410903,-0.014346144512735887,74.26355401528144,-2.112917184829712,-3.2415878772735596,1.0904568433761597,0.01829124659729331,0.014346144512735887,0.05729845694723679
-33.10149411428046,0.01954251914962574,74.26234507179835,-2.111145257949829,-3.2430617809295654,1.0905882120132446,0.010173566768727937,0.01954251914962574,0.058507400430329426
-33.0981370763034,-0.050118188462166216,74.29875681026368,-2.1126248836517334,-3.243043899536133,1.0873368978500366,0.006816528791667054,0.050118188462166216,0.022095661964996793
-33.129197361554034,-0.08881514097672481,74.30387945214119,-2.1146068572998047,-3.2400643825531006,1.0880194902420044,0.037876814042299145,0.08881514097672481,0.01697302008749091
-33.07655709362075,0.0628908969227717,74.30792292412984,-2.110807180404663,-3.243744134902954,1.0870094299316406,0.014763453890985545,0.0628908969227717,0.01292954809883895

Errors:
rotation,[19.06591627476926, 18.452178133084978, 20.69039994428512, 18.14576816141387, 17.151113610272343, 10.663520479274357, 3.305424187031732, 1.111668180644545, 0.38010901898682403, 0.2098774850118225, 0.42020319466479206, 0.43132297435158873, 0.3517099888143346, 0.23249549831753488, 0.24663805158952629, 0.2747092460807272, 0.49642061669532855, 0.15016541197015748, 0.18339141820609697, 0.02852481663319041, 0.23156320143704123, 0.13530884355748096, 0.06056715839832793, 0.1680526963984007, 0.07651383181465281, 0.07445610063983496, 0.08758281920040435, 0.05069602792742792, 0.08554699574619272, 0.06727113213406063, 0.10432653182500327, 0.08993584805726598, 0.0882234863486831, 0.07903037921883006, 0.14366497510651488, 0.09058389891259619]
translation,[0.03326186669987141, 0.03339077995236828, 0.04599673763341894, 0.04209059641794699, 0.027344895472946718, 0.023707478768519863, 0.012836188746412347, 0.012505317171683572, 0.006393296007810356, 0.0004127425744337998, 0.00037306021375016485, 0.0006400667161976514, 0.00021018475434431139, 0.0018415609210267192, 0.0035354020053661728, 0.006643587290475317, 0.008122609028575312, 0.008498171542242972, 0.011633349943513949, 0.010785499530928, 0.009376077917284675, 0.007482888288792289, 0.007853437849406397, 0.011010830513546566, 0.013430736535174681, 0.014514983724200015, 0.014403047827443949, 0.013406831339019654, 0.012434047531110437, 0.012877709207437249, 0.011668691241608187, 0.011003742584193787, 0.010710287318377532, 0.010828125092936958, 0.012004003536780772, 0.011306562585710722]
loss,
[0.19291937351226807, 0.19073757529258728, 0.1462288796901703, 0.09650500118732452, 0.06758132576942444, 0.03432902321219444, 0.008765230886638165, 0.003401291323825717, 0.0017905238782986999, 0.003130367724224925, 0.0037058477755635977, 0.0016182860126718879, 0.0016569470753893256, 0.002128371736034751, 0.0016161407111212611, 0.0025509914848953485, 0.0037616684567183256, 0.0016181612154468894, 0.0012091518146917224, 0.001458027632907033, 0.0011215034173801541, 0.0016991989687085152, 0.0018144771456718445, 0.002493047621101141, 0.0018131075194105506, 0.0013018667232245207, 0.0013068420812487602, 0.0010797111317515373, 0.001533621922135353, 0.0011951641645282507, 0.0019664601422846317, 0.0010165864368900657, 0.0009209403651766479, 0.0020469706505537033, 0.0021290667355060577, 0.0016000180039554834]

2022-04-27 09:55:22.824301