2022-04-20 12:02:04.280146

reference phi, theta, psi, translation: -139.02455270626928, -8.537736090602699e-07, 56.38966954231551, -2.2014424800872803, 2.5346622467041016, 2.231398344039917

phi,theta,psi,rot_x,rot_y,rot_z,phi_err,theta_err,psi_err
-129.04008655489625,6.852725648450977,53.065809209147574,-2.6847352981567383,1.8050535917282104,2.604990243911743,9.984466151373027,6.852726502224586,3.3238603331679357
-130.01672164393804,5.712086567625391,53.57271852858924,-2.662578821182251,1.8926914930343628,2.5551252365112305,9.007831062331235,5.7120874213990005,2.8169510137262677
-131.6338508922086,2.002800752749864,53.68439895170812,-2.5462441444396973,2.0955984592437744,2.48124098777771,7.390701814060662,2.002801606523473,2.705270590607391
-134.59583072767634,1.7215512615997284,55.09022946781516,-2.4414501190185547,2.319209337234497,2.336930751800537,4.428721978592932,1.7215521153733375,1.299440074500346
-138.2509518204953,-0.10176313986569796,56.114033843265055,-2.2437827587127686,2.519496440887451,2.2685084342956543,0.7736008857739876,0.1017622860920889,0.27563569905045426
-139.72201064317596,-0.06859694998944048,56.39373691996625,-2.1665635108947754,2.561255693435669,2.226799249649048,0.6974579369066873,0.06859609621583142,0.0040673776507418324
-139.07904395546765,-0.0930624046587844,56.176728149656604,-2.185600757598877,2.5255026817321777,2.238332509994507,0.054491249198378,0.09306155088517534,0.21294139265890522
-139.05539784056106,-0.08470002931698503,56.34622612409964,-2.193124294281006,2.5318470001220703,2.231376886367798,0.030845134291780596,0.08469917554337597,0.0434434182158725
-139.06429074686042,0.1318879826036558,56.25782640076675,-2.196762800216675,2.5256643295288086,2.238865852355957,0.03973804059114627,0.13188883637726487,0.13184314154875665
-139.06278810524302,-0.03931758167728558,56.27418128873435,-2.191776990890503,2.529099941253662,2.235027313232422,0.03823539897373962,0.03931672790367652,0.11548825358116233
-139.18584079332996,0.07901001665423739,56.32490568860545,-2.191556692123413,2.532527446746826,2.2330989837646484,0.16128808706068298,0.07901087042784645,0.06476385371006188
-138.93328771857958,-0.0786706817396246,56.33390787793152,-2.1981842517852783,2.527590751647949,2.232792615890503,0.09126498768969782,0.07866982796601554,0.05576166438398644
-139.14488697906657,-0.06158876026931925,56.31399104631176,-2.1883962154388428,2.5344772338867188,2.232330560684204,0.1203342727972938,0.061587906495710186,0.07567849600374643
-139.12413686436807,-0.031595501510645066,56.26141908027018,-2.189413547515869,2.5317554473876953,2.2354254722595215,0.09958415809879284,0.031594647737036005,0.12825046204532953
-139.1318959592652,-0.0587271621814022,56.27255911880647,-2.1881628036499023,2.5329060554504395,2.2351741790771484,0.10734325299591774,0.05872630840779314,0.11711042350903966
-139.15610214968373,-0.04832292447493902,56.26538058998879,-2.187593460083008,2.5340869426727295,2.2358133792877197,0.13154944341445685,0.04832207070132996,0.12428895232672232
-139.0857921823676,-0.10522383659625373,56.3427051615825,-2.191004514694214,2.534287214279175,2.2318592071533203,0.061239476098336354,0.10522298282264467,0.04696438073300868
-139.16980350915878,-0.02575335826787965,56.263184684170625,-2.1879992485046387,2.5330417156219482,2.235766887664795,0.14525080288950676,0.02575250449427059,0.12648485814488453
-139.14473671490484,0.007054220435289679,56.29761908287124,-2.1902174949645996,2.53226637840271,2.23408842086792,0.12018400863556167,0.007055074208898739,0.09205045944426615
-139.05628576515315,-0.05693085913750788,56.242803399687304,-2.1906890869140625,2.52854585647583,2.23721981048584,0.0317330588838729,0.05693000536389882,0.1468661426282054
-139.1091924104641,-0.002124976278279738,56.31779546167946,-2.1919119358062744,2.5320539474487305,2.2331814765930176,0.0846397041948137,0.0021241225046706776,0.07187408063605005
-139.14842501705664,-0.12413746903002049,56.31014564980905,-2.186690330505371,2.535642385482788,2.2325217723846436,0.1238723107873625,0.12413661525641143,0.07952389250645808
-139.141007431618,-0.07379734361196917,56.19696600016735,-2.1854515075683594,2.5319550037384033,2.2405056953430176,0.11645472534871715,0.07379648983836011,0.1927035421481591
-139.08740410701174,0.009908005289136676,56.30607144196914,-2.1931233406066895,2.53017258644104,2.2340402603149414,0.06285140074245987,0.009908859062745736,0.0835981003463715
-139.09784063606352,-0.03806855425987808,56.24431287149388,-2.189995050430298,2.529364585876465,2.237025260925293,0.07328792979424748,0.03806770048626902,0.14535667082162718
-139.05631308590984,-0.011309277539488446,56.223757417186725,-2.192152261734009,2.527513265609741,2.23877215385437,0.03176037964055922,0.011308423765879386,0.16591212512878428
-139.1839693214974,-0.05856012756625998,56.30838346100318,-2.1869380474090576,2.5351948738098145,2.233015775680542,0.15941661522811046,0.05855927379265092,0.08128608131232795
-139.0562994255315,-0.04956866584211678,56.26196891049836,-2.1919658184051514,2.529904365539551,2.2369415760040283,0.03174671926223027,0.049567812068507716,0.12770063181714875
-139.10051807021816,-0.007967052190106853,56.30684666843993,-2.19232177734375,2.5314443111419678,2.2338292598724365,0.07596536394888176,0.007966198416497792,0.0828228738755783
-139.08530040874737,-0.04412840356575456,56.277439288968445,-2.191312789916992,2.5309698581695557,2.2349252700805664,0.060747702478096244,0.0441275497921455,0.11223025334706449
-139.12106327924155,-0.004064215556653384,56.264379967275374,-2.1906116008758545,2.530345916748047,2.236603021621704,0.09651057297227794,0.004063361783044324,0.12528957504013505
-139.11833120357355,-0.07766866295978558,56.29613010163218,-2.1896462440490723,2.533602476119995,2.2346532344818115,0.09377849730427101,0.07766780918617652,0.09353944068332964
-139.06093029378877,-0.015223205723913835,56.283593289410625,-2.1931257247924805,2.530363082885742,2.2354345321655273,0.036377587519496046,0.015222351950304774,0.10607625290488443
-139.09524516417892,-0.045590694044018665,56.226653417394814,-2.189084053039551,2.5284693241119385,2.237900495529175,0.07069245790964374,0.045589840270409604,0.16301612492069495
-139.115134675042,0.0262754060477605,56.23101107808528,-2.189931631088257,2.528411388397217,2.2378485202789307,0.0905819687727103,0.026276259821369562,0.15865846423022845
-139.0936059187781,-0.022712049970181586,56.31263183866693,-2.192173719406128,2.532447099685669,2.2341301441192627,0.0690532125088339,0.022711196196572525,0.07703770364857832

Errors:
rotation,[20.161052986765547, 17.536869497456504, 12.098774011191527, 7.449714168466616, 1.1509988709165309, 0.7701214107732606, 0.36049419274245853, 0.15898772805102906, 0.3034700185171678, 0.19304038045857846, 0.3050628111985913, 0.2256964800396998, 0.25760067529675046, 0.2594292678811584, 0.28317998491275054, 0.30416046644250916, 0.2134268396539897, 0.29748816552866186, 0.21928954228872655, 0.23552920687597712, 0.15863790733553443, 0.327532818550232, 0.3829547573352364, 0.1563583601515771, 0.25671230110214366, 0.20898092853522288, 0.2992619703330893, 0.20901516314788673, 0.16675443624095784, 0.21710550561730624, 0.22586350979545733, 0.2649857471737772, 0.15767619237468525, 0.27929842310074826, 0.2755166928243083, 0.16880211235398473]
translation,[0.12242333873291766, 0.11619216063534132, 0.09578870568670705, 0.06773141866372523, 0.03440351784348117, 0.004633772369229128, 0.01053854121711062, 0.006320065790179186, 0.004062057817391107, 0.0067556665297319185, 0.005790775652666724, 0.005449849342872959, 0.006709374437115834, 0.006151346003978375, 0.006247151109615601, 0.005458373573882902, 0.005671419273230782, 0.005921506431988632, 0.0061349000770860584, 0.006477953025546768, 0.00584945936035286, 0.006796618305892288, 0.005354422404003856, 0.0058960955876044, 0.0064493490370560735, 0.005466775076424568, 0.006669872184644987, 0.005083966942979856, 0.005650272705433501, 0.005889643784383836, 0.00573169458804923, 0.005291446727857085, 0.005001074870680355, 0.007020963715054229, 0.006625124593522713, 0.004933255184975671]
loss,
[0.13651111721992493, 0.12076037377119064, 0.07010184973478317, 0.034003257751464844, 0.010882332921028137, 0.00535504100844264, 0.0017426533158868551, 0.0017171483486890793, 0.0014777278993278742, 0.001369244186207652, 0.001673540915362537, 0.0017290327232331038, 0.0014584035379812121, 0.00146549753844738, 0.0012197117321193218, 0.0015068105421960354, 0.001384553499519825, 0.0010718981502577662, 0.0016617721412330866, 0.000984627171419561, 0.0014754238072782755, 0.001399334752932191, 0.001170304254628718, 0.0016049150144681334, 0.001081883441656828, 0.0013536120532080531, 0.0013535761972889304, 0.0013672042405232787, 0.0010799330193549395, 0.0011509768664836884, 0.0010716271353885531, 0.0009563668863847852, 0.0015128625091165304, 0.001389112789183855, 0.0015397820388898253, 0.001191266579553485]

2022-04-20 12:06:38.745266