2022-04-20 00:09:23.184893

reference phi, theta, psi, translation: -139.02455270626928, -8.537736090602699e-07, 56.38966954231551, -2.2014424800872803, 2.5346622467041016, 2.231398344039917

phi,theta,psi,rot_x,rot_y,rot_z,phi_err,theta_err,psi_err
-129.04008655489625,6.852725648450977,53.065809209147574,-2.6847352981567383,1.8050535917282104,2.604990243911743,9.984466151373027,6.852726502224586,3.3238603331679357
-128.8525295602877,7.067863360560032,53.14124523343578,-2.703251838684082,1.7931400537490845,2.594630002975464,10.17202314598157,7.067864214333641,3.248424308879727
-129.87779559621998,10.836352002832085,53.42554161235381,-2.866997718811035,1.7723356485366821,2.4668664932250977,9.146757110049293,10.836352856605693,2.9641279299616983
-130.71030003339615,8.801798760292087,53.09697877742493,-2.78476881980896,1.852321743965149,2.502894878387451,8.314252672873124,8.801799614065695,3.2926907648905797
-132.1111445114091,7.175507095104762,52.92528831225832,-2.6860506534576416,1.9745681285858154,2.5282905101776123,6.913408194860182,7.175507948878371,3.4643812300571923
-133.46681411825156,5.546879578159007,53.05289673652167,-2.5969834327697754,2.1127398014068604,2.5232837200164795,5.557738588017713,5.546880431932616,3.336772805793842
-135.3287783275104,3.9633715914606773,54.544951560710956,-2.517064332962036,2.313113212585449,2.4433515071868896,3.6957743787588697,3.9633724452342864,1.8447179816045534
-136.7504958636269,2.5981789976655185,54.79488184282006,-2.4207770824432373,2.4266843795776367,2.4280805587768555,2.2740568426423806,2.5981798514391277,1.5947876994954484
-136.71762899334078,2.400992530431392,54.73018287590711,-2.4079301357269287,2.4211032390594482,2.422987222671509,2.3069237129284943,2.4009933842050013,1.659486666408398
-136.9716164078169,2.1963202766489966,54.92783830520353,-2.3908274173736572,2.437952756881714,2.40545916557312,2.05293629845238,2.196321130422606,1.46183123711198
-137.26263710797278,1.9509110669381706,54.9571124959862,-2.3655500411987305,2.45070481300354,2.3961641788482666,1.761915598296497,1.9509119207117798,1.4325570463293076
-137.36228956796327,1.7800056584882697,55.216550401419966,-2.354434013366699,2.45963191986084,2.3720436096191406,1.6622631383060025,1.780006512261879,1.173119140895544
-137.49647546439735,1.477738019977706,55.126033319444375,-2.3305840492248535,2.459794521331787,2.3679933547973633,1.5280772418719266,1.477738873751315,1.2636362228711349
-137.74687019937002,1.2898032813158005,55.33476390047996,-2.3114800453186035,2.4730217456817627,2.34613037109375,1.2776825068992537,1.2898041350894096,1.0549056418355462
-137.92374477811666,1.026788283370417,55.39425484815077,-2.2890725135803223,2.4773943424224854,2.3321657180786133,1.1008079281526193,1.026789137144026,0.9954146941647366
-138.31742322149785,0.7016812894796555,55.723736343523015,-2.2622439861297607,2.502615451812744,2.303363084793091,0.7071294847714285,0.7016821432532645,0.6659331987924944
-138.54877538906453,0.42400959954434453,55.896652827645646,-2.2397689819335938,2.512223720550537,2.2805016040802,0.47577731720474503,0.42401045331795356,0.49301671466986363
-138.81247533254037,0.31252302450227404,56.13863618465544,-2.2216429710388184,2.521458625793457,2.2577641010284424,0.21207737372890278,0.31252387827588307,0.25103335766007007
-138.92705858605652,0.16613623060619268,56.276022024715665,-2.210099935531616,2.5262789726257324,2.242187976837158,0.09749412021275816,0.16613708437980174,0.11364751759984415
-138.9938851568959,0.05397005940162248,56.30328130969318,-2.2006211280822754,2.52766489982605,2.236992359161377,0.030667549373362135,0.05397091317523154,0.0863882326223262
-138.9948687041364,0.08249692921583308,56.33479238742904,-2.2013487815856934,2.5269389152526855,2.2347497940063477,0.029684002132881915,0.08249778298944214,0.05487715488646927
-139.0264378384802,0.07189413459817073,56.33941301040255,-2.200113296508789,2.5294430255889893,2.233590841293335,0.0018851322109298962,0.0718949883717798,0.050256531912957314
-139.01586470564501,0.06013489874347163,56.30694229108831,-2.1999247074127197,2.528353691101074,2.2359566688537598,0.008688000624260894,0.06013575251708069,0.08272725122719748
-139.03203859359962,0.08284486963359176,56.30189136619709,-2.1994402408599854,2.5276317596435547,2.236236095428467,0.007485887330346941,0.08284572340720082,0.08777817611841954
-139.0105644788491,0.029391144700374995,56.30149521522522,-2.198521375656128,2.5283267498016357,2.2361385822296143,0.01398822742018524,0.029391998473984056,0.08817432709028594
-138.98541572232511,0.09210567349855292,56.30675446088614,-2.202054262161255,2.5269012451171875,2.2363221645355225,0.039136983944160875,0.09210652727216198,0.08291508142936976
-138.98000621250245,0.11755208237486042,56.293992252421965,-2.2029101848602295,2.525353193283081,2.2370731830596924,0.04454649376683051,0.11755293614846948,0.09567728989354407
-138.99978644033882,0.06294021010138268,56.32308885828622,-2.2009575366973877,2.528461456298828,2.2348570823669434,0.02476626593045239,0.06294106387499174,0.06658068402929018
-138.9871915715093,0.07393075853962595,56.30969485732383,-2.20080828666687,2.5266382694244385,2.235621690750122,0.03736113475997627,0.07393161231323502,0.07997468499168292
-138.96388696606124,0.12048472971671267,56.319503008971964,-2.204559803009033,2.5249698162078857,2.2352499961853027,0.06066574020803728,0.12048558349032173,0.07016653334354572
-139.0063707426987,0.06887350367339115,56.28986681816328,-2.199744939804077,2.527024269104004,2.2369420528411865,0.018181963570583548,0.06887435744700021,0.09980272415222657
-138.9929152700338,0.07010793916260512,56.30397457389394,-2.2009024620056152,2.526746988296509,2.236135959625244,0.031637436235484984,0.07010879293621418,0.08569496842157065
-138.98541572232511,0.09889601743514068,56.31216738580337,-2.2024991512298584,2.5262835025787354,2.235659122467041,0.039136983944160875,0.09889687120874974,0.07750215651213921
-138.99825647796473,0.08948102955842212,56.30826051759812,-2.2011001110076904,2.5268869400024414,2.235940933227539,0.026296228304545366,0.08948188333203118,0.08140902471738798
-138.99663089294228,0.07038841158034025,56.292516931561245,-2.2004916667938232,2.5271317958831787,2.2371716499328613,0.027921813326997835,0.0703892653539493,0.0971526107542644
-139.01925247947335,0.054968379986398995,56.31567468794217,-2.1996278762817383,2.5291945934295654,2.235426425933838,0.005300226795924345,0.054969233760008056,0.07399485437333908

Errors:
rotation,[20.161052986765547, 20.488311669194935, 22.947237896616684, 20.408743051829397, 17.553297373795743, 14.441391825744171, 9.50386480559771, 6.467024393576956, 6.367403763541894, 5.711088665986965, 5.145384565337585, 4.615388791463426, 4.269452338494377, 3.6223922838242095, 3.1230117594613818, 2.074744826817187, 1.3928044851925623, 0.7756346096648559, 0.37727872219240405, 0.17102669517091987, 0.16705894000879334, 0.124036652495667, 0.15155100436853908, 0.1781097868559673, 0.13155455298445523, 0.21415859264569262, 0.2577767198088441, 0.1542880138347343, 0.19126743206489422, 0.25131785704190474, 0.18685904516981033, 0.18744119759326983, 0.21553601166504982, 0.1971871363539645, 0.19546368943521153, 0.1342643149292715]
translation,[0.12242333873291766, 0.12278811251619004, 0.14574550613469217, 0.1462525685376379, 0.1528931182977935, 0.1611202682255577, 0.17078401155533207, 0.16941081520503687, 0.15584321028345105, 0.14570041422602653, 0.13340994464486844, 0.11853849984263842, 0.10282847340825185, 0.08750002380850486, 0.06964329270743352, 0.053759518630204894, 0.03439943231617981, 0.017444894390003185, 0.0054580291508772305, 0.0017421041242320356, 0.003044575895712498, 0.0027907160639335515, 0.002265130741285759, 0.0028275829877033587, 0.0029471647018155522, 0.001810143643282025, 0.0018959208326334576, 0.002243504061843815, 0.0030446973038644742, 0.0022458061494488035, 0.0026503850673647023, 0.0026396098656640277, 0.002322315029056554, 0.002552091276577073, 0.0020476621347862434, 0.0021936396643491562]
loss,
[0.2051699161529541, 0.20201389491558075, 0.0708032175898552, 0.052914105355739594, 0.04979744553565979, 0.044152095913887024, 0.025282088667154312, 0.01706869527697563, 0.016783731058239937, 0.017570454627275467, 0.014758340083062649, 0.015272479504346848, 0.014407185837626457, 0.010409511625766754, 0.007431595586240292, 0.005930935963988304, 0.0038257893174886703, 0.0023460600059479475, 0.0017575181555002928, 0.0016076946631073952, 0.0017393067246302962, 0.0015949420630931854, 0.0013444162905216217, 0.0015486374031752348, 0.0014100975822657347, 0.0017009263392537832, 0.0013475720770657063, 0.0013984721153974533, 0.0016019216272979975, 0.0014011053135618567, 0.001278275391086936, 0.0015413829823955894, 0.0015193491708487272, 0.0014042149996384978, 0.0015869445633143187, 0.0015937646385282278]

2022-04-20 00:18:13.760048