2022-04-19 23:33:01.927411

reference phi, theta, psi, translation: 16.672973292337613, -0.0, 55.56417970941693, 0.9538894295692444, -3.184936285018921, 2.279534101486206

phi,theta,psi,rot_x,rot_y,rot_z,phi_err,theta_err,psi_err
26.607018987257597,-4.879078348390559,61.415046110949504,1.4386786222457886,-3.2383759021759033,2.121750593185425,9.934045694919984,4.879078348390559,5.850866401532571
25.425263072156575,-3.899353788957312,60.575766126116676,1.4109387397766113,-3.231515884399414,2.164421558380127,8.752289779818963,3.899353788957312,5.011586416699743
23.459589270540267,-3.713573057344458,59.318389771619856,1.2898694276809692,-3.2569069862365723,2.2347896099090576,6.786615978202654,3.713573057344458,3.7542100622029224
18.864094562983116,-4.455849608337988,59.29654682665416,0.961249053478241,-3.4398746490478516,2.1932573318481445,2.191121270645503,4.455849608337988,3.7323671172372244
17.613705492007224,-1.4439677310540011,58.81478626373648,1.0123646259307861,-3.3989853858947754,2.2091689109802246,0.9407321996696112,1.4439677310540011,3.250606554319546
15.69782718453489,-2.922860161637364,60.28948557724476,0.8821352124214172,-3.4752719402313232,2.119197130203247,0.9751461078027219,2.922860161637364,4.725305867827828
14.944435120967682,-1.9413354924766788,60.79990561391981,0.8780973553657532,-3.477210521697998,2.081404209136963,1.7285381713699302,1.9413354924766788,5.235725904502878
15.190188742399325,-1.6676120420294587,60.75311881810523,0.8993228673934937,-3.465189218521118,2.069849729537964,1.4827845499382875,1.6676120420294587,5.188939108688295
15.259699577582545,-1.5940756914618734,60.65192273536232,0.9017947316169739,-3.4517807960510254,2.0713484287261963,1.4132737147550678,1.5940756914618734,5.087743025945386
15.24593674640497,-1.4443379101301412,60.858638410592754,0.9053287506103516,-3.449542284011841,2.054973602294922,1.4270365459326424,1.4443379101301412,5.29445870117582
15.391964483312549,-1.7391618114840306,60.72247858948855,0.9025330543518066,-3.4464192390441895,2.064767837524414,1.2810088090250638,1.7391618114840306,5.158298880071619
15.342566847687724,-1.6721872729611085,61.0866028043311,0.9056101441383362,-3.457427501678467,2.0437002182006836,1.3304064446498884,1.6721872729611085,5.522423094914167
15.181106298350501,-1.7877020740141258,60.84671290030191,0.8919035196304321,-3.4514286518096924,2.0568833351135254,1.4918669939871112,1.7877020740141258,5.282533190884976
15.197406544804737,-1.688824335003755,61.05498585866311,0.8983553051948547,-3.45809268951416,2.0435070991516113,1.4755667475328753,1.688824335003755,5.4908061492461755
15.306064609215884,-1.6665324165236377,60.81264391672189,0.9030870199203491,-3.450329303741455,2.0597853660583496,1.3669086831217285,1.6665324165236377,5.248464207304956
15.40985104120152,-1.4610764381354908,60.883855469008445,0.9150959253311157,-3.4495394229888916,2.055021047592163,1.2631222511360924,1.4610764381354908,5.319675759591512
15.33541393207943,-1.7310711769883063,60.827281012113225,0.9001128673553467,-3.4477672576904297,2.058175802230835,1.337559360258183,1.7310711769883063,5.263101302696292
15.531739182034983,-1.6804526783760423,60.69112802119819,0.9135701656341553,-3.443967580795288,2.0661444664001465,1.14123411030263,1.6804526783760423,5.1269483117812555
15.410394041240536,-1.6957444643581232,60.8879877334563,0.9081684350967407,-3.452064037322998,2.0560553073883057,1.2625792510970761,1.6957444643581232,5.323808024039366
15.35905833943872,-1.581855497732735,61.011948836702864,0.9096114635467529,-3.4539918899536133,2.0470449924468994,1.3139149528988927,1.581855497732735,5.44776912728593
15.39535567223546,-1.664994345499088,60.64826175396719,0.9050270318984985,-3.443804979324341,2.0695111751556396,1.277617620102152,1.664994345499088,5.084082044550257
15.404499587986816,-1.4582451809947055,60.97421887172771,0.9154173731803894,-3.452131509780884,2.0503990650177,1.2684737043507965,1.4582451809947055,5.410039162310774
15.309332854733736,-1.5919982318447097,61.035246611961774,0.9059615135192871,-3.4553589820861816,2.0457265377044678,1.3636404376038769,1.5919982318447097,5.471066902544841
15.323768459544556,-1.5685046713216648,60.89272105455112,0.9061721563339233,-3.4493634700775146,2.054262638092041,1.3492048327930561,1.5685046713216648,5.328541345134184
15.181212166282636,-1.6371863241205864,60.833004710637695,0.8970869183540344,-3.451772451400757,2.0573441982269287,1.4917611260549766,1.6371863241205864,5.268825001220762
15.156474928656143,-1.4559432676120463,60.885938676705294,0.9026016592979431,-3.453270673751831,2.0546765327453613,1.5164983636814693,1.4559432676120463,5.3217589672883605
15.4204241740367,-1.515536921637185,60.80258987826363,0.9143418669700623,-3.447911024093628,2.0594282150268555,1.2525491183009123,1.515536921637185,5.238410168846698
15.407771248599252,-1.7841727361549167,60.70685111666756,0.901248574256897,-3.4484565258026123,2.0648081302642822,1.2652020437383609,1.7841727361549167,5.142671407250624
15.31214689267178,-1.5249647989532482,60.87559094011272,0.9083183407783508,-3.449892282485962,2.054981231689453,1.3608263996658323,1.5249647989532482,5.311411230695789
15.3871696905152,-1.6547172407415105,60.710163758415014,0.9050371050834656,-3.4467380046844482,2.0654237270355225,1.285803601822412,1.6547172407415105,5.145984048998081
15.335705922666447,-1.5248916522084128,60.8382434657311,0.907997727394104,-3.4490978717803955,2.057450532913208,1.3372673696711654,1.5248916522084128,5.274063756314163
15.290006834477184,-1.3721812330929957,60.87895139318437,0.9120150208473206,-3.4507269859313965,2.0536458492279053,1.3829664578604284,1.3721812330929957,5.3147716837674395
15.394459209906897,-1.6069729959407157,60.804816519933055,0.9082496166229248,-3.4500539302825928,2.060458183288574,1.278514082430716,1.6069729959407157,5.240636810516122
15.413819381109297,-1.7341783384763025,60.65097333906769,0.9046514630317688,-3.4447262287139893,2.0703208446502686,1.2591539112283154,1.7341783384763025,5.0867936296507565
15.394988549567573,-1.4549501760596257,60.753166629429415,0.9137301445007324,-3.4464406967163086,2.0629687309265137,1.2779847427700393,1.4549501760596257,5.188986920012482
15.430315995502172,-1.5799842579302177,60.76159508286521,0.9116133451461792,-3.4468753337860107,2.062122344970703,1.242657296835441,1.5799842579302177,5.19741537344828

Errors:
rotation,[20.663990444843115, 17.663229985476015, 14.254399097750035, 10.379337996220716, 5.6353064850431585, 8.623312137267913, 8.905599568349487, 8.339335700656042, 8.095092432162328, 8.165833157238604, 8.178469500580714, 8.525016812525164, 8.562102258886213, 8.655197231782806, 8.281905306950321, 8.043874448863095, 8.331731839942782, 7.948635100459928, 8.282131739494565, 8.343539577917557, 8.026694010151498, 8.136758047656276, 8.426705571993427, 8.246250849248906, 8.397772451396325, 8.294200598581876, 8.006496208784796, 8.192046187143902, 8.19720242931487, 8.086504891562003, 8.13622277819374, 8.069919374720865, 8.126123888887554, 8.080125879355375, 7.921921838842147, 8.020056928213938]
translation,[0.09908907901583852, 0.10628140525804852, 0.1240475309727529, 0.1601853789472436, 0.147197485390123, 0.13380499904864074, 0.11547112572745188, 0.1041578078143699, 0.09422066426472142, 0.08492247644398354, 0.08659353114848312, 0.08598726984669192, 0.08452669694077475, 0.08486051682938278, 0.08749399312319639, 0.08710307513861526, 0.083891170609796, 0.08766660510577395, 0.08820111386180596, 0.08564732699703015, 0.08733482812641213, 0.08704272894634357, 0.08533430737734893, 0.08460330987309828, 0.08617160602743734, 0.08730090606522634, 0.08777342517782216, 0.08803780329353117, 0.08587816134309278, 0.0877387257508655, 0.08637507803060007, 0.08672851805178805, 0.08873489930861034, 0.08842954380736767, 0.0881788755259878, 0.08764972176095043]
loss,
[0.154087096452713, 0.14989736676216125, 0.1425788402557373, 0.09849836677312851, 0.0751669630408287, 0.0631452202796936, 0.06198115274310112, 0.06555058062076569, 0.056581296026706696, 0.05701548978686333, 0.05730372667312622, 0.05998934432864189, 0.05793752521276474, 0.0592082254588604, 0.05803006887435913, 0.058339446783065796, 0.062014080584049225, 0.06015346199274063, 0.061366938054561615, 0.05947522446513176, 0.06172729283571243, 0.05869927257299423, 0.059938251972198486, 0.060059696435928345, 0.05735138803720474, 0.06050866097211838, 0.05429401993751526, 0.062244415283203125, 0.05608935281634331, 0.060260139405727386, 0.05868540331721306, 0.05344739556312561, 0.05850188061594963, 0.05613940209150314, 0.05866432934999466, 0.058754369616508484]

2022-04-19 23:42:17.314832