2022-04-20 11:52:53.704974

reference phi, theta, psi, translation: 132.9853677440357, -8.537735924097414e-07, 76.34363348549546, 2.865516185760498, 2.6707684993743896, 0.9517420530319214

phi,theta,psi,rot_x,rot_y,rot_z,phi_err,theta_err,psi_err
143.3552887910292,-3.0579185397180266,69.36864430507845,2.3124754428863525,2.981729030609131,1.6183615922927856,10.369921046993511,3.0579176859444344,6.974989180417012
143.5478728048669,-3.3354074157868023,69.44849604666506,2.3112120628356934,2.9888875484466553,1.6072803735733032,10.5625050608312,3.33540656201321,6.895137438830403
144.57984608656412,-7.5009758147803876,69.5764937917111,2.3781704902648926,2.965435266494751,1.5230664014816284,11.594478342528419,7.500974961006795,6.767139693784358
147.66356721379816,-12.551301894221973,71.89559573192972,2.294933557510376,3.130498170852661,1.2603931427001953,14.678199469762461,12.551301040448381,4.4480377535657425
147.05409577377958,-10.258655584332713,71.8646481448004,2.271228075027466,3.0974481105804443,1.3269760608673096,14.06872802974388,10.25865473055912,4.478985340695061
146.71903401385543,-9.392218340846888,73.67636265233544,2.2700371742248535,3.1488473415374756,1.1806234121322632,13.733666269819736,9.392217487073296,2.6672708331600177
145.25823413530813,-7.220934809954776,74.51291739168944,2.330164670944214,3.1202023029327393,1.143672227859497,12.27286639127243,7.220933956181184,1.8307160938060179
145.0269639300115,-7.283322893801256,75.817408391081,2.3536534309387207,3.127662420272827,1.0269802808761597,12.041596185975806,7.283322040027664,0.5262250944144569
144.96892098244473,-6.468233790556534,74.71668242519843,2.3391990661621094,3.0953032970428467,1.1304569244384766,11.98355323840903,6.468232936782941,1.6269510602970314
146.10166687515633,-7.30132785873643,77.08524176519711,2.289699077606201,3.1847455501556396,0.9234449863433838,13.116299131120627,7.301327004962838,0.7416082797016514
146.1780693712121,-7.629787167599286,76.3893820925562,2.2838172912597656,3.1522655487060547,0.9862433075904846,13.192701627176405,7.629786313825694,0.04574860706074446
145.2876039487392,-6.910601295212512,75.22342098991084,2.310335636138916,3.0882582664489746,1.0785634517669678,12.30223620470349,6.91060044143892,1.1202124955846244
145.51110139876036,-6.535094640067561,76.41290526405773,2.2922868728637695,3.1337616443634033,0.975593090057373,12.525733654724661,6.535093786293968,0.06927177856226763
145.65095635220553,-5.721770901806153,75.6467151335332,2.258848190307617,3.1318321228027344,1.050526738166809,12.665588608169827,5.72177004803256,0.6969183519622533
145.53159196627038,-6.0342219118318505,76.9539108878361,2.270055055618286,3.132858991622925,0.9374127388000488,12.546224222234684,6.034221058058258,0.6102774023406425
144.96207713289638,-5.222785156939607,76.268528725382,2.297461748123169,3.1033167839050293,0.9948949813842773,11.976709388860684,5.222784303166015,0.07510476011346157
144.68600088664448,-4.2114440184206225,77.32522729187467,2.3045876026153564,3.121598958969116,0.9044654965400696,11.70063314260878,4.21144316464703,0.9815938063792089
143.68036481438682,-2.736029483959132,78.30370653199236,2.3647921085357666,3.098762035369873,0.8322574496269226,10.694997070351121,2.73602863018554,1.9600730464969018
141.82553132262146,-0.5072531405088343,79.35274845642545,2.4603400230407715,3.0391674041748047,0.7414343357086182,8.84016357858576,0.5072522867352419,3.0091149709299856
139.87553963533952,2.1056442567565647,78.58572504282219,2.5189826488494873,2.9727730751037598,0.8029361963272095,6.890171891303822,2.105645110530157,2.242091557326731
137.71209087611632,2.532913568677804,78.44429231567874,2.616466760635376,2.878756046295166,0.7967875599861145,4.726723132080622,2.5329144224513964,2.100658830183278
135.57387283568713,1.5857774836316278,77.22644909609795,2.7154059410095215,2.77103328704834,0.8763810396194458,2.5885050916514274,1.5857783374052203,0.882815610602492
133.42915245516812,0.3392354649800861,76.52666889487347,2.8252112865448,2.6641745567321777,0.9282988905906677,0.4437847111324231,0.33923631875367855,0.18303540937800733
132.37703011541936,-0.019536284779374944,76.60119991909664,2.8781163692474365,2.6235086917877197,0.9286313056945801,0.60833762861634,0.019535431005782533,0.25756643360118403
132.70326727093584,0.008215662037380445,76.41898413241904,2.8642873764038086,2.6435534954071045,0.9422510862350464,0.28210047309985953,0.008216515810972854,0.07535064692358162
132.87100305657302,0.0436551798789183,76.43353926554035,2.861538887023926,2.656557083129883,0.9425941109657288,0.11436468746268247,0.04365603365251071,0.08990578004488725
132.85291671565082,-0.01005081378314335,76.36796944950822,2.8650848865509033,2.655153274536133,0.9480310678482056,0.1324510283848781,0.01004996000955094,0.02433596401276361
132.86473294291494,-0.08847746490935532,76.33990420220863,2.865372657775879,2.6553714275360107,0.9501867890357971,0.12063480112075808,0.08847661113576291,0.0037292832868303094
132.88882985030673,-0.03558400163727859,76.38391111103103,2.86468505859375,2.6588687896728516,0.9473785161972046,0.09653789372896426,0.03558314786368618,0.04027762553556613
132.85298501754252,-0.021001289292147875,76.36281265668485,2.8664867877960205,2.6560399532318115,0.9482007026672363,0.1323827264931765,0.021000435518555464,0.01917917118939272
132.808411203019,-0.0212094766994584,76.38229235619774,2.8666532039642334,2.6539981365203857,0.9466423392295837,0.17695654101669334,0.021208622925865988,0.038658870702278136
132.82373814751654,-0.003651439839334257,76.36686295886268,2.865518569946289,2.655001401901245,0.9486370086669922,0.16162959651916253,0.0036505860657418472,0.023229473367223363
132.84115512990005,-0.002285911324271157,76.3545139768433,2.865280866622925,2.6557626724243164,0.9494430422782898,0.1442126141356539,0.0022850575506787475,0.010880491347833754
132.83371022370474,-0.03150656759763615,76.3395695229393,2.8653855323791504,2.6540327072143555,0.9501228928565979,0.15165752033095714,0.03150571382404374,0.004063962556159595
132.82443482681185,0.009228629378843143,76.3826202052779,2.866257429122925,2.655486822128296,0.9477208256721497,0.16093291722384606,0.009229483152435552,0.03898671978244295
132.88481369907478,-0.02041906186521867,76.36100948674398,2.863986015319824,2.657918930053711,0.9488595724105835,0.10055404496091569,0.02041820809162626,0.01737600124852179

Errors:
rotation,[20.402827913354958, 20.793049061674814, 25.862592997319574, 31.677538263776583, 28.806368100998064, 25.79315459005305, 21.324516441259632, 19.851143320417926, 20.078737235489, 21.159234415785114, 20.868236548062843, 20.333049141727034, 19.1300992195809, 19.08427700816464, 19.190722682633584, 17.27459845214016, 16.893670113635018, 15.391098747033563, 12.356530836250986, 11.23790855916071, 9.360296384715296, 5.05709903965914, 0.966056439264109, 0.8854394932233065, 0.36566763583441403, 0.24792650116008041, 0.16683695240719265, 0.2128406955433513, 0.17239866712821658, 0.17256233320112468, 0.23682403464483745, 0.18850965595212774, 0.1573781630341664, 0.18722719671116048, 0.20914912015872456, 0.13834825430106373]
translation,[0.07464079787699607, 0.07478148121795947, 0.06389641699544146, 0.04996526561744474, 0.032555034131170224, 0.02623229639297442, 0.027604381915853793, 0.015677874460179986, 0.009995635861661079, 0.0014792113953294717, 0.015500025660885264, 0.026345650316681457, 0.027777439767191048, 0.02933256516278071, 0.05033777937664263, 0.043808815608571194, 0.04696502293131655, 0.045251303159470346, 0.05123740650338915, 0.05276745803084504, 0.06023416633346734, 0.053680155473162294, 0.03846267321242536, 0.027542048398209396, 0.021097197803713996, 0.014390934795388333, 0.011512859983660029, 0.010654710894098862, 0.009496188817895934, 0.009887898096001102, 0.01148484809661987, 0.011161091903012732, 0.010637413563014064, 0.01154468558288091, 0.01052986987863136, 0.010272858317578404]
loss,
[0.17374691367149353, 0.17050175368785858, 0.13313323259353638, 0.1207306832075119, 0.12255565822124481, 0.10789424180984497, 0.1032237857580185, 0.10585212707519531, 0.11298917979001999, 0.10283151268959045, 0.10426678508520126, 0.10585402697324753, 0.09844815731048584, 0.10110165923833847, 0.09530675411224365, 0.09200411289930344, 0.10378386825323105, 0.0895332545042038, 0.06960069388151169, 0.04846423491835594, 0.030442681163549423, 0.022925829514861107, 0.009243431501090527, 0.0032278539147228003, 0.0018427735194563866, 0.0016001192852854729, 0.0019633290357887745, 0.0014124668668955564, 0.0014168969355523586, 0.0016020478215068579, 0.002338397316634655, 0.0018173512071371078, 0.0021200128830969334, 0.00192243920173496, 0.0017042815452441573, 0.0019077009055763483]

2022-04-20 11:57:26.566875