2022-04-21 13:50:26.563545

reference phi, theta, psi, translation: -33.091320547511735, -0.0, 74.32085247222868, -2.1190009117126465, -3.251617431640625, 1.089412808418274

phi,theta,psi,rot_x,rot_y,rot_z,phi_err,theta_err,psi_err
-22.822884158753556,1.294954214858955,81.82337814338081,-1.5357718467712402,-3.6827800273895264,0.7731812596321106,10.268436388758179,1.294954214858955,7.502525671152128
-23.472913262063667,1.447680649932426,81.40543886806772,-1.586355209350586,-3.659172296524048,0.7848767638206482,9.618407285448068,1.447680649932426,7.08458639583904
-25.927112928970555,3.6313756301139324,80.44248464793347,-1.7686702013015747,-3.6082239151000977,0.7488819360733032,7.16420761854118,3.6313756301139324,6.121632175704789
-26.637112800740674,2.700624829618182,76.70055868095282,-1.7875471115112305,-3.521430730819702,0.9871159791946411,6.454207746771061,2.700624829618182,2.3797062087241443
-29.046069294585394,2.1356023446292958,74.16959110286957,-1.9057440757751465,-3.418555974960327,1.1241345405578613,4.045251252926342,2.1356023446292958,0.15126136935910495
-34.29620348314241,0.14153800096894428,73.39611999068983,-2.1908464431762695,-3.2305331230163574,1.1636580228805542,1.2048829356306783,0.14153800096894428,0.9247324815388538
-33.32616294174428,0.3144134662802359,73.70541827706468,-2.131504774093628,-3.2591352462768555,1.138844609260559,0.23484239423254394,0.3144134662802359,0.6154341951639992
-33.45747674363236,-0.01318476533895389,74.0858803044019,-2.1415538787841797,-3.2449278831481934,1.1079370975494385,0.36615619612062744,0.01318476533895389,0.23497216782678265
-33.28028797618389,-0.0027733897119451953,74.16077332865109,-2.127349615097046,-3.244133949279785,1.1026052236557007,0.1889674286721572,0.0027733897119451953,0.16007914357759034
-33.16977893050767,-0.008436272100258041,74.25615009022114,-2.12331485748291,-3.2503223419189453,1.095609188079834,0.07845838299593311,0.008436272100258041,0.06470238200753897
-33.2290376517467,0.00621837050086051,74.2086939358679,-2.125903367996216,-3.2483508586883545,1.0978537797927856,0.13771710423496586,0.00621837050086051,0.11215853636078066
-33.14436721170063,0.005083436349831747,74.25604080719442,-2.119741201400757,-3.2514169216156006,1.095147728919983,0.05304666418889781,0.005083436349831747,0.06481166503425584
-33.22693053838775,-0.07490238888551244,74.18215182075323,-2.1245615482330322,-3.2429919242858887,1.0985112190246582,0.1356099908760129,0.07490238888551244,0.13870065147544608
-33.14335292860889,0.06075028149955036,74.2732665442812,-2.1165924072265625,-3.2458102703094482,1.0927894115447998,0.05203238109715613,0.06075028149955036,0.0475859279474804
-32.98222876608829,0.0016487103176273487,74.39049991119529,-2.1065399646759033,-3.247088670730591,1.0816184282302856,0.10909178142344444,0.0016487103176273487,0.06964743896661219
-33.00722384335595,0.043788906127559146,74.37099289092573,-2.1051201820373535,-3.2447316646575928,1.081934928894043,0.08409670415578319,0.043788906127559146,0.050140418697054656
-32.99478948397194,0.014603863470877854,74.33976526604044,-2.107271194458008,-3.247734785079956,1.0864413976669312,0.09653106353979268,0.014603863470877854,0.018912793811765027
-33.17083419473443,-0.07582321263477297,74.28933114920906,-2.1194400787353516,-3.243335485458374,1.0908833742141724,0.07951364722269716,0.07582321263477297,0.03152132301961785
-33.1281796633677,0.11132129022321927,74.20521736958037,-2.114191770553589,-3.2462263107299805,1.0964128971099854,0.03685911585596813,0.11132129022321927,0.11563510264831223
-33.20863246160128,-0.017998663539777117,74.27991914853278,-2.123091220855713,-3.2451300621032715,1.0922356843948364,0.117311914089548,0.017998663539777117,0.04093332369589575
-33.2050295368141,0.05812139033674756,74.22527763517269,-2.1208443641662598,-3.2465484142303467,1.095882534980774,0.11370898930236706,0.05812139033674756,0.09557483705599168
-33.2150528394211,0.01973697828371278,74.25153288234222,-2.1220524311065674,-3.2436318397521973,1.0938540697097778,0.12373229190936286,0.01973697828371278,0.06931958988646159
-33.238500878841755,0.06632905052390295,74.23723046622021,-2.1212897300720215,-3.243527889251709,1.0946122407913208,0.14718033133001995,0.06632905052390295,0.08362200600846847
-33.196543026770364,0.016970131812406104,74.16646970641888,-2.120142698287964,-3.243846893310547,1.0991836786270142,0.10522247925862871,0.016970131812406104,0.1543827658097996
-33.2240721042201,-0.002125163750136149,74.25599982605941,-2.1203579902648926,-3.243086338043213,1.092515468597412,0.1327515567083637,0.002125163750136149,0.06485264616927111
-33.190201196126004,-0.005546744540343086,74.29031469644956,-2.1185526847839355,-3.241507053375244,1.0896602869033813,0.09888064861426926,0.005546744540343086,0.03053777577912342
-33.134193644931905,-0.008127240983429625,74.24955212748291,-2.11433744430542,-3.242748260498047,1.0922244787216187,0.04287309742016987,0.008127240983429625,0.07130034474576519
-33.163085345121054,0.01992849810161056,74.26649099662454,-2.115292549133301,-3.242373466491699,1.091587781906128,0.07176479760931898,0.01992849810161056,0.05436147560413929
-33.163269760228644,0.014286118161066697,74.24095291931786,-2.1163480281829834,-3.242912769317627,1.09364652633667,0.07194921271690902,0.014286118161066697,0.07989955291081685
-33.11542428509271,-0.04311173939406716,74.30434390500476,-2.1162872314453125,-3.2451510429382324,1.089359164237976,0.024103737580972506,0.04311173939406716,0.01650856722392291
-33.13444294683661,-0.07545061894033514,74.2836757525763,-2.1160709857940674,-3.2435073852539062,1.0900126695632935,0.04312239932487216,0.07545061894033514,0.03717671965237912
-33.10437303901563,0.09342022424229593,74.31256745276545,-2.112395763397217,-3.244995355606079,1.0879228115081787,0.013052491503891872,0.09342022424229593,0.008285019463230014
-33.11314641700451,0.008951451772952534,74.30368137665526,-2.1125924587249756,-3.242342948913574,1.0883560180664062,0.021825869492772654,0.008951451772952534,0.017171095573417006
-33.11038360548524,0.03625985865428807,74.27465307268271,-2.111339807510376,-3.2414863109588623,1.0892345905303955,0.01906305797350427,0.03625985865428807,0.0461993995459693
-33.094329245841124,-0.07046145506160088,74.36026949392883,-2.1136839389801025,-3.241816997528076,1.0844166278839111,0.0030086983293884373,0.07046145506160088,0.03941702170014594
-33.054662922236275,0.0068638768933909355,74.29942616880234,-2.109376907348633,-3.2434592247009277,1.0883960723876953,0.03665762527545979,0.0068638768933909355,0.021426303426338222

Errors:
rotation,[19.06591627476926, 18.150674331219534, 16.917215424359902, 11.534538785113387, 6.332114966914743, 2.2711534181384763, 1.164690055676779, 0.614313129286364, 0.35181996196169274, 0.15159703710373013, 0.256094011096607, 0.12294176557298539, 0.3492130312369714, 0.1603685905441869, 0.180387930707684, 0.178026028980397, 0.13004772082243557, 0.186858182877088, 0.2638155087274996, 0.17624390132522086, 0.2674052166951063, 0.21278886007953723, 0.29713138786239135, 0.2765753768808344, 0.19972936662777097, 0.13496516893373578, 0.12230068314936468, 0.14605477131506883, 0.16613488378879257, 0.08372404419896257, 0.15574973791758642, 0.11475773520941782, 0.047948416839142194, 0.10152231617376165, 0.11288717509113526, 0.06494780559518895]
translation,[0.03326186669987141, 0.033609151696588846, 0.05644952744420095, 0.03952168333656658, 0.04097903676474424, 0.04198434880438562, 0.026239871720799002, 0.011560025449796285, 0.0019541514914962477, 0.002903816583133434, 0.0032893366230446475, 0.0017810249240577392, 0.0015526880959120248, 0.005034566294496834, 0.01229909010404917, 0.0148623618320336, 0.01009331329219787, 0.0060479055766498035, 0.004975338494364934, 0.0023122749260862108, 0.001362764180218079, 0.0036272036029529886, 0.003906730631595856, 0.0030087870917867576, 0.005322619414287466, 0.00831991204582927, 0.008841916354135115, 0.008814726820279617, 0.007265819878035096, 0.0066563279421147925, 0.007918322331424754, 0.009215683564962163, 0.011134786185158951, 0.012245916089460351, 0.012049923368590676, 0.011912079757729899]
loss,
[0.22328698635101318, 0.20394489169120789, 0.09603904187679291, 0.07747778296470642, 0.04845976456999779, 0.008423185907304287, 0.0029805710073560476, 0.0019547119736671448, 0.002457698341459036, 0.001634289394132793, 0.0015203806106001139, 0.0017873402684926987, 0.0018442085711285472, 0.00237966887652874, 0.0017392465379089117, 0.0018291741143912077, 0.0017207510536536574, 0.0014907398726791143, 0.0011551748029887676, 0.0012375179212540388, 0.0012508509680628777, 0.0016383196925744414, 0.0016095400787889957, 0.0015942153986543417, 0.0020577055402100086, 0.0014754666481167078, 0.001482670078985393, 0.0014413155149668455, 0.0016514798626303673, 0.001612998778000474, 0.0013554415199905634, 0.0014819931238889694, 0.0012747233267873526, 0.0014830401632934809, 0.0015736663481220603, 0.0014220648445189]

2022-04-21 13:56:25.895877