2022-04-28 19:29:27.562321

reference phi, theta, psi, translation: 175.36684180812657, -0.0, 39.4597479484966, 0.2069414258003235, 2.553555727005005, 3.112318754196167

phi,theta,psi,rot_x,rot_y,rot_z,phi_err,theta_err,psi_err
-174.60268024378553,2.426304892454245,32.24175771288345,-0.3459881842136383,2.1274664402008057,3.6064906120300293,10.030477948087878,2.426304892454245,7.217990235613151
-174.88971211346615,2.613341951025337,31.966849428979607,-0.3442743420600891,2.1190009117126465,3.6069047451019287,9.74344607840726,2.613341951025337,7.4928985195169915
-176.22163998275366,1.3170212712610152,30.340905821585146,-0.17175447940826416,2.048708200454712,3.6451761722564697,8.411518209119777,1.3170212712610152,9.118842126911453
-178.73289563489226,0.14174690207539029,28.696954420443948,0.010897692292928696,1.9862582683563232,3.6789157390594482,5.900262556981147,0.14174690207539029,10.76279352805265
-178.56831539665163,0.17470019096522188,31.52990856739555,-0.012507781386375427,2.187504529953003,3.571803569793701,6.064842795221807,0.17470019096522188,7.929839381101047
-179.83542477071572,-0.5325658389170886,34.10389267687154,0.07576984167098999,2.3631043434143066,3.4775235652923584,4.797733421157716,0.5325658389170886,5.35585527162506
178.96330523635345,-0.9511292949848473,35.74977702154785,0.13246622681617737,2.4618277549743652,3.4064218997955322,3.5964634282268833,0.9511292949848473,3.709970926948749
175.08388073119127,-1.6751676079210525,38.642119663332714,0.3219280540943146,2.6069276332855225,3.27895450592041,0.28296107693529393,1.6751676079210525,0.8176282851638845
175.39718150841975,-2.194007016947262,37.07962509823309,0.3314555287361145,2.485034942626953,3.3187663555145264,0.030339700293183114,2.194007016947262,2.3801228502635112
175.31418104962577,-1.6544611369688427,37.615118759351255,0.29956650733947754,2.5052435398101807,3.265265703201294,0.052660758500792326,1.6544611369688427,1.8446291891453441
175.43110022783804,-0.6288395554074857,38.39966502327019,0.23836512863636017,2.5311331748962402,3.2147960662841797,0.06425841971147861,0.6288395554074857,1.0600829252264106
175.21523892930895,-0.33838335404153735,38.82864529937659,0.23148158192634583,2.5402474403381348,3.16766357421875,0.15160287881761292,0.33838335404153735,0.6311026491200096
175.31277403065675,-0.26012564815150996,39.14064492556819,0.22463414072990417,2.5420820713043213,3.1376378536224365,0.05406777746981106,0.26012564815150996,0.31910302292840953
175.44430981369285,-0.3225503309978465,39.38804120749522,0.22108995914459229,2.54830002784729,3.118915319442749,0.07746800556628841,0.3225503309978465,0.0717067410013783
175.52090355504538,-0.14062158383936113,39.51743572622653,0.20767413079738617,2.5547561645507812,3.1099207401275635,0.15406174691881347,0.14062158383936113,0.05768777772993161
175.46993668345874,-0.397844638474136,39.48812396940342,0.22479969263076782,2.5501835346221924,3.1077940464019775,0.1030948753321752,0.397844638474136,0.02837602090681912
175.46594785298345,-0.007287467655384262,39.47504757223743,0.20362131297588348,2.550952911376953,3.107025384902954,0.09910604485688168,0.007287467655384262,0.01529962374083027
175.38399924332163,-0.2569253940187529,39.555394502538874,0.22078709304332733,2.552659034729004,3.102252960205078,0.017157435195059634,0.2569253940187529,0.09564655404227551
175.46031977710737,-0.15478670615425816,39.578781070257,0.21242576837539673,2.555483341217041,3.102980852127075,0.09347796898080674,0.15478670615425816,0.1190331217604026
175.40485864104684,-0.23655915805593672,39.429080399123244,0.21907199919223785,2.5447723865509033,3.1089608669281006,0.038016832920277466,0.23655915805593672,0.03066754937335503
175.39414890442828,-0.16118975653716625,39.55323274766656,0.2154039442539215,2.5526390075683594,3.101694107055664,0.02730709630171191,0.16118975653716625,0.0934847991699641
175.44706921011755,-0.11234187445116266,39.57566650399547,0.2105429768562317,2.5549912452697754,3.10125732421875,0.08022740199098166,0.11234187445116266,0.11591855549887242
175.3635769777033,-0.2164386215256958,39.53507468975808,0.21999593079090118,2.5522682666778564,3.1034505367279053,0.0032648304232623104,0.2164386215256958,0.07532674126148464
175.28904595348013,-0.25517903798904934,39.594510995915535,0.22495000064373016,2.553638458251953,3.099226713180542,0.07779585464643901,0.25517903798904934,0.13476304741893586
175.34360550457018,-0.12096113076396411,39.61231729908176,0.21436288952827454,2.5548980236053467,3.0975372791290283,0.02323630355638784,0.12096113076396411,0.15256935058516063
175.29217418011999,-0.11408201491010243,39.53652268986213,0.2181617170572281,2.550837755203247,3.1008830070495605,0.07466762800657989,0.11408201491010243,0.07677474136553286
175.38468226223864,-0.18407197754892013,39.54820231334285,0.21725426614284515,2.5539510250091553,3.1035141944885254,0.017840454112075577,0.18407197754892013,0.08845436484624969
175.42887358616863,-0.1705471781835482,39.492024007419495,0.2143077701330185,2.5515480041503906,3.107837200164795,0.06203177804206916,0.1705471781835482,0.03227605892289631
175.4084239997936,-0.16664809797179633,39.44790098538121,0.21347686648368835,2.548719882965088,3.1094954013824463,0.041582191667032475,0.16664809797179633,0.011846963115388576
175.33319629627508,-0.22274800924773497,39.576936919181094,0.2215682566165924,2.5553998947143555,3.1033496856689453,0.03364551185148912,0.22274800924773497,0.11718897068449508
175.36348135505492,-0.17618055955269585,39.487126761784594,0.21712419390678406,2.550602674484253,3.1083250045776367,0.0033604530716502268,0.17618055955269585,0.02737881328799574
175.33707584372365,-0.21336343788423018,39.56911635258143,0.22043254971504211,2.555575132369995,3.1038565635681152,0.02976596440291246,0.21336343788423018,0.10936840408483306
175.39264626281087,-0.18179273366847,39.498980555089155,0.21615663170814514,2.551508903503418,3.10756778717041,0.025804454684305256,0.18179273366847,0.039232606592555896
175.33525901340442,-0.2951174972004183,39.53450436896239,0.22531262040138245,2.553475856781006,3.105340003967285,0.03158279472214076,0.2951174972004183,0.07475642046578912
175.4058012071523,-0.20611206366908913,39.528988991207605,0.21730990707874298,2.553344249725342,3.1076056957244873,0.038959399025742414,0.20611206366908913,0.06924104271100617
175.34144716479247,-0.26231151087800536,39.5007700646517,0.22318683564662933,2.551482915878296,3.108130693435669,0.02539464333409569,0.26231151087800536,0.041022116155097876

Errors:
rotation,[19.674773076155276, 19.849686548949588, 18.847381607292245, 16.804802987109188, 14.169382367288076, 10.686154531699865, 8.25756365016048, 2.7757569700202307, 4.604469567503957, 3.5517510846149793, 1.7531809003453749, 1.1210888819791598, 0.6332964485497306, 0.47172507756551324, 0.3523711084881062, 0.5293155347131303, 0.12169313625309622, 0.36972938325608806, 0.3672977968954675, 0.30524354034956924, 0.2819816520088423, 0.30848783194101675, 0.29503019321044277, 0.4677379400544242, 0.29676678490551256, 0.2655243842822152, 0.2903667965072454, 0.2648550151485137, 0.22007725275421738, 0.37358249178371916, 0.20691982591234181, 0.3524978063719757, 0.24682979494533117, 0.4014567123883482, 0.3143125054058377, 0.3287282703671989]
translation,[0.170370405351016, 0.16630509310888453, 0.15384598841215347, 0.1497516628566098, 0.15732115376625622, 0.1740077154813644, 0.17385076186772253, 0.17021048280183582, 0.12813451441298973, 0.09536428286998166, 0.06745224682474404, 0.035876617765676855, 0.013301051535222541, 0.002522937756694432, 0.0010525743332614468, 0.004671974574042004, 0.005904718316473101, 0.007599467758325318, 0.005695934687735438, 0.007511462014540449, 0.008334887031629101, 0.007435798565918361, 0.006967207965480782, 0.009079836063925484, 0.010159722098567414, 0.009954471278013521, 0.0059995623390740604, 0.004346353599962605, 0.004901429907790522, 0.004971804066085994, 0.0044178564585299895, 0.004532209396296949, 0.004480231271961621, 0.004450139067992964, 0.0032256999441635514, 0.0036787865116103546]
loss,
[0.0998845100402832, 0.10772210359573364, 0.09302628040313721, 0.08365420997142792, 0.07617993652820587, 0.06994715332984924, 0.06458181142807007, 0.036525972187519073, 0.028788192197680473, 0.014630742371082306, 0.016511842608451843, 0.008764943107962608, 0.0048118773847818375, 0.004830446559935808, 0.004551327787339687, 0.004314783960580826, 0.00444240216165781, 0.004165484104305506, 0.004869564902037382, 0.0046701752580702305, 0.0037216837517917156, 0.004222865216434002, 0.004373549483716488, 0.003728551557287574, 0.004725088365375996, 0.004292700905352831, 0.0027343505062162876, 0.004750135354697704, 0.0050255851820111275, 0.0037326093297451735, 0.0024699256755411625, 0.0037589180283248425, 0.0038398979231715202, 0.0037277466617524624, 0.003695820225402713, 0.0031554221641272306]

2022-04-28 19:32:01.093075