2022-04-28 19:24:16.000789

reference phi, theta, psi, translation: -86.91639066027085, -0.0, 34.793557367935236, -2.296917200088501, -0.12373751401901245, 3.3104169368743896

phi,theta,psi,rot_x,rot_y,rot_z,phi_err,theta_err,psi_err
-76.53055527251121,6.8177051513072,38.18892636661862,-2.336111545562744,-0.9462913274765015,3.345968008041382,10.385835387759641,6.8177051513072,3.395368998683381
-76.41681213226298,6.553150597757659,38.35294994444188,-2.3533620834350586,-0.9441612362861633,3.3339858055114746,10.499578528007874,6.553150597757659,3.559392576506646
-76.70136464327489,5.436831339427539,40.71533137833629,-2.576669692993164,-0.9169670343399048,3.158334732055664,10.215026016995964,5.436831339427539,5.921774010401052
-80.04397043061991,7.847109471245923,39.81223010589886,-2.548205614089966,-0.8691364526748657,3.1691431999206543,6.872420229650942,7.847109471245923,5.018672737963627
-82.56033506425767,7.836891341436014,36.69860299538393,-2.386103868484497,-0.751082181930542,3.285600423812866,4.356055596013178,7.836891341436014,1.9050456274486933
-83.38171995346507,5.364927353958962,34.546345501115795,-2.2722036838531494,-0.5738648176193237,3.358585834503174,3.534670706805784,5.364927353958962,0.24721186681944118
-85.32108386639848,2.4234912797820902,33.92031085235993,-2.2459826469421387,-0.3288520574569702,3.3598315715789795,1.5953067938723677,2.4234912797820902,0.8732465155753033
-86.92165673612094,-0.10291957298120341,34.939866850146075,-2.302670478820801,-0.11730296164751053,3.3000435829162598,0.005266075850087759,0.10291957298120341,0.14630948221083884
-87.02110429043631,-0.10836323183104417,34.9845499476963,-2.3025691509246826,-0.11464531719684601,3.297975778579712,0.1047136301654632,0.10836323183104417,0.19099257976106543
-86.81055004889234,0.12755708300521607,34.74828004392722,-2.288484811782837,-0.1367575228214264,3.3090429306030273,0.10584061137851108,0.12755708300521607,0.04527732400801909
-86.94780270026374,0.04579868265358748,34.939136019904886,-2.2994046211242676,-0.1274268478155136,3.2988169193267822,0.031412039992886776,0.04579868265358748,0.14557865196965025
-86.92622613267567,0.0611526576437042,34.866274976933774,-2.2948272228240967,-0.128383070230484,3.3032302856445312,0.009835472404816414,0.0611526576437042,0.07271760899853774
-86.97138051327862,0.052286085866543076,34.88484626128704,-2.297736167907715,-0.12578900158405304,3.3022103309631348,0.054989853007768374,0.052286085866543076,0.0912888933518019
-86.92038632093531,-0.08696594421280344,34.808259350123684,-2.2921273708343506,-0.11978759616613388,3.3068506717681885,0.003995660664458001,0.08696594421280344,0.014701982188448426
-86.86610680760121,-0.004700572420800351,34.85817437257814,-2.294952630996704,-0.12512296438217163,3.3043437004089355,0.05028385266963653,0.004700572420800351,0.06461700464290487
-86.93617088810721,0.022805211218318293,34.824484464497054,-2.2920780181884766,-0.12490958720445633,3.303933620452881,0.019780227836363906,0.022805211218318293,0.030927096561818246
-86.86392797725598,0.07819383823067991,34.93641418952063,-2.2982113361358643,-0.1300021857023239,3.299614667892456,0.05246268301486623,0.07819383823067991,0.14285682158539714
-86.8227214459933,0.187431759534769,34.83268752169024,-2.2924368381500244,-0.14009533822536469,3.3042614459991455,0.09366921427755415,0.187431759534769,0.039130153755003505
-86.95864904066572,0.10979806420475105,34.878070713630386,-2.295201063156128,-0.12978430092334747,3.3011233806610107,0.04225838039486973,0.10979806420475105,0.08451334569515012
-86.85443401430966,0.04126586985422413,34.84548729619484,-2.2944493293762207,-0.130251944065094,3.3028476238250732,0.06195664596118888,0.04126586985422413,0.05192992825960374
-86.85860725989254,0.12291416749497552,34.89027284658262,-2.29618239402771,-0.13483686745166779,3.3006505966186523,0.05778340037831242,0.12291416749497552,0.09671547864738272
-86.82419676685402,0.06190193507796012,34.84022805053393,-2.293086290359497,-0.13194531202316284,3.3029825687408447,0.09219389341683382,0.06190193507796012,0.04667068259869467
-86.88071658223588,0.07340921768702884,34.81085823710288,-2.2908990383148193,-0.1297774314880371,3.3052010536193848,0.03567407803497247,0.07340921768702884,0.01730086916764151
-86.84575284387458,0.12104287541925851,34.85942088210167,-2.2947468757629395,-0.13370609283447266,3.3037846088409424,0.07063781639627109,0.12104287541925851,0.06586351416643055
-86.88445952590104,0.039763656773029274,34.86587199577274,-2.295135259628296,-0.1281578242778778,3.3029732704162598,0.03193113436981321,0.039763656773029274,0.07231462783750686
-86.93509171821835,0.1328888107138704,34.84998156066871,-2.2937300205230713,-0.1317753940820694,3.303633689880371,0.01870105794749577,0.1328888107138704,0.05642419273347343
-86.85377831614935,0.09745580980450236,34.82428638901112,-2.292487621307373,-0.13320370018482208,3.3046863079071045,0.0626123441215043,0.09745580980450236,0.030729021075885044
-86.88727356383909,-0.00966754940807701,34.84585612641002,-2.2938642501831055,-0.12561415135860443,3.3051023483276367,0.029117096431761524,0.00966754940807701,0.052298758474783824
-86.89580447011244,-0.0373730901901164,34.89050848810898,-2.297642230987549,-0.12308850139379501,3.302474021911621,0.020586190158411455,0.0373730901901164,0.09695112017374186
-86.91923201896557,0.0019807375879124845,34.824972823022705,-2.294393301010132,-0.12462694942951202,3.3038039207458496,0.0028413586947237945,0.0019807375879124845,0.03141545508746901
-86.93969526571894,0.044485605652188266,34.762520988346694,-2.289987802505493,-0.12622016668319702,3.3071439266204834,0.023304605448089433,0.044485605652188266,0.031036379588542218
-86.91971013220747,0.09756231286305829,34.84674063590754,-2.294210195541382,-0.12972164154052734,3.304595947265625,0.0033194719366207437,0.09756231286305829,0.053183267972300996
-86.93103458585136,0.22909407117346678,34.82843572893191,-2.2925002574920654,-0.1372988373041153,3.3043806552886963,0.01464392558051486,0.22909407117346678,0.03487836099667163
-86.85532193890177,0.24182209346070577,34.878128770238334,-2.29553484916687,-0.14165247976779938,3.3027548789978027,0.06106872136908237,0.24182209346070577,0.0845714023030979
-86.88932945077926,0.15751114456623158,34.856989334757145,-2.294322967529297,-0.1348489373922348,3.303316593170166,0.027061209491591853,0.15751114456623158,0.06343196682190921
-86.85776031643546,0.06941315574456368,34.848676994537236,-2.293682336807251,-0.13161809742450714,3.3019402027130127,0.058630343835389453,0.06941315574456368,0.05511962660199998

Errors:
rotation,[20.598909537750224, 20.612121702272177, 21.573631366824554, 19.73820243886049, 14.097992564897886, 9.146809927584187, 4.892044589229761, 0.25449513104213, 0.4040694417575728, 0.27867501839174624, 0.22278937461612452, 0.14370573904705836, 0.19856483222611335, 0.10566358706570987, 0.11960142973334176, 0.07351253561650045, 0.2735133428309433, 0.32023112756732663, 0.2365697902947709, 0.15515244407501677, 0.27741304652067067, 0.20076651109348861, 0.12638416488964282, 0.25754420598196015, 0.14400941898034936, 0.2080140613948396, 0.1907971750018917, 0.09108340431462236, 0.1549104005222697, 0.03623755137010529, 0.09882659068881991, 0.15406505277198002, 0.2786163577506533, 0.38746221713288603, 0.24800432087973265, 0.18316312618195313]
translation,[0.1579505536533441, 0.15757199832073443, 0.14680526129387506, 0.1272624924329815, 0.09837307771040571, 0.06427456469231885, 0.023627594947941866, 0.005419113689215216, 0.007248584296294602, 0.005507111259347219, 0.007984284672964748, 0.0069463953385353605, 0.00620557704137692, 0.005776911257093786, 0.00606356627885507, 0.008045290354416146, 0.007929528130324215, 0.007071571917543373, 0.008417404652807825, 0.0074159336385006824, 0.008079155859981313, 0.008027053761388458, 0.007521699270188087, 0.0063638633509528475, 0.006988864106436843, 0.007131132366402504, 0.0069277831634648734, 0.006045800016980074, 0.0061263432621752045, 0.006840992993843109, 0.0065572540974780935, 0.006134140271004007, 0.007033941894097673, 0.006487825937434799, 0.006951599550999887, 0.008553679646069234]
loss,
[0.14278221130371094, 0.12935860455036163, 0.08823369443416595, 0.05007428675889969, 0.04046863317489624, 0.02885240875184536, 0.011230921372771263, 0.003982417285442352, 0.0014068627497181296, 0.0020903374534100294, 0.0014696947764605284, 0.0015876679681241512, 0.0019026913214474916, 0.001898998860269785, 0.0014874594053253531, 0.0010882302885875106, 0.0020558235701173544, 0.0014558689435943961, 0.0015931630041450262, 0.0015755761414766312, 0.0024872501380741596, 0.002063916763290763, 0.001264042453840375, 0.001497076591476798, 0.001695035956799984, 0.001667042262852192, 0.0012752816546708345, 0.0017962701385840774, 0.001166048925369978, 0.0014760526828467846, 0.0011186571791768074, 0.0017145939636975527, 0.002140090335160494, 0.0009474500548094511, 0.0019337175181135535, 0.0010938330087810755]

2022-04-28 19:26:49.308167