2022-04-21 10:43:24.448035

reference phi, theta, psi, translation: 16.672973292337613, -0.0, 55.56417970941693, 0.9538894295692444, -3.184936285018921, 2.279534101486206

phi,theta,psi,rot_x,rot_y,rot_z,phi_err,theta_err,psi_err
26.607018987257597,-4.879078348390559,61.415046110949504,1.4386786222457886,-3.2383759021759033,2.121750593185425,9.934045694919984,4.879078348390559,5.850866401532571
25.876656614024377,-5.795924736041663,60.09642345016518,1.3294479846954346,-3.254532814025879,2.1662509441375732,9.203683321686764,5.795924736041663,4.53224374074825
23.285520191995197,-7.056860746274249,56.07395429321542,1.0615283250808716,-3.256859540939331,2.3014845848083496,6.612546899657584,7.056860746274249,0.5097745837984888
17.657767042342975,-1.2816381469593394,53.805839715150945,0.9563747048377991,-3.145750045776367,2.4191761016845703,0.9847937500053625,1.2816381469593394,1.758339994265988
16.564279369433322,-0.41737667878048174,55.162776322084454,0.9349215030670166,-3.1840643882751465,2.3086612224578857,0.10869392290429047,0.41737667878048174,0.40140338733247916
16.754395977433333,0.06479896304772575,55.54377451927152,0.9604651927947998,-3.1745314598083496,2.2753989696502686,0.08142268509572048,0.06479896304772575,0.020405190145410756
16.647020281038856,0.03025748745735075,55.51324015858698,0.9543449878692627,-3.178826093673706,2.280242443084717,0.025953011298756934,0.03025748745735075,0.05093955082995194
16.694672803330743,0.0034145989486451065,55.5149442907849,0.9568271636962891,-3.1783437728881836,2.2802231311798096,0.02169951099313039,0.0034145989486451065,0.049235418632036954
16.70937820061378,0.02080226615741018,55.566286822775886,0.9578892588615417,-3.1800894737243652,2.2767343521118164,0.03640490827616816,0.02080226615741018,0.0021071133589529722
16.669505263786537,0.03826606946418718,55.51712312113013,0.9554515480995178,-3.1787195205688477,2.2790260314941406,0.0034680285510759745,0.03826606946418718,0.04705658828680015
16.638158110590762,-0.001224595153304646,55.50375302582983,0.95200115442276,-3.1794655323028564,2.2796106338500977,0.0348151817468505,0.001224595153304646,0.060426683587103014
16.696018350597235,0.03400379170173492,55.560645086521454,0.9576786756515503,-3.1794283390045166,2.2769904136657715,0.023045058259622664,0.03400379170173492,0.0035346228954793446
16.68431652900171,0.01076084972232063,55.53240225430345,0.9562875628471375,-3.1796557903289795,2.28005313873291,0.011343236664096423,0.01076084972232063,0.03177745511348462
16.6942493316022,0.017926550314767257,55.51027244139261,0.9561938047409058,-3.178262710571289,2.2800345420837402,0.02127603926458832,0.017926550314767257,0.053907268024325106
16.65069321526503,0.003701096021162677,55.56916574751104,0.9539519548416138,-3.1817967891693115,2.276716470718384,0.022280077072583282,0.003701096021162677,0.0049860380941098015
16.696020058144526,0.016518762166060103,55.511156950890125,0.9559445381164551,-3.17785382270813,2.2804880142211914,0.023046765806913783,0.016518762166060103,0.053022758526807934
16.68333298176123,0.017637039656707675,55.530117556026084,0.9555166959762573,-3.180316925048828,2.27878999710083,0.010359689423616203,0.017637039656707675,0.03406215339084895
16.721544475072864,-0.030932818789560817,55.54952212345809,0.9563255310058594,-3.180086851119995,2.2781710624694824,0.04857118273525174,0.030932818789560817,0.01465758595884381
16.649043724580473,-0.01438297168884474,55.51768661173666,0.9522535800933838,-3.1797351837158203,2.279387950897217,0.023929567757139836,0.01438297168884474,0.04649309768027621
16.715392182177975,-0.024236018657728637,55.53979934917457,0.9558797478675842,-3.1800479888916016,2.2786998748779297,0.042418889840362795,0.024236018657728637,0.02438036024236112
16.615463099526103,0.052566072766497614,55.5566255201949,0.9535342454910278,-3.1810173988342285,2.2772951126098633,0.0575101928115096,0.052566072766497614,0.007554189222034324
16.66312757464904,0.029192537993837718,55.505979667499254,0.9553274512290955,-3.1784605979919434,2.2802610397338867,0.009845717688573785,0.029192537993837718,0.05820004191767936
16.67980177396033,-0.00026686468713283345,55.56873544559333,0.955003023147583,-3.180971622467041,2.2764737606048584,0.006828481622719096,0.00026686468713283345,0.004555736176399705
16.65120718700007,0.021271060113026787,55.55577516164323,0.9549168348312378,-3.1804702281951904,2.277233123779297,0.021766105337540864,0.021271060113026787,0.008404547773700699
16.62983894018169,0.04615624423489115,55.504196988125884,0.9543700814247131,-3.178607940673828,2.280242919921875,0.043134352155924205,0.04615624423489115,0.059982721291049756
16.639551469181445,0.01487571233624487,55.51915510240821,0.9533093571662903,-3.1795520782470703,2.279242753982544,0.03342182315616782,0.01487571233624487,0.04502460700872035
16.664481659651994,0.020737330793129623,55.55252399159831,0.9552217125892639,-3.1805450916290283,2.277433395385742,0.00849163268561881,0.020737330793129623,0.011655717818626954
16.648840526452663,0.017135295805667538,55.55228493497736,0.9536764025688171,-3.180257797241211,2.277261972427368,0.024132765884949947,0.017135295805667538,0.011894774439575428
16.720427739143567,0.006306980422972414,55.53296574490998,0.9576681852340698,-3.1792855262756348,2.2788515090942383,0.04745444680595412,0.006306980422972414,0.031213964506953573
16.650812743575504,-0.004622954683107837,55.52566427268723,0.9535326361656189,-3.179255485534668,2.2790355682373047,0.022160548762109045,0.004622954683107837,0.03851543672970337
16.654156121174225,0.05112027794877831,55.560563124251416,0.9556516408920288,-3.181091547012329,2.27689266204834,0.01881717116338777,0.05112027794877831,0.0036165851655169945
16.683114415707788,0.03607168982327325,55.505214686312215,0.9563579559326172,-3.177496910095215,2.2801270484924316,0.010141123370175364,0.03607168982327325,0.05896502310471874
16.659142159268335,0.03750848277427848,55.521033404429964,0.9554623365402222,-3.1795132160186768,2.2790579795837402,0.013831133069277968,0.03750848277427848,0.04314630498696914
16.64313561094841,-0.002664805371925474,55.54471708537699,0.9530779719352722,-3.1812210083007812,2.277783155441284,0.029837681389203397,0.002664805371925474,0.01946262403994581
16.649605507639706,0.03604823153049677,55.49999642178633,0.954525887966156,-3.17873215675354,2.280111074447632,0.023367784697907013,0.03604823153049677,0.06418328763060543
16.654668385361976,0.021683554450645463,55.53994278314715,0.9543057680130005,-3.1800360679626465,2.277494192123413,0.01830490697563647,0.021683554450645463,0.024236926269786352

Errors:
rotation,[20.663990444843115, 19.531851798476676, 14.179182229730323, 4.0247718912306905, 0.9274739890172514, 0.166626838288857, 0.10715004958605963, 0.07434952857381244, 0.05931428779253131, 0.0887906863020633, 0.09646646048725815, 0.06058347285683693, 0.053881541499901674, 0.09310985760368068, 0.03096721118785576, 0.09258828649978182, 0.062058882471172826, 0.09416158748365637, 0.08480563712626078, 0.09103526874045255, 0.11763045480004153, 0.09723829760009087, 0.011651082486251635, 0.051441713224268354, 0.1492733176818651, 0.09332214250113305, 0.04088468129737539, 0.05316283613019292, 0.0849753917358801, 0.06529894017492024, 0.07355403427768308, 0.10517783629816735, 0.0944859208305256, 0.05196511080107468, 0.12359930385900922, 0.06422538769606828]
translation,[0.09908907901583852, 0.09828501084744268, 0.0957110606495144, 0.0508815417395887, 0.011427369444784397, 0.008992135618308694, 0.004316811795129105, 0.004119439792280133, 0.004462722132049457, 0.004827196429289415, 0.004724521918777924, 0.00489012698602842, 0.0033082152963288536, 0.004440649403192332, 0.004058832003905444, 0.004565754311244952, 0.003684045535570668, 0.00402391048317341, 0.0045779621857899855, 0.00386124951835054, 0.004446322034226569, 0.004361831226349366, 0.004598839931082566, 0.0045859611164198455, 0.00448280536360901, 0.004554923890052187, 0.004341250361674653, 0.0050314429684750195, 0.003952554730300761, 0.004853529814642599, 0.004113381220144596, 0.0049536907555296494, 0.004179912680331022, 0.004117460700935105, 0.004422477653912793, 0.004926099309022547]
loss,
[0.19503073394298553, 0.16477522253990173, 0.10679687559604645, 0.03707734867930412, 0.007047665771096945, 0.0017658146098256111, 0.0015104141784831882, 0.0019528288394212723, 0.0014087371528148651, 0.0011530087795108557, 0.001577258575707674, 0.0014496694784611464, 0.0017539667896926403, 0.0015696523478254676, 0.0014796098694205284, 0.0012703364482149482, 0.0013827740913257003, 0.0017155616078525782, 0.0015429051127284765, 0.0015511823585256934, 0.0016557828057557344, 0.00134927942417562, 0.001592497224919498, 0.0014447227586060762, 0.0019192022737115622, 0.0016930581768974662, 0.0010913180885836482, 0.0013778511201962829, 0.0012981060426682234, 0.0018182214116677642, 0.0015450825449079275, 0.0014967866009101272, 0.0015296353958547115, 0.0015044254250824451, 0.0016353176906704903, 0.0012164299841970205]

2022-04-21 10:52:29.673903