2022-04-21 11:01:45.818837

reference phi, theta, psi, translation: -33.091320547511735, -0.0, 74.32085247222868, -2.1190009117126465, -3.251617431640625, 1.089412808418274

phi,theta,psi,rot_x,rot_y,rot_z,phi_err,theta_err,psi_err
-22.822884158753556,1.294954214858955,81.82337814338081,-1.5357718467712402,-3.6827800273895264,0.7731812596321106,10.268436388758179,1.294954214858955,7.502525671152128
-23.981280826893133,1.872406141707593,80.19262266771607,-1.61311674118042,-3.6109964847564697,0.8736730217933655,9.110039720618602,1.872406141707593,5.871770195487386
-25.96142950690799,1.989605542693638,76.82165110474797,-1.7172117233276367,-3.476231098175049,1.1096251010894775,7.129891040603745,1.989605542693638,2.5007986325192917
-27.508409297307935,1.3974833844135675,76.5472277642752,-1.8018333911895752,-3.424701690673828,1.1304669380187988,5.5829112502038,1.3974833844135675,2.2263752920465265
-29.137648470976927,0.6265376884454399,76.23914525157261,-1.903412938117981,-3.3666419982910156,1.1503236293792725,3.953672076534808,0.6265376884454399,1.918292779343929
-29.06595880544847,-0.24489795702607114,76.15831679293467,-1.9090224504470825,-3.3595664501190186,1.16211998462677,4.025361742063264,0.24489795702607114,1.8374643207059904
-29.546793877733613,-0.4132504911316666,75.56928127891278,-1.9304027557373047,-3.323664665222168,1.1997976303100586,3.544526669778122,0.4132504911316666,1.2484288066841032
-29.818556859524666,0.24418744799837555,75.93698451288041,-1.9398998022079468,-3.32096529006958,1.1716117858886719,3.2727636879870694,0.24418744799837555,1.6161320406517348
-29.25899702686596,0.2513342710937932,76.2752701220928,-1.9082468748092651,-3.3461549282073975,1.1509114503860474,3.832323520645776,0.2513342710937932,1.9544176498641264
-29.89165012892756,-0.16801510851003962,75.84028269461137,-1.9468612670898438,-3.307840347290039,1.1777095794677734,3.1996704185841764,0.16801510851003962,1.5194302223826952
-29.993840004194706,0.28713172208363413,75.59847350742541,-1.9432151317596436,-3.3074920177459717,1.1967215538024902,3.0974805433170296,0.28713172208363413,1.2776210351967308
-29.249253762014934,-0.04354566563990628,76.22112721254211,-1.908402919769287,-3.3501272201538086,1.1520142555236816,3.842066785496801,0.04354566563990628,1.900274740313435
-30.463302811511777,-0.0752978377873152,75.60371226251881,-1.9719269275665283,-3.28951358795166,1.1972967386245728,2.6280177359999577,0.0752978377873152,1.2828597902901322
-30.40321422228859,-0.12256390126088883,76.00221281945403,-1.971491813659668,-3.300708770751953,1.1660480499267578,2.6881063252231456,0.12256390126088883,1.6813603472253504
-30.413606355110762,0.19405981963112076,76.28175880180432,-1.9663029909133911,-3.3064868450164795,1.1495550870895386,2.6777141924009733,0.19405981963112076,1.9609063295756357
-30.51829607961413,0.08634137927139356,76.14161015022482,-1.969336748123169,-3.2910571098327637,1.1585479974746704,2.5730244678976035,0.08634137927139356,1.8207576779961414
-30.172217224558757,0.34946040754308483,76.46817515482148,-1.9507062435150146,-3.3086612224578857,1.1318237781524658,2.919103322952978,0.34946040754308483,2.147322682592801
-29.54750080231271,0.3876339356238961,76.47380323069757,-1.9153181314468384,-3.330252170562744,1.132282018661499,3.5438197451990234,0.3876339356238961,2.15295075846889
-30.1920008674897,0.15993461365640851,75.93488764480522,-1.9497277736663818,-3.2930335998535156,1.1664053201675415,2.8993196800220353,0.15993461365640851,1.6140351725765356
-29.803728518836568,0.12180708880362577,76.04837123786498,-1.9306843280792236,-3.311551570892334,1.1595333814620972,3.287592028675167,0.12180708880362577,1.7275187656363045
-29.620747750971926,0.05664029655400696,75.87314273470831,-1.9190939664840698,-3.314042091369629,1.1705652475357056,3.470572796539809,0.05664029655400696,1.5522902624796302
-29.915634338198057,-0.011928011655238536,75.81269556055369,-1.9368526935577393,-3.300992012023926,1.1750949621200562,3.175686209313678,0.011928011655238536,1.4918430883250124
-30.04097513965696,0.2101970027354595,75.95981783527577,-1.9418889284133911,-3.2992491722106934,1.1660056114196777,3.050345407854774,0.2101970027354595,1.6389653630470917
-29.88493263787885,0.2718902926604151,76.38096046930958,-1.939004898071289,-3.316328525543213,1.1377321481704712,3.206387909632884,0.2718902926604151,2.0601079970809053
-29.79816191466301,0.14750292859747435,75.99756146062926,-1.93006432056427,-3.309812545776367,1.1674526929855347,3.2931586328487263,0.14750292859747435,1.676708988400577
-29.899303355892556,-0.02599697289075708,76.03255251974723,-1.9395865201950073,-3.303370237350464,1.1666498184204102,3.192017191619179,0.02599697289075708,1.7117000475185478
-29.760961289348536,-0.07240256435275898,76.06994097526388,-1.9310815334320068,-3.309209108352661,1.159950852394104,3.330359258163199,0.07240256435275898,1.7490885030351961
-29.83431752103447,-0.0766082542684497,76.03787323711067,-1.9353569746017456,-3.305978298187256,1.1652780771255493,3.257003026477264,0.0766082542684497,1.717020764881994
-30.023961138434462,0.03398112186296761,76.3150149928731,-1.9484754800796509,-3.3052926063537598,1.1485421657562256,3.067359409077273,0.03398112186296761,1.994162520644423
-29.907817186692977,0.022752032126849425,76.32158563485466,-1.9416497945785522,-3.3111660480499268,1.1464529037475586,3.183503360818758,0.022752032126849425,2.000733162625977
-29.856805918876738,-0.07738574455009166,76.14887747150172,-1.938712477684021,-3.309330701828003,1.1565220355987549,3.2345146286349973,0.07738574455009166,1.8280249992730404
-29.91539528157711,-0.1798021866782715,76.02811972697589,-1.941001296043396,-3.3025739192962646,1.1657617092132568,3.1759252659346267,0.1798021866782715,1.707267254747208
-29.949617944413458,-0.1125291649185914,76.08096490058428,-1.9438645839691162,-3.3036575317382812,1.1614630222320557,3.1417026030982775,0.1125291649185914,1.7601124283555976
-29.929765999590813,-0.004339265556669389,76.27917699029805,-1.9413865804672241,-3.3078057765960693,1.1477863788604736,3.1615545479209217,0.004339265556669389,1.9583245180693751
-29.88492580768968,-0.041953132732744855,76.29121861380479,-1.9399628639221191,-3.3091681003570557,1.1464613676071167,3.2063947398220556,0.041953132732744855,1.9703661415761076
-29.930291924156904,0.029234419082579857,76.18169653046363,-1.9392828941345215,-3.3063955307006836,1.1576948165893555,3.161028623354831,0.029234419082579857,1.860844058234946

Errors:
rotation,[19.06591627476926, 16.85421605781358, 11.620295215816675, 9.206769926663894, 6.498502544324177, 6.1077240197953255, 5.206205967593892, 5.13308317663718, 6.038075441603696, 4.887115749476911, 4.662233300597395, 5.785887191450142, 3.986175364077405, 4.4920305737093855, 4.83268034160773, 4.480123525165139, 5.415886413088863, 6.084404439291809, 4.67328946625498, 5.136917883115098, 5.079503355573446, 4.679457309293929, 4.899507773637325, 5.538386199374204, 5.117370549846777, 4.929714212028484, 5.151850325551154, 5.050632045627708, 5.0955030515846635, 5.206988555571584, 5.13992537245813, 5.062994707360106, 5.014344196372466, 5.124218331546967, 5.218714014130908, 5.051107100672357]
translation,[0.03326186669987141, 0.019148242897791157, 0.0017690370834193558, 0.000389411165553355, 0.003781602706263598, 0.00391452759858435, 0.004627302266229982, 0.010594727133553583, 0.010835967468030283, 0.016272044629673132, 0.012705063291046592, 0.007139573783315534, 0.013304352839009326, 0.013526931922727137, 0.016072391600275182, 0.0246869933958882, 0.026941322026115877, 0.025996593184502537, 0.03037781874922363, 0.026327705771916676, 0.02662908160043642, 0.027531273934762623, 0.029186127010377483, 0.024608154279087913, 0.025763458354207458, 0.026716114780136024, 0.027951917518227454, 0.02700961036931826, 0.026049103323577683, 0.025111183614130006, 0.02515609118504525, 0.026946081040441605, 0.02591253618873779, 0.027633721600595962, 0.02757769404664412, 0.026965317101921293]
loss,
[0.19178816676139832, 0.17904812097549438, 0.1834922879934311, 0.17883877456188202, 0.18218746781349182, 0.1745646446943283, 0.16876757144927979, 0.17476961016654968, 0.18730728328227997, 0.1811281442642212, 0.1794842779636383, 0.17913329601287842, 0.1817217320203781, 0.18421193957328796, 0.17344504594802856, 0.18185417354106903, 0.17540840804576874, 0.17667406797409058, 0.1804584264755249, 0.17233121395111084, 0.17526671290397644, 0.17343804240226746, 0.1759651154279709, 0.17171019315719604, 0.17566633224487305, 0.1773037165403366, 0.1843932867050171, 0.1747433841228485, 0.17973515391349792, 0.17089395225048065, 0.17444473505020142, 0.18124400079250336, 0.18090176582336426, 0.18367239832878113, 0.18468289077281952, 0.1742067188024521]

2022-04-21 11:10:47.417163