2022-04-28 20:29:41.635571

reference phi, theta, psi, translation: 132.9853677440357, -8.537735924097414e-07, 76.34363348549546, 2.865516185760498, 2.6707684993743896, 0.9517420530319214

phi,theta,psi,rot_x,rot_y,rot_z,phi_err,theta_err,psi_err
143.3552887910292,-3.0579185397180266,69.36864430507845,2.3124754428863525,2.981729030609131,1.6183615922927856,10.369921046993511,3.0579176859444344,6.974989180417012
143.22615723458097,-3.0732526456111255,69.15457934630108,2.3200693130493164,2.9712188243865967,1.6293599605560303,10.240789490545268,3.0732517918375333,7.189054139194383
140.91027231346143,-2.8652571559799203,64.36674651171636,2.409787178039551,2.8052585124969482,1.8755314350128174,7.924904569425735,2.865256302206328,11.976886973779102
137.39545696657285,0.7797028446980432,62.13972235169869,2.5029826164245605,2.6611592769622803,1.9777064323425293,4.410089222537152,0.7797036984716356,14.203911133796773
136.3576780240811,0.04370475398462036,63.17637431297737,2.6165719032287598,2.5904245376586914,1.912367582321167,3.3723102800454114,0.04370560775821277,13.167259172518087
133.26581531135642,1.1990844724202814,63.00154879098172,2.733135223388672,2.456214189529419,1.915655493736267,0.28044756732072074,1.1990853261938739,13.342084694513737
132.88750479360777,1.3713450655346533,62.824523948073335,2.724121570587158,2.444251537322998,1.9257941246032715,0.09786295042792403,1.3713459193082458,13.519109537422125
132.66466304174693,0.5416838808593974,62.98397471424728,2.7705140113830566,2.4191083908081055,1.9010217189788818,0.320704702288765,0.5416847346329898,13.359658771248178
133.38862211263327,0.06021763591917178,64.13048343813645,2.758591413497925,2.46852445602417,1.8460386991500854,0.40325436859757247,0.060218489692764186,12.213150047359008
131.87757936255133,0.5800706215034809,64.4255954216052,2.826688528060913,2.394232749938965,1.8206936120986938,1.1077883814843688,0.5800714752770733,11.918038063890265
131.8516656248403,0.299479847464042,63.75274665627807,2.8238651752471924,2.3808465003967285,1.8467148542404175,1.1337021191953909,0.29948070123763443,12.59088682921739
132.73043776345415,0.3294393130162735,64.677643062357,2.796348810195923,2.447819709777832,1.8036587238311768,0.2549299805815508,0.32944016678986593,11.665990423138453
132.93310313650676,-0.6230742708943549,64.99226206609531,2.816709280014038,2.443512439727783,1.7795155048370361,0.05226460752894013,0.6230734171207625,11.351371419400152
132.11282473794492,-0.2592023388932579,64.6753890999309,2.846774101257324,2.403355121612549,1.7843905687332153,0.8725430060907797,0.25920148511966545,11.668244385564563
131.23144346706812,0.8159100383065668,64.92046311754012,2.8577358722686768,2.3895397186279297,1.774512529373169,1.753924276967581,0.8159108920801592,11.423170367955336
131.1795886708894,0.18573413143277218,65.57421467394789,2.8906924724578857,2.3859498500823975,1.7299535274505615,1.8057790731463115,0.18573498520636458,10.769418811547567
131.01398390427326,-0.16099002471471424,66.13751403517719,2.914497137069702,2.3774800300598145,1.6953219175338745,1.9713838397624386,0.16098917094112183,10.206119450318269
129.63156727664102,0.1597537204985749,66.64758573220458,2.9827468395233154,2.322718620300293,1.6591500043869019,3.3538004673946773,0.1597545742721673,9.696047753290884
127.51528780382593,0.6040189718257544,67.78988022937584,3.0976641178131104,2.239741086959839,1.5727183818817139,5.4700799402097715,0.6040198255993467,8.55375325611962
126.8764465503763,-0.1556919108506253,69.13275689190289,3.1621830463409424,2.214101791381836,1.482498288154602,6.108921193659398,0.1556910570770329,7.210876593592573
126.9242305538097,-1.480159285915178,71.10788367533048,3.212571382522583,2.222022771835327,1.3592692613601685,6.061137190225992,1.4801584321415855,5.235749810164975
125.10682649869604,-2.1323276936030444,73.29618749294336,3.3268308639526367,2.1501822471618652,1.2052708864212036,7.878541245339662,2.132326839829452,3.047445992552099
123.7046159828491,-1.8736940146458259,73.14136076483751,3.3558459281921387,2.0907561779022217,1.214271068572998,9.280751761186593,1.8736931608722334,3.2022727206579447
123.08130657957207,-1.9081944431945197,73.18926088148682,3.361412763595581,2.0705063343048096,1.2057567834854126,9.904061164463627,1.9081935894209272,3.1543726040086426
124.30671081856406,-1.9075107032894139,73.44219644683072,3.3121824264526367,2.1590735912323,1.1831039190292358,8.678656925471643,1.9075098495158214,2.9014370386647386
125.51977973591501,-1.45026179471493,73.73400944893035,3.2621474266052246,2.251241445541382,1.1616195440292358,7.46558800812069,1.4502609409413376,2.6096240365651084
128.86873076899897,-0.7132406996909995,74.4257573476909,3.122889995574951,2.481788158416748,1.1182507276535034,4.116636975036727,0.7132398459174071,1.917876137804555
131.18570852038573,-0.049319171638513334,75.09871539604475,3.0196850299835205,2.630871534347534,1.068052053451538,1.799659223649968,0.04931831786492093,1.2449180894507066
131.7099255391842,-0.3258699785238413,75.20193321478199,2.9889891147613525,2.653646945953369,1.0557019710540771,1.2754422048514868,0.3258691247502489,1.1417002707134714
131.76921158117992,-0.544963596539747,75.70891766630452,2.988706111907959,2.6533031463623047,1.0164835453033447,1.216156162855782,0.5449627427661546,0.6347158191909443
131.87177370175684,-0.390997033012743,75.56635795794801,2.973327398300171,2.6485860347747803,1.0234854221343994,1.1135940422788622,0.3909961792391506,0.7772755275474452
131.53440333789322,-0.28567405904583476,75.60778305526414,2.9792160987854004,2.6258535385131836,1.0190916061401367,1.4509644061424751,0.2856732052722423,0.7358504302313236
131.65583044095771,-0.18856125445016467,75.80637080538226,2.964996814727783,2.628777503967285,1.000934362411499,1.3295373030779842,0.18856040067657226,0.5372626801132014
131.89095287294623,-0.3100912468412158,75.91875473798565,2.9487340450286865,2.631938934326172,0.9916097521781921,1.0944148710894694,0.31009039306762337,0.42487874750980836
132.11412247388722,-0.18588561578618323,75.9317935691112,2.9291586875915527,2.641747236251831,0.9879773855209351,0.8712452701484779,0.18588476201259083,0.41183991638425255
132.4397039312434,-0.1934196716057443,76.01934293389243,2.911623239517212,2.653409242630005,0.9817986488342285,0.5456638127922986,0.1934188178321519,0.32429055160302767

Errors:
rotation,[20.402827913354958, 20.503095421577186, 22.767047845411163, 19.39370405480556, 16.58327506032171, 14.821617588028332, 14.988318407158294, 14.222048208169932, 12.676622905649344, 13.605897920651707, 14.024069649650414, 12.25036057050987, 12.026709444049855, 12.799988876775007, 13.993005537003077, 12.760932869900243, 12.33849246102183, 13.209602794957728, 14.627853021928738, 13.475488844329004, 12.777045432532553, 13.058314077721214, 14.356717642716772, 14.966627357893197, 13.487603813652203, 11.525472985627136, 6.747752958758689, 3.0938956309655956, 2.743011600315207, 2.395834724812881, 2.281865749065458, 2.472488041646041, 2.055360383867758, 1.8293840116669011, 1.4689699485453211, 1.0633731822274781]
translation,[0.07464079787699607, 0.07565532655042428, 0.11545615406582233, 0.12314760611939501, 0.11783452011059037, 0.11287304816914556, 0.10455566258603977, 0.10912673841880771, 0.1054516125924918, 0.09651493234917297, 0.09839894483714051, 0.09979989070326312, 0.10061159585663937, 0.09976545932505765, 0.09506171381527295, 0.09701823238262186, 0.09450088725560146, 0.09737919819359409, 0.1023207626894278, 0.10401915265481598, 0.1047643400440883, 0.10937409899501027, 0.10498248619031791, 0.09681750839894754, 0.09584165523076127, 0.09913183342445908, 0.11159954381911241, 0.11383404084465099, 0.10292535405563275, 0.09265825380370618, 0.08022198418823834, 0.06879584973912678, 0.05586837890413143, 0.043846536305716555, 0.035183714080777584, 0.028681313372540096]
loss,
[0.14382842183113098, 0.16124188899993896, 0.08871124684810638, 0.0773007795214653, 0.06226709485054016, 0.052990298718214035, 0.06559445708990097, 0.050611697137355804, 0.05699563026428223, 0.0587550513446331, 0.06199043244123459, 0.05980011820793152, 0.05912049859762192, 0.05667635798454285, 0.04680372774600983, 0.05701844021677971, 0.0611572340130806, 0.059136927127838135, 0.04939443990588188, 0.05992021784186363, 0.04924566671252251, 0.038847919553518295, 0.04425463080406189, 0.04417852684855461, 0.042027346789836884, 0.036172471940517426, 0.018118541687726974, 0.009350854903459549, 0.008937167003750801, 0.011922843754291534, 0.008028899319469929, 0.004852490499615669, 0.0074781617149710655, 0.003921703435480595, 0.0028069857507944107, 0.0037624442484229803]

2022-04-28 20:32:13.084830