2022-04-28 20:13:49.041813

reference phi, theta, psi, translation: 164.57178246643477, -4.268868188959204e-07, 11.003265705708584, 0.2046843022108078, 0.7416750192642212, 3.957021951675415

phi,theta,psi,rot_x,rot_y,rot_z,phi_err,theta_err,psi_err
174.68706040079186,1.035587752499106,3.46078983121423,-0.0498787984251976,0.24902896583080292,4.223120212554932,10.115277934357096,1.035588179385925,7.542475874494354
173.71542501022253,0.20216046673501645,4.035697952711605,0.031842611730098724,0.2866109311580658,4.219783306121826,9.143642543787763,0.20216089362183534,6.967567752996979
171.76141717170862,-1.8214591399366058,5.080185421628764,0.22271031141281128,0.3403487801551819,4.215174198150635,7.189634705273846,1.8214587130497868,5.92308028407982
170.47659028693752,-1.146725706140765,5.997771390861671,0.1777530014514923,0.40939661860466003,4.225520610809326,5.904807820502754,1.146725279253946,5.005494314846913
165.2583257610478,-2.500572816840694,8.770324894322384,0.33384236693382263,0.5803390145301819,4.1941914558410645,0.686543294613017,2.5005723899538754,2.2329408113862
163.83427230023514,-3.696651382273907,7.802686871964799,0.417814701795578,0.48394232988357544,4.156292915344238,0.7375101661996268,3.696650955387088,3.2005788337437853
163.37111717261658,-4.108438944159611,6.339397816351846,0.4227655529975891,0.34334397315979004,4.108170032501221,1.20066529381819,4.108438517272792,4.663867889356738
163.7331035382489,-1.9149994778487436,4.866648094964778,0.23142702877521515,0.2881636321544647,4.057344913482666,0.8386789281858569,1.9149990509619246,6.136617610743806
164.09640130020188,-0.8909006873918238,8.198731975893404,0.2222757488489151,0.5361813306808472,4.0125627517700195,0.47538116623289284,0.8909002605050049,2.80453372981518
164.49010706433975,-0.23719478920709183,10.491110800984348,0.21569573879241943,0.7039163708686829,3.9644196033477783,0.08167540209501567,0.23719436232027294,0.5121549047242357
164.74212738433488,0.04092840808935388,11.48188352783441,0.20981654524803162,0.7758823037147522,3.946812152862549,0.17034491790010975,0.04092883497617277,0.4786178221258268
164.61225816745628,-0.14230381591078053,11.158955598970794,0.2177155464887619,0.7493681311607361,3.9502713680267334,0.04047570102150644,0.14230338902396164,0.15568989326220972
164.46704834570178,-0.05255722356441533,11.24317866162622,0.21648024022579193,0.7584728002548218,3.9492366313934326,0.10473412073298505,0.05255679667759643,0.23991295591763695
164.46913838358782,-0.25351679841122826,10.710501599767035,0.2202133685350418,0.7185375094413757,3.9609479904174805,0.10264408284695037,0.25351637152440937,0.2927641059415489
164.54708450239602,-0.23038343404681855,10.906614260084673,0.22110433876514435,0.7322231531143188,3.959427833557129,0.024697964038750797,0.23038300715999965,0.0966514456239107
164.47915144091107,-0.21366825495387393,10.92990435138077,0.22016297280788422,0.7326920628547668,3.955418586730957,0.09263102552370128,0.21366782806705503,0.07336135432781354
164.5452676720768,-0.1856474442653982,10.935993465025836,0.21914087235927582,0.7354921102523804,3.9530861377716064,0.0265147943579791,0.1856470173785793,0.06727224068274751
164.55190661595003,-0.04560271633839841,11.200635120833503,0.21368621289730072,0.7562919855117798,3.954792022705078,0.01987585048473761,0.045602289451579514,0.19736941512491946
164.54485786072658,-0.21554770770149403,10.987947298947537,0.22161135077476501,0.7371912002563477,3.955325126647949,0.026924605708188665,0.21554728081467514,0.015318406761046788
164.49531166848732,-0.30882174908429416,11.052659072465177,0.22924785315990448,0.7404646873474121,3.955935478210449,0.07647079794745082,0.30882132219747527,0.04939336675659334
164.47412442168192,-0.2219570510990119,10.826194759023297,0.21918515861034393,0.7262154817581177,3.9570443630218506,0.09765804475284767,0.221956624212193,0.1770709466852871
164.55597740869536,-0.19120898595799327,11.143241041237886,0.22234228253364563,0.7482742667198181,3.9494073390960693,0.01580505773941354,0.19120855907117437,0.13997533552930186
164.56928261719855,-0.11541615427441355,11.442300874046895,0.2218315154314041,0.7693957090377808,3.944939136505127,0.002499849236215823,0.11541572738759466,0.4390351683383109
164.53095159557643,-0.20596070931506474,11.183361572422541,0.22523358464241028,0.7497185468673706,3.950035572052002,0.04083087085834336,0.20596028242824585,0.18009586671395716
164.53539121853694,-0.19984695849286582,10.919987770479556,0.21878786385059357,0.7324953675270081,3.955888509750366,0.036391247897824996,0.19984653160604693,0.08327793522902738
164.56069023922268,-0.234871442901235,10.970377491081326,0.22221316397190094,0.7365297079086304,3.95564603805542,0.011092227212088801,0.2348710160144161,0.032888214627257994
164.54830027606826,-0.13062141096069615,11.092779603649833,0.21714629232883453,0.7462507486343384,3.953376293182373,0.023482190366507893,0.13062098407387726,0.08951389794124864
164.5697470700621,-0.19348817449478556,10.854782515794385,0.21713152527809143,0.7298211455345154,3.9608516693115234,0.002035396372662035,0.19348774760796666,0.14848318991419873
164.5671515981775,-0.31067701775683,10.879139824148297,0.22563427686691284,0.7294172048568726,3.959261178970337,0.0046308682572657744,0.3106765908700111,0.12412588156028725
164.4871564226183,-0.1914352234607832,11.117574044110626,0.22230073809623718,0.7475319504737854,3.9517433643341064,0.08462604381645633,0.1914347965739643,0.1143083384020418
164.61279092221153,-0.1833595895925338,10.948716399902278,0.2173210084438324,0.7365939021110535,3.9579436779022217,0.04100845577676182,0.1833591627057149,0.054549305806306236
164.6200445831101,-0.16598601204848357,10.889172518265399,0.2154129594564438,0.7321566343307495,3.9582161903381348,0.04826211667531766,0.16598558516166467,0.11409318744318497
164.47528555384082,-0.19636136538767784,11.014793357480274,0.22197401523590088,0.7392633557319641,3.9549574851989746,0.09649691259394899,0.19636093850085895,0.011527651771690017
164.60785952563077,-0.23872526736057115,10.896065032911588,0.21984392404556274,0.7307485938072205,3.9573814868927,0.03607705919600335,0.23872484047375225,0.10720067279699563
164.48685589429482,-0.16113542359041153,11.166595165557453,0.22112415730953217,0.7503634691238403,3.950728416442871,0.08492657213994903,0.16113499670359263,0.16332945984886926
164.53860140744686,-0.10724874347466457,11.21767558903904,0.21758118271827698,0.7542831897735596,3.9501430988311768,0.03318105898790691,0.10724831658784567,0.21440988333045574

Errors:
rotation,[18.693341988237375, 16.313371190406578, 14.934173702403452, 12.057027414603613, 5.420056495953093, 7.634739955330501, 9.97297170044772, 8.890295589891586, 4.170815156553077, 0.8310246691395243, 0.6898915750021093, 0.33846898330767783, 0.39720387332821844, 0.6489245603129086, 0.35173241682266115, 0.37966020791856986, 0.2794340524193059, 0.2628475550612366, 0.25779029328391057, 0.4346854869015194, 0.49668561565032776, 0.3469889523398898, 0.5569507449621214, 0.42688702000054635, 0.3195157147328993, 0.27885145785376286, 0.2436170723816338, 0.34400633389482743, 0.4394333406875641, 0.39036917879246247, 0.27891692428878295, 0.3283408892801673, 0.30438550286649796, 0.38200257246675123, 0.40939102869241095, 0.3548392589062083]
translation,[0.19962134480110283, 0.19849648675109144, 0.20362382944498503, 0.2178975928562208, 0.21616271346054994, 0.1740512490266184, 0.11298461157494266, 0.043014504440438195, 0.023196783674488408, 0.0010721967852527214, 0.003307840608748336, 0.004517853368691149, 0.0038947823342265764, 0.0004835624705918917, 0.001501336994287783, 0.0024013621248135664, 0.004236628850684099, 0.0009945222654517138, 0.0015930335969844833, 3.32182672533321e-05, 0.0020308451950574735, 0.005316089701246973, 0.00574398006028165, 0.004270438089241324, 0.002050658143478934, 0.0013658469328445833, 0.002081023365147594, 0.0022482128695848758, 0.0010800917981574898, 0.0031644963203953935, 0.0006346272153505694, 8.525420089888769e-06, 0.0015542987663463848, 0.0008444093346975379, 0.0036984246414579758, 0.0037333163370441014]
loss,
[0.10940190404653549, 0.10464958846569061, 0.11095106601715088, 0.0922790989279747, 0.058607637882232666, 0.04123901203274727, 0.03308798000216484, 0.01596684940159321, 0.006403130944818258, 0.003234993200749159, 0.0033136066049337387, 0.0033254611771553755, 0.0029730310197919607, 0.002793203806504607, 0.0024033947847783566, 0.002614422468468547, 0.0031210528686642647, 0.0029576874803751707, 0.002636297605931759, 0.002743668621405959, 0.003779290709644556, 0.0029521731194108725, 0.002255334286019206, 0.003528239903971553, 0.0024314839392900467, 0.002407707739621401, 0.001754537457600236, 0.0027583129703998566, 0.0016422992339357734, 0.003208642825484276, 0.0017432353924959898, 0.0034714534413069487, 0.004228193312883377, 0.002644618507474661, 0.002497372217476368, 0.00272282212972641]

2022-04-28 20:16:30.362872