2022-04-27 00:15:34.136789

reference phi, theta, psi, translation: 16.672973292337613, -0.0, 55.56417970941693, 0.9538894295692444, -3.184936285018921, 2.279534101486206

phi,theta,psi,rot_x,rot_y,rot_z,phi_err,theta_err,psi_err
26.607018987257597,-4.879078348390559,61.415046110949504,1.4386786222457886,-3.2383759021759033,2.121750593185425,9.934045694919984,4.879078348390559,5.850866401532571
26.011824350151638,-5.337781049066233,59.883137132953195,1.3676040172576904,-3.2312171459198,2.1945042610168457,9.338851057814026,5.337781049066233,4.318957423536261
24.053636435865663,-4.5037012772861,54.85788009262967,1.2427295446395874,-3.1685938835144043,2.410487651824951,7.38066314352805,4.5037012772861,0.7062996167872626
24.289844867932214,-0.33318109546670227,54.814860146142344,1.4213699102401733,-3.055622100830078,2.4392576217651367,7.616871575594601,0.33318109546670227,0.7493195632745895
22.126751278545854,2.268214598775732,53.73024659651183,1.3982473611831665,-3.0101077556610107,2.495392322540283,5.453777986208241,2.268214598775732,1.8339331129051004
21.689822369792847,2.8021466346350445,51.248408569128486,1.3492285013198853,-2.9269533157348633,2.6192147731781006,5.016849077455234,2.8021466346350445,4.315771140288447
20.734546989832985,2.867100716895442,51.788256475842545,1.2992146015167236,-2.996583938598633,2.577510118484497,4.061573697495373,2.867100716895442,3.775923233574389
17.692100695753336,1.7699125162168776,55.03441657701241,1.112715482711792,-3.229792833328247,2.3964943885803223,1.0191274034157232,1.7699125162168776,0.5297631324045255
17.5659249036684,-0.1475181593197387,53.80905331915544,1.0079013109207153,-3.186782121658325,2.4487736225128174,0.8929516113307869,0.1475181593197387,1.7551263902614949
16.94703804787896,-0.28173870759504316,54.429487212791884,0.9679826498031616,-3.2060248851776123,2.401604652404785,0.274064755541346,0.28173870759504316,1.1346924966250498
17.075421698613102,0.049933526282520894,54.816157882084646,0.9878520965576172,-3.2014124393463135,2.3630149364471436,0.4024484062754894,0.049933526282520894,0.7480218273322876
16.880819363875684,-0.19099125314425772,54.93310438105361,0.9641795754432678,-3.1923890113830566,2.3414347171783447,0.20784607153807144,0.19099125314425772,0.6310753283633233
16.84176263465426,-0.09983504551032536,55.09208727926941,0.9610344171524048,-3.182384729385376,2.3230230808258057,0.16878934231664644,0.09983504551032536,0.47209243014752644
16.65517723445514,-0.1439226308841366,55.200116966276916,0.9471039175987244,-3.181293249130249,2.3053410053253174,0.01779605788247096,0.1439226308841366,0.36406274314001763
16.667401565522173,0.02092560642083953,55.42071841608999,0.9561949968338013,-3.1790037155151367,2.2882869243621826,0.005571726815439604,0.02092560642083953,0.14346129332694346
16.707807257104676,-0.21147227632745821,55.43951509668586,0.9475539326667786,-3.1761932373046875,2.284836769104004,0.03483396476706346,0.21147227632745821,0.12466461273107399
16.692869633389858,-0.09985230303861325,55.50267385594097,0.9504592418670654,-3.1771399974823,2.27813458442688,0.019896341052245248,0.09985230303861325,0.061505853475964045
16.656099309993095,-0.15401675127883724,55.48150368460852,0.9468377828598022,-3.176908254623413,2.2803099155426025,0.016873982344517202,0.15401675127883724,0.08267602480841418
16.661472961322602,-0.14831765952164144,55.532549103370606,0.9474089741706848,-3.1792750358581543,2.2773289680480957,0.0115003310150108,0.14831765952164144,0.031630606046327614
16.627252006033547,-0.08425770855506873,55.550673010333234,0.9478139281272888,-3.1786954402923584,2.2753851413726807,0.045721286304065245,0.08425770855506873,0.013506699083698948
16.632432704519,-0.16930034329129384,55.49925534626138,0.9441350102424622,-3.1780271530151367,2.278134822845459,0.040540587818611584,0.16930034329129384,0.06492436315555494
16.6550047721786,-0.09089395428575182,55.49354189302066,0.947792112827301,-3.1764535903930664,2.2784676551818848,0.017968520159012513,0.09089395428575182,0.07063781639627109
16.600354721082034,-0.15598750055233868,55.457820003661496,0.9426794648170471,-3.1776914596557617,2.2807788848876953,0.07261857125557825,0.15598750055233868,0.10635970575543752
16.61968244888588,-0.12905389470934353,55.49444689308569,0.9446913599967957,-3.1782572269439697,2.2781832218170166,0.05329084345173385,0.12905389470934353,0.06973281633124628
16.672568603629287,-0.13232724161980167,55.523898668786785,0.947857141494751,-3.177614212036133,2.2771987915039062,0.00040468870832555126,0.13232724161980167,0.04028104063014837
16.69263911450537,-0.12086336265165541,55.448247493539725,0.9488756060600281,-3.173647165298462,2.2815418243408203,0.01966582216775592,0.12086336265165541,0.11593221587720848
16.655090149543224,-0.17190820130042359,55.4757219294761,0.9447575211524963,-3.1760995388031006,2.2804646492004395,0.017883142794389073,0.17190820130042359,0.08845777994083193
16.70383379455502,-0.05009830966922711,55.44330585167522,0.9523218274116516,-3.1736927032470703,2.2822282314300537,0.03086050221740777,0.05009830966922711,0.12087385774171366
16.64703052632261,-0.05484826590414444,55.5024860257388,0.9503211379051208,-3.177509069442749,2.278907537460327,0.025942766015003116,0.05484826590414444,0.061693683678136324
16.65305304562327,-0.20912370547289624,55.47080419327369,0.9433392286300659,-3.1776232719421387,2.2804667949676514,0.019920246714342227,0.20912370547289624,0.09337551614324013
16.628056260808314,-0.10661710011029948,55.50921034697667,0.9465251564979553,-3.178346633911133,2.278020143508911,0.04491703152929816,0.10661710011029948,0.05496936244026074
16.621806637717754,-0.15736593338062235,55.49337796848058,0.9433466792106628,-3.1775360107421875,2.278721809387207,0.05116665461985903,0.15736593338062235,0.0708017409363535
16.69475476560078,-0.06492948652795645,55.531189895725774,0.952433168888092,-3.177056074142456,2.2770748138427734,0.02178147326316804,0.06492948652795645,0.0329898136911595
16.67109669786315,-0.11868821985397462,55.46390570221198,0.9477848410606384,-3.1759371757507324,2.28092622756958,0.0018765944744636442,0.11868821985397462,0.10027400720495194
16.622911420816003,-0.13165594085849444,55.53382293365081,0.9457829594612122,-3.1790902614593506,2.276546001434326,0.0500618715216099,0.13165594085849444,0.030356775766122723
16.63438272352704,-0.1560789760358413,55.39132469699684,0.9431602358818054,-3.173440933227539,2.283682107925415,0.03859056881057299,0.1560789760358413,0.1728550124200936

Errors:
rotation,[20.663990444843115, 18.99558953041652, 12.590664037601414, 8.699372234335893, 9.555925697889073, 12.134766852378725, 10.704597647965203, 3.3188030520371266, 2.7955961609120203, 1.690495959761439, 1.200403759890298, 1.0299126530456524, 0.7407168179744983, 0.5257814319066252, 0.16995862656322258, 0.3709708538255957, 0.18125449756682255, 0.2535667584317686, 0.19144859658297986, 0.14348569394283292, 0.27476529426546037, 0.17950029084103541, 0.33496577756335444, 0.25207755449232366, 0.17301297095827559, 0.2564614006966198, 0.2782491240356446, 0.20183266962834856, 0.14248471559728387, 0.32241946833047863, 0.20650349407985838, 0.27933432893683485, 0.11970077348228399, 0.2208388215333902, 0.21207458814622707, 0.3675245572665079]
translation,[0.09908907901583852, 0.10734355453605193, 0.1395802669202446, 0.12905101257911245, 0.12131947914020635, 0.12191331067273214, 0.1295240064147345, 0.14174578803136928, 0.11229213959916429, 0.08994998702230728, 0.06871661802265372, 0.04358663570440413, 0.02443471776980566, 0.010186482941610286, 0.0008223458114908766, 0.005394022719046099, 0.007761054111509402, 0.007565620915506166, 0.007250043568694409, 0.008712488126374929, 0.008549369601167811, 0.00874372933204004, 0.007657735392315956, 0.008209579043637838, 0.008530252148034378, 0.008960996216820227, 0.008605515995419921, 0.007721358815173218, 0.007064534162689817, 0.007733857734335103, 0.0078002686398530585, 0.008789848433683467, 0.007960465571619224, 0.007759937378007287, 0.008221705191765238, 0.009253359696243635]
loss,
[0.11858969181776047, 0.09797712415456772, 0.059916287660598755, 0.057720135897397995, 0.047868698835372925, 0.04458605870604515, 0.04044894129037857, 0.02391861379146576, 0.013372508808970451, 0.010647503659129143, 0.008969142101705074, 0.005667209625244141, 0.0039183516055345535, 0.0023806188255548477, 0.0016805448103696108, 0.0023614768870174885, 0.0015556353610008955, 0.0014955457299947739, 0.0012966612121090293, 0.0014396305195987225, 0.0015793991042301059, 0.00146219483576715, 0.0016687711467966437, 0.00154645717702806, 0.00148676591925323, 0.001760319690220058, 0.0015721002127975225, 0.0016950080171227455, 0.001510897185653448, 0.0014105623122304678, 0.0015903990715742111, 0.001717644277960062, 0.0013464263174682856, 0.0016645973082631826, 0.0015754129271954298, 0.0017175525426864624]

2022-04-27 00:20:00.093733