2022-04-21 21:08:23.309285

reference phi, theta, psi, translation: 175.36684180812657, -0.0, 39.4597479484966, 0.2069414258003235, 2.553555727005005, 3.112318754196167

phi,theta,psi,rot_x,rot_y,rot_z,phi_err,theta_err,psi_err
-174.60268024378553,2.426304892454245,32.24175771288345,-0.3459881842136383,2.1274664402008057,3.6064906120300293,10.030477948087878,2.426304892454245,7.217990235613151
-173.52490371351422,1.2523596429626802,30.63627735224235,-0.32694798707962036,2.040663719177246,3.6442759037017822,11.108254478359186,1.2523596429626802,8.82347059625425
-172.71394169298026,1.2177300745653261,28.065385610913086,-0.34513330459594727,1.8950376510620117,3.692263126373291,11.919216498893206,1.2177300745653261,11.394362337583512
-173.71405897238853,2.703360966844637,27.400202025382008,-0.4086914658546448,1.826183557510376,3.7063241004943848,10.919099219484906,2.703360966844637,12.059545923114591
-173.79618516696877,2.5328714345090626,26.887362394193477,-0.38456976413726807,1.8010610342025757,3.69271183013916,10.836973024904637,2.5328714345090626,12.572385554303121
-174.30652324137378,3.2022370325819556,27.027229300469706,-0.4079411029815674,1.8040273189544678,3.652949333190918,10.326634950499624,3.2022370325819556,12.432518648026893
-176.2284155304103,4.7761729945365055,29.77971698880939,-0.4522358775138855,1.9828929901123047,3.5089573860168457,8.40474266146316,4.7761729945365055,9.680030959687208
-178.6286532877795,5.956713171128016,34.21076123172014,-0.41435879468917847,2.2518200874328613,3.3156509399414062,6.004504904093892,5.956713171128016,5.248986716776457
178.37911915664228,4.110898162446086,38.77207084248138,-0.1572609692811966,2.501185894012451,3.0996603965759277,3.0122773485157097,4.110898162446086,0.6876771060152223
175.42851841633177,0.43081306118919854,39.34172569473336,0.1789744347333908,2.5257320404052734,3.0933260917663574,0.06167660820520382,0.43081306118919854,0.11802225376323605
175.36438294002537,-0.15681866144378703,39.64602769773036,0.21839235723018646,2.562760353088379,3.1072163581848145,0.002458868101200551,0.15681866144378703,0.186279749233762
175.28707885899917,0.021312507888922434,39.416157681213576,0.20927828550338745,2.5473203659057617,3.1103758811950684,0.07976294912739945,0.021312507888922434,0.0435902672830224
175.36072195863022,0.08007371247240835,39.5037992535486,0.20336315035820007,2.5519063472747803,3.105900764465332,0.006119849496343477,0.08007371247240835,0.044051305052001055
175.35092746736044,0.03146825538383276,39.5214962736881,0.20701153576374054,2.5531187057495117,3.1056594848632812,0.015914340766130408,0.03146825538383276,0.06174832519150186
175.3423897308979,0.03867423622019074,39.46797491135188,0.2070619910955429,2.5504720211029053,3.108830213546753,0.024452077228659164,0.03867423622019074,0.008226962855282238
175.40888845265715,0.07201461796225114,39.46742166602911,0.2019633799791336,2.5506205558776855,3.10821795463562,0.042046644530586263,0.07201461796225114,0.007673717532512114
175.3384282211793,0.05078625830520539,39.502767894983926,0.20570194721221924,2.5517945289611816,3.106611728668213,0.028413586947266367,0.05078625830520539,0.04301994648732688
175.38879403611898,0.04049025826951219,39.46498328849542,0.2043529450893402,2.550114870071411,3.1088521480560303,0.02195222799241492,0.04049025826951219,0.0052353399988191995
175.41263139632233,0.09373173233823225,39.45711491057156,0.20058223605155945,2.5508623123168945,3.109262466430664,0.045789588195759734,0.09373173233823225,0.002633037925036774
175.36144595868225,0.09289374571778722,39.420925153254245,0.2014632523059845,2.5476269721984863,3.110736608505249,0.005395849444312262,0.09289374571778722,0.038822795242353436
175.35232082595113,0.052882910526166706,39.46314596760868,0.20545421540737152,2.54984450340271,3.108211040496826,0.014520982175440622,0.052882910526166706,0.0033980191120832615
175.42190679321521,0.039352583482229864,39.44993979684846,0.20304863154888153,2.5497610569000244,3.1100356578826904,0.055064985088648655,0.039352583482229864,0.009808151648137198
175.34975267482318,0.054566552175189575,39.44147719246682,0.20542894303798676,2.5483343601226807,3.1087920665740967,0.01708913330338646,0.054566552175189575,0.018270756029778568
175.39147147027364,0.0851522733288868,39.49986164949208,0.20216315984725952,2.5531251430511475,3.106816291809082,0.024629662147077624,0.0851522733288868,0.040113700995483725
175.3481817313141,-0.03258647733412286,39.42413875725874,0.21039041876792908,2.5475993156433105,3.1113193035125732,0.018660076812466286,0.03258647733412286,0.035609191237860216
175.36423267586363,0.08183575591014641,39.455284419874,0.20296624302864075,2.550039768218994,3.1093196868896484,0.0026091322629326896,0.08183575591014641,0.004463528622601132
175.38723675298823,0.030019719140879586,39.478052855472235,0.2058519572019577,2.5508956909179688,3.1077117919921875,0.020394944861664044,0.030019719140879586,0.01830490697563647
175.3890399229291,0.028687405486741563,39.46664302446373,0.20499299466609955,2.550203323364258,3.108337879180908,0.022198114802534974,0.028687405486741563,0.006895075967129571
175.37246988400267,0.09337331562328052,39.439609135728816,0.20190376043319702,2.5490775108337402,3.1104116439819336,0.005628075876103367,0.09337331562328052,0.020138812767783065
175.34085976852384,0.04412053937047213,39.4656936281691,0.2061757743358612,2.550358772277832,3.108644723892212,0.025982039602723717,0.04412053937047213,0.005945679672500148
175.30384014322237,0.060251597508552496,39.48983151669592,0.2067464143037796,2.551370143890381,3.1073203086853027,0.06300166490419201,0.060251597508552496,0.03008356819932345
175.40641592417762,0.10241793951810295,39.42250292695252,0.19955243170261383,2.548280715942383,3.111210346221924,0.03957411605105676,0.10241793951810295,0.037245021544080714
175.4163743399875,0.08444926594840793,39.461185703316886,0.20115232467651367,2.550111770629883,3.1094472408294678,0.049532531860933204,0.08444926594840793,0.0014377548202872958
175.36251146819276,0.04792286785170876,39.43463675801305,0.20525886118412018,2.548689603805542,3.110513925552368,0.004330339933801497,0.04792286785170876,0.025111190483549706
175.36502497780734,0.0473136824800769,39.479398402738724,0.20506377518177032,2.5512731075286865,3.1083741188049316,0.001816830319228302,0.0473136824800769,0.019650454242125193
175.35827675090738,0.12617416200501355,39.43251598427576,0.20017506182193756,2.5492515563964844,3.1109914779663086,0.008565057219186656,0.12617416200501355,0.027231964220838734

Errors:
rotation,[19.674773076155276, 21.184084717576116, 24.531308911042046, 25.68200610944413, 25.94223001371682, 25.961390631108472, 22.860946615686874, 17.210204791998365, 7.810852616977018, 0.6105119231576384, 0.3455572787787496, 0.14466572429934427, 0.13024486702075289, 0.10913092134146503, 0.07135327630413214, 0.12173498002534952, 0.12221979173979863, 0.06767782626074631, 0.14215435845902874, 0.13711239040445292, 0.07080191181369058, 0.10422572021901572, 0.0899264415083546, 0.14989563647144816, 0.08685574538444936, 0.08890841679568023, 0.0687195709781801, 0.05778059625640611, 0.11914020426716695, 0.076048258645696, 0.15333683061206796, 0.17923707711324044, 0.13541955262962843, 0.07736439826905997, 0.06878096704143039, 0.16197118344503894]
translation,[0.170370405351016, 0.15837594687836543, 0.1333749463640821, 0.12083618068393687, 0.09535095606967658, 0.06337594515700218, 0.024628047304728895, 0.0017457402286478185, 0.04508361267743055, 0.03362704640734249, 0.0025084067059077952, 0.005327471096447489, 0.006181358718298391, 0.005412775781008072, 0.004640594957393773, 0.005278200365816055, 0.005584760745576567, 0.004988287633429067, 0.004387608284411648, 0.005253410828900407, 0.005598515853125541, 0.004364372144213036, 0.0061074404295613505, 0.004762549838750907, 0.004364096187437383, 0.004744963268343838, 0.005297680038130359, 0.0052968040456846666, 0.004564302834912937, 0.004901023686776362, 0.005253371988509947, 0.004568808049379314, 0.004691887041639475, 0.0045612111232635755, 0.004587473545610621, 0.004092507735686368]
loss,
[0.11059608310461044, 0.10018344223499298, 0.09902452677488327, 0.09392349421977997, 0.08440347760915756, 0.09159186482429504, 0.07376532256603241, 0.05189906805753708, 0.02222033590078354, 0.004781026393175125, 0.0017612891970202327, 0.0011848388239741325, 0.0012529323576018214, 0.001294963527470827, 0.0016646543517708778, 0.0013831084361299872, 0.0013262368738651276, 0.0011308648390695453, 0.0014885484706610441, 0.0019199901726096869, 0.0013517462648451328, 0.001462224405258894, 0.0010161594254896045, 0.0013731189537793398, 0.0017036953940987587, 0.0012288030702620745, 0.00150895060505718, 0.001326829893514514, 0.0012729959562420845, 0.0017724292119964957, 0.0010081874206662178, 0.0015351505717262626, 0.0013797292485833168, 0.0011863624677062035, 0.001277825329452753, 0.0013901377096772194]

2022-04-21 21:20:12.634104