2022-04-27 15:10:13.666273

reference phi, theta, psi, translation: 175.36684180812657, -0.0, 39.4597479484966, 0.2069414258003235, 2.553555727005005, 3.112318754196167

phi,theta,psi,rot_x,rot_y,rot_z,phi_err,theta_err,psi_err
-174.60268024378553,2.426304892454245,32.24175771288345,-0.3459881842136383,2.1274664402008057,3.6064906120300293,10.030477948087878,2.426304892454245,7.217990235613151
-174.80315995630374,2.5609323737241456,31.696715447305603,-0.3489324152469635,2.0997238159179688,3.620380401611328,9.82999823556969,2.5609323737241456,7.763032501190995
-176.85395157535677,3.063673808567587,31.03705577726577,-0.33865267038345337,2.112532138824463,3.587327718734741,7.77920661651666,3.063673808567587,8.422692171230828
-178.51580490231257,4.941490322705955,33.7346868012865,-0.37094154953956604,2.2736685276031494,3.4468369483947754,6.117353289560867,4.941490322705955,5.7250611472100985
178.42370663154412,5.587317733271686,36.64101767049155,-0.2707062065601349,2.4382593631744385,3.2822039127349854,3.0568648234175555,5.587317733271686,2.8187302780050487
177.06250457147394,2.531116882801244,39.323550561351965,-0.008145134896039963,2.569087028503418,3.135999917984009,1.6956627633473715,2.531116882801244,0.1361973871446338
174.6670342861454,-0.3253691607795213,39.38739916971324,0.25759562849998474,2.5393025875091553,3.109530448913574,0.699807521981171,0.3253691607795213,0.07234877878335766
175.5742200117065,0.08241128180992267,39.60887829883466,0.1953737735748291,2.5599770545959473,3.102931499481201,0.20737820357993542,0.08241128180992267,0.1491303503380621
175.49113759064247,0.03387250556621733,39.423670889300595,0.19958269596099854,2.5476415157318115,3.112607717514038,0.12429578251590101,0.03387250556621733,0.03607705919600335
175.46413102266422,0.05030280974600536,39.22647991286774,0.19837318360805511,2.536759376525879,3.1214613914489746,0.09728921453765338,0.05030280974600536,0.23326803562886056
175.408560603577,0.08650899156630455,39.4614794014512,0.2013380229473114,2.5510494709014893,3.109513998031616,0.041718795450435664,0.08650899156630455,0.001731452954601309
175.3573615055586,0.0639262188804312,39.41845603986929,0.20442651212215424,2.546910524368286,3.110187292098999,0.009480302567965282,0.0639262188804312,0.041291908627307805
175.40013215014122,0.07141765800771517,39.467681213217574,0.2026733160018921,2.5507259368896484,3.109356641769409,0.0332903420146522,0.07141765800771517,0.00793326472097533
175.38995516827788,0.02061971412533673,39.51715910356514,0.20602914690971375,2.5532031059265137,3.1052463054656982,0.0231133601513136,0.02061971412533673,0.057411155068542996
175.37331682745975,0.0721419432727585,39.53730816161668,0.20418068766593933,2.5548343658447266,3.105271100997925,0.0064750193331803985,0.0721419432727585,0.07756021312007988
175.33270452265484,0.026149703041632312,39.48237636521685,0.2082582712173462,2.5516035556793213,3.1079888343811035,0.03413728547172923,0.026149703041632312,0.022628416720252176
175.35768935463875,0.052678905092460274,39.46474764696905,0.20482304692268372,2.55008602142334,3.109337568283081,0.009152453487814682,0.052678905092460274,0.0049996984724529625
175.42742558606457,0.04738888595543622,39.495531309558295,0.20266646146774292,2.551680564880371,3.107288122177124,0.06058377793800673,0.04738888595543622,0.03578336106169644
175.40440784856165,0.03685194497869122,39.469429741645094,0.20388220250606537,2.5514941215515137,3.1095316410064697,0.03756604043508105,0.03685194497869122,0.009681793148494933
175.28075410382772,-0.0692706295470452,39.52079959439276,0.2152460217475891,2.5535149574279785,3.107534885406494,0.08608770429884771,0.0692706295470452,0.061051645896164075
175.34785388223392,0.03194769694689722,39.53897472777416,0.2068697214126587,2.5549709796905518,3.1052210330963135,0.018987925892645308,0.03194769694689722,0.07922677927756183
175.27113719747635,0.07464082688523965,39.51159249939158,0.20784308016300201,2.5530080795288086,3.105008363723755,0.09570461065021618,0.07464082688523965,0.051844550894983854
175.35341365621832,0.10074940542704407,39.50685234810759,0.20358867943286896,2.5524487495422363,3.107100248336792,0.013428151908243535,0.10074940542704407,0.04710439961099411
175.42014460440936,0.06515504431775085,39.42890622929941,0.2009747475385666,2.5481956005096436,3.1108779907226562,0.053302796282793,0.06515504431775085,0.030841719197191253
175.39468165918353,0.030942780848426155,39.44636419281796,0.2052156776189804,2.548464298248291,3.109457492828369,0.02783985105696729,0.030942780848426155,0.01338375567863892
175.40010482938453,0.04854355138044588,39.39799279311593,0.20311307907104492,2.5467793941497803,3.1125245094299316,0.033263021257965875,0.04854355138044588,0.06175515538066634
175.39315169680947,0.03128751908834947,39.43944862628332,0.2047683596611023,2.548815965652466,3.1100151538848877,0.026309888682902738,0.03128751908834947,0.020299322213276128
175.37529758231904,-0.007198975532976015,39.47557008170894,0.20776872336864471,2.5507349967956543,3.108121633529663,0.00845577419246979,0.007198975532976015,0.01582213321233894
175.40518649012702,0.038196987460724356,39.45242940080093,0.20375284552574158,2.549375534057617,3.1105825901031494,0.03834468200045649,0.038196987460724356,0.007318547695668087
175.36578995899438,-0.0039349541868485905,39.42916236139328,0.20753368735313416,2.5475332736968994,3.1107797622680664,0.0010518491321818146,0.0039349541868485905,0.03058558710331738
175.35677410928997,0.05139481068810118,39.43968426780969,0.20500805974006653,2.548887014389038,3.109083414077759,0.010067698836593308,0.05139481068810118,0.02006368068690989
175.34128324025238,0.07349725175148233,39.490145705397744,0.20518842339515686,2.5512261390686035,3.107877254486084,0.0255585678741852,0.07349725175148233,0.0303977569011451
175.39185396086714,0.00021795649848904653,39.46755826981251,0.20699891448020935,2.550351142883301,3.1089954376220703,0.025012152740572446,0.00021795649848904653,0.0078103213159081974
175.37659531826134,0.05136343716793255,39.446948173992,0.20413556694984436,2.549575090408325,3.108747959136963,0.009753510134771659,0.05136343716793255,0.012799774504600236
175.34857788228595,0.07798334738780023,39.45641140108705,0.20408941805362701,2.54949688911438,3.1088099479675293,0.018263925840614093,0.07798334738780023,0.0033365474095461423
175.37309826140628,0.04022845216015902,39.470604534182335,0.20546631515026093,2.550534725189209,3.1082711219787598,0.006256453279718244,0.04022845216015902,0.010856585685736775

Errors:
rotation,[19.674773076155276, 20.15396311048483, 19.265572596315074, 16.783904759476922, 11.46291283469429, 4.36297703329325, 1.09752546154405, 0.4389198357279202, 0.19424534727812168, 0.3808600599125193, 0.1299592399713415, 0.11469843007570428, 0.1126412647433427, 0.10114422934519332, 0.15617717572601877, 0.08291540523361371, 0.06683105705272792, 0.1437560249551394, 0.0840997785622672, 0.216409979742057, 0.13016240211710436, 0.2221899884304397, 0.16128195694628172, 0.1492995597977351, 0.07216638758403236, 0.1435617280190781, 0.07789672998452835, 0.03147688293778474, 0.08386021715684894, 0.035572390422347784, 0.08152619021160437, 0.12945357652681264, 0.03304043055496969, 0.07391672180730444, 0.09958382063796047, 0.05734149112561404]
translation,[0.170370405351016, 0.16860308979056704, 0.14575970603415556, 0.11469451011519904, 0.06658432602346842, 0.022853163128819354, 0.008245192215610153, 0.003742911861031928, 0.003891891349922183, 0.003968380705054564, 0.00403711039419985, 0.00598182378808243, 0.004296574299807787, 0.005728385474693454, 0.004768561407578531, 0.004511537629894313, 0.00460783509183571, 0.005288931829258381, 0.0036138091808091133, 0.003282933816898037, 0.004583230509993541, 0.0059423808287455415, 0.004900454170218005, 0.0048087294047656215, 0.005522085025910783, 0.004325005768084367, 0.0048914826785200205, 0.004984648926420476, 0.0041504469867730265, 0.004971014786465666, 0.0055539637156334365, 0.004994438005192059, 0.004592831719677726, 0.005421642877381672, 0.005425638949380307, 0.005114278303331332]
loss,
[0.0769093930721283, 0.07450532913208008, 0.06665453314781189, 0.04936806485056877, 0.03591608628630638, 0.013752932660281658, 0.005733524449169636, 0.0013532981975004077, 0.0029312376864254475, 0.0035088425502181053, 0.0007620202377438545, 0.0009163233335129917, 0.0012186717940494418, 0.0014511229237541556, 0.0010741562582552433, 0.001408756128512323, 0.0012214297894388437, 0.0008374801254831254, 0.0010485774837434292, 0.0013747578486800194, 0.0012789665488526225, 0.0017137245740741491, 0.001147776609286666, 0.0009747819858603179, 0.0009972716215997934, 0.0011630363296717405, 0.0008109406335279346, 0.0008568800985813141, 0.0012822721619158983, 0.001187021378427744, 0.001304761739447713, 0.0011563715524971485, 0.0011414893670007586, 0.0009280098602175713, 0.001111270859837532, 0.0011042151600122452]

2022-04-27 15:15:04.823183