2022-04-27 14:56:03.757680

reference phi, theta, psi, translation: 16.672973292337613, -0.0, 55.56417970941693, 0.9538894295692444, -3.184936285018921, 2.279534101486206

phi,theta,psi,rot_x,rot_y,rot_z,phi_err,theta_err,psi_err
26.607018987257597,-4.879078348390559,61.415046110949504,1.4386786222457886,-3.2383759021759033,2.121750593185425,9.934045694919984,4.879078348390559,5.850866401532571
26.62078523352976,-4.900845061856201,61.406453732973624,1.4383225440979004,-3.2384300231933594,2.121898889541626,9.947811941192146,4.900845061856201,5.842274023556691
26.691875549958542,-6.192977954096923,59.99801408460364,1.3690111637115479,-3.242130756378174,2.1603176593780518,10.01890225762093,6.192977954096923,4.433834375186706
24.56874539740593,-5.885290657337116,57.59828176123302,1.2201565504074097,-3.270226001739502,2.214256525039673,7.895772105068318,5.885290657337116,2.0341020518160846
21.62540344063587,-1.9722867883683537,57.24830628325615,1.2111902236938477,-3.2286508083343506,2.2405340671539307,4.952430148298259,1.9722867883683537,1.6841265738392153
17.66221008039807,1.0911555783404123,55.10779671436044,1.0571565628051758,-3.169018507003784,2.3235363960266113,0.989236788060456,1.0911555783404123,0.4563829950564937
16.4054381976428,-0.2662622730119334,55.46922641957542,0.9286473393440247,-3.1784374713897705,2.278564929962158,0.2675350946948143,0.2662622730119334,0.09495328984151286
16.663419565236055,0.05777750021439496,55.619343732248545,0.9565855264663696,-3.1828291416168213,2.27398681640625,0.009553727101557996,0.05777750021439496,0.0551640228316117
16.487786373371055,0.0014218335573513994,55.51091789426918,0.9441172480583191,-3.1829733848571777,2.2781760692596436,0.1851869189665578,0.0014218335573513994,0.05326181514775641
16.54887558530765,-0.08270274882059983,55.55582297296743,0.9446028470993042,-3.1818325519561768,2.27734375,0.12409770702996425,0.08270274882059983,0.008356736449506741
16.63064661005104,-0.026480525831265492,55.56150227526229,0.9500495195388794,-3.183058738708496,2.2777650356292725,0.04232668228657133,0.026480525831265492,0.0026774341546413893
16.6636825275191,-0.10231330859467841,55.56494810569856,0.9504523873329163,-3.1819446086883545,2.278777599334717,0.009290764818512542,0.10231330859467841,0.0007683962816287249
16.509432950398118,-0.015830524459315005,55.49202217593034,0.9438592195510864,-3.1799235343933105,2.2817273139953613,0.16354034193949474,0.015830524459315005,0.07215753348659604
16.57807293646216,-0.019418426801795195,55.458342513133005,0.9464951157569885,-3.1785690784454346,2.283552885055542,0.09490035587545265,0.019418426801795195,0.10583719628392885
16.572070907729014,-0.0006887110516477882,55.49594611960851,0.9487795233726501,-3.1808457374572754,2.281386375427246,0.1009023846085988,0.0006887110516477882,0.06823358980842187
16.50386634622456,-0.07950899588921882,55.515985894633324,0.9409988522529602,-3.181871175765991,2.2795255184173584,0.16910694611305388,0.07950899588921882,0.04819381478360896
16.498361213753526,-0.06627585643161009,55.49254468540184,0.94139164686203,-3.1826765537261963,2.2808823585510254,0.17461207858408656,0.06627585643161009,0.07163502401509447
16.55858811430741,-0.03262513197911124,55.52390208388137,0.9459921717643738,-3.181048631668091,2.2789041996002197,0.11438517803020432,0.03262513197911124,0.04027762553556613
16.62225572265568,-0.10946053308563387,55.551103312250945,0.9477896094322205,-3.1816437244415283,2.2778539657592773,0.05071756968193242,0.10946053308563387,0.013076397165988851
16.528953631046015,-0.029898974331449602,55.429037586499064,0.9438287615776062,-3.179426908493042,2.284846544265747,0.1440196612915976,0.029898974331449602,0.13514212291786976
16.50092082714499,-0.06366780838257866,55.50514638442051,0.9417096376419067,-3.1824088096618652,2.2803828716278076,0.17205246519262118,0.06366780838257866,0.05903332499642033
16.625850109706402,-0.0851770410287294,55.50603089391803,0.9480112195014954,-3.1811068058013916,2.280519485473633,0.047123182631210625,0.0851770410287294,0.05814881549890316
16.561574614521994,-0.0603760258879614,55.449418870982385,0.9454718828201294,-3.178025245666504,2.282895088195801,0.11139867781561819,0.0603760258879614,0.11476083843454887
16.537148150502738,-0.023090813813778494,55.48834411906228,0.9451708793640137,-3.1802797317504883,2.280689239501953,0.13582514183487504,0.023090813813778494,0.07583559035465015
16.526320593120975,-0.021683484907770285,55.50070676146001,0.9444632530212402,-3.1810405254364014,2.2802205085754395,0.14665269921663793,0.021683484907770285,0.06347294795692449
16.617025505298745,-0.061617114833311074,55.495427025231585,0.9485516548156738,-3.1800358295440674,2.2806053161621094,0.0559477870388676,0.061617114833311074,0.0687526841853483
16.557688236884257,-0.08028252155188884,55.528085574748005,0.9446783065795898,-3.182626724243164,2.2791519165039062,0.11528505545335577,0.08028252155188884,0.036094134668928746
16.57524182305119,-0.11160977631087048,55.56266682251578,0.9443432688713074,-3.1834328174591064,2.2770979404449463,0.09773146928642262,0.11160977631087048,0.0015128869011533652
16.557992180302325,0.0182361465142534,55.42585813344042,0.9469497203826904,-3.1768977642059326,2.2850663661956787,0.11498111203528794,0.0182361465142534,0.13832157597651218
16.54691019837398,-0.0015085002601948816,55.52398063105682,0.9465603828430176,-3.180521011352539,2.2790956497192383,0.12606309396363358,0.0015085002601948816,0.04019907836011072
16.578074644009455,-0.030902252467384272,55.493364308102244,0.947356104850769,-3.1799988746643066,2.281484365463257,0.09489864832815798,0.030902252467384272,0.07081540131468955
16.543717084936997,-0.031146056991275477,55.480800175124,0.945270836353302,-3.1797149181365967,2.282277822494507,0.1292562074006156,0.031146056991275477,0.08337953429293066
16.574570756965237,-0.034613146786242145,55.467266155283625,0.9467021226882935,-3.1784846782684326,2.282149076461792,0.09840253537237587,0.034613146786242145,0.09691355413330882
16.6448687714503,-0.06667047974249174,55.601520353609395,0.9511972069740295,-3.1842055320739746,2.2746474742889404,0.02810452088731097,0.06667047974249174,0.037340644192461525
16.640710893793056,-0.036696653226347735,55.55290648219183,0.9518306255340576,-3.1818697452545166,2.2777607440948486,0.0322623985445567,0.036696653226347735,0.01127322722510371
16.58418254067474,-0.035325317955399546,55.49264030805022,0.9479097127914429,-3.179658889770508,2.280461311340332,0.08879075166287365,0.035325317955399546,0.07153940136671366

Errors:
rotation,[20.663990444843115, 20.69093102660504, 20.64571458690456, 15.815164814221518, 8.608843510505828, 2.5367753614573623, 0.6287506575482605, 0.12249525014756465, 0.23987056767166562, 0.21515719230007083, 0.07148464227247821, 0.11237246969481968, 0.25152839988540576, 0.2201559789611767, 0.16982468546866847, 0.2968097567858817, 0.31252295903079114, 0.18728793554488168, 0.17325449993355513, 0.30906075854091697, 0.2947535985716202, 0.1904490391588432, 0.2865355421381285, 0.2347515460033037, 0.2318091320813327, 0.18631758605752696, 0.23166171167417335, 0.21085413249844648, 0.27153883452605354, 0.16777067258393918, 0.1966163021102318, 0.24378179868482175, 0.22992923629192683, 0.13211564482226423, 0.08023227899600816, 0.19565547098498687]
translation,[0.09908907901583852, 0.09908368121423017, 0.09834759342952903, 0.10240377574954884, 0.08118930479088249, 0.03815604795650884, 0.011587995284095598, 0.004160616024154962, 0.0046212998469163935, 0.005880114178469675, 0.0033912116660452796, 0.0036037436034215276, 0.005080744417333527, 0.004496501306387124, 0.003389299640697452, 0.005458780266239138, 0.003962040187496463, 0.005290323785767548, 0.0049916784095680455, 0.0037113361887195495, 0.004382171010760771, 0.003854981993873352, 0.0055392746545441796, 0.00507985965301927, 0.0049103846639075854, 0.004524992002021833, 0.004211501781338889, 0.004814947033219497, 0.004850000097041729, 0.005465259396002509, 0.0043376654198068465, 0.004602322602918818, 0.005310415395185508, 0.0039757573772289945, 0.003912624752716809, 0.005055431204251448]
loss,
[0.1250769942998886, 0.1161881610751152, 0.09355233609676361, 0.07145537436008453, 0.04208466410636902, 0.011495715007185936, 0.0022244229912757874, 0.0012518235016614199, 0.0011616433039307594, 0.0012738232035189867, 0.0010304789757356048, 0.0016243107384070754, 0.0015182187780737877, 0.001560626900754869, 0.0012286282144486904, 0.000884898123331368, 0.001172291929833591, 0.0008652707329019904, 0.0010702222352847457, 0.001129613141529262, 0.0009111228282563388, 0.001459651393815875, 0.0008746310486458242, 0.0011835177429020405, 0.0010865600779652596, 0.0013951369328424335, 0.0007747492636553943, 0.001573020126670599, 0.0014286325313150883, 0.0011181333102285862, 0.0009043448371812701, 0.0011689849197864532, 0.0008592572412453592, 0.0009912701789289713, 0.0007944920798763633, 0.0010336977429687977]

2022-04-27 15:00:42.465254