2022-04-28 15:40:30.478392

reference phi, theta, psi, translation: 164.57178246643477, -4.268868188959204e-07, 11.003265705708584, 0.2046843022108078, 0.7416750192642212, 3.957021951675415

phi,theta,psi,rot_x,rot_y,rot_z,phi_err,theta_err,psi_err
174.68706040079186,1.035587752499106,3.46078983121423,-0.0498787984251976,0.24902896583080292,4.223120212554932,10.115277934357096,1.035588179385925,7.542475874494354
174.8530066768665,1.4346273008660577,3.327129859346251,-0.07138197124004364,0.23243820667266846,4.223396301269531,10.28122421043173,1.4346277277528767,7.6761358463623335
175.3053154640831,2.9660825067029903,3.848528571338453,-0.14695079624652863,0.23974907398223877,4.204710006713867,10.733532997648325,2.966082933589809,7.154737134370131
174.6565977570936,3.3732347546241694,3.488449536031843,-0.18484795093536377,0.23924490809440613,4.212799549102783,10.084815290658838,3.3732351815109882,7.514816169676741
174.71664878027636,3.3769676267655817,3.1837650424413293,-0.20339901745319366,0.21309073269367218,4.223951816558838,10.14486631384159,3.3769680536524005,7.819500663267254
175.62739986458422,3.118768428137464,2.7542520115796623,-0.19339659810066223,0.16842006146907806,4.238553047180176,11.055617398149451,3.1187688550242827,8.249013694128921
176.44551992336835,2.449239768943154,2.757067543621589,-0.14768055081367493,0.16588255763053894,4.249711990356445,11.873737456933583,2.4492401958299728,8.246198162086994
176.88746048342483,2.279825400022679,3.0903933682794933,-0.1320112645626068,0.19001901149749756,4.251986980438232,12.315678016990063,2.279825826909498,7.912872337429091
177.76666975414557,2.8511878785134996,3.6818518919094547,-0.16661454737186432,0.22192782163619995,4.254276752471924,13.194887287710799,2.8511883054003184,7.321413813799129
178.12779551594247,3.2129312898012903,3.595855968277586,-0.19860213994979858,0.22383326292037964,4.252570152282715,13.556013049507698,3.212931716688109,7.4074097374309975
178.86168568188202,3.8260852006074453,3.778850823407391,-0.24967031180858612,0.23639456927776337,4.251380443572998,14.289903215447254,3.826085627494264,7.224414882301193
179.02384803315644,4.365338749934398,4.006174033137402,-0.2901722490787506,0.25534147024154663,4.250297546386719,14.452065566721672,4.365339176821217,6.997091672571182
179.8579780553551,5.690904420995166,4.306146549974253,-0.3901382088661194,0.27057084441185,4.252173900604248,15.286195588920322,5.690904847881985,6.697119155734331
179.9455274201363,6.227194092499061,4.181992493883638,-0.43779319524765015,0.2715008854866028,4.249691963195801,15.373744953701532,6.22719451938588,6.821273211824946
-179.69849313823528,7.9561966605193035,4.4781546189372685,-0.5621054768562317,0.28684911131858826,4.237609386444092,15.729724395329981,7.956197087406123,6.525111086771315
179.93693504216043,7.655609534990664,4.235034889204311,-0.5434528589248657,0.2755349576473236,4.2466840744018555,15.36515257572566,7.6556099618774835,6.768230816504273
-179.70820566723506,7.605863889199712,4.361793808689639,-0.5414258241653442,0.2795267403125763,4.253571510314941,15.720011866330196,7.605864316086532,6.641471897018945
-179.28817635403595,7.621209782100059,4.623694851092839,-0.5388540625572205,0.29405632615089417,4.245662212371826,16.14004117952925,7.621210208986878,6.379570854615745
-178.64074272261044,8.236737747565204,4.754192872261926,-0.5885398387908936,0.2971770167350769,4.24053430557251,16.78747481095479,8.236738174452023,6.249072833446657
-178.51405637388504,8.555705685826846,5.2360392394310535,-0.613033652305603,0.33206072449684143,4.235109329223633,16.91416115968019,8.555706112713665,5.76722646627753
-178.49978127851972,8.022302419396341,5.474358199951139,-0.5790606737136841,0.35215237736701965,4.23967170715332,16.92843625504554,8.02230284628316,5.528907505757445
-178.4447572745661,7.760773960614615,5.33047898442435,-0.5561453104019165,0.3438207507133484,4.238527774810791,16.983460258999116,7.760774387501434,5.672786721284234
-177.96447203250912,7.759831415000475,5.610348546986562,-0.560133159160614,0.35349294543266296,4.242618560791016,17.46374550105611,7.759831841887294,5.392917158722022
-178.16290268827635,8.08333946131407,5.588869736480987,-0.5818455219268799,0.35790103673934937,4.241589069366455,17.265314845288913,8.08333988820089,5.414395969227597
-178.01955067797613,8.27289135005385,5.8943597655067395,-0.5976675152778625,0.37601029872894287,4.238190174102783,17.408666855589104,8.27289177694067,5.108905940201844
-178.41399410254436,8.332974061920714,5.515013193438347,-0.5970324873924255,0.3571513593196869,4.239017486572266,17.014223431020866,8.332974488807533,5.488252512270237
-178.44478459532277,8.629019790741017,5.372192230346088,-0.6208322048187256,0.3463563024997711,4.234107494354248,16.98343293824246,8.629020217627836,5.631073475362496
-177.89987210333916,9.252008642059334,5.64132900440127,-0.6703269481658936,0.3524762988090515,4.227909088134766,17.528345430226068,9.252009068946153,5.361936701307314
-177.94353067251387,9.266776189099954,5.8781905733072035,-0.6748194694519043,0.37137508392333984,4.2253217697143555,17.484686861051387,9.266776615986773,5.12507513240138
-178.2270518249611,9.255273008327068,5.8626070698289965,-0.6688002943992615,0.3751663863658905,4.227269649505615,17.201165708604094,9.255273435213887,5.140658635879587
-178.07759362554287,9.101151048182134,5.632894147663127,-0.6595990061759949,0.35813701152801514,4.234122276306152,17.350623908022385,9.101151475068953,5.3703715580454565
-178.16142736741563,9.072309578540597,5.7738718134531295,-0.6560684442520142,0.3677128255367279,4.236799716949463,17.266790166149576,9.072310005427417,5.229393892255454
-177.91707051966924,8.956809202023624,5.930563183202392,-0.6496421098709106,0.3746369779109955,4.237951755523682,17.511147013895993,8.956809628910444,5.072702522506192
-178.04726758562802,8.908217915162126,5.7139522714119,-0.6450218558311462,0.36412423849105835,4.23988676071167,17.38094994793721,8.908218342048945,5.289313434296684
-178.192859897976,9.005243299660805,5.847146082869027,-0.6522351503372192,0.37435638904571533,4.237356185913086,17.235357635589253,9.005243726547624,5.156119622839557
-178.12177128909454,8.89608647723167,5.921221191965107,-0.6456816792488098,0.37844690680503845,4.237603664398193,17.306446244470692,8.896086904118489,5.082044513743477

Errors:
rotation,[18.693341988237375, 19.39198778454694, 20.854353065608265, 20.97286664184657, 21.341335030761243, 22.423399947302656, 22.56917581485055, 22.50837618132865, 23.367489406910245, 24.176354503626804, 25.340403725242712, 25.814496416114068, 27.674219592536637, 28.422212684912356, 30.21103256950742, 29.78899335410742, 29.967348079435673, 30.140822243131872, 31.27328581885347, 31.237093738671387, 30.479646607086146, 30.417021367784784, 30.616494501665425, 30.7630507027174, 30.790464572731615, 30.835450432098636, 31.24352663123279, 32.142291200479534, 31.87653860943954, 31.59709777969757, 31.822146941136793, 31.56849406383245, 31.540659165312626, 31.57848172428284, 31.396720984976437, 31.28457766233266]
translation,[0.19962134480110283, 0.19926105923039472, 0.18297365919995734, 0.19250542553072503, 0.20308268577341515, 0.21517531411403112, 0.22438265006527036, 0.22714862316033013, 0.2321894127407056, 0.23195648776600475, 0.23413232490583358, 0.23670760308670058, 0.2474689156984642, 0.24967212064139765, 0.25321215499199035, 0.2590443056118863, 0.2658639669445426, 0.25868233464187984, 0.26035388587534314, 0.2609831206367703, 0.26237068993396573, 0.2575338282130639, 0.2628807243986442, 0.2651154110749374, 0.2654797788324048, 0.2645985261203556, 0.2622452477034676, 0.26407691576545034, 0.2638268402290773, 0.26513137196536984, 0.2690018424613303, 0.27190611620819727, 0.2726627773285557, 0.2729713988747777, 0.2724441303100438, 0.27205732560907236]
loss,
[0.07782584428787231, 0.07426385581493378, 0.05089682340621948, 0.053653471171855927, 0.059787750244140625, 0.05646919459104538, 0.055771082639694214, 0.05435413867235184, 0.058155130594968796, 0.0588364414870739, 0.05272911116480827, 0.05073108896613121, 0.054776694625616074, 0.05182850360870361, 0.056840430945158005, 0.04406869038939476, 0.04405384883284569, 0.052754830569028854, 0.05080140754580498, 0.045334987342357635, 0.045491576194763184, 0.04857207462191582, 0.05693618580698967, 0.056202247738838196, 0.045106321573257446, 0.049243904650211334, 0.04711176082491875, 0.04768669605255127, 0.04794515296816826, 0.053981274366378784, 0.05188858136534691, 0.05439138412475586, 0.05644173547625542, 0.05111628770828247, 0.05010565370321274, 0.0457218736410141]

2022-04-28 15:43:06.264646