2022-04-28 15:48:26.777132

reference phi, theta, psi, translation: -33.091320547511735, -0.0, 74.32085247222868, -2.1190009117126465, -3.251617431640625, 1.089412808418274

phi,theta,psi,rot_x,rot_y,rot_z,phi_err,theta_err,psi_err
-22.822884158753556,1.294954214858955,81.82337814338081,-1.5357718467712402,-3.6827800273895264,0.7731812596321106,10.268436388758179,1.294954214858955,7.502525671152128
-23.538472832812037,1.4977585987717161,81.4122075855352,-1.590915322303772,-3.6474831104278564,0.8029875159263611,9.552847714699698,1.4977585987717161,7.09135511330652
-24.090283815857365,1.7969090073724867,81.10679567679809,-1.6194027662277222,-3.63250732421875,0.8198678493499756,9.00103673165437,1.7969090073724867,6.785943204569406
-25.6713172219117,2.498891962572696,80.73526753689524,-1.7114179134368896,-3.585665225982666,0.8352608680725098,7.420003325600035,2.498891962572696,6.4144150646665565
-29.610642486094893,4.4708688926761075,79.55746971641824,-1.9282631874084473,-3.4853386878967285,0.8652039170265198,3.4806780614168424,4.4708688926761075,5.23661724418956
-34.342286769472494,7.153698064851174,77.72533294326485,-2.17610502243042,-3.373011589050293,0.8610643148422241,1.2509662219607591,7.153698064851174,3.404480471036166
-30.351239897799378,-0.16706163707773988,75.66622898399194,-1.9895938634872437,-3.400036334991455,1.0124574899673462,2.7400806497123575,0.16706163707773988,1.3453765117632628
-33.731561989741216,0.0691574751453066,73.56251705924967,-2.141477584838867,-3.2104451656341553,1.1390347480773926,0.6402414422294811,0.0691574751453066,0.7583354129790081
-33.02245516520508,0.06510259944971376,74.47343889828676,-2.112946033477783,-3.2547855377197266,1.0739989280700684,0.06886538230665451,0.06510259944971376,0.15258642605807893
-33.05641828085297,0.050927770499999324,74.20262872788493,-2.1111109256744385,-3.249650239944458,1.0969746112823486,0.03490226665876861,0.050927770499999324,0.11822374434375149
-33.19071687540834,-0.04629549292826937,74.30829175434502,-2.124908208847046,-3.2432103157043457,1.0873950719833374,0.09939632789660635,0.04629549292826937,0.012560717883658867
-32.72085108693024,0.10411410364240982,74.30493813146255,-2.091224193572998,-3.261381149291992,1.089532494544983,0.37046946058149643,0.10411410364240982,0.015914340766130408
-33.23109353868687,-0.01099741158253886,74.28065680896316,-2.124065637588501,-3.240832805633545,1.0921906232833862,0.13977299117513553,0.01099741158253886,0.040195663265521375
-32.867344984248675,0.0451149722266663,74.27162046869122,-2.1013834476470947,-3.255890369415283,1.090986967086792,0.22397556326306045,0.0451149722266663,0.049232003537454716
-33.07267754617218,-0.05813919957148413,74.18590159460757,-2.11401104927063,-3.244751453399658,1.097018837928772,0.0186430013395551,0.05813919957148413,0.13495087762110813
-33.10047641609413,-0.03708878520687419,74.12532464685872,-2.1138689517974854,-3.243781566619873,1.099830150604248,0.00915586858239692,0.03708878520687419,0.1955278253699646
-32.93645283827086,-0.015397617815740526,74.295997413839,-2.1059491634368896,-3.2500722408294678,1.0911600589752197,0.15486770924087523,0.015397617815740526,0.024855058389675833
-32.93823551764424,0.004753441470484774,74.30773167883308,-2.1055548191070557,-3.2535147666931152,1.0894386768341064,0.15308502986749772,0.004753441470484774,0.013120793395600572
-32.96455906670546,-0.0049223190649374,74.31043643374441,-2.109856128692627,-3.250880241394043,1.0888092517852783,0.12676148080627314,0.0049223190649374,0.010416038484265755
-33.025754146574194,0.01554008576091077,74.22503174836257,-2.1095473766326904,-3.2477385997772217,1.0950652360916138,0.0655664009375414,0.01554008576091077,0.09582072386611173
-33.13814149427217,0.02150130251768672,74.24309759871726,-2.1168766021728516,-3.242053508758545,1.0926029682159424,0.04682094676043391,0.02150130251768672,0.07775487351142374
-32.944877876612075,0.022458702361852365,74.35067990833413,-2.107224941253662,-3.252753973007202,1.0861892700195312,0.1464426708996598,0.022458702361852365,0.02982743610544958
-32.92380674302258,-0.030870117424722572,74.17758242419849,-2.1035914421081543,-3.250901937484741,1.09779691696167,0.16751380448915398,0.030870117424722572,0.14327004803018895
-32.807577413916476,-0.01720498572799199,74.31839360412746,-2.0981554985046387,-3.2559492588043213,1.0884734392166138,0.2837431335952587,0.01720498572799199,0.0024588681012147617
-32.89906438275421,0.045338199036289266,74.30583971643298,-2.1037023067474365,-3.2545111179351807,1.0892248153686523,0.1922561647575236,0.045338199036289266,0.015012755795694943
-32.885448400643796,-0.010821740704015877,74.25010537280568,-2.103652000427246,-3.2531392574310303,1.092948317527771,0.20587214686793942,0.010821740704015877,0.07074709942300217
-32.923028101457206,0.008163460612449219,74.22946454113391,-2.104870557785034,-3.2526869773864746,1.0948456525802612,0.16829244605452942,0.008163460612449219,0.09138793109477206
-33.06335092286053,0.06709263309138815,74.26929137418425,-2.1118204593658447,-3.2485432624816895,1.0916823148727417,0.027969624651206004,0.06709263309138815,0.051561098044430764
-33.037392788919895,0.019604648754385806,74.24037235323841,-2.1105427742004395,-3.247282028198242,1.0932691097259521,0.05392775859183985,0.019604648754385806,0.08048011899026619
-32.973895935300874,0.04046959299775299,74.31621477378224,-2.1078782081604004,-3.2522029876708984,1.0886642932891846,0.11742461221086131,0.04046959299775299,0.00463769844644446
-32.92783313953831,0.00696505654299458,74.27193465739305,-2.1044363975524902,-3.251293897628784,1.0926445722579956,0.16348740797342742,0.00696505654299458,0.04891781483563307
-32.94871644292562,0.03872410697025626,74.40265764791792,-2.107632875442505,-3.253816843032837,1.0835083723068237,0.1426041045861126,0.03872410697025626,0.08180517568924017
-33.01981188199628,0.02246873663141724,74.2349560132266,-2.1111178398132324,-3.2502431869506836,1.0939772129058838,0.07150866551545221,0.02246873663141724,0.08589645900208609
-32.99185933281801,0.04420296151508723,74.28227556379645,-2.109222173690796,-3.2520205974578857,1.091468334197998,0.09946121469372571,0.04420296151508723,0.03857690843223338
-33.0067559753978,0.04811918576148267,74.28991171528853,-2.110059976577759,-3.2511680126190186,1.0902491807937622,0.08456457211393342,0.04811918576148267,0.0309407569401543
-33.01081310776479,0.02576742313281587,74.21489574763427,-2.1094329357147217,-3.2486069202423096,1.0953454971313477,0.08050743974694541,0.02576742313281587,0.10595672459440664

Errors:
rotation,[19.06591627476926, 18.141961426777932, 17.583888943596264, 16.333310352839288, 13.18816419828251, 11.809144757848099, 4.252518798553361, 1.4677343303537957, 0.2865544078144472, 0.20405378150251943, 0.1582525387085346, 0.49049790499003665, 0.19096606602319577, 0.31832253902718144, 0.21173307853214737, 0.24177247915923572, 0.1951203854462916, 0.17095926473358308, 0.1420998383554763, 0.1769272105645639, 0.14607712278954438, 0.19872880936696175, 0.3416539699440655, 0.3034069874244655, 0.2526071195895078, 0.28744098699495746, 0.2678438377617507, 0.1466233557870249, 0.15401252633649185, 0.16253190365505876, 0.21937027935205508, 0.26313338724560903, 0.17987386114895554, 0.18224108464104632, 0.1636245148155704, 0.21223158747416793]
translation,[0.03326186669987141, 0.02841943744589681, 0.029629307483176603, 0.028871870273480482, 0.044942941070791775, 0.07424211160667493, 0.03627815338941609, 0.007413735817428879, 0.004760475338275505, 0.0036770409801443193, 0.004210072030741863, 0.006590933664821996, 0.0052710260521102725, 0.005351184967581801, 0.006094217105236943, 0.006183395465712671, 0.007620371219314137, 0.0055115286179709955, 0.005558136581896633, 0.006558963336935619, 0.007963739832700156, 0.006130558481526549, 0.006378275382320275, 0.007668243179676182, 0.0057325384630448895, 0.005858480657278342, 0.005071424304060379, 0.005636580509245981, 0.006893832835672242, 0.005565099265663065, 0.007022057663589543, 0.005780475900399651, 0.0040102517881654975, 0.0042494101955838914, 0.0048292360471791085, 0.005841935383069874]
loss,
[0.1551855504512787, 0.15115344524383545, 0.1768946647644043, 0.15798217058181763, 0.12827657163143158, 0.09092754125595093, 0.02344525419175625, 0.00571875274181366, 0.0060545033775269985, 0.0021478021517395973, 0.004299995955079794, 0.002161482349038124, 0.001971183344721794, 0.0014827413251623511, 0.0014793358277529478, 0.0020183741580694914, 0.002098270459100604, 0.002090450841933489, 0.0019377549178898335, 0.002906138077378273, 0.0025495588779449463, 0.0011703968048095703, 0.00164491543546319, 0.0016769533976912498, 0.0016822576289996505, 0.002908114343881607, 0.001783090061508119, 0.0027063970919698477, 0.0019170268205925822, 0.0015892162919044495, 0.0026085551362484694, 0.0018686105031520128, 0.0011084845755249262, 0.0013235507067292929, 0.0019802723545581102, 0.0014245591592043638]

2022-04-28 15:51:02.434669