2022-04-28 15:53:43.888707

reference phi, theta, psi, translation: -139.02455270626928, -8.537736090602699e-07, 56.38966954231551, -2.2014424800872803, 2.5346622467041016, 2.231398344039917

phi,theta,psi,rot_x,rot_y,rot_z,phi_err,theta_err,psi_err
-129.04008655489625,6.852725648450977,53.065809209147574,-2.6847352981567383,1.8050535917282104,2.604990243911743,9.984466151373027,6.852726502224586,3.3238603331679357
-129.03698564901308,6.506791386438324,52.85096219371024,-2.678463935852051,1.8089330196380615,2.613852024078369,9.9875670572562,6.506792240211933,3.5387073486052714
-130.284041587674,2.942672405647264,51.55829425177197,-2.563157558441162,1.961742639541626,2.6413402557373047,8.740511118595265,2.9426732594208733,4.831375290543541
-132.21811893418985,3.0367868606331343,51.531280853604564,-2.5146756172180176,2.0734152793884277,2.5962202548980713,6.80643377207943,3.0367877144067434,4.858388688710946
-135.57197404309787,2.7302789106233876,53.93899425302035,-2.420358657836914,2.313427448272705,2.4563040733337402,3.4525786631714084,2.7302797643969967,2.4506752892951624
-138.80242129408214,0.2636451314052678,56.59992325553601,-2.267223596572876,2.5759103298187256,2.2783870697021484,0.22213141218713872,0.26364598517887683,0.2102537132205029
-139.88879020232935,-0.1482333496787783,58.3532294003837,-2.231043815612793,2.648660182952881,2.1422650814056396,0.8642374960600705,0.14823249590516924,1.9635598580681872
-139.0111791958744,0.3594058272579203,56.806604779820596,-2.2322707176208496,2.544118642807007,2.218656539916992,0.013373510394870891,0.35940668103152934,0.4169352375050863
-139.23460834400385,-0.016216636158024562,56.28919745962462,-2.1854965686798096,2.535275459289551,2.234509229660034,0.2100556377345697,0.0162157823844155,0.10047208269089225
-138.88207496018282,0.035939654993828035,56.230099247831085,-2.1983392238616943,2.5169920921325684,2.234598159790039,0.14247774608645614,0.035940508767437096,0.15957029448442483
-139.17920184945672,-0.11243848864278817,56.15840616720804,-2.1799917221069336,2.529081106185913,2.2389869689941406,0.1546491431874415,0.11243763486917911,0.23126337510746708
-139.27250223351908,0.016854484513015588,56.1610357900385,-2.1800434589385986,2.530200242996216,2.239276885986328,0.24794952724980135,0.01685533828662465,0.22863375227701255
-139.07972697438464,-0.00751607640714039,56.18302558407136,-2.188196897506714,2.5253407955169678,2.2391908168792725,0.05517426811536552,0.00751522263353133,0.20664395824415038
-139.1772893964891,-0.08845753635987749,56.35361297368701,-2.1865122318267822,2.5368154048919678,2.2285959720611572,0.15273669021982528,0.08845668258626843,0.036056568628502816
-139.15193573429002,-0.1077834475412561,56.18525905592995,-2.1828575134277344,2.5306434631347656,2.2396867275238037,0.12738302802074486,0.10778259376764704,0.20441048638556225
-139.00806462961287,0.06067067369874961,56.20376203839152,-2.195676565170288,2.5210211277008057,2.2379331588745117,0.016488076656401063,0.06067152747235867,0.18590750392399258
-139.04210629243622,0.14006149450898112,56.29019808233802,-2.1982831954956055,2.522838830947876,2.2348814010620117,0.01755358616694025,0.14006234828259018,0.09947145997748663
-139.1787920381065,-0.06070797385913553,56.25985155185566,-2.1867904663085938,2.533738613128662,2.236619234085083,0.15423933183723193,0.06070712008552647,0.12981799045984843
-138.9499260593977,0.09691331569127418,56.27039053374499,-2.2003698348999023,2.5203990936279297,2.2358720302581787,0.07462664687156462,0.09691416946488324,0.11927900857052265
-139.14808350759813,-0.07838627239718653,56.288244648235406,-2.1864678859710693,2.532184362411499,2.2340824604034424,0.12353080132885452,0.07838541862357747,0.10142489408010391
-139.17529498125145,-0.03167819703403977,56.208092378325304,-2.185325860977173,2.5304954051971436,2.238250494003296,0.15074227498217851,0.03167734326043071,0.1815771639902053
-139.18070449107412,-0.09063452932046202,56.2024677175438,-2.1829726696014404,2.53131103515625,2.2378954887390137,0.15615178480484815,0.09063367554685296,0.1872018247717122
-139.0580752747157,0.06930908102758043,56.29337412030208,-2.1945760250091553,2.5259857177734375,2.233779191970825,0.03352256844641488,0.0693099348011895,0.09629542201342645
-138.94815021021353,0.08179492368703874,56.28433778003016,-2.2002363204956055,2.5204553604125977,2.2357261180877686,0.07640249605574922,0.0817957774606478,0.10533176228535268
-139.22007370145008,-0.08700008677947248,56.20079090610256,-2.181842565536499,2.534552574157715,2.240432024002075,0.19552099518080013,0.08699923300586342,0.18887863621294798
-139.1162001845525,-0.047358010216348355,56.27279134523825,-2.189490556716919,2.5321738719940186,2.235520839691162,0.09164747828322106,0.047357156442739294,0.11687819707726277
-139.14379414879937,-0.11439668253459469,56.26589626927112,-2.186113119125366,2.5335562229156494,2.2351508140563965,0.11924144253009672,0.11439582876098563,0.12377327304439234
-139.08901603165586,0.01725020879581614,56.22087507735698,-2.1912291049957275,2.5260274410247803,2.2371554374694824,0.06446332538658339,0.017251062569425202,0.16879446495853045
-139.20055302080218,-0.05249461245751076,56.27668455306515,-2.184803009033203,2.5333688259124756,2.2338550090789795,0.17600031453289944,0.0524937586839017,0.11298498925035716
-139.02250364951828,0.032575629105207005,56.25623838178472,-2.1946537494659424,2.524385690689087,2.2347395420074463,0.002049056750990985,0.032576482878816065,0.1334311605307903
-139.1441493186362,-0.03897256668165427,56.18745154665353,-2.1852939128875732,2.5281667709350586,2.239687919616699,0.11959661236693364,0.03897171290804521,0.20221799566198229
-139.30821046249991,-0.060076381922968894,56.20185641561308,-2.1777827739715576,2.5359630584716797,2.2372426986694336,0.2836577562306388,0.06007552814935983,0.1878131267024301
-139.06337550151164,0.04350823466124559,56.26346813702118,-2.1932783126831055,2.5259079933166504,2.235198497772217,0.03882279524236765,0.043509088434854654,0.12620140529433144
-139.12925950624557,0.017015369565503004,56.259861797139415,-2.189549446105957,2.5283303260803223,2.234870195388794,0.10470679997629873,0.017016223339112065,0.1298077451760946
-139.10932901424746,-0.06242341067431078,56.21414734102452,-2.1878957748413086,2.5283429622650146,2.238091468811035,0.08477630797818847,0.06242255690070172,0.17552220129098828
-139.0762299175296,-0.05379042707291042,56.31627915968372,-2.1918437480926514,2.530334949493408,2.232837438583374,0.051677211260312106,0.05378957329930136,0.07339038263179276

Errors:
rotation,[20.161052986765547, 20.033066646073404, 16.514559668559677, 14.70161017519712, 8.633533716863568, 0.6960311105865185, 2.9760298500334272, 0.7897154289314865, 0.32674350280987746, 0.33798854933831807, 0.4983501531640877, 0.49343861781343856, 0.26933344899304723, 0.2772499414345965, 0.43957610817395415, 0.2630671080527523, 0.25708739442701706, 0.34476444238260684, 0.2908198249069705, 0.3033411140325359, 0.3639967822328145, 0.43398728512341334, 0.19912792526103082, 0.2635300358017497, 0.47139886439961154, 0.25588283180322313, 0.3574105443354747, 0.25050885291453906, 0.3414790624671583, 0.16805670016059734, 0.36078632093696117, 0.5315464110824288, 0.20853328897155374, 0.2515307684915054, 0.3227210661698785, 0.17885716719140624]
translation,[0.12242333873291766, 0.12562825765986574, 0.13958916027974144, 0.1357648988874791, 0.12140192234278402, 0.08793221181247013, 0.04100283792073167, 0.015846391244059177, 0.006573229574883932, 0.011007830733917423, 0.01096998047459774, 0.010076343092628726, 0.008750592217796616, 0.008330360939606152, 0.00804303966460651, 0.008084298023512737, 0.007217917872385904, 0.005666262961704582, 0.0070560033039344106, 0.008228970563671112, 0.007595461711144225, 0.008557409994345733, 0.007879318483902331, 0.0071748364330073144, 0.0057184455437280235, 0.005793288976772004, 0.0069647872186386905, 0.007801419476453297, 0.008514086383173414, 0.008307880271934742, 0.008276848855966357, 0.008803542939629594, 0.00784750134330725, 0.008539467095562081, 0.007640436003620188, 0.0071586043147986445]
loss,
[0.15395480394363403, 0.154203861951828, 0.0833398699760437, 0.08050689101219177, 0.04075224697589874, 0.017731081694364548, 0.013105615973472595, 0.004997989162802696, 0.00296200392767787, 0.002123603131622076, 0.0018480503931641579, 0.0016963895177468657, 0.0028704265132546425, 0.0022574015893042088, 0.0018554985290393233, 0.0019363388419151306, 0.0012090366799384356, 0.0018803344573825598, 0.0022085586097091436, 0.002000495558604598, 0.0010206568986177444, 0.0014131555799394846, 0.0029464918188750744, 0.002530714264139533, 0.0027097042184323072, 0.0011466898722574115, 0.002044795313850045, 0.001614582957699895, 0.0015217235777527094, 0.002740331692621112, 0.0013705783057957888, 0.0019901038613170385, 0.0015284366672858596, 0.002111938549205661, 0.0013339174911379814, 0.0012777334777638316]

2022-04-28 15:56:19.144711