2022-04-27 14:46:44.960090

reference phi, theta, psi, translation: 132.9853677440357, -8.537735924097414e-07, 76.34363348549546, 2.865516185760498, 2.6707684993743896, 0.9517420530319214

phi,theta,psi,rot_x,rot_y,rot_z,phi_err,theta_err,psi_err
143.3552887910292,-3.0579185397180266,69.36864430507845,2.3124754428863525,2.981729030609131,1.6183615922927856,10.369921046993511,3.0579176859444344,6.974989180417012
142.56148420569033,-2.2845384406141807,68.74344293940132,2.3185250759124756,2.966031789779663,1.639554500579834,9.576116461654635,2.2845375868405884,7.60019054609414
143.7169473075814,-1.0340270386381145,65.69548468266147,2.20798397064209,2.9967381954193115,1.7473174333572388,10.731579563545694,1.034026184864522,10.648148802833987
142.98230582083318,3.0427386435124664,65.39441677423648,2.180450439453125,3.0242409706115723,1.69068443775177,9.996938076797477,3.0427394972860586,10.949216711258984
142.03915231910278,4.512748740474313,67.09983304771863,2.220271587371826,3.0564844608306885,1.5900657176971436,9.053784575067084,4.5127495942479054,9.243800437776827
142.09248243614223,2.9230428779222892,68.85188585285361,2.2833642959594727,3.0726635456085205,1.4828935861587524,9.107114692106535,2.9230437316958815,7.491747632641847
140.97715352581417,2.8446635864652716,70.65006975564287,2.3907203674316406,3.058676242828369,1.3683443069458008,7.991785781778475,2.844664440238864,5.693563729852585
140.03550266570122,1.759537140109022,71.91053335564453,2.4700045585632324,3.0324156284332275,1.2814898490905762,7.050134921665517,1.7595379938826146,4.433100129850928
138.0218399549764,1.8801903684274344,73.40241742510457,2.5947811603546143,2.9540252685546875,1.1761163473129272,5.036472210940701,1.8801912222010269,2.941216060390886
136.8857199488148,0.9014232156371601,74.69341880088537,2.6766374111175537,2.8835320472717285,1.0850094556808472,3.9003522047790966,0.9014240694107525,1.6502146846100914
134.32192648158048,0.6409858337998137,76.23345570399398,2.815303325653076,2.763718843460083,0.9645314812660217,1.3365587375447774,0.640986687573406,0.11017778150147706
132.50747306818826,-0.06849728047335686,76.0009219137009,2.886850595474243,2.6406614780426025,0.9746713638305664,0.4778946758474376,0.06849642669976445,0.3427115717945526
133.13953877398123,0.10181446787290092,76.40138273492792,2.853739023208618,2.6771297454833984,0.9476937055587769,0.15417102994553034,0.10181532164649333,0.057749249432461625
132.96687159176332,-0.0010032238502160383,76.46124934300308,2.8640193939208984,2.6662914752960205,0.9423749446868896,0.018496152272376776,0.0010023700766236285,0.11761585750761583
133.01152736855684,0.014874649732633036,76.33230220166242,2.860163927078247,2.6663548946380615,0.9528865814208984,0.026159624521142177,0.014875503506225445,0.011331283833044381
133.01059846282973,-0.008019144227450151,76.4128437923552,2.860907554626465,2.668280839920044,0.9459890127182007,0.0252307187940346,0.008018290453857742,0.06921030685974472
133.00483378317026,0.023172581027431388,76.46936360773705,2.8616302013397217,2.6685333251953125,0.9419825077056885,0.019466039134556468,0.0231734348010238,0.12573012224159186
132.97678902643815,-0.010156874730465264,76.41571247180661,2.863917827606201,2.6666531562805176,0.945997953414917,0.008578717597544028,0.010156020956872855,0.07207898631115484
133.06532193845987,-0.007636120320646297,76.40192231987236,2.8594913482666016,2.67242169380188,0.9469919204711914,0.07995419442417528,0.007635266547053887,0.05828883437689569
132.9918564237472,-0.00886072040788047,76.37042148742026,2.8623509407043457,2.6670420169830322,0.9485893249511719,0.006488679711509349,0.00885986663428806,0.026788001924799687
133.0141365008198,0.07500791692031364,76.42527473664462,2.8609187602996826,2.669074535369873,0.944772481918335,0.02876875678410329,0.07500877069390605,0.08164125114916487
133.00647302857104,0.09037918317168019,76.39850722528735,2.859373092651367,2.6682255268096924,0.9466520547866821,0.021105284535337887,0.0903800369452726,0.05487373979188703
132.99778502794678,0.0023379979181165065,76.43827941682433,2.8626744747161865,2.669382095336914,0.9448163509368896,0.012417283911076993,0.002338851691708916,0.09464593132886989
132.96487717652568,0.028965261946095285,76.40285122559948,2.863861560821533,2.6654510498046875,0.9461373090744019,0.02049056751002354,0.028966115719687695,0.05921774010401748
133.01730570859468,0.03650932327283337,76.47324315518563,2.8610055446624756,2.6698191165924072,0.9410718083381653,0.03193796455897768,0.03651017704642578,0.12960966969016852
133.05647001329552,0.00032515472709628555,76.42837564252781,2.859084367752075,2.670130968093872,0.9454711675643921,0.07110226925982488,0.0003260085006886953,0.08474215703235188
133.02954540758734,-0.007169838249102663,76.41028930160562,2.8611066341400146,2.6678333282470703,0.9460925459861755,0.044177663551636215,0.007168984475510253,0.06665581611015625
132.9946431409286,-0.0030309945660704097,76.35379680698044,2.8612935543060303,2.6661558151245117,0.9496235251426697,0.00927539689288892,0.003030140792478,0.010163321484981225
133.00562608511396,0.003007096257823862,76.43305432210927,2.8626458644866943,2.6683504581451416,0.9441419839859009,0.020258341078260855,0.0030079500314162716,0.08942083661381162
132.9843705364169,0.006402521336774381,76.3783581672358,2.8627657890319824,2.6660263538360596,0.9480162858963013,0.0009972076188091705,0.0064033751103667914,0.034724681740343044
132.95459091163562,-0.009220503085532251,76.50264028937336,2.865885019302368,2.6669929027557373,0.9396229386329651,0.030776832400079,0.009219649311939842,0.1590068038779009
133.0358838231371,0.01898701575438007,76.37440348770637,2.8593435287475586,2.6687045097351074,0.9487911462783813,0.050516079101413425,0.01898786952797248,0.030770002210914527
132.83723460131648,-0.0038111197913722338,76.43153802011352,2.8681490421295166,2.6586835384368896,0.9438122510910034,0.1481331427192174,0.003810266017779824,0.0879045346180618
133.07489786367623,0.03547464261736394,76.47603670255616,2.8578717708587646,2.6724588871002197,0.9416975378990173,0.08953011964052848,0.035475496390956346,0.13240321706069835
133.01428676498153,-0.028660292107262696,76.41730390588322,2.8614249229431152,2.6678740978240967,0.9460622072219849,0.028919020945835427,0.028659438333670285,0.07367042038775651
133.09388578956887,0.007691178053785546,76.38048235606769,2.856982946395874,2.6709275245666504,0.9483569264411926,0.10851804553317379,0.007692031827377956,0.03684887057222852

Errors:
rotation,[20.402827913354958, 19.460844594589364, 22.413754551244203, 23.988894285342518, 22.810334607091818, 19.521906056444262, 16.530013951869925, 13.24277304539906, 9.857879493532614, 6.45199095879994, 2.0877232066196605, 0.8891026743417546, 0.3137356010244853, 0.13711437985661623, 0.05236641186041201, 0.10245931610763706, 0.16836959617717212, 0.09081372486557171, 0.14587829534812485, 0.042136548270597096, 0.1854187786271742, 0.1663590612724975, 0.1094020669316558, 0.10867442333372872, 0.19805781129557198, 0.15617043479286546, 0.11800246413730273, 0.022468859170348146, 0.11268712772348874, 0.042125264469519, 0.19900328558991975, 0.10027395084030043, 0.23984794335505902, 0.2574088330921832, 0.13124887966726223, 0.15305894793278027]
translation,[0.07464079787699607, 0.07509100992251216, 0.08089628497875712, 0.06262381826513774, 0.06765287638823825, 0.07423186893654865, 0.08510849092071915, 0.08453425174061646, 0.072820917252443, 0.050095217899222, 0.030200380348941458, 0.000866084428253977, 0.005091973786232273, 0.006232908630424916, 0.006457629454239111, 0.006279862586784368, 0.0065384305599360815, 0.0052157871775673215, 0.00430359181055362, 0.005462791084448249, 0.006031391124352581, 0.007251175374604735, 0.004569110176305458, 0.006019208196495818, 0.0063428342144291605, 0.006470104228792017, 0.006410670138495611, 0.006557822366116461, 0.005431509009702573, 0.005975580498298605, 0.005083788608224005, 0.0064508135051921656, 0.007988517691497776, 0.006670961371749939, 0.0061645055748114075, 0.006754893721945265]
loss,
[0.09208320081233978, 0.0695447102189064, 0.0487113893032074, 0.029673904180526733, 0.025112926959991455, 0.026859169825911522, 0.020330922678112984, 0.019781172275543213, 0.016626181080937386, 0.01314596738666296, 0.006118434481322765, 0.0023542100097984076, 0.0011352349538356066, 0.0011866623535752296, 0.000977500807493925, 0.0010910453274846077, 0.0009241101215593517, 0.0008336440660059452, 0.0011531544150784612, 0.001114447833970189, 0.0014256453141570091, 0.0013191874604672194, 0.0009734891355037689, 0.0016123084351420403, 0.001018812763504684, 0.0010726205073297024, 0.0015264400281012058, 0.0015149022219702601, 0.0012301912065595388, 0.001203681342303753, 0.0012343537528067827, 0.001197820995002985, 0.0012772100744768977, 0.0012129376409575343, 0.0012336061336100101, 0.0014560215640813112]

2022-04-27 14:51:22.998357