2022-04-27 14:18:21.005065

reference phi, theta, psi, translation: 164.57178246643477, -4.268868188959204e-07, 11.003265705708584, 0.2046843022108078, 0.7416750192642212, 3.957021951675415

phi,theta,psi,rot_x,rot_y,rot_z,phi_err,theta_err,psi_err
174.68706040079186,1.035587752499106,3.46078983121423,-0.0498787984251976,0.24902896583080292,4.223120212554932,10.115277934357096,1.035588179385925,7.542475874494354
174.99571664938475,1.2298777386415831,3.0516117676155723,-0.06374972313642502,0.22680166363716125,4.209977626800537,10.423934182949978,1.2298781655284021,7.951653938093012
174.8314642602243,0.8580539285424967,2.106981877807411,-0.0231298990547657,0.15969660878181458,4.159800052642822,10.259681793789525,0.8580543554293156,8.896283827901172
174.22621387711277,0.08332175886264113,0.3997783092381188,-0.0028865484055131674,0.020926229655742645,4.0685648918151855,9.654431410678,0.08332218574946003,10.603487396470465
175.6863990386348,2.8621980578215753,-2.388819388624232,-0.21368011832237244,-0.15759696066379547,3.9930927753448486,11.11461657220002,2.862198484708394,13.392085094332817
174.7783936903733,4.130817440101892,-3.6123760614457314,-0.3140908479690552,-0.23881754279136658,4.02643346786499,10.206611223938523,4.1308178669887115,14.615641767154315
173.7906253929844,3.273633637259069,-3.540777749697426,-0.2629530131816864,-0.2369665652513504,4.022230625152588,9.218842926549627,3.2736340641458876,14.54404345540601
173.35556966361125,2.5220921289077882,-3.663265666517381,-0.21152237057685852,-0.2521738111972809,4.043402671813965,8.78378719717648,2.522092555794607,14.666531372225965
173.77555799567534,2.7261948865175487,-3.427733423178661,-0.22102873027324677,-0.23196008801460266,4.022031307220459,9.203775529240573,2.7261953134043675,14.430999128887244
173.69829489578416,2.2202314534852485,-2.8449428364922684,-0.1814708560705185,-0.20317134261131287,4.02347993850708,9.12651242934939,2.2202318803720673,13.848208542200853
173.4466434060042,2.4451160280416544,-3.1154144856433654,-0.19509601593017578,-0.21100828051567078,4.019697666168213,8.87486093956943,2.445116454928473,14.118680191351949
173.3740931366403,2.677252733100118,-3.363352060062121,-0.22078090906143188,-0.2289227843284607,4.021562576293945,8.802310670205543,2.677253159986937,14.366617765770705
173.00516729881124,2.9229414283152813,-3.1661841355177165,-0.23627011477947235,-0.21184244751930237,4.021424293518066,8.433384832376476,2.9229418552021,14.1694498412263
173.03923628239127,2.655886874541483,-2.564304450761608,-0.20655177533626556,-0.16852577030658722,4.0244622230529785,8.467453815956503,2.6558873014283018,13.567570156470191
173.10324881529263,3.3985285770109694,-2.845737059426694,-0.26970943808555603,-0.1851647049188614,4.016782283782959,8.531466348857862,3.3985290038977882,13.849002765135278
173.35315177664506,3.5805967664314644,-3.0081828635516925,-0.2782764434814453,-0.19630613923072815,4.005528450012207,8.781369310210295,3.580597193318283,14.011448569260276
172.87319438366828,3.205096262453353,-2.7261201699356725,-0.25142917037010193,-0.1769479364156723,4.027466297149658,8.301411917233509,3.205096689340172,13.729385875644256
173.18216482096295,3.25638989710832,-2.66711245814864,-0.2525809109210968,-0.17147409915924072,4.032378196716309,8.610382354528184,3.256390323995139,13.670378163857224
173.12457266588143,3.4415088804590965,-2.8663482224642656,-0.26925158500671387,-0.18755829334259033,4.010523796081543,8.552790199446662,3.4415093073459153,13.86961392817285
173.0724446621359,3.0387752908294763,-2.694854979009939,-0.24032752215862274,-0.17712001502513885,4.027104377746582,8.500662195701125,3.038775717716295,13.698120684718523
172.9007063856451,2.769472984537836,-2.883152195369789,-0.21896615624427795,-0.1921466886997223,4.033297061920166,8.328923919210325,2.769473411424655,13.886417901078373
172.78231188657207,2.660268661656793,-2.9396248397576894,-0.21423466503620148,-0.1981426328420639,4.026169300079346,8.210529420137306,2.660269088543612,13.942890545466273
172.763788413543,2.8570796807715677,-2.723539639089877,-0.22771628201007843,-0.179372638463974,4.025125503540039,8.192005947108242,2.8570801076583865,13.72680534479846
173.14645659198214,2.76402319048633,-2.640509298218263,-0.21779896318912506,-0.17557650804519653,4.036439418792725,8.574674125547375,2.764023617373149,13.643775003926848
173.28045124311944,2.7761135555207774,-2.8504204347632074,-0.22089481353759766,-0.18993563950061798,4.0261359214782715,8.708668776684675,2.776113982407596,13.85368614047179
173.24929192012584,3.0608600675189823,-3.2190506534672614,-0.2439521998167038,-0.2145894318819046,4.019085884094238,8.677509453691073,3.060860494405801,14.222316359175846
173.2555483734056,3.1366699689408732,-3.050619469195216,-0.24887603521347046,-0.2029394656419754,4.019830703735352,8.68376590697082,3.136670395827692,14.053885174903801
173.29617433858883,3.3902811992574353,-2.9645266422544982,-0.2643794119358063,-0.19531065225601196,4.015932559967041,8.724391872154058,3.390281626144254,13.967792347963082
173.32361803867394,3.52092317813528,-2.6204035691792726,-0.2735790014266968,-0.1714003086090088,4.016575813293457,8.751835572239173,3.520923605022099,13.623669274887856
172.9076731785985,3.475866234798506,-2.787384405469748,-0.27050915360450745,-0.17687807977199554,4.01830530166626,8.335890712163717,3.4758666616853247,13.790650111178332
172.87563959139112,3.5804408603799844,-2.900651993797008,-0.28212064504623413,-0.18677391111850739,4.017311096191406,8.303857124956352,3.580441287266803,13.903917699505591
172.88809785643724,3.4139525272140077,-2.808664713602569,-0.26787441968917847,-0.18155986070632935,4.0231828689575195,8.316315390002472,3.4139529541008264,13.811930419311153
172.93834072797185,3.219376638493253,-2.802990533949581,-0.2565164864063263,-0.18274013698101044,4.021548271179199,8.36655826153708,3.2193770653800717,13.806256239658165
173.13403930807107,3.524027564820081,-3.0308972979668045,-0.2758685350418091,-0.19807764887809753,4.0132598876953125,8.562256841636298,3.5240279917069,14.034163003675388
173.40594913892926,3.3498201743518448,-2.7976730182373144,-0.2618412375450134,-0.18417668342590332,4.029538154602051,8.83416667249449,3.3498206012386635,13.800938723945897
173.1497487431621,3.102125605475902,-3.0350342581697167,-0.24640153348445892,-0.20138868689537048,4.0246453285217285,8.577966276727324,3.1021260323627207,14.0382999638783

Errors:
rotation,[18.693341988237375, 19.605466286571392, 20.014019977120014, 20.341240992897923, 27.36890015124123, 28.95307085808155, 27.036520446101527, 25.972411125197052, 26.360969971532185, 25.19495285192231, 25.438657585849853, 25.846181595963184, 25.525776528804876, 24.690911273854994, 25.77899811789093, 26.373415072788852, 25.235894482217937, 25.537150842380548, 25.863913434965426, 25.23755859813594, 24.984815231713355, 24.81368905414719, 24.77589139956509, 24.98247274684737, 25.338468899564063, 25.96068630727272, 25.874321477702313, 26.082465846261393, 25.896428452149127, 25.602407485027374, 25.788216111728744, 25.542198763414454, 25.392191566575317, 26.120447837018588, 25.98492599767905, 25.718392272968345]
translation,[0.19962134480110283, 0.18543541516030704, 0.13179969188726304, 0.03749082941920445, 0.029218619621196318, 0.014591472839968311, 0.0066472981913170415, 0.025647960420664973, 0.0036443281861311405, 0.0015626411702900356, 0.0011715476347609055, 0.0029900113149912144, 0.0027964987645168193, 0.002152734169164283, 0.0010458923116045682, 0.01114979211919831, 0.008055666117567029, 0.01278929763338077, 0.007203498977259137, 0.007026430280181906, 0.012675212689693183, 0.0056019818070547345, 0.0044211929062418776, 0.01499352334213988, 0.005533150333030257, 0.0010680977165407057, 0.0015082742208978317, 0.0017670354918788433, 0.0015997979391908501, 0.00015359311409923748, 0.0004049247891275698, 0.005047640910900597, 0.0027334114179344837, 0.0035250075583865836, 0.011105582108891454, 0.006078194500291012]
loss,
[0.033574655652046204, 0.03844829276204109, 0.029946526512503624, 0.024744249880313873, 0.022848129272460938, 0.026627441868185997, 0.023116549476981163, 0.022663993760943413, 0.020070601254701614, 0.02565501257777214, 0.023666802793741226, 0.02078518643975258, 0.022395147010684013, 0.02380852773785591, 0.020463814958930016, 0.024254297837615013, 0.022607583552598953, 0.02363620698451996, 0.025248218327760696, 0.01968076080083847, 0.026875797659158707, 0.020216859877109528, 0.020403729751706123, 0.024960525333881378, 0.024373164400458336, 0.021576818078756332, 0.02147676609456539, 0.023624390363693237, 0.022597189992666245, 0.02362227439880371, 0.024417651817202568, 0.025260265916585922, 0.02203352376818657, 0.021951815113425255, 0.021307971328496933, 0.0226603951305151]

2022-04-27 14:22:56.937083