2022-04-28 17:34:22.753424

reference phi, theta, psi, translation: -139.02455270626928, -8.537736090602699e-07, 56.38966954231551, -2.2014424800872803, 2.5346622467041016, 2.231398344039917

phi,theta,psi,rot_x,rot_y,rot_z,phi_err,theta_err,psi_err
-129.04008655489625,6.852725648450977,53.065809209147574,-2.6847352981567383,1.8050535917282104,2.604990243911743,9.984466151373027,6.852726502224586,3.3238603331679357
-129.59390561355758,6.864799670451922,52.50537852736969,-2.6577956676483154,1.8173675537109375,2.6280159950256348,9.430647092711695,6.864800524225531,3.8842910149458163
-133.35974407282245,8.336964707757364,48.79521294002959,-2.557572841644287,1.8268111944198608,2.733496904373169,5.664808633446825,8.336965561530972,7.594456602285916
-131.32325486989143,6.300230611550296,49.31179039224141,-2.5793378353118896,1.8105781078338623,2.71236515045166,7.701297836377847,6.300231465323905,7.0778791500740965
-131.71838131337668,5.71655024003258,48.84524066060535,-2.52461576461792,1.8490149974822998,2.7397847175598145,7.306171392892594,5.716551093806189,7.544428881710161
-131.84202139773225,4.948489082293281,48.584170339959954,-2.4850268363952637,1.8790087699890137,2.7553443908691406,7.182531308537023,4.94848993606689,7.805499202355556
-131.9688989917544,4.438846127080905,49.38573402019597,-2.4947259426116943,1.9588571786880493,2.7021543979644775,7.055653714514875,4.438846980854514,7.003935522119541
-132.94057536345875,4.22171071125259,50.91057375240132,-2.5006186962127686,2.0528995990753174,2.6229758262634277,6.0839773428105275,4.221711565026199,5.47909578991419
-134.26822753432583,2.81529127891111,52.28413162468005,-2.449479579925537,2.198808193206787,2.5474722385406494,4.756325171943445,2.815292132684719,4.105537917635459
-136.52064633767762,1.407916741288272,53.71112548193038,-2.354029655456543,2.3872125148773193,2.463480234146118,2.5039063685916574,1.4079175950618812,2.6785440603851285
-137.7915806176769,0.7275966913916919,54.60169335724083,-2.2915258407592773,2.484776020050049,2.406308174133301,1.232972088592362,0.727597545165301,1.787976185074676
-137.69568476172995,0.7936001035686504,54.60498550842078,-2.2850403785705566,2.4695122241973877,2.393089532852173,1.3288679445393257,0.7936009573422594,1.7846840338947274
-138.07115392078387,0.5472852305065569,54.923480644513056,-2.2624428272247314,2.488447427749634,2.36529278755188,0.9533987854854047,0.5472860842801659,1.4661888978024535
-138.21070834590557,0.40320683978224703,55.20262706079689,-2.2520809173583984,2.4961676597595215,2.338855266571045,0.8138443603637029,0.40320769355585606,1.187042481518617
-138.42349605930815,0.3899371343939334,55.60956631645167,-2.24261736869812,2.5053415298461914,2.3038322925567627,0.6010566469611263,0.38993798816754244,0.7801032258638401
-138.6051107893388,0.272811121057787,55.71140785207115,-2.2233641147613525,2.5061213970184326,2.286696672439575,0.41944191693048083,0.272811974831396,0.6782616902443621
-138.8768430352786,0.0760746868956232,56.152320468657564,-2.2094180583953857,2.526550531387329,2.2519564628601074,0.1477096709906789,0.07607554066923226,0.23734907365794555
-139.01803670580108,0.124973539027768,56.31857751833943,-2.2037854194641113,2.5294008255004883,2.2373085021972656,0.006516000468195671,0.12497439280137707,0.07109202397607817
-139.06707746404177,0.04091128757841878,56.38713895722802,-2.1979384422302246,2.5315868854522705,2.2298033237457275,0.042524757772497424,0.04091214135202784,0.002530585087491488
-139.01744930953245,0.01827294036997282,56.347083312840475,-2.1971616744995117,2.527824640274048,2.23218035697937,0.007103396736823697,0.018273794143581882,0.04258622947503454
-139.16679822592397,0.030125071090720473,56.416522431037414,-2.191790819168091,2.5349535942077637,2.225930690765381,0.14224551965469345,0.030125924864329533,0.026852888721904833
-138.98560696762186,0.011695798061135654,56.3791715415612,-2.1986029148101807,2.527096748352051,2.229377031326294,0.038945738647413464,0.011696651834744715,0.01049800075431051
-139.0714214643539,0.021740044482605025,56.4159794309984,-2.196876049041748,2.5323920249938965,2.226799249649048,0.04686875808462787,0.021740898256214086,0.026309888682888527
-138.98402236373443,0.0687385341726466,56.335547123332326,-2.2005012035369873,2.526066541671753,2.2325663566589355,0.04053034253485066,0.06873938794625566,0.05412241898318371
-139.04396410389046,0.01011678672312813,56.2803865155953,-2.194559097290039,2.5281124114990234,2.2361602783203125,0.019411397621183824,0.01011764049673719,0.10928302672020607
-139.0246346685393,0.008546805097677086,56.317699839031086,-2.1961660385131836,2.528869390487671,2.233534574508667,8.196227003054446e-05,0.008547658871286147,0.07196970328442376
-139.07316999278143,0.07046349120301632,56.3373741989353,-2.197192668914795,2.5293989181518555,2.2321338653564453,0.04861728651215458,0.07046434497662538,0.05229534338020869
-139.05205104786776,-0.03673205544718234,56.307410159046455,-2.1936450004577637,2.5306575298309326,2.2342991828918457,0.02749834159848774,0.03673120167357328,0.08225938326905435
-139.01283210165354,0.03907738744445384,56.40722312848244,-2.199540615081787,2.52972412109375,2.228804349899292,0.0117206046157321,0.0390782412180629,0.017553586166933144
-138.98462342038138,0.053761890855887985,56.34797123743258,-2.199934482574463,2.5271317958831787,2.232168197631836,0.039929285887893684,0.053762744629497046,0.04169830488292803
-139.01948470590514,-0.03266385041099863,56.34095321806039,-2.19578218460083,2.5300228595733643,2.2317628860473633,0.0050680003641332405,0.03266299663738957,0.04871632425511763
-139.08878380522407,0.03219624728362868,56.36606440854394,-2.1950223445892334,2.5312721729278564,2.2295756340026855,0.06423109895479229,0.03219710105723774,0.02360513377156792
-139.03069987652228,0.0516824867589842,56.313663197231605,-2.196805477142334,2.5271615982055664,2.2337703704833984,0.006147170253001377,0.05168334053259326,0.07600634508390414
-139.0582528596341,0.019055547612531826,56.310275423403276,-2.194735050201416,2.5290615558624268,2.2338027954101562,0.03370015336483334,0.019056401386140887,0.07939411891223358
-139.06442735064383,0.0414871908201339,56.3632503706059,-2.1964850425720215,2.530275583267212,2.231001853942871,0.03987464437454946,0.04148804459374296,0.0264191717096125
-139.07461799288546,0.019551293837903855,56.352844577405385,-2.1949493885040283,2.5307250022888184,2.230931282043457,0.05006528661618859,0.019552147611512916,0.036824964910124436

Errors:
rotation,[20.161052986765547, 20.17973863188304, 21.596230797263715, 21.079408451775848, 20.567151368408943, 19.93652044695947, 18.49843621748893, 15.784784697750917, 11.677155222263623, 6.590368024038667, 3.748545818832339, 3.9071529357763124, 2.966873767568024, 2.4040945354381758, 1.7710978609925088, 1.370515582006239, 0.4611342853178567, 0.2025824172456509, 0.08596748421201675, 0.06796342035544012, 0.1992243332409278, 0.06114039123646869, 0.09491954502373048, 0.16339214946429004, 0.13881206483812708, 0.08059932442574044, 0.17137697486898865, 0.14648892654111537, 0.06835243200072814, 0.13539033540031875, 0.08644732125664044, 0.12003333378359796, 0.13383685586949878, 0.13215067366320782, 0.10778186067790492, 0.10644239913782594]
translation,[0.12242333873291766, 0.12497151326634537, 0.13425502531178335, 0.12676737111927316, 0.1280731216853015, 0.1279521266621506, 0.13569450690231655, 0.13390324291965428, 0.13112078350300926, 0.12927661060970852, 0.11803023366514775, 0.09764544701848976, 0.08051651971030616, 0.06435218793212893, 0.044863251091113554, 0.025097678411264646, 0.010689205198255003, 0.0012510406432566512, 0.0047299682353250105, 0.006200835714478714, 0.008107137615630755, 0.00742480537659862, 0.006466357367392206, 0.0052662350155952, 0.005230897352677566, 0.005336766878918375, 0.005220798085614042, 0.00516333870892538, 0.005579022395539646, 0.005128198980488108, 0.005803994799263634, 0.00664516228251788, 0.005929519023259111, 0.005847647289396463, 0.005683547926234489, 0.006277824341712979]
loss,
[0.14206752181053162, 0.12071879953145981, 0.05941643565893173, 0.04523012787103653, 0.036902911961078644, 0.041078075766563416, 0.035068970173597336, 0.032557059079408646, 0.026653040200471878, 0.018281977623701096, 0.01339179277420044, 0.010141916573047638, 0.008711966685950756, 0.0056404657661914825, 0.0055260914377868176, 0.0028080171905457973, 0.0012672125594690442, 0.0014605617616325617, 0.0008955238154157996, 0.0012438743142411113, 0.0010321828303858638, 0.0009826950263231993, 0.0010283938609063625, 0.0012922020396217704, 0.00099018809851259, 0.0013660609256476164, 0.0011567383771762252, 0.0008573832456022501, 0.001078799832612276, 0.001098225242458284, 0.0010484559461474419, 0.0008804192184470594, 0.0010985452681779861, 0.0010902200592681766, 0.0011622589081525803, 0.0012584009673446417]

2022-04-28 17:38:51.083961