2022-04-28 17:29:52.584869

reference phi, theta, psi, translation: 175.36684180812657, -0.0, 39.4597479484966, 0.2069414258003235, 2.553555727005005, 3.112318754196167

phi,theta,psi,rot_x,rot_y,rot_z,phi_err,theta_err,psi_err
-174.60268024378553,2.426304892454245,32.24175771288345,-0.3459881842136383,2.1274664402008057,3.6064906120300293,10.030477948087878,2.426304892454245,7.217990235613151
-175.01908955672454,2.156788233250174,32.70262814222465,-0.31320837140083313,2.1659414768218994,3.582644462585449,9.614068635148897,2.156788233250174,6.757119806271952
-176.31425734789903,0.6522675897524273,32.51258837385279,-0.14447496831417084,2.1615562438964844,3.5848522186279297,8.318900843974404,0.6522675897524273,6.9471595746438055
-176.70077775303005,0.9099457338191018,31.894828499276407,-0.1381421685218811,2.120253086090088,3.6064209938049316,7.932380438843381,0.9099457338191018,7.564919449220191
-177.50277856537295,1.1135724561489324,31.02898932385599,-0.11905431002378464,2.073652505874634,3.6204519271850586,7.130379626500485,1.1135724561489324,8.43075862464061
-178.28871477278798,0.6681444243097681,29.669317226159887,-0.05777527019381523,1.9869426488876343,3.6587278842926025,6.344443419085451,0.6681444243097681,9.790430722336712
-179.55251833529377,-0.5919574478042859,28.44336486448701,0.06262430548667908,1.9387871026992798,3.6628689765930176,5.080639856579637,0.5919574478042859,11.01638308400959
179.30022480773184,-2.459457566173836,30.287200044141336,0.21196456253528595,2.080812931060791,3.5834453105926514,3.9333829996052714,2.459457566173836,9.172547904355262
176.18198390443257,-1.7575069638761536,34.52432155613709,0.26528552174568176,2.346740484237671,3.4227993488311768,0.8151420963060048,1.7575069638761536,4.93542639235951
175.49553623246794,-1.641527833238628,37.761691203845146,0.29354187846183777,2.523862361907959,3.2749722003936768,0.12869442434137568,1.641527833238628,1.6980567446514527
175.4250486802334,-1.2090952978084537,38.146408439035284,0.2705484926700592,2.515411853790283,3.2254281044006348,0.05820687210683673,1.2090952978084537,1.313339509461315
175.38649909255787,-0.29340848818676957,39.264629934476844,0.22404921054840088,2.5563220977783203,3.141247272491455,0.01965728443130388,0.29340848818676957,0.19511801401975504
175.3261065599166,-0.34876871118480973,39.45437941980897,0.22846433520317078,2.5528571605682373,3.1159777641296387,0.040735248209955444,0.34876871118480973,0.00536852868762594
175.48152068429107,-0.06607703784721337,39.46662253389622,0.20617225766181946,2.5499026775360107,3.1097254753112793,0.11467887616450412,0.06607703784721337,0.006874585399621935
175.32840150347772,-0.12829077830739702,39.608239676147264,0.21690519154071808,2.5570366382598877,3.1012489795684814,0.0384403046488444,0.12829077830739702,0.14849172765066498
175.41824581182007,-0.2717266983561307,39.482386610500605,0.2204693704843521,2.5506701469421387,3.108741044998169,0.05140400369350573,0.2717266983561307,0.022638662004005994
175.32812829591094,-0.1674480963918497,39.50797591422606,0.21884572505950928,2.551584243774414,3.104971408843994,0.03871351221562236,0.1674480963918497,0.048227965729459754
175.48246325039653,-0.19835135880360885,39.43949643760751,0.21289820969104767,2.5459067821502686,3.1091887950897217,0.11562144226996907,0.19835135880360885,0.020251510889089275
175.37492875210387,-0.23654132234617986,39.56982669225511,0.2198481559753418,2.5547356605529785,3.1021149158477783,0.008086943977303918,0.23654132234617986,0.11007874375851401
175.43392792615444,-0.2072394036100366,39.52983593466469,0.21663983166217804,2.551204204559326,3.1045215129852295,0.06708611802787345,0.2072394036100366,0.07008798616809031
175.37674558242307,-0.17051882820622194,39.51999021697611,0.21590203046798706,2.5514652729034424,3.1045947074890137,0.009903774296503798,0.17051882820622194,0.06024226847951297
175.36454686456545,-0.26617354363717544,39.591130052276384,0.22285601496696472,2.5549755096435547,3.1013145446777344,0.0022949435611110403,0.26617354363717544,0.1313821037797851
175.39345222513293,-0.14680132530567336,39.577374051287975,0.21462760865688324,2.555570363998413,3.101982831954956,0.026610417006367015,0.14680132530567336,0.11762610279137675
175.33230837168298,-0.22343856502945175,39.51711812243012,0.22176207602024078,2.5502188205718994,3.104931592941284,0.03453343644358142,0.22343856502945175,0.05737017393352062
175.33678897577852,-0.23283410034757593,39.57947091936317,0.22173358500003815,2.5541884899139404,3.1011464595794678,0.030052832348047787,0.23283410034757593,0.1197229708665688
175.35263501465295,-0.17039960940893029,39.526991160875376,0.21821098029613495,2.5510051250457764,3.1032421588897705,0.014206793473618973,0.17039960940893029,0.06724321237877717
175.3670330534233,-0.21814311594523825,39.669557699421055,0.22050385177135468,2.5590672492980957,3.0964107513427734,0.00019124529674741098,0.21814311594523825,0.20980975092445675
175.3735763746482,-0.16847086193842387,39.538906425882466,0.21670547127723694,2.552114248275757,3.103584051132202,0.006734566521629404,0.16847086193842387,0.07915847738586734
175.4087245281171,-0.15517188882880284,39.56186610677746,0.2142677903175354,2.554739475250244,3.1031055450439453,0.041882719990525175,0.15517188882880284,0.10211815828085946
175.39827433868697,-0.17012108823598332,39.56895584313593,0.21585819125175476,2.554041624069214,3.102165699005127,0.03143253056040862,0.17012108823598332,0.10920789463933289
175.42920143524879,-0.15715931925863388,39.52876701005958,0.2133886069059372,2.551255464553833,3.104156017303467,0.06235962712221976,0.15715931925863388,0.0690190615629831
175.38069343176335,-0.15053160801779744,39.51648974502648,0.21486108005046844,2.5504772663116455,3.104231119155884,0.013851623636782051,0.15053160801779744,0.056741796529884425
175.4035472447262,-0.14496321345124757,39.526185198553314,0.21372054517269135,2.5527541637420654,3.105691432952881,0.036705436599646646,0.14496321345124757,0.06643725005671541
175.372524525516,-0.22927617599165384,39.523634122898315,0.21966652572155,2.552793502807617,3.1056859493255615,0.005682717389447589,0.22927617599165384,0.06388617440171629
175.35622769415636,-0.23409373224301533,39.53214112350957,0.220636248588562,2.551579475402832,3.10402774810791,0.010614113970206063,0.23409373224301533,0.07239317501296938
175.33206248487286,-0.22915679868441835,39.61780535607986,0.22189348936080933,2.55549693107605,3.100182294845581,0.03477932325370148,0.22915679868441835,0.15805740758326436

Errors:
rotation,[19.674773076155276, 18.527976674671024, 15.918328008370636, 16.407245621882673, 16.67471070729003, 16.803018565731932, 16.688980388393514, 15.56538847013437, 7.508075452541668, 3.4682790022314567, 2.5806416793766056, 0.5081837866378285, 0.3948724880823911, 0.1876304994113394, 0.3152228106069064, 0.34576936405364245, 0.2543895743369318, 0.3342243119626672, 0.3547070100819978, 0.34441350780600033, 0.2406648709822387, 0.3998505909780716, 0.2910378451034171, 0.3153421754065538, 0.3826099035621925, 0.25184961526132643, 0.42814411216644244, 0.2543639058459206, 0.2991727671001875, 0.31076151343572483, 0.28853800794383677, 0.22112502818446392, 0.24810590010760963, 0.2988450677828177, 0.31710102122619077, 0.4219935295213842]
translation,[0.170370405351016, 0.16705450596995775, 0.15747044106421715, 0.15466008064851788, 0.1428238306122056, 0.1327118027816825, 0.11367832895830787, 0.11806286669171406, 0.12737122444757887, 0.11392737970962852, 0.06812473005622355, 0.025028853701219766, 0.0035450196424520186, 0.004355530169767086, 0.00580530555105252, 0.003872215582150673, 0.006290564196177684, 0.00694916623207309, 0.006439466856919651, 0.006997924289396273, 0.006815592310232432, 0.006738618427686305, 0.0062931318412005055, 0.007027109157434985, 0.007429785567106606, 0.008026160626172896, 0.008044604211588258, 0.007140463757036031, 0.005974359953136776, 0.007056836114239573, 0.0074211201363123536, 0.007778183771182334, 0.005268725582976863, 0.00492798080892598, 0.006923759902845106, 0.007333164423005911]
loss,
[0.10223650187253952, 0.10601603984832764, 0.09564086049795151, 0.09540059417486191, 0.09516274929046631, 0.09807489812374115, 0.079864501953125, 0.07658819854259491, 0.03591591864824295, 0.022335782647132874, 0.014191383495926857, 0.005932395812124014, 0.00493703642860055, 0.003945768810808659, 0.00297841290012002, 0.004008794669061899, 0.00395596120506525, 0.005534303840249777, 0.004967841319739819, 0.0038684080354869366, 0.0036995913833379745, 0.004030445124953985, 0.004048108123242855, 0.003689161501824856, 0.004218605346977711, 0.00420062942430377, 0.003004781436175108, 0.004302021116018295, 0.00402215076610446, 0.00386633537709713, 0.0027566798962652683, 0.004374749958515167, 0.0036658919416368008, 0.0033143088221549988, 0.0037906374782323837, 0.004401347134262323]

2022-04-28 17:34:19.372552