2022-04-28 23:54:24.786578

reference phi, theta, psi, translation: -33.091320547511735, -0.0, 74.32085247222868, -2.1190009117126465, -3.251617431640625, 1.089412808418274

phi,theta,psi,rot_x,rot_y,rot_z,phi_err,theta_err,psi_err
-22.822884158753556,1.294954214858955,81.82337814338081,-1.5357718467712402,-3.6827800273895264,0.7731812596321106,10.268436388758179,1.294954214858955,7.502525671152128
-23.397176709451983,1.2166662539692776,81.4074947550079,-1.5659759044647217,-3.6679415702819824,0.8034634590148926,9.694143838059752,1.2166662539692776,7.0866422827792235
-27.06623821836694,1.184864276076939,79.51598314739958,-1.7458269596099854,-3.5781288146972656,0.9268175959587097,6.025082329144794,1.184864276076939,5.195130675170901
-33.94451704277846,0.9046988032321974,77.92914578809803,-2.1085193157196045,-3.3770830631256104,1.0011346340179443,0.8531964952667224,0.9046988032321974,3.6082933158693464
-39.86722337400122,-1.6613525048730884,73.45169040977704,-2.3939929008483887,-3.089620590209961,1.2523576021194458,6.775902826489485,1.6613525048730884,0.8691620624516361
-43.354724794398905,0.7726583236595127,66.69090962210996,-2.405003786087036,-2.846827983856201,1.6404268741607666,10.26340424688717,0.7726583236595127,7.629942850118724
-42.29691973726069,1.8982698621859724,66.61798369234174,-2.306025743484497,-2.9086434841156006,1.6507960557937622,9.205599189748952,1.8982698621859724,7.702868779886941
-42.065861267828325,3.6781238234199454,68.44900031447125,-2.2807302474975586,-2.9821724891662598,1.5173252820968628,8.97454072031659,3.6781238234199454,5.871852157757431
-42.33631968348791,2.9228001667434143,68.23607599728527,-2.326843500137329,-2.924818515777588,1.5241479873657227,9.244999135976173,2.9228001667434143,6.084776474943411
-42.12718953638587,1.3149269584817491,68.97681001277314,-2.3710129261016846,-2.9121456146240234,1.4688222408294678,9.035868988874135,1.3149269584817491,5.344042459455537
-42.81173158557206,1.7259275389584785,70.59422612898885,-2.4343514442443848,-2.919188976287842,1.3573204278945923,9.720411038060327,1.7259275389584785,3.726626343239829
-42.98564869240809,1.2366734927819676,70.56623601377014,-2.4675252437591553,-2.8829452991485596,1.350285291671753,9.894328144896356,1.2366734927819676,3.7546164584585426
-42.938974594714814,-0.180157658453274,73.19337948555633,-2.5648269653320312,-2.9015581607818604,1.1456444263458252,9.84765404720308,0.180157658453274,1.1274729866723447
-38.4307287236154,-2.7874787864534216,75.5415575410717,-2.4517791271209717,-3.0409085750579834,1.01945161819458,5.339408176103667,2.7874787864534216,1.2207050688430172
-34.225111459166335,-0.13647953783904673,74.5508932434747,-2.1831119060516357,-3.2034199237823486,1.0695377588272095,1.1337909116546,0.13647953783904673,0.23004077124602418
-32.99636384257563,0.023003810090475786,74.38724874115037,-2.108762502670288,-3.2502992153167725,1.0829496383666992,0.0949567049361022,0.023003810090475786,0.06639626892169304
-33.042409562865274,0.04224488542550459,74.33296922781628,-2.111109972000122,-3.245919942855835,1.0858420133590698,0.048910984646461486,0.04224488542550459,0.012116755587598504
-33.26416872974266,-0.07574916978435478,74.33577643556515,-2.123997449874878,-3.236894130706787,1.085900902748108,0.17284818223092202,0.07574916978435478,0.014923963336471502
-33.12552271978057,-0.031911646052184744,74.29286918719913,-2.1142964363098145,-3.2422282695770264,1.0887682437896729,0.034202172268834374,0.031911646052184744,0.027983285029549165
-33.197161158890246,-0.01647054255271268,74.30512254657013,-2.1188511848449707,-3.23929762840271,1.088640570640564,0.10584061137851108,0.01647054255271268,0.015729925658547472
-33.15212289150318,-0.016584298642424524,74.34666375710215,-2.116321563720703,-3.2412736415863037,1.0856624841690063,0.06080234399144757,0.016584298642424524,0.02581128487346973
-33.15951315618514,3.6936529936698914e-05,74.34114496425279,-2.1169016361236572,-3.24162220954895,1.086487054824829,0.0681926086734066,3.6936529936698914e-05,0.020292492024111652
-33.22731644407585,0.006541293662830901,74.35834338058288,-2.1205437183380127,-3.239529848098755,1.0840879678726196,0.13599589656411837,0.006541293662830901,0.03749090835420077
-33.14927811771388,0.04683910205600299,74.3068164334843,-2.1138525009155273,-3.2414488792419434,1.0879544019699097,0.05795757020214154,0.04683910205600299,0.014036038744379198
-33.23250738784507,-0.027922464937364964,74.33047620876923,-2.1216115951538086,-3.237267255783081,1.0863982439041138,0.14118684033333295,0.027922464937364964,0.009623736540547156
-33.16937936444122,-0.003120386606590789,74.36994787198273,-2.1173439025878906,-3.2422375679016113,1.0836998224258423,0.07805881692948446,0.003120386606590789,0.04909539975405153
-33.21646668857929,-0.0033767997617250947,74.38965296773821,-2.1201415061950684,-3.2385244369506836,1.0824177265167236,0.12514614106755317,0.0033767997617250947,0.06880049550953515
-33.21695846219953,-0.04601243445225123,74.33923251128518,-2.119750499725342,-3.237337827682495,1.0853215456008911,0.12563791468779328,0.04601243445225123,0.018380039056495434
-33.16954670407589,-0.0308057727253635,74.32389190640933,-2.11675763130188,-3.239175796508789,1.08678138256073,0.07822615656415621,0.0308057727253635,0.0030394341806498915
-33.18950793192525,-0.03417954662937586,74.34117911519863,-2.118422031402588,-3.239251136779785,1.085798740386963,0.09818738441351371,0.03417954662937586,0.02032664296994824
-33.18587768638139,-0.019472416373262816,74.33554420913337,-2.1185827255249023,-3.2400734424591064,1.0857857465744019,0.09455713886965356,0.019472416373262816,0.014691736904694608
-33.17163332686733,-0.020361101013988313,74.32717039721093,-2.1173622608184814,-3.241014003753662,1.0876113176345825,0.08031277935559444,0.020361101013988313,0.006317924982255363
-33.12566956884773,-0.026622216588646868,74.3162694152956,-2.1149251461029053,-3.2424869537353516,1.087851643562317,0.03434902133599138,0.026622216588646868,0.004583056933086027
-33.170164836195774,-0.0005460408431984227,74.36209315443722,-2.1170477867126465,-3.24175763130188,1.084349513053894,0.07884428868403859,0.0005460408431984227,0.041240682208538715
-33.21040831078549,-0.059398834166034295,74.31400862268032,-2.1204402446746826,-3.238757371902466,1.0873098373413086,0.11908776327375392,0.059398834166034295,0.006843849548360481
-33.203168310265276,-0.04964731125545879,74.29554662135378,-2.1194653511047363,-3.2381136417388916,1.0883418321609497,0.11184776275354125,0.04964731125545879,0.02530585087490067

Errors:
rotation,[19.06591627476926, 17.997452374808255, 12.405077280392636, 5.366188614368266, 9.30641739381421, 18.666005420665407, 18.806737831821867, 18.524516701493965, 18.252575777662997, 15.69483840681142, 15.172964920258634, 14.885618096136866, 11.155284692328697, 9.347592031400106, 1.500311220739671, 0.184356783948271, 0.10327262565956458, 0.2635213153517483, 0.09409710335056828, 0.13804107958977124, 0.10319792750734183, 0.08852203722745494, 0.18002809858115004, 0.11883271100252372, 0.17873304181124508, 0.1302746032901268, 0.1973234363388134, 0.19003038819653995, 0.1120713634701696, 0.1526935740128378, 0.12872129214761097, 0.10699180535183812, 0.06555429485772428, 0.12063101173577573, 0.1853304469881487, 0.1868009248839007]
translation,[0.03326186669987141, 0.037240377022448534, 0.056646483685264926, 0.0740889280337429, 0.0731805552801168, 0.040660910070432266, 0.031270442046180236, 0.018236282413450766, 0.005180090445847441, 0.0012069375882983735, 0.00496440070509685, 0.003310141447046888, 0.007420026067192609, 0.00590300553798162, 0.009712858640586575, 0.008181801368134956, 0.009707058785425104, 0.010180167563631493, 0.010219920783553604, 0.010218938466350025, 0.01076399514632076, 0.009954896735252738, 0.010369621201421708, 0.011302141148341605, 0.01100510235388974, 0.009978055846601386, 0.011841919967724657, 0.012221037505978138, 0.011923052817972568, 0.011251054477246392, 0.010507241255246491, 0.009898708619876295, 0.009928783750575043, 0.010345780303384622, 0.010176527056438012, 0.010929846103420182]
loss,
[0.1654840111732483, 0.15657876431941986, 0.16381889581680298, 0.14841333031654358, 0.1371203064918518, 0.1100306510925293, 0.10912877321243286, 0.11247356981039047, 0.1124175637960434, 0.11322321742773056, 0.10309575498104095, 0.10605044662952423, 0.09588062018156052, 0.059836845844984055, 0.008613752201199532, 0.0021923049353063107, 0.0021953184623271227, 0.0020901632960885763, 0.0018636807799339294, 0.0019771025981754065, 0.001757124438881874, 0.0017439679941162467, 0.0021867509931325912, 0.0022859869059175253, 0.0017620002618059516, 0.002195766195654869, 0.0017725937068462372, 0.00182329211384058, 0.0020073605701327324, 0.0024459739215672016, 0.002233604434877634, 0.0022520595230162144, 0.0015999837778508663, 0.0012664796086028218, 0.0018202783539891243, 0.0018597741145640612]

2022-04-28 23:58:48.469350