2022-04-19 21:27:27.217363

reference phi, theta, psi, translation: 164.57178246643477, -4.268868188959204e-07, 11.003265705708584, 0.2046843022108078, 0.7416750192642212, 3.957021951675415

phi,theta,psi,rot_x,rot_y,rot_z,phi_err,theta_err,psi_err
174.68706040079186,1.035587752499106,3.46078983121423,-0.0498787984251976,0.24902896583080292,4.223120212554932,10.115277934357096,1.035588179385925,7.542475874494354
175.0587729558023,0.555669479598733,3.2379137149641326,0.008403034880757332,0.20472615957260132,4.214569568634033,10.486990489367543,0.5556699064855519,7.765351990744451
176.04535280027562,0.8956362884010681,2.052562345595334,-0.03819926828145981,0.11849197745323181,4.205040454864502,11.473570333840854,0.895636715287887,8.95070336011325
177.8756249317856,1.1350718263081023,-0.193592520617101,-0.07060298323631287,-0.05190526694059372,4.192722320556641,13.30384246535084,1.1350722531949213,11.196858226325684
179.3404819426999,2.179898545862047,-1.5086893230260283,-0.14927059412002563,-0.13505975902080536,4.148904323577881,14.768699476265141,2.1798989727488656,12.511955028734612
-179.79643805093326,1.7878075117346215,-2.0811804113308647,-0.12670524418354034,-0.17997203767299652,4.082483291625977,15.631779482631941,1.7878079386214405,13.084446117039448
-179.38668134224588,1.0155390018939803,-1.4602453525640666,-0.07518838346004486,-0.11447341740131378,4.008725643157959,16.041536191319324,1.0155394287807993,12.463511058272651
179.97574417702444,1.1165676591759175,-1.03736070012678,-0.0805744081735611,-0.08959855139255524,4.0325608253479,15.40396171058967,1.1165680860627365,12.040626405835363
-179.83976877102785,0.8640946980077091,-1.5173505365021334,-0.0635400116443634,-0.1284443885087967,4.0271735191345215,15.588448762537382,0.864095124894528,12.520616242210718
-179.37446896400988,0.4894848575142355,-1.5986313884508718,-0.03481126204133034,-0.12829257547855377,4.0200724601745605,16.053748569555353,0.4894852844010544,12.601897094159456
-179.41376987249413,0.461478123017667,-1.030191669540911,-0.03381434082984924,-0.0930505022406578,4.02543830871582,16.01444766107113,0.4614785499044859,12.033457375249494
-179.82739246825176,0.36743434064541053,-0.49869452286084504,-0.026909226551651955,-0.054552581161260605,4.027265548706055,15.600825065313472,0.3674347675322294,11.501960228569429
179.89800296389137,0.46611378977363893,-0.2879418323049614,-0.03541383892297745,-0.038386959582567215,4.022869110107422,15.326220497456603,0.4661142166604578,11.291207538013545
-179.91902628615665,0.4964921916956567,-0.4322301388104361,-0.03687978535890579,-0.048831529915332794,4.027598857879639,15.50919124740858,0.4964926185824756,11.43549584451902
-179.63315554863496,0.41479083446071363,-0.4491205296172165,-0.03027750924229622,-0.04755594581365585,4.025859355926514,15.795061984930271,0.4147912613475325,11.4523862353258
-179.0376586756582,0.7217370974517715,-0.7264444059705699,-0.051622383296489716,-0.069512277841568,4.023430347442627,16.390558857907024,0.7217375243385904,11.729710111679154
-179.00289301278286,0.8591727755601377,-0.7160831157213664,-0.06312938034534454,-0.06946050375699997,4.024591445922852,16.425324520782397,0.8591732024469566,11.71934882142995
-179.09124833988614,0.5643121239062308,-0.6188557464122051,-0.04072992503643036,-0.06339389085769653,4.026034355163574,16.336969193679124,0.5643125507930496,11.622121452120789
-178.93539708340478,0.6643663107683572,-0.4894624016196621,-0.04779845476150513,-0.05099891871213913,4.028997421264648,16.49282045016048,0.6643667376551761,11.492728107328245
-178.2990966603264,0.8619023463029455,-0.423190730289468,-0.0625293105840683,-0.04763520509004593,4.027047157287598,17.129120873238833,0.8619027731897644,11.426456435998052
-178.06599596433222,0.6466499214634017,-0.6006156728728331,-0.04491128772497177,-0.06295084953308105,4.026944637298584,17.362221569233043,0.6466503483502206,11.603881378581416
-177.70385933453812,0.5160009360756823,-0.5291311798237441,-0.03653452917933464,-0.055457621812820435,4.023283958435059,17.724358199027108,0.5160013629625012,11.532396885532329
-177.5963384966238,0.48400517193112214,-0.5951896745466398,-0.03336607664823532,-0.060080137103796005,4.025033950805664,17.831879036941473,0.48400559881794103,11.598455380255224
-177.66408031281196,0.4988438621177466,-0.7200181050960871,-0.034023530781269073,-0.0686332955956459,4.026834964752197,17.76413722075324,0.4988442890045655,11.723283810804672
-177.6853222011307,0.4434999634059304,-0.5054802090795469,-0.031308602541685104,-0.05382229760289192,4.0254316329956055,17.7428953324345,0.4435003902927493,11.50874591478813
-177.494664300639,0.6061969795811112,-0.5728826502433484,-0.04219964146614075,-0.05990434065461159,4.0268754959106445,17.933553232926215,0.6061974064679301,11.576148355951933
-177.63716936748213,0.4095882477440507,-0.2043157308510359,-0.02935870550572872,-0.033831968903541565,4.0273637771606445,17.7910481660831,0.4095886746308696,11.20758143655962
-177.24424224490963,0.3967380863960827,-0.12088042112662122,-0.0285024456679821,-0.026042230427265167,4.028981685638428,18.183975288655574,0.3967385132829016,11.124146126835205
-177.40445116208144,0.19594209251742564,-0.009937952756558325,-0.014290224760770798,-0.017979007214307785,4.031242370605469,18.023766371483816,0.19594251940424454,11.013203658465143
-177.24626398090396,0.2878982105541227,-0.23300971574001647,-0.020076222717761993,-0.034033194184303284,4.0257792472839355,18.181953552661298,0.2878986374409416,11.2362754214486
-177.2830377193953,0.24023683351428898,-0.1542594755591942,-0.017021581530570984,-0.027862919494509697,4.024628639221191,18.14517981416992,0.24023726040110788,11.157525181267777
-177.27766919070768,0.22582124185105545,-0.27487095798724615,-0.015793099999427795,-0.03751354292035103,4.026772499084473,18.15054834285752,0.22582166873787435,11.27813666369583
-177.27062043548423,0.16433386926559873,-0.16320846411493894,-0.011827168986201286,-0.027981480583548546,4.026841640472412,18.157597098081,0.16433429615241762,11.166474169823523
-177.3011923622092,0.2733197333710621,-0.169378792978105,-0.01949886977672577,-0.030073728412389755,4.0247063636779785,18.127025171356024,0.273320160257881,11.172644498686688
-177.2849911534979,0.20233057202366295,-0.11710800893044532,-0.015034820884466171,-0.02580052986741066,4.025582313537598,18.14322638006729,0.20233099891048184,11.12037371463903
-177.3459437616511,0.20452311960692487,-0.18469739984234942,-0.015035012736916542,-0.030778396874666214,4.027365207672119,18.082273771914117,0.20452354649374377,11.187963105550933

Errors:
rotation,[18.693341988237375, 18.808012386597547, 21.31991040924199, 25.635772944871448, 29.46055347774862, 30.50403353829283, 29.520586678372773, 28.561156202487766, 28.97316012964263, 29.145130948115863, 28.50938358622511, 27.47022006141513, 27.083542252130606, 27.441179710510077, 27.662239481603603, 28.842006493924767, 29.003846544659304, 28.523403196592966, 28.6499152951439, 29.41748008242665, 29.61275329616468, 29.77275644752194, 29.914340016014638, 29.98626532056248, 29.695141637515377, 30.11589899534608, 29.40821827727359, 29.70485992877368, 29.232912549353202, 29.70612761155084, 29.54294225583881, 29.654506675291223, 29.48840556405694, 29.572989830300592, 29.465931093616803, 29.47476042395879]
translation,[0.19962134480110283, 0.18841847432190573, 0.1757541199799615, 0.16250906473338222, 0.12265611118105646, 0.057283256820326756, 0.02006436261223854, 0.003231883368828292, 0.0014065979244763938, 0.008859220008663904, 0.004473294226276181, 0.003403999389900214, 0.007920782049602337, 0.003065198729989227, 0.004874830288327914, 0.006767016101129286, 0.0054430737757114045, 0.004389483826203744, 0.0015252238114351613, 0.003314626839075352, 0.003441855342108724, 0.0072968813304550295, 0.005508300923803944, 0.003565375004077609, 0.005215725966567497, 0.0035867731004657344, 0.003516019656366609, 0.0019622374016368127, 0.00017888909155416854, 0.0051557449095822605, 0.006367820782217315, 0.004150698927776197, 0.0041726763439307035, 0.006262947757724291, 0.005435834095703029, 0.003618023303839202]
loss,
[0.11255097389221191, 0.09505348652601242, 0.09284651279449463, 0.08277565985918045, 0.08000494539737701, 0.07590477168560028, 0.06649727374315262, 0.06802816689014435, 0.07074527442455292, 0.06635752320289612, 0.06849944591522217, 0.07085390388965607, 0.06768054515123367, 0.0718444436788559, 0.06827575713396072, 0.06988033652305603, 0.07015150785446167, 0.07112802565097809, 0.06852608919143677, 0.06952899694442749, 0.06937873363494873, 0.06968957185745239, 0.06802775710821152, 0.06990574300289154, 0.06921806931495667, 0.07105418294668198, 0.06691761314868927, 0.070105642080307, 0.06822849065065384, 0.06347113102674484, 0.06980928033590317, 0.06647839397192001, 0.06820513308048248, 0.06671401858329773, 0.06967662274837494, 0.06815089285373688]

2022-04-19 21:36:29.633295