2022-04-19 21:14:31.301864

reference phi, theta, psi, translation: 132.9853677440357, -8.537735924097414e-07, 76.34363348549546, 2.865516185760498, 2.6707684993743896, 0.9517420530319214

phi,theta,psi,rot_x,rot_y,rot_z,phi_err,theta_err,psi_err
143.3552887910292,-3.0579185397180266,69.36864430507845,2.3124754428863525,2.981729030609131,1.6183615922927856,10.369921046993511,3.0579176859444344,6.974989180417012
143.78182044431819,-3.3901941338665043,68.62907142174946,2.2863473892211914,2.981539011001587,1.6501017808914185,10.796452700282487,3.390193280092912,7.714562063746001
146.05963389100407,-4.034648710891264,65.87059024241309,2.15570068359375,3.0319833755493164,1.729744791984558,13.07426614696837,4.034647857117672,10.473043243082373
146.229609978689,1.5588499207048327,66.95309326359008,2.0691356658935547,3.1463816165924072,1.6258639097213745,13.244242234653314,1.5588507744784252,9.390540221905383
142.2130079542363,5.326073058819359,68.33116589091019,2.236313819885254,3.0973663330078125,1.498602032661438,9.227640210200605,5.3260739125929515,8.012467594585274
139.11625482606587,2.9665465369247834,70.65019269904793,2.493903636932373,2.9757282733917236,1.3585374355316162,6.130887082030171,2.9665473906983757,5.693440786447525
136.36547810011328,1.6351049544031013,73.13985812322011,2.6956238746643066,2.862868547439575,1.1913291215896606,3.38011035607758,1.6351058081766938,3.2037753622753513
134.2056220203935,0.738384492247449,75.4125011167043,2.830854892730713,2.765185594558716,1.0382407903671265,1.2202542763577924,0.7383853460210413,0.9311323687911539
132.9831411023663,-0.04862370173252121,75.80327672968825,2.8698344230651855,2.6724560260772705,0.9932428598403931,0.002226641669409446,0.0486228479589288,0.5403567558072098
132.9433210995051,0.05082291425180789,76.49796843998107,2.865879535675049,2.666393995285034,0.9393002986907959,0.042046644530586263,0.0508237680254003,0.15433495448560564
132.81300109014126,0.029939566356572495,76.42893571803975,2.8694820404052734,2.6578316688537598,0.9435799717903137,0.17236665389444283,0.029940420130164905,0.08530223254429359
132.91794011654935,0.020399617213940985,76.50091225151334,2.8658859729766846,2.6632273197174072,0.9397125244140625,0.067427627486353,0.020400470987533396,0.15727876601788182
132.9288410984647,-0.0326031507185355,76.39663575345476,2.865299701690674,2.663778781890869,0.9465523958206177,0.05652664557101161,0.03260229694494309,0.0530022679593003
132.93687340092862,0.06536476237723027,76.34122925890762,2.866698741912842,2.6667439937591553,0.9514021277427673,0.04849434310708034,0.06536561615082268,0.0024042265878421176
132.9496321942982,0.0755663479258769,76.37369997822186,2.8665225505828857,2.6685400009155273,0.9478911757469177,0.035735549737495376,0.0755672016994693,0.03006649272640516
132.90322788907713,0.04676830950664174,76.31263808704195,2.867109775543213,2.6642677783966064,0.9538387656211853,0.08213985495856946,0.04676916328023415,0.030995398453512735
133.02027001069447,0.06992012483858243,76.36921937412633,2.861605405807495,2.6698849201202393,0.9492820501327515,0.034902266658775716,0.06992097861217483,0.025585888630871523
132.92905966451812,0.03765435247380869,76.31666106846308,2.8667595386505127,2.6656148433685303,0.9527465105056763,0.05630807951757788,0.037655206247401096,0.026972417032382623
132.94715966581865,0.044980364763652886,76.40363669735403,2.865940809249878,2.667005777359009,0.9471793174743652,0.0382080782170533,0.04498121853724529,0.0600032118585716
133.02063884090964,0.04747867748979501,76.33901627761654,2.861339807510376,2.67130708694458,0.9520294666290283,0.03527109687394159,0.047479531263387414,0.004617207878922613
132.8670415468544,0.04338244117268477,76.33054001285655,2.869720697402954,2.662461042404175,0.9520177841186523,0.11832619718128967,0.04338329494627718,0.01309347263891425
132.89477211488466,0.05571608939436275,76.34538201392299,2.869178056716919,2.664775848388672,0.9514055252075195,0.09059562915103925,0.055716943167955155,0.0017485284275267077
132.97198057326247,0.05240958412268127,76.26711487622381,2.863666534423828,2.6677937507629395,0.9575344920158386,0.013387170773228263,0.05241043789627368,0.07651860927164478
132.937652042494,0.010029450549031087,76.35332552392771,2.866237163543701,2.6664605140686035,0.9505808353424072,0.0477157015417049,0.010030304322623496,0.00969203843224875
132.97109264867038,0.014381877832123668,76.39561122507926,2.8655216693878174,2.667959690093994,0.9470099806785583,0.014275095365320567,0.014382731605716077,0.051977739583804805
133.0055031417089,0.038718985419999324,76.33360676779388,2.8638696670532227,2.670557737350464,0.9528191089630127,0.02013539767321504,0.03871983919359173,0.010026717701578036
132.93843068405937,0.0370120071684219,76.35579122221809,2.866262674331665,2.6661078929901123,0.9504438638687134,0.046937059976329465,0.03701286094201431,0.012157736722627988
132.97490389422725,0.04942653886788159,76.32993895620959,2.864734649658203,2.668221950531006,0.9519852995872498,0.010463849808445502,0.049427392641474,0.013694529285871226
132.87217784911024,-0.008740378124965986,76.30958499248295,2.869825839996338,2.6627213954925537,0.9541020393371582,0.11318989492545484,0.008739524351373576,0.03404849301250579
132.94900381689456,-0.005129045203321005,76.34746522161984,2.8661985397338867,2.6662628650665283,0.9510908126831055,0.036363927141138674,0.0051281914297285945,0.003831736124382701
132.94758313754718,0.024784630847109315,76.33149623934035,2.866779088973999,2.6663103103637695,0.9528176188468933,0.03778460648851478,0.024785484620701726,0.01213724615510614
132.91322728602202,0.0029802903923311515,76.34156393817695,2.867292642593384,2.6648731231689453,0.9511121511459351,0.07214045801367774,0.002981144165923561,0.002069547318512832
132.91971596573353,0.04689845977417756,76.36457484549072,2.8672380447387695,2.665619134902954,0.9497010707855225,0.0656517783021684,0.046899313547769966,0.020941359995262587
132.93378615542377,0.04238106782782124,76.3754894877844,2.8666183948516846,2.6660854816436768,0.948989987373352,0.05158158861192419,0.042381921601413644,0.03185600228894714
132.99801725437857,0.04666872700869714,76.35893310923629,2.8632302284240723,2.669098138809204,0.9506995677947998,0.012649510342868098,0.04666958078228955,0.01529962374083027
132.9263822303635,0.03118128916900077,76.40468854648621,2.8676035404205322,2.6663401126861572,0.9469112753868103,0.058985513672212164,0.03118214294259318,0.06105506099075342

Errors:
rotation,[20.402827913354958, 21.9012080441214, 27.581957247168415, 24.193633231037122, 22.566181717378832, 14.79087525917607, 8.218991526529624, 2.8897719911699875, 0.591206245435548, 0.24720536704159218, 0.2876093065689013, 0.24510686449176822, 0.142131210475255, 0.11626418584574513, 0.14136924416336982, 0.15990441669231634, 0.13040913390182207, 0.1209357027973616, 0.1431925086128702, 0.08736783601625162, 0.1748029647664811, 0.14806110074652112, 0.1423162179411467, 0.06743804429657715, 0.08063556655484144, 0.0688819545683848, 0.09610765764097176, 0.07358577173579073, 0.15597791228933422, 0.04532385469524997, 0.07470733726432265, 0.07719114949811413, 0.13349245184520095, 0.12581951250228496, 0.07461871486598792, 0.15122271760555878]
translation,[0.07464079787699607, 0.07250303139343561, 0.07155138915327441, 0.0706357223082037, 0.07259936060427474, 0.08228062903509414, 0.07760196878524805, 0.060073199373451125, 0.014177280024602723, 0.00555969960454572, 0.007655349900182351, 0.007555652232522192, 0.006005162477648263, 0.0019042725235225433, 0.0016680383718750136, 0.002673918782526208, 0.003945358013243805, 0.0022905384153100172, 0.0032653120746877207, 0.0025426669641053223, 0.0024401021936197864, 0.0014408969980443942, 0.0019128837949438093, 0.0026141662350989137, 0.002971612345112007, 0.0010554220563196992, 0.002861724330239568, 0.0021850078937406536, 0.001700135492519017, 0.002652096833410056, 0.0017996362431773605, 0.0027880418059771372, 0.0026662420763337025, 0.002966204905280101, 0.0029777398961101653, 0.002585675721521241]
loss,
[0.18744198977947235, 0.18758121132850647, 0.13510583341121674, 0.08759437501430511, 0.05848581716418266, 0.04342770576477051, 0.027061324566602707, 0.016421597450971603, 0.0034851483069360256, 0.0024569928646087646, 0.001957809552550316, 0.0015505327610298991, 0.0021669527050107718, 0.001923814183101058, 0.0026096038054674864, 0.0015963937621563673, 0.0019688045140355825, 0.0019195294007658958, 0.002030806615948677, 0.002361600287258625, 0.0013883996289223433, 0.0017469412414357066, 0.001745364861562848, 0.0015960525488480926, 0.0016307596815750003, 0.0018121232278645039, 0.0016455701552331448, 0.0021248990669846535, 0.0019187387079000473, 0.0016316778492182493, 0.0016227122396230698, 0.001801411504857242, 0.0018634800799190998, 0.0013326079351827502, 0.002083306200802326, 0.0018100965535268188]

2022-04-19 21:23:54.417206