2022-04-19 21:05:10.242591

reference phi, theta, psi, translation: -139.02455270626928, -8.537736090602699e-07, 56.38966954231551, -2.2014424800872803, 2.5346622467041016, 2.231398344039917

phi,theta,psi,rot_x,rot_y,rot_z,phi_err,theta_err,psi_err
-129.04008655489625,6.852725648450977,53.065809209147574,-2.6847352981567383,1.8050535917282104,2.604990243911743,9.984466151373027,6.852726502224586,3.3238603331679357
-129.50004515398325,5.755698889443553,52.31451572120285,-2.6472740173339844,1.807999610900879,2.620547294616699,9.524507552286025,5.755699743217162,4.075153821112657
-129.3768831828696,7.763795811387095,50.718901568817834,-2.702796459197998,1.6498878002166748,2.65157151222229,9.647669523399685,7.763796665160704,5.670767973497675
-128.02634987828296,7.7360049716710995,47.78556071653997,-2.645235776901245,1.4989970922470093,2.804591655731201,10.998202827986319,7.736005825444709,8.60410882577554
-127.89302458568432,7.555371442503961,44.69804541922199,-2.5280985832214355,1.3936617374420166,2.9690535068511963,11.13152812058496,7.55537229627757,11.691624123093519
-128.80031959427214,6.768952896332055,43.3099221685382,-2.4178860187530518,1.4192830324172974,3.0425772666931152,10.224233111997137,6.7689537501056645,13.079747373777309
-129.00264345786624,6.199535730843436,42.768738959841414,-2.3688011169433594,1.4253947734832764,3.0737967491149902,10.021909248403034,6.199536584617045,13.620930582474095
-129.7110843389583,6.109722387890735,42.24499663919025,-2.3299753665924072,1.4376883506774902,3.0943405628204346,9.313468367310975,6.109723241664344,14.144672903125262
-128.9492860200701,6.150640184438482,41.457076261821335,-2.315006732940674,1.3778616189956665,3.1319761276245117,10.075266686199171,6.1506410382120915,14.932593280494174
-129.58587331109365,6.081536449362855,41.718252450398865,-2.3031203746795654,1.4113010168075562,3.123194932937622,9.438679395175626,6.081537303136464,14.671417091916645
-129.996914095345,6.2018088026815255,40.94491111181334,-2.2664904594421387,1.3952053785324097,3.1434829235076904,9.02763861092427,6.201809656455135,15.44475843050217
-130.24248671676364,6.595794423122474,40.76686515562404,-2.262697458267212,1.381498098373413,3.1489789485931396,8.78206598950564,6.595795276896083,15.62280438669147
-130.7903771712254,6.5235055936719615,40.30311580154768,-2.227224111557007,1.3795976638793945,3.17085599899292,8.234175535043875,6.523506447445571,16.086553740767826
-130.7858829067515,6.233246037320609,40.12169573190839,-2.2093148231506348,1.3825591802597046,3.178004503250122,8.238669799517766,6.233246891094218,16.26797381040712
-130.45534273205791,6.374287926555852,40.05442519877293,-2.220440149307251,1.3566558361053467,3.181022882461548,8.569209974211361,6.3742887803294614,16.335244343542577
-130.60773791281923,6.4332197878154975,39.89049041340887,-2.214721441268921,1.3597413301467896,3.1813745498657227,8.416814793450044,6.433220641589107,16.49917912890664
-130.54619790839743,6.342825130233761,40.14235705414767,-2.222677230834961,1.369323968887329,3.174635887145996,8.478354797871845,6.34282598400737,16.247312488167836
-130.66971504934793,6.577712785449673,39.90139822551338,-2.219064712524414,1.3550183773040771,3.187504768371582,8.354837656921347,6.5777136392232824,16.488271316802127
-130.73741588440112,6.425406972077449,39.9536218519073,-2.2140724658966064,1.3669931888580322,3.183368444442749,8.28713682186816,6.4254078258510585,16.43604769040821
-130.4809012999321,6.461204874299485,40.26380123268509,-2.232306718826294,1.3675963878631592,3.1712379455566406,8.543651406337176,6.461205728073094,16.12586830963042
-130.66005716186154,6.5871404569853995,40.22832523013604,-2.2324657440185547,1.366315484046936,3.1689696311950684,8.364495544407731,6.587141310759009,16.161344312179466
-130.42589095635682,6.576993724313168,40.19401718993507,-2.2350540161132812,1.3596832752227783,3.170793056488037,8.598661749912452,6.576994578086778,16.195652352380442
-130.28286679513675,6.41904917528327,40.064373369299055,-2.2288191318511963,1.3578130006790161,3.175391674041748,8.741685911132521,6.419050029056879,16.325296173016454
-130.58279406197036,6.4772580056296,40.0365061974854,-2.2201972007751465,1.3626890182495117,3.182375192642212,8.441758644298915,6.477258859403209,16.353163344830108
-130.60973232805688,6.359854696800091,40.173448075249574,-2.221790075302124,1.3734748363494873,3.175454616546631,8.414820378212397,6.3598555505737,16.216221467065935
-130.5843103639661,6.507201086679654,40.293300819710375,-2.23342227935791,1.3709927797317505,3.1689260005950928,8.44024234230318,6.507201940453263,16.096368722605135
-130.66494757730726,6.574755104072681,40.38484584515605,-2.237131357192993,1.3756396770477295,3.166188955307007,8.359605128962016,6.57475595784629,16.00482369715946
-130.623515649802,6.441343867843365,40.04158785822789,-2.222397804260254,1.3677752017974854,3.181689739227295,8.401037056467288,6.441344721616974,16.348081684087617
-130.61665813987528,6.424546347270814,40.1931907370455,-2.226614475250244,1.3708781003952026,3.1772942543029785,8.407894566393992,6.424547201044423,16.19647880527001
-130.60687730898383,6.577407821742453,40.24302721232449,-2.2325665950775146,1.3656169176101685,3.173072576522827,8.41767539728545,6.577408675516062,16.146642329991018
-130.54812402174338,6.319643740529896,40.35015872945614,-2.229139804840088,1.380178451538086,3.16835355758667,8.4764286845259,6.319644594303505,16.03951081285937
-130.68957723945434,6.415398390555906,40.142510733404,-2.222468376159668,1.37123441696167,3.174335479736328,8.334975466814939,6.415399244329516,16.247158808911507
-130.58181051472988,6.424869511036998,40.16466103688235,-2.223771810531616,1.3684169054031372,3.174006700515747,8.442742191539395,6.424870364810607,16.22500850543316
-130.56834138168662,6.33462452679526,40.18109788711999,-2.221240997314453,1.3725968599319458,3.1747732162475586,8.456211324582654,6.334625380568869,16.20857165519552
-130.60914493178828,6.408378841684876,39.99923727027923,-2.215932846069336,1.3631153106689453,3.1823251247406006,8.415407774480997,6.4083796954584855,16.39043227203628
-130.58007564668068,6.340944790073964,40.226665494167726,-2.222600221633911,1.3746871948242188,3.1731157302856445,8.444477059588593,6.340945643847573,16.163004048147783

Errors:
rotation,[20.161052986765547, 19.355361116615846, 23.082234162058064, 27.338317479206566, 30.378524539956047, 30.072934235880112, 29.842376415494172, 29.56786451210058, 31.15850100490544, 30.191633790228735, 30.674206697881573, 31.000665653093193, 30.84423572325727, 30.739890501019104, 31.2787430980834, 31.34921456394579, 31.06849327004705, 31.420822612946758, 31.14859233812743, 31.13072544404069, 31.112981167346206, 31.37130868037967, 31.486032113205855, 31.27218084853223, 30.99089739585203, 31.043813005361578, 30.939184783967765, 31.19046346217188, 31.028920572708426, 31.14172640279253, 30.835584091688773, 30.99753352005596, 31.092621061783163, 30.999408360347044, 31.21421974197576, 30.94842675158395]
translation,[0.12242333873291766, 0.10942545638899404, 0.0990127291404388, 0.10529454211045142, 0.10998860019881196, 0.10623904214068336, 0.10302099881709292, 0.10053861572141631, 0.10009769967095572, 0.09809385357238831, 0.08773767719711767, 0.08522933775300157, 0.08203833013479578, 0.07888988789634066, 0.07858836916974976, 0.0767941169708859, 0.07906028781892527, 0.08232580243846854, 0.08039415783960902, 0.08108014305566247, 0.07899150736852256, 0.0796050503300636, 0.07915127175934433, 0.0814990648131424, 0.0805977720913944, 0.08103454722510328, 0.08249403733011995, 0.08384504148900618, 0.08376083185933769, 0.08197852412888817, 0.08134250207903548, 0.0793522380987266, 0.07886433195266829, 0.07948159262868515, 0.07930111004610385, 0.07963502001114087]
loss,
[0.18967008590698242, 0.14762476086616516, 0.13788913190364838, 0.11987563222646713, 0.1206684336066246, 0.10891550779342651, 0.11478662490844727, 0.10762476176023483, 0.11337949335575104, 0.1092531681060791, 0.10553809255361557, 0.10659033060073853, 0.11438225209712982, 0.10973230004310608, 0.11115680634975433, 0.11508707702159882, 0.10952069610357285, 0.11192277073860168, 0.10857295244932175, 0.1095832884311676, 0.10819955170154572, 0.1132400631904602, 0.11290651559829712, 0.10598133504390717, 0.10994254052639008, 0.10764371603727341, 0.11311885714530945, 0.11311429738998413, 0.11030968278646469, 0.11254392564296722, 0.10852500051259995, 0.10740470886230469, 0.10572761297225952, 0.10995709151029587, 0.10660135746002197, 0.1088721752166748]

2022-04-19 21:14:27.391431