2022-04-27 12:45:35.014129

reference phi, theta, psi, translation: 175.36684180812657, -0.0, 39.4597479484966, 0.2069414258003235, 2.553555727005005, 3.112318754196167

phi,theta,psi,rot_x,rot_y,rot_z,phi_err,theta_err,psi_err
-174.60268024378553,2.426304892454245,32.24175771288345,-0.3459881842136383,2.1274664402008057,3.6064906120300293,10.030477948087878,2.426304892454245,7.217990235613151
-174.1624335706432,1.6060377901452174,31.764795357857704,-0.32522469758987427,2.11474871635437,3.610229730606079,10.47072462123026,1.6060377901452174,7.694952590638895
-174.96783581719276,2.4923404485811673,32.2247095607151,-0.37408238649368286,2.181260347366333,3.5389225482940674,9.66532237468067,2.4923404485811673,7.2350383877815005
-176.13911763720157,4.318229787947438,35.27136666641806,-0.4370656907558441,2.3680646419525146,3.3690857887268066,8.49404055467187,4.318229787947438,4.188381282078538
-177.48974656443656,4.536290611229119,38.042108035314605,-0.3791292905807495,2.528277635574341,3.2217373847961426,7.143411627436876,4.536290611229119,1.4176399131819934
-179.69811064764178,5.033357560818997,39.07851069468858,-0.29295945167541504,2.583468198776245,3.1656229496002197,4.935047544231679,5.033357560818997,0.3812372538080169
178.8966972315675,3.676368035128275,39.913897471694504,-0.157898411154747,2.6134562492370605,3.117572546005249,3.529855423440921,3.676368035128275,0.4541495231979056
176.60098868925616,0.8636485819659218,39.81386593620508,0.10842146724462509,2.574774742126465,3.0907859802246094,1.2341468811295897,0.8636485819659218,0.35411798770848435
175.2255525149557,0.1822553676738246,38.99053102798965,0.19821618497371674,2.520630359649658,3.1241469383239746,0.14128929317087113,0.1822553676738246,0.46921692050695185
175.47512762722795,0.11922698855363095,39.4623673260433,0.19707728922367096,2.5499205589294434,3.1074259281158447,0.10828581910138269,0.11922698855363095,0.0026193775467007185
175.29848527491308,0.004885765591511443,39.52870212326246,0.21026355028152466,2.5541539192199707,3.105926990509033,0.068356533213489,0.004885765591511443,0.06895417476586374
175.3197544839885,0.10081470942355866,39.52172166993071,0.2047911137342453,2.553597927093506,3.10416841506958,0.047087324138061604,0.10081470942355866,0.06197372143411428
175.47143932507615,0.06215910886021494,39.474115251415725,0.2005632072687149,2.55088210105896,3.108820915222168,0.10459751694958186,0.06215910886021494,0.014367302919126246
175.39929886706247,0.13315058173510436,39.32269337261113,0.1978769600391388,2.5408401489257812,3.113840103149414,0.032457058935904115,0.13315058173510436,0.13705457588547176
175.35390542983856,0.19131863191248963,39.48776196937741,0.19761012494564056,2.5506272315979004,3.105771541595459,0.012936378288003425,0.19131863191248963,0.02801402088081062
175.3635086758116,0.0053825068591606086,39.39488847213816,0.20837989449501038,2.543187379837036,3.111332654953003,0.0033331323149639047,0.0053825068591606086,0.06485947635843559
175.2578456493515,0.12409394314091544,39.46599757158716,0.20530885457992554,2.5507869720458984,3.1074910163879395,0.10899615877505653,0.12409394314091544,0.006249623090560874
175.35686973193836,0.029420196683957754,39.50416466866919,0.2064269334077835,2.551995038986206,3.1057817935943604,0.009972076188205392,0.029420196683957754,0.044416720172591795
175.2739512354144,0.075221598909534,39.47453872314426,0.20864802598953247,2.551909923553467,3.1096155643463135,0.09289057271217871,0.075221598909534,0.014790774647664762
175.3504083729835,-0.054107689062582294,39.461090080668505,0.2119138240814209,2.550663709640503,3.111009359359741,0.01643343514305684,0.054107689062582294,0.001342132171906485
175.27519432984334,-0.057980436394406025,39.456291872776575,0.21636725962162018,2.5505762100219727,3.1110332012176514,0.09164747828322106,0.057980436394406025,0.0034560757200239323
175.37643139372128,0.055537169290454214,39.40261000099486,0.20507323741912842,2.546966075897217,3.1133716106414795,0.00958958559471057,0.055537169290454214,0.05713794750173662
175.42386022731782,0.04121185301835032,39.405943133309826,0.2023397535085678,2.546769618988037,3.1115002632141113,0.057018419191251724,0.04121185301835032,0.053804815186772714
175.37898588447084,0.031397516035165766,39.433304871124896,0.2053307443857193,2.5473721027374268,3.110644817352295,0.012144076344270616,0.031397516035165766,0.026443077371702373
175.44425517217948,0.118056719459143,39.40411264261226,0.19772198796272278,2.5470385551452637,3.112131357192993,0.07741336405291577,0.118056719459143,0.05563530588433707
175.2378468554617,0.019160429609933735,39.550285521039704,0.21335789561271667,2.5566036701202393,3.1051833629608154,0.12899495266486838,0.019160429609933735,0.09053757254310568
175.36864497806744,-0.0767143180238638,39.46638006218068,0.21185892820358276,2.5499141216278076,3.110419988632202,0.00180316994087093,0.0767143180238638,0.006632113684084118
175.4159645286373,0.13147005447484672,39.402152378320466,0.19730255007743835,2.5461983680725098,3.110896110534668,0.04912272051072364,0.13147005447484672,0.05759557017613304
175.4106779622197,0.05506941037585209,39.41352464328854,0.20293374359607697,2.5449037551879883,3.109346389770508,0.04383615409312824,0.05506941037585209,0.04622330520805917
175.26926572564378,0.13614817965603657,39.45151074035756,0.20539145171642303,2.5485036373138428,3.105752944946289,0.0975760824827887,0.13614817965603657,0.008237208139036056
175.31113478525594,0.06105489194799437,39.47598330815372,0.20645049214363098,2.5494771003723145,3.1065337657928467,0.055707022870620904,0.06105489194799437,0.016235359657123638
175.3878787907702,0.04784412881941472,39.35450497867046,0.2044486403465271,2.5439844131469727,3.1135993003845215,0.021036982643636293,0.04784412881941472,0.10524296982613635
175.37024324233323,0.07195937444961027,39.44384385301423,0.2036573439836502,2.5492312908172607,3.108654499053955,0.003401434206665499,0.07195937444961027,0.015904095482369485
175.41123803773164,0.06991674879103114,39.42231851184493,0.20159733295440674,2.5472519397735596,3.1094043254852295,0.04439622960506995,0.06991674879103114,0.037429436651670756
175.33605131534816,0.18337272132074306,39.4002774913933,0.19840705394744873,2.546191930770874,3.1118690967559814,0.030790492778407952,0.18337272132074306,0.05947045710330201
175.41525418896362,0.04471344454639893,39.45230645739587,0.20336662232875824,2.5485036373138428,3.108165740966797,0.048412380837049795,0.04471344454639893,0.007441491100728115

Errors:
rotation,[19.674773076155276, 19.771715002014375, 19.392701211043338, 17.000651624697845, 13.09734215184799, 10.349642358858693, 7.660372981767102, 2.4519134508039957, 0.7927615813516475, 0.23013218520171436, 0.14219647357086418, 0.20987575499573455, 0.18112392872892305, 0.30266221655648023, 0.23226903108130367, 0.0735751155325601, 0.23933972500653283, 0.08380899304475495, 0.18290294626937748, 0.07188325637754561, 0.15308399039765103, 0.1222647023869014, 0.15203508739637475, 0.06998466975113876, 0.2511053893963958, 0.2386929548179078, 0.08514960164881885, 0.2381883451617034, 0.1451288696770395, 0.24196147027786133, 0.13299727447573892, 0.17412408128918735, 0.09126490413864526, 0.15174241504777186, 0.273633671202453, 0.10056731648417684]
translation,[0.170370405351016, 0.1654998118005917, 0.14281500644772738, 0.11006612198254562, 0.08171916257833534, 0.06536990005511623, 0.04003120939257698, 0.006929757577212925, 0.012029282852542345, 0.006575410651465496, 0.004381322928422193, 0.006372522554602966, 0.004716954865310541, 0.007321658505388129, 0.007378599640730954, 0.0072482240610467485, 0.005564729013996406, 0.0060609648634866176, 0.00304153869167223, 0.002584170419579479, 0.002384436899154352, 0.003452822409669487, 0.005161770060173154, 0.005290217263035579, 0.004733297760995292, 0.003237614116003762, 0.0035167892849710114, 0.006240129915557446, 0.007976805688809208, 0.008348969684247365, 0.007075234342584835, 0.005193341704409882, 0.0057357691901973595, 0.006513419756992711, 0.005437834107298478, 0.006588724909295074]
loss,
[0.058801278471946716, 0.05870784446597099, 0.056610822677612305, 0.04182717204093933, 0.030344467610120773, 0.027857031673192978, 0.01593112200498581, 0.003347033401951194, 0.002281825989484787, 0.0011083574499934912, 0.0012213982408866286, 0.001736741280183196, 0.000792762148194015, 0.0010407371446490288, 0.001016769208945334, 0.0016012091655284166, 0.0006157623138278723, 0.0011473041959106922, 0.0012507366482168436, 0.0006574980798177421, 0.0011929399333894253, 0.0014535639202222228, 0.000814673665445298, 0.0014190634246915579, 0.0010149015579372644, 0.0011834221659228206, 0.0009086357895284891, 0.000993969733826816, 0.0006619762862101197, 0.001681640511378646, 0.0009791178163141012, 0.0009637698531150818, 0.0009310132591053843, 0.0005902142729610205, 0.0009751740726642311, 0.0004717851697932929]

2022-04-27 12:48:11.139019