2022-04-27 12:42:56.277095

reference phi, theta, psi, translation: -33.091320547511735, -0.0, 74.32085247222868, -2.1190009117126465, -3.251617431640625, 1.089412808418274

phi,theta,psi,rot_x,rot_y,rot_z,phi_err,theta_err,psi_err
-22.822884158753556,1.294954214858955,81.82337814338081,-1.5357718467712402,-3.6827800273895264,0.7731812596321106,10.268436388758179,1.294954214858955,7.502525671152128
-22.660600571621345,1.3407326843119511,81.69044217156484,-1.531100869178772,-3.6801340579986572,0.7799917459487915,10.43071997589039,1.3407326843119511,7.36958969933616
-23.524626331817128,1.0926778063817464,79.33850068181681,-1.6102975606918335,-3.6008810997009277,0.9118344187736511,9.566694215694607,1.0926778063817464,5.017648209588131
-23.624639084286333,-0.6413134971121781,75.94335024918686,-1.6258940696716309,-3.5226328372955322,1.0903085470199585,9.466681463225402,0.6413134971121781,1.622497776958184
-23.99759814882029,-4.349583049626822,69.98254853786835,-1.645124912261963,-3.3889851570129395,1.3620389699935913,9.093722398691444,4.349583049626822,4.338303934360326
-26.58923829730076,0.19813056044185542,72.96808569578346,-1.6968518495559692,-3.4802985191345215,1.1862000226974487,6.502082250210975,0.19813056044185542,1.3527667764452218
-28.926913229419938,1.2809971955589734,73.79804247239922,-1.869106411933899,-3.399280548095703,1.120539903640747,4.164407318091797,1.2809971955589734,0.5228099998294624
-32.523957223726285,-0.05991060081456602,73.85137941962785,-2.0834903717041016,-3.2609994411468506,1.1194909811019897,0.5673633237854503,0.05991060081456602,0.46947305260083283
-33.26437363541776,0.05210271119887282,74.2951299798144,-2.123499631881714,-3.242607831954956,1.091046690940857,0.1730530879060268,0.05210271119887282,0.02572249241427471
-33.0160723534257,0.101210991502517,74.38660670336839,-2.111152172088623,-3.248623847961426,1.082141637802124,0.07524819408603634,0.101210991502517,0.06575423113970658
-32.91013270430422,0.12447598002041538,74.27897658242733,-2.0996224880218506,-3.249704599380493,1.090261697769165,0.18118784320751757,0.12447598002041538,0.04187588980134649
-32.809302036681906,0.10574355193825927,74.30325790492672,-2.0947377681732178,-3.2539708614349365,1.0896284580230713,0.282018510829829,0.10574355193825927,0.01759456730195552
-33.06513018713932,-0.010297634553766987,74.28514424324786,-2.113182783126831,-3.2442378997802734,1.0896810293197632,0.026190360372417842,0.010297634553766987,0.035708228980823264
-33.035176392534225,0.033825039474725066,74.2687108081048,-2.1103625297546387,-3.2458207607269287,1.0903918743133545,0.056144154977509686,0.033825039474725066,0.052141664123880105
-33.00995591902395,0.11766452525920412,74.25153288234222,-2.1071345806121826,-3.246716022491455,1.0913927555084229,0.08136462848778336,0.11766452525920412,0.06931958988646159
-32.864425078378495,0.16970112819817107,74.31789500031806,-2.0991575717926025,-3.2571589946746826,1.0871649980545044,0.22689546913323966,0.16970112819817107,0.002957471910619347
-32.93169219641936,0.06746657361988502,74.40277376113382,-2.105762481689453,-3.2519376277923584,1.082148551940918,0.1596283510923726,0.06746657361988502,0.08192128890513573
-32.87087619204957,-0.04149352244858316,74.32618684997045,-2.103907346725464,-3.2525205612182617,1.088749885559082,0.22044435546216334,0.04149352244858316,0.005334377741775143
-32.8168869617552,-0.051519617263952294,74.30708281086193,-2.1007907390594482,-3.253387451171875,1.0876312255859375,0.2744335857565332,0.051519617263952294,0.013769661366751507
-32.863096606584925,-0.02609365744627839,74.30646126364746,-2.100625514984131,-3.251537561416626,1.086901307106018,0.2282239409268101,0.02609365744627839,0.01439120858121612
-32.77393531715958,0.06865763780579977,74.39269240191886,-2.0956690311431885,-3.259493827819824,1.0833041667938232,0.3173852303521585,0.06865763780579977,0.07183992969018504
-32.85827790812548,0.10233326571027468,74.32781243499292,-2.1006174087524414,-3.2577638626098633,1.0888276100158691,0.23304263938625525,0.10233326571027468,0.006959962764241823
-32.91002683637208,0.09757581704722075,74.33935545469024,-2.1034934520721436,-3.2572503089904785,1.0877015590667725,0.1812937111396522,0.09757581704722075,0.01850298246155546
-32.977348595926316,0.04870794830313462,74.15039144111267,-2.1060521602630615,-3.2478740215301514,1.0983856916427612,0.11397195158541962,0.04870794830313462,0.1704610311160053
-33.056722224271034,0.04175018791662587,74.37614285355993,-2.112593650817871,-3.2482941150665283,1.0839781761169434,0.03459832324070078,0.04175018791662587,0.05529038133124686
-32.96249634957612,0.05837302071397557,74.30648858440414,-2.1069116592407227,-3.2498388290405273,1.088821291923523,0.1288241979356144,0.05837302071397557,0.014363887824544008
-33.0000384843491,0.03404993167563999,74.3662185886959,-2.109915018081665,-3.2485249042510986,1.08528470993042,0.09128206316263743,0.03404993167563999,0.04536611646722122
-32.908496873998,0.03473474373803822,74.31845507583,-2.104511022567749,-3.2513961791992188,1.0878862142562866,0.18282367351373807,0.03473474373803822,0.0023973963986776425
-32.84250017114275,0.01930613939284049,74.30265001809059,-2.100996971130371,-3.2535452842712402,1.0894837379455566,0.24882037636898247,0.01930613939284049,0.018202454138091184
-33.03704103417764,0.023794635581839366,74.25806937337792,-2.110473155975342,-3.243957757949829,1.0905847549438477,0.05427951333409453,0.023794635581839366,0.06278309885075828
-33.02077835376384,0.04797793945810096,74.35304315378694,-2.1091020107269287,-3.2454051971435547,1.0837039947509766,0.07054219374789739,0.04797793945810096,0.03219068155826221
-32.97821944504549,0.06078304204963638,74.41537546015249,-2.1080949306488037,-3.2501814365386963,1.080330729484558,0.1131011024662456,0.06078304204963638,0.09452298792380986
-32.989506332648936,0.04491891647336614,74.29996575374678,-2.107891082763672,-3.25016450881958,1.0897024869918823,0.10181421486279874,0.04491891647336614,0.020886718481904154
-32.95141095255319,0.04706008302193246,74.31398130192365,-2.1065306663513184,-3.2521417140960693,1.0889257192611694,0.13990959495854582,0.04706008302193246,0.006871170305032592
-33.01619188173618,0.07802252269178622,74.22397989923039,-2.1086630821228027,-3.2474071979522705,1.0938975811004639,0.07512866577555855,0.07802252269178622,0.09687257299829355
-33.0212428066274,0.006591620935614476,74.28125103542094,-2.1098849773406982,-3.2462871074676514,1.090019702911377,0.07007774088433649,0.006591620935614476,0.039601436807743085

Errors:
rotation,[19.06591627476926, 19.141042359538503, 15.677020231664486, 11.730492737295764, 17.781609382678592, 8.052979587098053, 5.968214513480233, 1.0967469772008491, 0.25087829151917435, 0.2422134167282599, 0.34753971302927944, 0.40535663007004374, 0.0721962239070081, 0.14211085857611486, 0.26834874363344907, 0.3995540692420301, 0.30901621361739334, 0.26727225565252166, 0.339722864387237, 0.2687088069543046, 0.4578827978481433, 0.34233586786077175, 0.2973725106484284, 0.33314093100455955, 0.13163889248857352, 0.20156110647413397, 0.17069811130549864, 0.21995581365045394, 0.28632896989991413, 0.14085724776669217, 0.15071081476426057, 0.26840713243969183, 0.16761984981806904, 0.19384084828551087, 0.2500237614656383, 0.11627079862769406]
translation,[0.03326186669987141, 0.03040317909320578, 0.01743184271386422, 0.0010860322627834762, 0.025282461585669935, 0.018420905509477947, 0.006726453243577346, 0.002691399286182339, 0.0044505819711337935, 0.008499153057754505, 0.011469175203916215, 0.010738120617604707, 0.00893734209442254, 0.008948394990014208, 0.009646788142181784, 0.006520332965666675, 0.00864476574882822, 0.007363052528099878, 0.008593321896156247, 0.010373041116232606, 0.007489281851915663, 0.004819969539722635, 0.004038372528300194, 0.0073754723766450425, 0.007514301780543242, 0.007938608990393448, 0.008381394114052476, 0.008189759174493716, 0.007856704127933156, 0.010341272803243484, 0.011753364959644408, 0.009331136592174438, 0.006924032144391745, 0.0062493296400569776, 0.0076074848175355925, 0.008923446271426272]
loss,
[0.12207388877868652, 0.1306591033935547, 0.12375953793525696, 0.10619533061981201, 0.05839241296052933, 0.043601058423519135, 0.019560471177101135, 0.0029830369167029858, 0.0016934634186327457, 0.0026417775079607964, 0.0021177898161113262, 0.0021924548782408237, 0.0017843561945483088, 0.0014079853426665068, 0.001885902020148933, 0.0015742341056466103, 0.0026363059878349304, 0.002476913621649146, 0.0025144608225673437, 0.0027026510797441006, 0.0018549165688455105, 0.0027387747541069984, 0.0015699826180934906, 0.0014457054203376174, 0.0012963279150426388, 0.0020235986448824406, 0.0018944467883557081, 0.001872855587862432, 0.0018211118876934052, 0.0015950603410601616, 0.0017361394129693508, 0.0017235962441191077, 0.0028632632456719875, 0.0022528779227286577, 0.0012473335955291986, 0.002338752616196871]

2022-04-27 12:45:31.309429