2022-04-27 06:17:04.444499

reference phi, theta, psi, translation: -33.091320547511735, -0.0, 74.32085247222868, -2.1190009117126465, -3.251617431640625, 1.089412808418274

phi,theta,psi,rot_x,rot_y,rot_z,phi_err,theta_err,psi_err
-22.822884158753556,1.294954214858955,81.82337814338081,-1.5357718467712402,-3.6827800273895264,0.7731812596321106,10.268436388758179,1.294954214858955,7.502525671152128
-23.33165641229134,1.750757670593091,82.30213342306368,-1.5757813453674316,-3.664463758468628,0.7288340926170349,9.759664135220394,1.750757670593091,7.981280950835
-26.84915602352372,6.602690729171066,85.15124438249694,-1.8500012159347534,-3.547698497772217,0.44764143228530884,6.242164523988016,6.602690729171066,10.830391910268261
-25.675094316522717,7.7934963979439384,82.83355629143652,-1.7128030061721802,-3.5651140213012695,0.6174864172935486,7.416226230989018,7.7934963979439384,8.512703819207843
-25.362993945040863,8.862277586380078,82.27955964785679,-1.6735683679580688,-3.5799810886383057,0.6452900171279907,7.728326602470872,8.862277586380078,7.958707175628106
-25.376912163022055,10.734937703062004,80.86089520629929,-1.6416127681732178,-3.580047130584717,0.7201787233352661,7.71440838448968,10.734937703062004,6.54004273407061
-25.437431054162953,11.744140023595058,79.00854790339183,-1.5998343229293823,-3.5641112327575684,0.8368297815322876,7.653889493348782,11.744140023595058,4.687695431163149
-25.736642858680995,11.643982166652247,78.51455447167065,-1.604135513305664,-3.554365396499634,0.8612034320831299,7.354677688830741,11.643982166652247,4.19370199944197
-26.80685666199383,11.730214954271574,77.22416781291517,-1.6328535079956055,-3.5188958644866943,0.9361087083816528,6.284463885517905,11.730214954271574,2.9033153406864898
-28.471148366483327,11.517599417615736,76.1025961096857,-1.701781153678894,-3.468458414077759,0.9990222454071045,4.620172181028408,11.517599417615736,1.7817436374570264
-29.5810541066104,10.454298907151939,75.75233717885828,-1.7639849185943604,-3.431844472885132,1.0243825912475586,3.5102664409013364,10.454298907151939,1.431484706629604
-29.92859120705357,9.528755689569412,75.72478419574645,-1.7984414100646973,-3.41550612449646,1.026389479637146,3.1627293404581636,9.528755689569412,1.403931723517772
-29.588229220333496,8.73540278693125,76.13941082931208,-1.8012059926986694,-3.4254672527313232,1.000495433807373,3.5030913271782396,8.73540278693125,1.818558357083404
-29.708894757305526,8.198218502764796,76.13689731969751,-1.8206477165222168,-3.4167184829711914,0.9978678822517395,3.3824257902062094,8.198218502764796,1.8160448474688309
-29.49236751533237,8.121683914172856,75.70744917563296,-1.8020110130310059,-3.418548822402954,1.0218242406845093,3.5989530321793666,8.121683914172856,1.3865967034042797
-29.682731717689794,8.046823110902382,75.64373034086591,-1.8100568056106567,-3.414992332458496,1.025970220565796,3.408588829821941,8.046823110902382,1.322877868637235
-29.866890693186264,8.124863986753164,75.64449532205296,-1.8207731246948242,-3.4078903198242188,1.0261186361312866,3.2244298543254715,8.124863986753164,1.3236428498242816
-29.810995840113463,7.842480309070892,75.75763740565422,-1.8234080076217651,-3.408489227294922,1.0189698934555054,3.2803247073982718,7.842480309070892,1.4367849334255425
-29.780277064321332,7.8901593692696075,75.94750300420223,-1.8251557350158691,-3.4153943061828613,1.0080671310424805,3.311043483190403,7.8901593692696075,1.626650531973553
-29.565266124343914,7.574476210589962,76.1453052825658,-1.8254635334014893,-3.4214394092559814,1.0001775026321411,3.526054423167821,7.574476210589962,1.824452810337121
-29.798301933540994,7.413541472904116,76.11247256322555,-1.839392900466919,-3.411773920059204,1.0036265850067139,3.293018613970741,7.413541472904116,1.7916200909968722
-29.69673360548832,7.626256266761261,76.12934313047548,-1.8282092809677124,-3.4190008640289307,1.004717469215393,3.394586942023416,7.626256266761261,1.8084906582467966
-29.802905481041584,7.9749770843696925,76.224296420317,-1.833801507949829,-3.4218690395355225,0.9934792518615723,3.288415066470151,7.9749770843696925,1.9034439480883236
-29.835553785274243,7.632591276617972,76.45029371957438,-1.8471969366073608,-3.4184417724609375,0.9798920154571533,3.255766762237492,7.632591276617972,2.129441247345696
-29.726390286864515,7.443400539953844,76.33510257922212,-1.8396846055984497,-3.418858766555786,0.9847736954689026,3.3649302606472205,7.443400539953844,2.014250106993444
-29.701637681312388,6.9442378209915505,76.29183333083009,-1.840852975845337,-3.414241313934326,0.9912651181221008,3.3896828661993474,6.9442378209915505,1.9709808586014077
-30.058385291851323,7.197918391529854,75.99913240413836,-1.8549708127975464,-3.401378631591797,1.002214789390564,3.032935255660412,7.197918391529854,1.6782799319096853
-30.03704436578962,7.261699142352906,75.95669643882508,-1.8524330854415894,-3.4012136459350586,1.006027102470398,3.0542761817221162,7.261699142352906,1.635843966596397
-29.767227987912023,7.366953630416232,75.9449143625068,-1.8317052125930786,-3.409180164337158,1.0080620050430298,3.3240925595997126,7.366953630416232,1.6240618902781137
-29.55229559511006,7.116291178987449,75.83208646760735,-1.8192814588546753,-3.409613609313965,1.0196220874786377,3.5390249524016753,7.116291178987449,1.5112339953786744
-29.774809497890736,7.606865372245347,75.57839275126557,-1.8224223852157593,-3.4029016494750977,1.0276724100112915,3.316511049620999,7.606865372245347,1.2575402790368884
-29.917983923272544,7.516135376029249,75.66643388966703,-1.8334071636199951,-3.398264169692993,1.0211313962936401,3.173336624239191,7.516135376029249,1.3455814174383534
-29.860483975744792,7.448836294790797,75.8539635635189,-1.8325918912887573,-3.402397632598877,1.0120227336883545,3.230836571766943,7.448836294790797,1.5331110912902233
-29.807867613473597,6.992687914726145,76.11887928066702,-1.8444880247116089,-3.4011423587799072,0.9967737197875977,3.283452934038138,6.992687914726145,1.7980268084383368
-29.661045867075003,6.839253268857318,76.13631675361806,-1.8394734859466553,-3.4057157039642334,0.9950984716415405,3.4302746804367317,6.839253268857318,1.8154642813893815
-29.72313228663042,7.070081107825934,76.10348403427781,-1.8391729593276978,-3.405398368835449,0.996518075466156,3.3681882608813147,7.070081107825934,1.7826315620491329

Errors:
rotation,[19.06591627476926, 19.491702756648486, 23.675247163427343, 23.7224264481408, 24.549311364479056, 24.989388821622292, 24.08572494810699, 23.192361854924957, 20.91799418047597, 17.91951523610117, 15.39605005468288, 14.095416753545347, 14.057052471192893, 13.396689140439836, 13.107233649756502, 12.778289809361558, 12.672936690902917, 12.559589949894706, 12.827853384433563, 12.924983444094904, 12.49818017787173, 12.829333867031472, 13.166836098928167, 13.01779928620116, 12.822580907594508, 12.304901545792305, 11.90913357909995, 11.95181929067142, 12.315108080294058, 12.166550126767799, 12.180916700903236, 12.035053417706793, 12.212783957847964, 12.074167657202619, 12.084992230683431, 12.220900930756383]
translation,[0.03326186669987141, 0.02381620083574809, 0.00508231076392196, 0.028002526786218063, 0.02694433322894696, 0.02734487825374643, 0.03580138066810301, 0.037579772736573425, 0.0404977015870811, 0.04060168217439708, 0.03881652041809058, 0.03693960563295162, 0.033734848435324594, 0.03307152515004308, 0.03389939897437522, 0.03224251424083446, 0.03339831607429167, 0.03351531420729348, 0.02959041757417591, 0.026266987156703614, 0.027276629072563452, 0.025960684142853907, 0.023758705118108736, 0.023876949229196143, 0.025780836959815367, 0.027581832171463816, 0.02928845369670885, 0.029647637501150292, 0.031898780698990326, 0.034270339144384376, 0.03649841248803831, 0.03709714166605771, 0.036270721401928, 0.03569870669052522, 0.034532561500612236, 0.034587562487565116]
loss,
[0.1679036021232605, 0.1428898572921753, 0.1106499433517456, 0.09498860687017441, 0.09820042550563812, 0.08528974652290344, 0.10364466160535812, 0.08538790792226791, 0.09258981794118881, 0.06448903679847717, 0.06983335316181183, 0.07064538449048996, 0.06953053176403046, 0.06577344983816147, 0.062110140919685364, 0.07719986140727997, 0.07224327325820923, 0.07778017222881317, 0.06808897852897644, 0.06837379932403564, 0.07235454022884369, 0.058332376182079315, 0.07197383046150208, 0.06740187853574753, 0.07714521884918213, 0.05556353181600571, 0.06938217580318451, 0.07111996412277222, 0.07364410161972046, 0.06890270113945007, 0.07369067519903183, 0.07406573742628098, 0.06608307361602783, 0.07234151661396027, 0.07188450545072556, 0.06312106549739838]

2022-04-27 06:19:36.589495