2022-04-27 06:14:32.082096

reference phi, theta, psi, translation: -86.91639066027085, -0.0, 34.793557367935236, -2.296917200088501, -0.12373751401901245, 3.3104169368743896

phi,theta,psi,rot_x,rot_y,rot_z,phi_err,theta_err,psi_err
-76.53055527251121,6.8177051513072,38.18892636661862,-2.336111545562744,-0.9462913274765015,3.345968008041382,10.385835387759641,6.8177051513072,3.395368998683381
-76.53663414087251,6.865533698807584,38.196429329421875,-2.3363845348358154,-0.9499020576477051,3.344759702682495,10.379756519398342,6.865533698807584,3.402871961486639
-78.03055360670521,6.391697530748054,39.71394368374238,-2.5006370544433594,-0.92335045337677,3.229825496673584,8.885837053565638,6.391697530748054,4.920386315807143
-81.85396373048412,7.700661314442541,38.20583791500356,-2.473780393600464,-0.8472696542739868,3.258084297180176,5.062426929786724,7.700661314442541,3.4122805470683275
-83.47120909197056,6.470385351402104,36.44267580718355,-2.401608943939209,-0.6813594698905945,3.3226494789123535,3.445181568300285,6.470385351402104,1.649118439248312
-84.55569969819602,4.15891320019993,34.52568076378192,-2.3006913661956787,-0.47313469648361206,3.385791301727295,2.360690962074827,4.15891320019993,0.26787660415331516
-86.03840399341156,1.602297958505291,33.58787871526624,-2.2412703037261963,-0.2485971450805664,3.3944778442382812,0.877986666859286,1.602297958505291,1.2056786526689933
-87.09211093704776,-0.36484391952782547,35.20331407662264,-2.3199124336242676,-0.09991995245218277,3.2939505577087402,0.17572027677691437,0.36484391952782547,0.40975670868740366
-86.86734990203016,0.015757996720163432,34.81704638849091,-2.2911291122436523,-0.12777306139469147,3.3047409057617188,0.049040758240693094,0.015757996720163432,0.02348902055567237
-86.87063522302094,0.1702227982800682,34.93561164229316,-2.2982892990112305,-0.13695068657398224,3.2998571395874023,0.04575543724990894,0.1702227982800682,0.14205427435792473
-86.8981335646194,0.11824051844027286,34.83425846519934,-2.293278455734253,-0.13312672078609467,3.3040060997009277,0.018257095651449617,0.11824051844027286,0.040701097264104646
-86.88112639358607,0.038763042614562204,34.94500315240193,-2.3006834983825684,-0.12761491537094116,3.3006210327148438,0.03526426668477711,0.038763042614562204,0.151445784466695
-86.91480605638341,0.040771906339351835,34.96475264438702,-2.3021349906921387,-0.1277846395969391,3.2989866733551025,0.001584603887437197,0.040771906339351835,0.17119527645178323
-86.91343318836023,0.07383751688420359,34.8638331843055,-2.2946298122406006,-0.12936697900295258,3.304103374481201,0.002957471910619347,0.07383751688420359,0.07027581637026259
-86.89312703595779,0.13734493049606766,34.808788689784365,-2.2921226024627686,-0.13344217836856842,3.3065760135650635,0.02326362431305995,0.13734493049606766,0.015231321849128676
-86.89303824349858,0.07648247122492557,34.960179832737694,-2.301074981689453,-0.13189637660980225,3.2991843223571777,0.02335241677226918,0.07648247122492557,0.16662246480245813
-86.9682454564496,0.050479750866925584,34.827380464705136,-2.294050455093384,-0.12649554014205933,3.305368661880493,0.05185479617874478,0.050479750866925584,0.033823096769900474
-86.84190061718269,0.06533389915356957,34.96001249310303,-2.3014883995056152,-0.1316627860069275,3.3012890815734863,0.07449004308816143,0.06533389915356957,0.16645512516779348
-86.9429600961422,0.03538881158583805,34.83844878625514,-2.2935447692871094,-0.1256784200668335,3.3035755157470703,0.026569435871351743,0.03538881158583805,0.044891418319906506
-86.95063039858013,0.00400105952965335,35.006509005877895,-2.3042032718658447,-0.12432470917701721,3.2970285415649414,0.03423973830928162,0.00400105952965335,0.21295163794265903
-86.90624099916421,0.05913874599177338,34.95063122827802,-2.3012454509735107,-0.1290932595729828,3.300821304321289,0.010149661106638064,0.05913874599177338,0.15707386034278414
-86.8416479001834,0.08483582158675305,34.92871315123145,-2.299144744873047,-0.13360972702503204,3.3010330200195312,0.07474276008744596,0.08483582158675305,0.13515578329621292
-86.9161516036499,0.04398562305055892,34.87629827954077,-2.2964515686035156,-0.12817516922950745,3.3022608757019043,0.00023905662095558,0.04398562305055892,0.08274091160553354
-86.87716488386747,0.04310342140671235,34.92803696250362,-2.29988169670105,-0.1295706331729889,3.3012561798095703,0.039225776403384316,0.04310342140671235,0.13447959456838277
-86.93277628408971,0.06379006774729602,34.83782723904067,-2.293889284133911,-0.12758053839206696,3.305988311767578,0.016385623818862882,0.06379006774729602,0.04426987110543479
-86.87949397837444,0.01996212075436774,34.8977928848588,-2.298206329345703,-0.12802281975746155,3.3039917945861816,0.03689668189640827,0.01996212075436774,0.10423551692356625
-86.92065269831294,0.03824634406573736,34.83411503122677,-2.294264554977417,-0.1277533620595932,3.3055200576782227,0.004262038042085692,0.03824634406573736,0.04055766329153698
-86.85389442936524,0.13456554295591072,34.98662974029857,-2.30257248878479,-0.1358162760734558,3.2990760803222656,0.06249623090560874,0.13456554295591072,0.19307237236333208
-86.92925873666715,0.007029936466982231,34.89901548872023,-2.298224687576294,-0.12496276199817657,3.300191640853882,0.01286807639630183,0.007029936466982231,0.10545812078499495
-86.89010126215547,0.07582460421021071,34.97841302272705,-2.3024423122406006,-0.13054034113883972,3.2995340824127197,0.02628939811538089,0.07582460421021071,0.18485565479181076
-86.88525182784477,0.11419084274783677,34.844397881022225,-2.294210195541382,-0.1316613405942917,3.305241823196411,0.0311388324260804,0.11419084274783677,0.05084051308698889
-86.87823722356715,0.07081732498622983,34.8977245829671,-2.2974932193756104,-0.13036251068115234,3.3026816844940186,0.038153436703694865,0.07081732498622983,0.10416721503186466
-86.94738605872436,0.06558585271994388,34.86943393942491,-2.2958059310913086,-0.12715722620487213,3.303236722946167,0.030995398453512735,0.06558585271994388,0.07587657148967253
-86.99678881699107,0.036320711284538655,34.90202077195504,-2.297797441482544,-0.12363426387310028,3.3015780448913574,0.08039815672022144,0.036320711284538655,0.10846340401980115
-86.88549771465489,0.06364391871689425,34.89261560146793,-2.2975475788116455,-0.13021239638328552,3.303654909133911,0.030892945615960343,0.06364391871689425,0.09905823353269483
-86.92886941588446,0.09005724095714293,34.90606765903827,-2.299304246902466,-0.13005021214485168,3.3033761978149414,0.012478755613614112,0.09005724095714293,0.11251029110303534

Errors:
rotation,[20.598909537750224, 20.648162179692566, 20.197920900120835, 16.175368791297593, 11.564685358950701, 6.787480766428072, 3.6859632780335705, 0.9503209049921435, 0.08828777551652889, 0.35803250988790186, 0.17719871135582713, 0.2254730937660343, 0.21355178667857228, 0.14707080516508553, 0.1758398766582563, 0.2664573527996529, 0.13615764381557083, 0.3062790674095245, 0.1068496657770963, 0.251192435781594, 0.22636226744119559, 0.29473436497041194, 0.12696559127704804, 0.21680879237847944, 0.12444556267159369, 0.16109431957434225, 0.08306604539936004, 0.39013414622485154, 0.12535613364827902, 0.28696965711740235, 0.19617018826090604, 0.21313797672178936, 0.17245782266312915, 0.22518227202456123, 0.1935950978655494, 0.21504628767379239]
translation,[0.1579505536533441, 0.1579550584386178, 0.15665509694669577, 0.14649828751508842, 0.12482780482183564, 0.0896259174351588, 0.0441101444515315, 0.0009814722788146213, 0.007832821680426427, 0.007455621807987534, 0.007038267116133312, 0.005768090888005339, 0.0062726521321083695, 0.006310740719336572, 0.0055757592791456645, 0.00658417619290752, 0.005693405706534982, 0.00462994208833134, 0.0074795393220234985, 0.0068020158140020825, 0.005235546472526664, 0.006114933335373607, 0.006822017114746615, 0.005642960622963322, 0.005242180927287343, 0.004405136317773284, 0.005407357584931383, 0.005686138477216218, 0.0076083534799362695, 0.005559765273811301, 0.005540873967300186, 0.005812005401887532, 0.006421830316640786, 0.0067561022464746046, 0.004987295515488377, 0.004218459290570742]
loss,
[0.18513691425323486, 0.18561199307441711, 0.09536933898925781, 0.06591568142175674, 0.05599324032664299, 0.03983955830335617, 0.014394938945770264, 0.002617212478071451, 0.0017860240768641233, 0.0015118790324777365, 0.0019009781535714865, 0.0020008019637316465, 0.002201504074037075, 0.002040701685473323, 0.0013886240776628256, 0.0016710951458662748, 0.0012851448263972998, 0.0011625123443081975, 0.0018502486636862159, 0.0016968342242762446, 0.0018203308572992682, 0.0010921827051788568, 0.0014744156505912542, 0.0007102609379217029, 0.0022828695364296436, 0.0011750280391424894, 0.0014506549341604114, 0.0012257210910320282, 0.002435187343508005, 0.0018525989726185799, 0.0010737125994637609, 0.001299210824072361, 0.0009158492903225124, 0.0014273172710090876, 0.0013463168870657682, 0.0013631999026983976]

2022-04-27 06:17:00.882424