2022-04-26 23:31:49.552576

reference phi, theta, psi, translation: 132.9853677440357, -8.537735924097414e-07, 76.34363348549546, 2.865516185760498, 2.6707684993743896, 0.9517420530319214

phi,theta,psi,rot_x,rot_y,rot_z,phi_err,theta_err,psi_err
143.3552887910292,-3.0579185397180266,69.36864430507845,2.3124754428863525,2.981729030609131,1.6183615922927856,10.369921046993511,3.0579176859444344,6.974989180417012
142.39962238273938,-1.9069790252256715,69.4299247623118,2.3213324546813965,2.985569953918457,1.6028956174850464,9.414254638703682,1.906978171452079,6.91370872318366
140.8949453689639,-0.1005289352912956,68.89961521477366,2.344470262527466,2.9851906299591064,1.586647868156433,7.909577624928204,0.10052808151770319,7.444018270721799
139.26150562895535,2.222667923581279,68.87829136418489,2.409101724624634,2.9794371128082275,1.4901092052459717,6.276137884919649,2.2226687773548712,7.46534212131057
134.8533971612775,3.850291608692968,72.10887521895253,2.7116682529449463,2.7914321422576904,1.2686307430267334,1.8680294172418144,3.85029246246656,4.234758266542926
131.97997755858816,0.8563008499254723,75.03406765555057,2.9228925704956055,2.6567468643188477,1.0516576766967773,1.0053901854475384,0.8563017036990647,1.3095658299448871
131.49795744848203,-0.5609819672210304,76.28916955705378,2.973834991455078,2.61430025100708,0.9684871435165405,1.4874102955536728,0.5609811134474381,0.05446392844167747
131.98783227613367,-0.26945961720901485,76.04884252091772,2.9368529319763184,2.630861520767212,0.9799554347991943,0.9975354679020256,0.2694587634354224,0.2947909645777429
132.05635273388725,-0.07560506549935385,76.21618215558303,2.931516170501709,2.634788990020752,0.9658746719360352,0.9290150101484471,0.07560421172576144,0.12745132991243224
132.52099684274486,-0.024110803667778565,76.18551460620967,2.8970062732696533,2.652892589569092,0.967429518699646,0.4643709012908346,0.024109949894186154,0.15811887928579438
132.59215375351806,-0.03221867710550251,76.30261136934037,2.885645627975464,2.6478567123413086,0.953535795211792,0.39321399051763706,0.0322178233319101,0.04102211615509077
132.93114970240416,-0.037562618346057015,76.2907609911304,2.8630337715148926,2.6613776683807373,0.9553757309913635,0.0542180416315432,0.03756176457246461,0.052872494365061584
132.91778985238759,0.052776998703440096,76.33133231480026,2.8627099990844727,2.6615827083587646,0.9490469098091125,0.06757789164811356,0.052777852477032504,0.012301170695195651
132.8315792046837,0.043373023212986,76.25410336585493,2.8678274154663086,2.658684253692627,0.9569580554962158,0.1537885393520071,0.04337387698657841,0.08953011964052848
132.846496337831,-0.03471880670560905,76.37593345008045,2.8667500019073486,2.6570377349853516,0.9481791257858276,0.13887140620468585,0.03471795293201664,0.03229996458499329
133.0527680507654,-0.028782696869940436,76.36803775139992,2.856102466583252,2.6658670902252197,0.9476429224014282,0.0674003067296951,0.028781843096348025,0.024404265904465205
132.96918019570276,-0.02418671876771256,76.28437476425643,2.85819411277771,2.6618118286132812,0.9526753425598145,0.016187548332936785,0.02418586499412015,0.05925872123903275
132.9795620832412,-0.05260363419921215,76.41209930173567,2.8586537837982178,2.6625325679779053,0.945031464099884,0.005805660794493406,0.05260278042561974,0.06846581624020587
133.02979129439746,0.048907784827033146,76.29248219880124,2.8544013500213623,2.6631522178649902,0.9521063566207886,0.04442355036175627,0.048908638600625554,0.0511512866942212
133.0227698599307,-0.05515033234782225,76.31310937009468,2.85467529296875,2.6618058681488037,0.9500013589859009,0.03740211589499154,0.055149478574229846,0.03052411540078026
133.01729204821635,0.0024040326780950484,76.33293057906606,2.854511260986328,2.6633291244506836,0.9499039053916931,0.03192430418064873,0.002404886451687458,0.010702906429401082
133.0231523505242,-0.03473368776704654,76.40818560334125,2.8563194274902344,2.662893533706665,0.9450752139091492,0.03778460648851478,0.03473283399345413,0.06455211784579262
133.15104081254353,-0.030602424081552813,76.27953899032406,2.8463501930236816,2.6674957275390625,0.9536263942718506,0.1656730685078287,0.030601570307960402,0.06409449517140331
133.05066435250103,-0.030118246546789025,76.42590311404827,2.8545339107513428,2.6641745567321777,0.9433950185775757,0.06529660846533147,0.030117392773196614,0.08226962855280817
133.0270728791078,0.015421305429240507,76.37490209151578,2.854357957839966,2.662442445755005,0.9465121030807495,0.041705135072106714,0.015422159202832917,0.03126860602031911
133.00184216031377,0.08392236299739174,76.32843631459218,2.852123260498047,2.6609697341918945,0.9478073120117188,0.016474416278072113,0.08392321677098415,0.015197170903277879
133.07926918474504,-0.061778012143024766,76.42805462363683,2.851912260055542,2.6645450592041016,0.9425393342971802,0.09390144070934525,0.06177715836943236,0.08442113814136576
133.02126721831328,-0.020309133319615758,76.32905786180666,2.854827404022217,2.6623852252960205,0.9498599171638489,0.035899474277584886,0.020308279546023347,0.014575623688799055
133.02233272782382,-0.07771452968105927,76.38293439397971,2.85589861869812,2.6617884635925293,0.9463874697685242,0.03696498378812407,0.07771367590746686,0.039300908484250385
133.0556367302168,0.07333280084224363,76.30161416172155,2.8500618934631348,2.664072275161743,0.9518793821334839,0.07026898618110522,0.07333365461583603,0.04201932377391415
133.08716488342557,-0.10438377043196531,76.38742865845359,2.852569103240967,2.6647286415100098,0.9471157789230347,0.10179713938987334,0.1043829166583729,0.04379517295812718
133.12235401802948,-0.011080106148564469,76.34374276852218,2.849977970123291,2.6675033569335938,0.9493460059165955,0.13698627399378438,0.01107925237497206,0.00010928302671686652
133.05141567330972,-0.005527787420670303,76.35297035409087,2.851736068725586,2.6635072231292725,0.9477018713951111,0.06604792927402059,0.005526933647077893,0.009336868595411829
133.10340707327185,0.005805344390107517,76.34280020241673,2.847484827041626,2.6658554077148438,0.9480524063110352,0.11803932923615434,0.005806198163699927,0.0008332830787338708
133.02807008672661,-0.07441121445745764,76.48746360903759,2.8553831577301025,2.662221908569336,0.9379726648330688,0.042702342690915884,0.07441036068386524,0.14383012354213065
133.04121137068972,-0.03143326258182762,76.37144601579575,2.8534958362579346,2.662794828414917,0.9470733404159546,0.05584362665402409,0.03143240880823521,0.02781253030029518

Errors:
rotation,[20.402827913354958, 18.234941533339423, 15.454123977167706, 15.96414878358509, 9.9530801462513, 3.17125771909149, 2.1028553374427883, 1.561785195915191, 1.1320705517866407, 0.6465997304708151, 0.4664539300046379, 0.1446523005690694, 0.13265691482034173, 0.286692535979114, 0.20588932372169577, 0.12058641573050834, 0.09963213456608969, 0.12687425746031902, 0.14448347565660302, 0.12307570987000165, 0.045032097061737275, 0.13706955832776152, 0.2603691339871924, 0.17768362979133626, 0.08839590029525873, 0.11559480395233414, 0.24009973722014338, 0.07078337751240729, 0.15397956817984132, 0.1856219645708554, 0.24997522900637342, 0.1481748093954733, 0.08091173151651031, 0.12467881047858814, 0.2609428269169118, 0.11508856576255448]
translation,[0.07464079787699607, 0.07636261649375875, 0.08291476153629596, 0.07998310952264731, 0.06211699586750008, 0.056362828660849296, 0.0451718236321641, 0.031733394441808116, 0.02704973650209208, 0.014412373697965997, 0.00033167650879928345, 0.007121426974987521, 0.008714081217664926, 0.005112922553018429, 0.009046275512252677, 0.010905568410340294, 0.010916717702149192, 0.011916852291384394, 0.012858973525665007, 0.014054843516324134, 0.013184913469070025, 0.013327301010687798, 0.015329345383885418, 0.01414197412515339, 0.014682189916567445, 0.016940861884922498, 0.015959639117286706, 0.01359628133295221, 0.014049877459820337, 0.015383872333718074, 0.014294648310976044, 0.01376579547694412, 0.01555819888881782, 0.01693431758739372, 0.016103237174244, 0.014928882181198588]
loss,
[0.1274002194404602, 0.1366618275642395, 0.12716618180274963, 0.07064586877822876, 0.03217194974422455, 0.00901523046195507, 0.005115628242492676, 0.0029037566855549812, 0.004341484978795052, 0.0013650439213961363, 0.002436775714159012, 0.001436305232346058, 0.0012981871841475368, 0.0009639872005209327, 0.0011642586905509233, 0.0009836042299866676, 0.0011546947062015533, 0.0007901088101789355, 0.0015126498183235526, 0.0012214707676321268, 0.000625318381935358, 0.001291170483455062, 0.0015199299668893218, 0.0006413043010979891, 0.0008515388472005725, 0.0010001941118389368, 0.0009976278524845839, 0.0009754136553965509, 0.0009579085744917393, 0.0011923303827643394, 0.0012704806867986917, 0.0007940143113955855, 0.0008972540963441133, 0.0015934583498165011, 0.000823746609967202, 0.0012605211231857538]

2022-04-26 23:34:26.398494