2022-04-26 23:23:35.315401

reference phi, theta, psi, translation: -33.091320547511735, -0.0, 74.32085247222868, -2.1190009117126465, -3.251617431640625, 1.089412808418274

phi,theta,psi,rot_x,rot_y,rot_z,phi_err,theta_err,psi_err
-22.822884158753556,1.294954214858955,81.82337814338081,-1.5357718467712402,-3.6827800273895264,0.7731812596321106,10.268436388758179,1.294954214858955,7.502525671152128
-23.873264800263964,2.418860717510783,82.29462704516584,-1.6080552339553833,-3.656484365463257,0.7137634754180908,9.21805574724777,2.418860717510783,7.97377457293716
-26.872218157256267,6.324083535982204,83.96234067442951,-1.8241239786148071,-3.5943470001220703,0.5144933462142944,6.219102390255468,6.324083535982204,9.641488202200833
-28.351404905049247,5.739747243657871,81.66527975466252,-1.8846477270126343,-3.5284628868103027,0.6769399046897888,4.739915642462488,5.739747243657871,7.344427282433841
-29.368338110194106,6.648227168853451,79.38784879857015,-1.9084765911102295,-3.496014356613159,0.8061476945877075,3.7229824373176292,6.648227168853451,5.066996326341467
-29.75232110004847,5.903895487814225,76.25379600734229,-1.8934375047683716,-3.451763391494751,1.0037561655044556,3.338999447463266,5.903895487814225,1.9329435351136084
-29.611646523902884,3.110565745308183,73.41176112388915,-1.8884724378585815,-3.400374174118042,1.1702282428741455,3.479674023608851,3.110565745308183,0.9090913483395298
-33.71600623390651,0.8342289133795096,73.44227840910077,-2.139256477355957,-3.2439560890197754,1.1558459997177124,0.624685686394777,0.8342289133795096,0.878574063127914
-33.572189770742725,-0.2842547055835657,74.16298630994217,-2.1596155166625977,-3.241544723510742,1.1049396991729736,0.48086922323098946,0.2842547055835657,0.15786616228650985
-33.42541583566832,0.11421598794850715,74.0595977364757,-2.137146234512329,-3.242777109146118,1.1089519262313843,0.3340952881565826,0.11421598794850715,0.26125473575298486
-33.27239227750336,-0.06722718832329092,74.18127072635029,-2.1289806365966797,-3.245021343231201,1.1007981300354004,0.18107172999162202,0.06722718832329092,0.13958174587838812
-33.44396321435949,0.11090528172716319,73.98483448582073,-2.131894826889038,-3.233177423477173,1.111485242843628,0.3526426668477569,0.11090528172716319,0.33601798640795266
-33.23747635046625,0.0441381522230808,74.18344955669554,-2.1227223873138428,-3.2419261932373047,1.0983737707138062,0.14615580295451736,0.0441381522230808,0.1374029155331442
-33.25875238973084,-0.025908016878951577,74.24041333437344,-2.1250388622283936,-3.2409913539886475,1.092503547668457,0.16743184221910212,0.025908016878951577,0.08043913785523671
-33.139452890592814,-0.020990169761877148,74.21078397375392,-2.1173605918884277,-3.242737293243408,1.0953072309494019,0.04813234308107894,0.020990169761877148,0.11006849847476019
-33.06209416805325,0.1075563542215502,74.25538510903411,-2.1095104217529297,-3.2470054626464844,1.0921128988265991,0.029226379458485496,0.1075563542215502,0.06546736319457125
-33.10465649186618,0.010235041218575765,74.29546465908373,-2.113018751144409,-3.24565052986145,1.0890161991119385,0.013335944354444962,0.010235041218575765,0.025387813144945426
-33.165117326399134,0.016644596516505974,74.21740925724883,-2.11763596534729,-3.2395284175872803,1.093234896659851,0.07379677888739877,0.016644596516505974,0.10344321497984765
-33.2425682564925,-0.013925956193723598,74.11053045711647,-2.1221070289611816,-3.237779378890991,1.101528525352478,0.15124770898076179,0.013925956193723598,0.2103220151122116
-33.181004346408585,0.01953644121684865,74.25179925971985,-2.120523452758789,-3.2445380687713623,1.0936229228973389,0.08968379889684996,0.01953644121684865,0.0690532125088339
-33.321378394230685,-0.035092752103191814,74.19252687810248,-2.129483699798584,-3.239541530609131,1.0976933240890503,0.23005784671894958,0.035092752103191814,0.1283255941261956
-33.2496272569997,0.06847881079295103,74.17668766941722,-2.1243669986724854,-3.2453231811523438,1.099909782409668,0.15830670948796666,0.06847881079295103,0.14416480281145994
-33.21446544315248,0.08500051468185628,74.17473423531459,-2.1225717067718506,-3.246748924255371,1.1006654500961304,0.12314489564074194,0.08500051468185628,0.14611823691409143
-33.24601750202335,-0.047422646332682304,74.2182152195709,-2.125933885574341,-3.2454476356506348,1.0974386930465698,0.15469695451161414,0.047422646332682304,0.1026372526577859
-33.30874595936075,0.011555624376620941,74.09348230494813,-2.128237724304199,-3.242295026779175,1.105315923690796,0.21742541184901398,0.011555624376620941,0.22737016728055437
-33.30351061936193,-0.05769100294092062,74.25132797666711,-2.1305642127990723,-3.242530584335327,1.0935254096984863,0.21219007185019478,0.05769100294092062,0.06952449556156637
-33.340994697526966,0.05753095088330402,74.1623442721602,-2.1293516159057617,-3.2401678562164307,1.10002863407135,0.24967415001523108,0.05753095088330402,0.1585082000684821
-33.27882631570151,0.0791947008948417,74.09336619173223,-2.125575065612793,-3.2428908348083496,1.1049883365631104,0.18750576818977294,0.0791947008948417,0.22748628049644992
-33.25229103077601,0.03421318725349755,74.08685702145321,-2.123917818069458,-3.2412216663360596,1.1056374311447144,0.160970483264272,0.03421318725349755,0.2339954507754669
-33.25657355938561,-0.07695181260522431,74.17120985770286,-2.126927375793457,-3.2412822246551514,1.0989911556243896,0.16525301187387242,0.07695181260522431,0.14964261452581695
-33.29182416569204,-0.004950847425910178,74.16627846112212,-2.1266002655029297,-3.240694284439087,1.099928379058838,0.20050361818030638,0.004950847425910178,0.15457401110656122
-33.24197744512929,-0.12691783090071754,74.22639778619657,-2.1267447471618652,-3.2412075996398926,1.0946568250656128,0.15065689761755152,0.12691783090071754,0.09445468603210827
-33.28083780641207,0.06846333466851703,74.17752095249595,-2.1252596378326416,-3.2426044940948486,1.1000877618789673,0.189517258900338,0.06846333466851703,0.14333151973272606
-33.24589797371288,0.06260154719479492,74.13356185499775,-2.125497579574585,-3.2439839839935303,1.1015172004699707,0.15457742620114345,0.06260154719479492,0.18729061723092855
-33.210456122109676,0.0109742430328068,74.09182939916897,-2.123216152191162,-3.2447187900543213,1.1064258813858032,0.11913557459794077,0.0109742430328068,0.22902307305970737
-33.310388619856134,-0.11065828778848547,74.21001899256687,-2.1314380168914795,-3.242018222808838,1.0973278284072876,0.21906807234439896,0.11065828778848547,0.11083347966180668

Errors:
rotation,[19.06591627476926, 19.610691037695712, 22.184674128438505, 17.8240901685542, 15.438205932512547, 11.1758384703911, 7.499331117256563, 2.3374886629022003, 0.922990091101065, 0.7095660118580747, 0.38788066419330103, 0.7995659349828728, 0.3276968707107424, 0.27377899695329044, 0.17919101131771628, 0.20225009687460693, 0.04895879871796616, 0.1938845903837524, 0.375495680286697, 0.17827345262253252, 0.39347619294833697, 0.37095032309237763, 0.3542636472366896, 0.30475685350208237, 0.4563512035061893, 0.33940557035268176, 0.4657133009670172, 0.49418674958106457, 0.42917912129323643, 0.3918474390049137, 0.36002847671277777, 0.3720294145503773, 0.4013121133015811, 0.40446959062686694, 0.35913289069045495, 0.4405598397946911]
translation,[0.03326186669987141, 0.02660162324559412, 0.032300833471299306, 0.025987586290617593, 0.03264675015509688, 0.03178897809427106, 0.030681775331351524, 0.022961443015715233, 0.017629213931657617, 0.0077782462509068395, 0.0030349225491805853, 0.002008598276582063, 0.0034174067832184463, 0.004544953164738352, 0.0064229335634156115, 0.007972373704410174, 0.00806401810010371, 0.009426754512542601, 0.00621675215295614, 0.003765339634107079, 0.0019528122509031576, 0.0006025370092919147, 0.001011079718776564, 0.0008552371316632446, 0.0016859108140332424, 0.00011098481147620021, 0.0008822335710654272, 0.0006707856887686603, 0.0013673594922840593, 0.0015493638806978183, 0.0019391887082029768, 0.0028857786762204185, 0.001066285962214586, 0.0005594991299711083, 0.0012927349320204229, 0.0009720034186564419]
loss,
[0.16465672850608826, 0.1538044810295105, 0.10025098919868469, 0.078973688185215, 0.07082194089889526, 0.053546905517578125, 0.021711718291044235, 0.006351683288812637, 0.003132232464849949, 0.0015705752884969115, 0.0009322324185632169, 0.0020200517028570175, 0.001183876534923911, 0.0017474781488999724, 0.0008063904824666679, 0.0010317428968846798, 0.0010750580113381147, 0.0009000424179248512, 0.0014957671519368887, 0.0006653218879364431, 0.001459481194615364, 0.001778839505277574, 0.0009856143733486533, 0.0008470136672258377, 0.0011886653956025839, 0.0014939852990210056, 0.0013951014261692762, 0.0016055777668952942, 0.0008267670636996627, 0.0011767918476834893, 0.0011438267538323998, 0.0009804711444303393, 0.0010947930859401822, 0.0013601221144199371, 0.0013482412323355675, 0.0012901648879051208]

2022-04-26 23:26:16.563428