2022-04-21 01:01:36.219142

reference phi, theta, psi, translation: -33.091320547511735, -0.0, 74.32085247222868, -2.1190009117126465, -3.251617431640625, 1.089412808418274

phi,theta,psi,rot_x,rot_y,rot_z,phi_err,theta_err,psi_err
-22.822884158753556,1.294954214858955,81.82337814338081,-1.5357718467712402,-3.6827800273895264,0.7731812596321106,10.268436388758179,1.294954214858955,7.502525671152128
-23.27891881416238,1.5305784646787368,81.9386512460031,-1.5614979267120361,-3.673823118209839,0.76081782579422,9.812401733349354,1.5305784646787368,7.617798773774425
-25.562116157461535,2.923027317139122,81.4370831344924,-1.6644666194915771,-3.621582269668579,0.7533979415893555,7.5292043900502,2.923027317139122,7.1162306622637175
-29.982016946741414,5.159888125313536,79.18963670885637,-1.8895479440689087,-3.5112171173095703,0.7809681296348572,3.109303600770321,5.159888125313536,4.86878423662769
-30.80666666637207,2.158608353616305,75.36986024571591,-1.9846733808517456,-3.388948440551758,1.02653968334198,2.284653881139665,2.158608353616305,1.049007773487233
-33.30702816678449,-0.37052568842990624,72.87657482128363,-2.135347366333008,-3.241300344467163,1.1933579444885254,0.21570761927275584,0.37052568842990624,1.444277650945054
-32.70239250069828,0.28596369156344215,73.96107225769825,-2.0983777046203613,-3.278024911880493,1.116042971611023,0.3889280468134544,0.28596369156344215,0.3597802145304314
-33.11029822812061,-0.0245556364679625,74.09507373902474,-2.1220593452453613,-3.252926826477051,1.1068944931030273,0.01897768060887728,0.0245556364679625,0.2257787332039385
-32.989383389243876,-0.04293802750571221,74.25797375072953,-2.1121840476989746,-3.254208564758301,1.094733715057373,0.10193715826785876,0.04293802750571221,0.0628787214991462
-33.1592023825779,-0.009748956933417032,74.31428866043629,-2.119602680206299,-3.244812488555908,1.0889109373092651,0.06788183506616718,0.009748956933417032,0.006563811792389629
-33.21102302781079,-0.0850956840370896,74.31859850980257,-2.1220715045928955,-3.240563154220581,1.087719440460205,0.11970248029905406,0.0850956840370896,0.002253962426109979
-33.15901796747031,-0.03786210160984689,74.36044707884724,-2.1182708740234375,-3.2429966926574707,1.0863631963729858,0.06769741995857714,0.03786210160984689,0.0395946066185644
-33.181591742677206,0.11291333894118658,74.39395598691533,-2.1179747581481934,-3.244882583618164,1.0825426578521729,0.09027119516547089,0.11291333894118658,0.07310351468665033
-33.156815231462986,0.0013972229739295165,74.34330330403051,-2.116264581680298,-3.2383852005004883,1.08448326587677,0.06549468395125047,0.0013972229739295165,0.022450831801833715
-33.233231387897085,-0.07763135683657724,74.25130065591044,-2.1168713569641113,-3.2338063716888428,1.0918009281158447,0.14191084038534996,0.07763135683657724,0.06955181631823848
-33.296052052788276,-0.06686211999038559,74.30749262221214,-2.125434398651123,-3.2350399494171143,1.0883870124816895,0.20473150527654127,0.06686211999038559,0.013359850016541941
-33.136338324331284,0.03787459243915327,74.28308835630767,-2.1149191856384277,-3.2429604530334473,1.0902281999588013,0.04501777681954877,0.03787459243915327,0.037764115921007146
-33.08605788675624,-0.0888685334229526,74.32684254813078,-2.1162757873535156,-3.2443063259124756,1.0877528190612793,0.005262660755498416,0.0888685334229526,0.005990075902104763
-33.12905392758147,-0.060577001161561624,74.25793959978368,-2.115586042404175,-3.241154670715332,1.0924791097640991,0.03773338006973148,0.060577001161561624,0.06291287244499699
-33.31469163903324,-0.04291764814377065,74.22180106888516,-2.1245949268341064,-3.2339627742767334,1.0937652587890625,0.22337109152150703,0.04291764814377065,0.09905140334352325
-33.142468419111374,-0.005018465059406736,74.36168334308701,-2.1161742210388184,-3.242166519165039,1.084466576576233,0.05114787159963896,0.005018465059406736,0.04083087085832915
-33.223225160763015,-0.06190740670140365,74.3036745464661,-2.120588541030884,-3.238949775695801,1.0895848274230957,0.13190461325127956,0.06190740670140365,0.01717792576258148
-33.163242439471965,0.001679487091781293,74.23531801325261,-2.116586446762085,-3.242894172668457,1.0946505069732666,0.0719218919602298,0.001679487091781293,0.08553445897607048
-33.154687627536525,0.014548764959379994,74.32339330259992,-2.11775541305542,-3.24558687210083,1.0874656438827515,0.06336708002478986,0.014548764959379994,0.002540830371245306
-33.062811337916095,-0.011278585707609921,74.26229726047416,-2.112919569015503,-3.2444839477539062,1.0911282300949097,0.028509209595640073,0.011278585707609921,0.058555211754523384
-33.189839196099996,-0.038743549237401635,74.3917976471376,-2.1208672523498535,-3.240828275680542,1.0825228691101074,0.09851864858826076,0.038743549237401635,0.07094517490891405
-33.15808223155402,-0.01437666406361623,74.24621216497877,-2.1158034801483154,-3.239034652709961,1.091787338256836,0.06676168404228378,0.01437666406361623,0.07464030724990778
-33.36296400099231,-0.025398655717060143,74.32895307658431,-2.1286535263061523,-3.2332489490509033,1.0858073234558105,0.2716434534805714,0.025398655717060143,0.008100604355632868
-33.197130423038985,-0.010758406667259109,74.30197382936277,-2.1191632747650146,-3.2398200035095215,1.0889583826065063,0.10580987552724963,0.010758406667259109,0.01887864286591423
-33.18197764836531,0.005241033260806675,74.37972187268501,-2.1190185546875,-3.2423322200775146,1.0833752155303955,0.09065710085357637,0.005241033260806675,0.05886940045633082
-33.17538651581625,-0.10042788178192878,74.29469284770752,-2.119744300842285,-3.2389535903930664,1.0895318984985352,0.08406596830451463,0.10042788178192878,0.026159624521156388
-33.14093162654812,-0.03497317184044716,74.35568643699574,-2.1162171363830566,-3.2417733669281006,1.0846219062805176,0.04961107903638151,0.03497317184044716,0.03483396476705991
-33.16744642090611,-0.042921935500797384,74.40406466688694,-2.1176199913024902,-3.240643262863159,1.0821888446807861,0.07612587339437482,0.042921935500797384,0.08321219465825891
-33.19539897008438,-0.04808299860093931,74.36643715474933,-2.1196038722991943,-3.2393929958343506,1.083902359008789,0.10407842257264832,0.04808299860093931,0.04558468252065495
-33.18744179970132,0.013370546153301686,74.36929900401158,-2.1178367137908936,-3.2406821250915527,1.0838229656219482,0.09612125218958312,0.013370546153301686,0.04844653178290059
-33.233603633206855,-0.014651652454510389,74.32316790635731,-2.121309280395508,-3.238391876220703,1.0872663259506226,0.14228308569511938,0.014651652454510389,0.0023154341286328872

Errors:
rotation,[19.06591627476926, 18.960778971802515, 17.568462369453037, 13.137975962711547, 5.492270008243203, 2.030510958647716, 1.034671952907328, 0.26931205028077826, 0.20775390727271717, 0.08419460379197384, 0.20705212676225365, 0.14515412818698842, 0.2762880487933078, 0.08934273872701369, 0.2890940135401657, 0.2849534752834688, 0.12065648517970919, 0.10012127008055578, 0.1612232536762901, 0.3653401430088009, 0.09699720751737484, 0.2109899457152647, 0.15913583802808157, 0.08045667535541516, 0.09834300705777338, 0.20820737273457646, 0.1557786553558078, 0.3051427135532644, 0.13544692506042297, 0.15476753457071385, 0.2106534746075998, 0.11941821564388858, 0.2022600035534311, 0.1977461036942426, 0.1579383301257854, 0.15925017227826266]
translation,[0.03326186669987141, 0.032624905524300196, 0.025213648672490763, 0.03199150755731761, 0.02814231939916212, 0.029639331639846667, 0.017844720633127586, 0.007420762458786534, 4.518753826232569e-05, 0.005306028336318214, 0.007750995110016312, 0.008159449936123053, 0.007824558912800761, 0.01344080870194464, 0.014827564575590202, 0.010240900557696442, 0.00890658550114587, 0.007778045652279353, 0.0094007061464767, 0.010091667187338338, 0.010444382985047795, 0.009327604110698218, 0.006882425033095885, 0.006044699955063848, 0.00848484859179166, 0.009574382854487418, 0.011182557315186692, 0.01067602710346982, 0.009547599443817667, 0.009107160168534634, 0.009783953685425395, 0.010696912221706434, 0.01152505902872658, 0.011025538296259185, 0.01093930733766868, 0.010024296984639136]
loss,
[0.1994335651397705, 0.2281365841627121, 0.21106109023094177, 0.09656882286071777, 0.033466361463069916, 0.015222491696476936, 0.0046290745958685875, 0.0014604059979319572, 0.0016596310306340456, 0.0018686193507164717, 0.001645694486796856, 0.002325523179024458, 0.003531903959810734, 0.0023534134961664677, 0.0018466904293745756, 0.0023618852719664574, 0.0020985398441553116, 0.0014142527943477035, 0.00293383514508605, 0.0024312720634043217, 0.001375393709167838, 0.0025650099851191044, 0.0018184343352913857, 0.0012141643092036247, 0.0022152166347950697, 0.001464183209463954, 0.003010436426848173, 0.0025307328905910254, 0.001640518894419074, 0.0010747306514531374, 0.0012767813168466091, 0.0015083480393514037, 0.0032438612543046474, 0.0025923801586031914, 0.002222264651209116, 0.0012552090920507908]

2022-04-21 01:04:13.593663