2022-04-28 15:30:12.844027

reference phi, theta, psi, translation: -86.91639066027085, -0.0, 34.793557367935236, -2.296917200088501, -0.12373751401901245, 3.3104169368743896

phi,theta,psi,rot_x,rot_y,rot_z,phi_err,theta_err,psi_err
-76.53055527251121,6.8177051513072,38.18892636661862,-2.336111545562744,-0.9462913274765015,3.345968008041382,10.385835387759641,6.8177051513072,3.395368998683381
-75.00365965336569,6.540950303406361,38.95349774230984,-2.358494520187378,-1.0209404230117798,3.307283878326416,11.912731006905162,6.540950303406361,4.159940374374607
-71.4509026056377,5.790661909751197,41.10077261357845,-2.402099847793579,-1.15347158908844,3.2407827377319336,15.465488054633155,5.790661909751197,6.307215245643214
-72.54136962738691,6.731211636026932,40.615234956049754,-2.3772592544555664,-1.1472150087356567,3.2554893493652344,14.375021032883936,6.731211636026932,5.821677588114518
-72.34392934904936,6.250551052828961,41.271479531504575,-2.411973476409912,-1.1343783140182495,3.225484609603882,14.572461311221488,6.250551052828961,6.477922163569339
-71.60564737147351,5.5697816801097835,41.90623291673596,-2.450033187866211,-1.14118230342865,3.1869044303894043,15.31074328879734,5.5697816801097835,7.112675548800723
-71.08107518283819,5.24224369902125,42.57169141738113,-2.490022659301758,-1.1521599292755127,3.1504385471343994,15.835315477432658,5.24224369902125,7.778134049445896
-72.29010745838966,5.955231128991631,41.859005573719905,-2.457911252975464,-1.1252657175064087,3.1943461894989014,14.626283201881193,5.955231128991631,7.065448205784669
-72.1454850329038,6.113639063730187,42.077868740389206,-2.456605911254883,-1.1483746767044067,3.186739683151245,14.770905627367043,6.113639063730187,7.2843113724539705
-71.70931598269595,6.124600594981652,42.44017954000712,-2.466512680053711,-1.1733754873275757,3.1695477962493896,15.207074677574894,6.124600594981652,7.646622172071886
-72.20899896199576,6.6354904959261365,42.28371356650047,-2.4642207622528076,-1.1747063398361206,3.1687259674072266,14.707391698275089,6.6354904959261365,7.490156198565231
-71.62313948593791,6.235703592248357,42.71187763500106,-2.475351095199585,-1.1923803091049194,3.1510837078094482,15.293251174332937,6.235703592248357,7.918320267065823
-72.47437230181826,6.28874879796873,42.119717309433874,-2.472630023956299,-1.1430977582931519,3.175323724746704,14.442018358452586,6.28874879796873,7.326159941498638
-72.30849432763533,6.543202251222765,42.35261992994214,-2.4714555740356445,-1.1712144613265991,3.1648900508880615,14.60789633263552,6.543202251222765,7.559062562006908
-72.17809235600144,6.568708508353735,42.64311470553196,-2.477128505706787,-1.1818400621414185,3.1580491065979004,14.738298304269406,6.568708508353735,7.849557337596721
-72.17271699712465,6.31236918638572,42.981605220419446,-2.503601551055908,-1.1693248748779297,3.1415162086486816,14.743673663146197,6.31236918638572,8.18804785248421
-72.26978764560887,6.148087975268914,42.70618467232785,-2.4996337890625,-1.1502058506011963,3.1503872871398926,14.646603014661977,6.148087975268914,7.912627304392615
-72.20592537686925,6.128037508680058,42.756461694808316,-2.496694803237915,-1.1557854413986206,3.1497507095336914,14.710465283401604,6.128037508680058,7.96290432687308
-72.53087845682178,6.262100858257574,42.57292085143173,-2.4921951293945312,-1.143190860748291,3.1575143337249756,14.385512203449068,6.262100858257574,7.779363483496496
-72.16652201554744,6.485883265987434,42.81676543499036,-2.493997812271118,-1.173305869102478,3.143979549407959,14.749868644723406,6.485883265987434,8.023208067055123
-72.19565960254671,6.708242749921464,42.6755615191841,-2.483517646789551,-1.1806026697158813,3.148610830307007,14.720731057724137,6.708242749921464,7.882004151248864
-72.14288273083002,6.786107410225919,42.59612641913685,-2.472522497177124,-1.1886762380599976,3.150991916656494,14.773507929440825,6.786107410225919,7.8025690512016155
-72.110500803975,6.7390023763074565,42.385674630430415,-2.464029312133789,-1.183573842048645,3.160921096801758,14.805889856295849,6.7390023763074565,7.592117262495179
-71.2571847803978,6.193727000571322,42.8557282491107,-2.481684446334839,-1.2000638246536255,3.1376030445098877,15.659205879873056,6.193727000571322,8.062170881175462
-72.08468268891235,6.402239961726953,42.18577206889707,-2.462968111038208,-1.1632996797561646,3.1678006649017334,14.831707971358497,6.402239961726953,7.392214700961837
-71.67954318810388,6.484700261209699,42.54906983085005,-2.4692392349243164,-1.1923167705535889,3.149134397506714,15.236847472166971,6.484700261209699,7.755512462914815
-71.65046024261797,6.446828583528322,42.63163315753716,-2.4762368202209473,-1.1957389116287231,3.140444040298462,15.265930417652882,6.446828583528322,7.838075789601923
-71.78096466708939,6.723316422704804,42.29791352978492,-2.4534928798675537,-1.1964608430862427,3.1594526767730713,15.135425993181457,6.723316422704804,7.504356161849685
-71.80559432923646,6.895787492939431,41.90180012396462,-2.4280169010162354,-1.1969945430755615,3.1792702674865723,15.110796331034393,6.895787492939431,7.108242756029384
-71.78881255444574,6.934717071758848,41.7793553227138,-2.4207851886749268,-1.195300817489624,3.182823657989502,15.127578105825108,6.934717071758848,6.985797954778562
-72.01610758964543,7.144876492143789,41.6848084291279,-2.4148991107940674,-1.1950465440750122,3.186459541320801,14.90028307062542,7.144876492143789,6.891251061192662
-71.84454689807305,7.173631836700613,41.856201781065614,-2.4194552898406982,-1.2067583799362183,3.175835609436035,15.071843762197801,7.173631836700613,7.0626444131303785
-71.6203869197024,7.100243559560616,41.87812668830136,-2.415721893310547,-1.2136894464492798,3.173564910888672,15.296003740568452,7.100243559560616,7.084569320366121
-71.67039756480523,7.102787234882815,41.88581065111762,-2.4180824756622314,-1.2102965116500854,3.1715636253356934,15.245993095465622,7.102787234882815,7.092253283182387
-71.94184294279988,7.09625781163321,41.61691634877797,-2.4092459678649902,-1.1962517499923706,3.184544801712036,14.97454771747097,7.09625781163321,6.823358980842734
-71.6422503552356,7.169889152671062,41.875657574916396,-2.412628412246704,-1.216298222541809,3.1737594604492188,15.274140305035246,7.169889152671062,7.08210020698116

Errors:
rotation,[20.598909537750224, 22.61362168468613, 27.563365210027566, 26.927910257025385, 27.300934527619788, 27.993200517707848, 28.855693225899806, 27.646962536657494, 28.1688560635512, 28.97829744462843, 28.833038392766454, 29.447275033647117, 28.056927097919953, 28.710161145865193, 29.156564150219864, 29.244090702016127, 28.707318294323507, 28.801407118954742, 28.42697654520314, 29.25895997776596, 29.310977958894465, 29.36218439086836, 29.137009495098486, 29.91510376161984, 28.626162634047287, 29.477060196291486, 29.550834790783128, 29.363098577735947, 29.114826580003207, 29.048093132362517, 28.93641062396187, 29.308120012028795, 29.48081662049519, 29.441033613530823, 28.89416450994691, 29.526129664687467]
translation,[0.1579505536533441, 0.15730072568259423, 0.1644942322312355, 0.16001355422063845, 0.15314899529451242, 0.14754551269834515, 0.14654374314184704, 0.15353340046510233, 0.15324526318447695, 0.15295145246215203, 0.15135164799874712, 0.14959624133965832, 0.1525599992033131, 0.15173678407245195, 0.15291054221031875, 0.1527049646108276, 0.15170303124926132, 0.15100629474719884, 0.1507150715755854, 0.149933104439274, 0.1492338897724359, 0.14679750963804672, 0.14783149685288421, 0.14540842974726065, 0.14672215538707434, 0.1444919474373254, 0.14306915856117008, 0.14418993868819552, 0.14449342114659558, 0.14251599853440933, 0.14180755931061295, 0.13971775652339247, 0.13783606851491204, 0.13669507199289654, 0.13742124410893375, 0.13695299234551417]
loss,
[0.1278507113456726, 0.12767718732357025, 0.11087813228368759, 0.12865130603313446, 0.12379034608602524, 0.11341359466314316, 0.12385891377925873, 0.10788823664188385, 0.11100742220878601, 0.11178275942802429, 0.12207438796758652, 0.11723913997411728, 0.1193678006529808, 0.12374429404735565, 0.11357598751783371, 0.12134633958339691, 0.11715082824230194, 0.11729197204113007, 0.11063086986541748, 0.11795513331890106, 0.10843788087368011, 0.11329834163188934, 0.10539984703063965, 0.11473682522773743, 0.11680439114570618, 0.12599945068359375, 0.11209593713283539, 0.11497311294078827, 0.11448687314987183, 0.10587995499372482, 0.11816849559545517, 0.11686061322689056, 0.12083747237920761, 0.11285682022571564, 0.11961232125759125, 0.11503367125988007]

2022-04-28 15:34:38.465233