2022-04-28 15:48:14.215478

reference phi, theta, psi, translation: 132.9853677440357, -8.537735924097414e-07, 76.34363348549546, 2.865516185760498, 2.6707684993743896, 0.9517420530319214

phi,theta,psi,rot_x,rot_y,rot_z,phi_err,theta_err,psi_err
143.3552887910292,-3.0579185397180266,69.36864430507845,2.3124754428863525,2.981729030609131,1.6183615922927856,10.369921046993511,3.0579176859444344,6.974989180417012
144.63648201516187,-4.61858328140786,69.94054287447278,2.31675124168396,2.9993414878845215,1.565472960472107,11.651114271126175,4.6185824276342675,6.403090611022677
145.16929141193623,-9.272591167395726,69.81304373323616,2.467337131500244,2.9140408039093018,1.4976184368133545,12.18392366790053,9.272590313622134,6.530589752259303
144.52987642259632,-11.739538377833524,73.66659548182233,2.537714958190918,3.0108184814453125,1.1662671566009521,11.544508678560618,11.739537524059932,2.6770380036731325
141.6110360619264,-11.742373235345523,74.63690581569267,2.6837077140808105,2.896108388900757,1.1127221584320068,8.6256683178907,11.742372381571931,1.7067276698027882
140.46338669644584,-10.925164860576217,73.79685401948363,2.7150890827178955,2.834459066390991,1.1719239950180054,7.478018952410139,10.925164006802625,2.5467794660118273
140.6963781094133,-11.012955033150245,73.91724976398345,2.695633888244629,2.8356335163116455,1.1574674844741821,7.711010365377604,11.012954179376653,2.4263837215120105
140.3709878973539,-10.738410914392356,73.91168998999906,2.699282169342041,2.812129259109497,1.16973876953125,7.3856201533182,10.738410060618763,2.431943495496398
140.19050697872547,-10.368969688135087,73.73884522286272,2.6948654651641846,2.810284376144409,1.1764976978302002,7.205139234689767,10.368968834361494,2.604788262632738
139.99282764376696,-11.034763205249437,74.36414221118822,2.71779465675354,2.8080339431762695,1.1257961988449097,7.007459899731259,11.034762351475845,1.979491274307236
139.84011827430382,-11.038933415578887,74.06252788762963,2.7173216342926025,2.791365146636963,1.1466450691223145,6.85475053026812,11.038932561805295,2.2811055978658317
139.14330237517913,-10.99583601100917,74.56990849012402,2.7517170906066895,2.77355694770813,1.1121947765350342,6.1579346311434335,10.995835157235577,1.7737249953714382
138.84184514597143,-11.205724527740076,74.3951239492634,2.7682301998138428,2.7520201206207275,1.1259359121322632,5.856477401935734,11.205723673966483,1.9485095362320664
139.1693663770519,-11.109120448020011,74.48038520067267,2.748889923095703,2.764730453491211,1.1218068599700928,6.183998633016188,11.109119594246419,1.863248284822788
139.11133708986347,-10.782566915098974,74.32454760456966,2.7443158626556396,2.7611563205718994,1.1388713121414185,6.1259693458277695,10.782566061325381,2.0190858809258003
139.01194417706142,-11.461150142332576,74.8816861351676,2.7639169692993164,2.757707357406616,1.088335633277893,6.026576433025724,11.461149288558984,1.4619473503278613
138.92894371826745,-11.885171743508009,73.86643998674772,2.770012617111206,2.72274112701416,1.1495237350463867,5.943575974231749,11.885170889734416,2.477193498747738
139.09840071157547,-11.650877834736388,73.91227055607851,2.7549118995666504,2.7323355674743652,1.152430534362793,6.113032967539766,11.650876980962796,2.4313629294169488
139.072309388946,-11.568603112863638,74.37914130660556,2.753512144088745,2.742191791534424,1.1223185062408447,6.086941644910297,11.568602259090046,1.9644921788898984
138.9851015336233,-11.712097861715513,74.21348189847608,2.752558946609497,2.731642723083496,1.1277562379837036,5.999733789587594,11.71209700794192,2.130151587019384
138.86304605315516,-11.63501720330073,74.15044608262603,2.750464677810669,2.718489646911621,1.1324621438980103,5.87767830911946,11.635016349527138,2.1931874028694267
138.6416249806417,-11.477446144810596,74.7460249178728,2.7567086219787598,2.724785089492798,1.0882513523101807,5.656257236605995,11.477445291037004,1.5976085676226575
138.52693244409883,-11.191855990376336,74.76312771155452,2.753838539123535,2.718214988708496,1.0928659439086914,5.541564700063134,11.191855136602744,1.580505773940942
138.40039635953516,-10.884354573140033,74.71748838752049,2.750415563583374,2.7109484672546387,1.0907994508743286,5.415028615499466,10.884353719366441,1.6261450979749696
138.12074109415818,-10.978621100128272,74.58250335895353,2.7638461589813232,2.6845695972442627,1.097216010093689,5.135373350122478,10.97862024635468,1.7611301265419286
138.27014465206304,-11.396447898915167,74.66581117626016,2.7584128379821777,2.686476230621338,1.0921480655670166,5.2847769080273395,11.396447045141574,1.677822309235296
138.16954962596708,-11.52907512389453,74.70816517930342,2.7609896659851074,2.6778945922851562,1.085060477256775,5.18418188193138,11.529074270120939,1.6354683061920383
138.5214273116278,-11.325945481791594,74.51737750521745,2.7396061420440674,2.6944222450256348,1.1033976078033447,5.536059567592105,11.325944628018002,1.826255980278006
138.1825952872818,-11.394710672637476,74.61111502138671,2.758718252182007,2.6801576614379883,1.095544695854187,5.1972275432461,11.394709818863884,1.7325184641087503
137.9862136882656,-11.257190819056836,74.89499817385995,2.7670059204101562,2.6795990467071533,1.0771225690841675,5.000845944229894,11.257189965283244,1.4486353116355133
138.00645836896553,-11.252639254052381,74.77778529751336,2.7662413120269775,2.6787631511688232,1.0852714776992798,5.021090624929826,11.252638400278789,1.5658481879820982
138.27657869026118,-11.489054893394577,74.64287540102727,2.7539470195770264,2.6853079795837402,1.0944983959197998,5.291210946225476,11.489054039620985,1.700758084468191
137.91594470208452,-11.749816454021893,74.62032211638788,2.7747156620025635,2.6623759269714355,1.0910937786102295,4.9305769580488175,11.7498156002483,1.7233113691075772
137.82676975228082,-11.826958509406623,74.51011701412973,2.777397632598877,2.6550045013427734,1.0953826904296875,4.841402008245126,11.82695765563303,1.8335164713657264
138.0293804838201,-11.775657826484363,74.37259115519153,2.7667224407196045,2.6623992919921875,1.1061776876449585,5.044012739784392,11.77565697271077,1.9710423303039306
137.8988692291595,-11.942888159296823,74.4845242953097,2.773029088973999,2.6581411361694336,1.096334457397461,4.913501485123788,11.94288730552323,1.8591091901857624

Errors:
rotation,[20.402827913354958, 22.672787309783118, 27.987103733781964, 25.961084206293684, 22.07476836926542, 20.94996242522459, 21.150348266266267, 20.55597370943336, 20.178896331684, 20.02171352551434, 20.17478868993925, 18.927494783750447, 19.010710612134282, 19.156366512085395, 18.927621288078953, 18.94967307191257, 20.305940362713905, 20.19527287791951, 19.62003608289024, 19.8419823845489, 19.705882061516025, 18.731311095265657, 18.31392561060682, 17.925527432840877, 17.875123723019087, 18.35904626240421, 18.348724458244355, 18.68826017588811, 18.324455826218735, 17.706671221148653, 17.839577213190715, 18.481023070314652, 18.403703927404695, 18.501876135243883, 18.790712042799093, 18.71549798083278]
translation,[0.07464079787699607, 0.06936999032740143, 0.0703643881086764, 0.07559778927993399, 0.07105117643657355, 0.06512214933496363, 0.04894344731186884, 0.038574267592152545, 0.03632053015861292, 0.03567320821994979, 0.029702424316214504, 0.031080128814306995, 0.03143737584009898, 0.025788748276542428, 0.02501231183685082, 0.022099593078821478, 0.019512264725267237, 0.016499201557684806, 0.013749795716423208, 0.007470701103399868, 0.0015244161262621958, 0.005189618146953734, 0.010348468186715643, 0.018166067894688886, 0.02492840935025953, 0.028781688027694763, 0.034688044918754546, 0.0332745736554938, 0.03188027664434845, 0.031533204278964, 0.030419327636439952, 0.032000275382047416, 0.033907602527197156, 0.035775394234650815, 0.03528705923180109, 0.03646323734298784]
loss,
[0.14552053809165955, 0.1344272494316101, 0.10817267745733261, 0.0946984738111496, 0.08363773673772812, 0.07994569838047028, 0.08334223926067352, 0.08067231625318527, 0.08624812215566635, 0.08082718402147293, 0.07552418112754822, 0.08279556035995483, 0.07745905220508575, 0.08316844701766968, 0.07987943291664124, 0.08935350179672241, 0.08189631998538971, 0.07958689332008362, 0.08540832251310349, 0.07371982932090759, 0.07915179431438446, 0.07981293648481369, 0.07464276999235153, 0.08364397287368774, 0.08118151128292084, 0.07128621637821198, 0.07647596299648285, 0.077127605676651, 0.07694514840841293, 0.07841941714286804, 0.07388241589069366, 0.07875644415616989, 0.08068308234214783, 0.07654677331447601, 0.07467099279165268, 0.08287745714187622]

2022-04-28 15:52:44.615041