2022-04-28 15:16:38.249216

reference phi, theta, psi, translation: -139.02455270626928, -8.537736090602699e-07, 56.38966954231551, -2.2014424800872803, 2.5346622467041016, 2.231398344039917

phi,theta,psi,rot_x,rot_y,rot_z,phi_err,theta_err,psi_err
-129.04008655489625,6.852725648450977,53.065809209147574,-2.6847352981567383,1.8050535917282104,2.604990243911743,9.984466151373027,6.852726502224586,3.3238603331679357
-129.70068879104156,6.401983964121674,53.494984145645326,-2.6874477863311768,1.8570289611816406,2.5620276927948,9.323863915227719,6.401984817895283,2.8946853966701838
-130.56248107937873,5.0673194087796505,53.58795326553295,-2.7026917934417725,1.9347563982009888,2.48372745513916,8.462071626890548,5.06732026255326,2.8017162767825567
-132.28001410844848,6.614946039462655,54.6760672871131,-2.6993675231933594,2.0558793544769287,2.373067855834961,6.744538597820792,6.614946893236264,1.7136022552024102
-134.67675480896264,3.7653235370352274,55.1862721728293,-2.5281097888946533,2.273749589920044,2.333958387374878,4.347797897306634,3.7653243908088365,1.2033973694862112
-137.8560166223068,-0.11922688336789791,56.160048827703434,-2.2798261642456055,2.5277674198150635,2.2792460918426514,1.168536083962465,0.11922602959428885,0.229620714612075
-139.91377503431323,-0.8049845751922713,56.8890110121568,-2.1596124172210693,2.6102066040039062,2.2109344005584717,0.8892223280439566,0.8049837214186623,0.4993414698412906
-139.13450509152815,0.0020597713002603545,56.25975934430186,-2.1872169971466064,2.5272605419158936,2.2325475215911865,0.10995238525887885,0.002060625073869415,0.129910198013647
-138.97283451387395,0.051787259361039124,56.204400661078914,-2.1956422328948975,2.519160747528076,2.237210273742676,0.05171819239532738,0.051788113134648185,0.18526888123659546
-139.02576847994155,0.015807294043810604,56.33617891583055,-2.1982522010803223,2.5282928943634033,2.230727434158325,0.0012157736722713253,0.015808147817419665,0.05349062648495817
-139.03169708414111,-0.040543345532596586,56.34620221843755,-2.1927573680877686,2.528334379196167,2.229346752166748,0.0071443778718389694,0.040542491758987526,0.04346732387796237
-139.09501293774713,0.15328795853693888,56.22298219071593,-2.193089485168457,2.523818254470825,2.239074230194092,0.07046023147785263,0.15328881231054794,0.16668735159957748
-139.13873980881354,-0.10726246687851401,56.267747250536196,-2.186068058013916,2.5327813625335693,2.23384428024292,0.11418710254426401,0.10726161310490495,0.12192229177931324
-139.0768036534199,0.15697956559153975,56.31404910291971,-2.198425531387329,2.5257997512817383,2.2324774265289307,0.05225094715061118,0.1569804193651488,0.07562043939579866
-139.34289416310523,-0.1015089937854371,56.41257458169714,-2.1786553859710693,2.5439293384552,2.222165107727051,0.3183414568359524,0.10150814001182804,0.022905039381633685
-139.0459858398848,-0.034597134660176554,56.38736776856521,-2.1953883171081543,2.529726505279541,2.2259693145751953,0.02143313361551691,0.03459628088656749,0.0023017737502968316
-139.13699128038604,0.009653124075342476,56.25624521197389,-2.188925266265869,2.5301222801208496,2.2366158962249756,0.11243857411676572,0.009653977848951537,0.1334243303416187
-139.026670064912,0.06651877733072474,56.24740353209331,-2.195730447769165,2.5246195793151855,2.237154245376587,0.002117358642721001,0.0665196311043338,0.1422660102222011
-139.22973158893646,0.07716945222484699,56.34688523735455,-2.190369129180908,2.5339393615722656,2.2304306030273438,0.20517888266718387,0.07717030599845605,0.04278430496096064
-139.17641513227534,-0.004218123485235448,56.309961234701454,-2.188985824584961,2.5345335006713867,2.23301362991333,0.15186242600606192,0.004217269711626388,0.07970830761405523
-139.18283551009515,0.009501980119955709,56.335881802601655,-2.1896133422851562,2.5340209007263184,2.231856107711792,0.15828280382586968,0.00950283389356477,0.05378773971385442
-139.06689987912335,-0.09131122552713977,56.3458948599249,-2.19154953956604,2.5323846340179443,2.230736017227173,0.04234717285407896,0.09131037175353071,0.04377468239061244
-139.0263695365885,0.04525123549637027,56.352410860393086,-2.197049856185913,2.526545286178589,2.2292885780334473,0.001816830319228302,0.04525208926997933,0.037258681922423875
-139.12863112884193,0.0032847489322533467,56.30770727227535,-2.191272258758545,2.530895709991455,2.2320947647094727,0.10407842257265543,0.003285602705862407,0.0819622700401581
-139.0395108205516,-0.049202688598457424,56.36264589886435,-2.1935818195343018,2.5307562351226807,2.228867769241333,0.01495811428233651,0.04920183482484836,0.02702364345115882
-139.1039058440465,-0.04647798071012869,56.29943591319047,-2.1899940967559814,2.530783176422119,2.2333624362945557,0.07935313777721831,0.046477126936519626,0.09023362912503785
-139.12516139274356,-0.043764491417284675,56.32394604702706,-2.190030813217163,2.5324389934539795,2.2325944900512695,0.10060868647428833,0.043763637643675614,0.06572349528845223
-139.0013573838479,-0.05445064396304294,56.3822451266877,-2.196524143218994,2.530975580215454,2.228698968887329,0.023195322421372566,0.054449790189433876,0.007424415627809822
-139.05211934975944,-0.10824560852051342,56.33038008522521,-2.1906514167785645,2.531310558319092,2.2318201065063477,0.027566643490160914,0.10824475474690436,0.05928945709030131
-139.06618953944968,-0.011777365480567103,56.33472408553734,-2.1940765380859375,2.529951810836792,2.2305736541748047,0.04163683318040512,0.011776511706958042,0.054945456778170865
-139.03519414099617,-0.033636928372388436,56.312642083950685,-2.193587064743042,2.5287342071533203,2.233597993850708,0.010641434726892385,0.033636074598779375,0.0770274583648245
-139.18832698218785,-0.017193568223181806,56.32713916046404,-2.1880459785461426,2.53463077545166,2.231584072113037,0.16377427591856986,0.017192714449572745,0.06253038185146664
-139.13641754449574,-0.01684255845264123,56.30792925342338,-2.1898152828216553,2.5309605598449707,2.23409104347229,0.11186483822646665,0.01684170467903217,0.08174028889212792
-139.12268886426403,-0.019637226891640765,56.364384182008116,-2.192173719406128,2.5337204933166504,2.2279322147369385,0.09813615799475883,0.019636373118031705,0.025285360307393034
-139.10805859906185,-0.021644776281056946,56.28481930836664,-2.190945863723755,2.529914617538452,2.2351393699645996,0.08350589279257292,0.021643922507447885,0.10485023394886639
-139.14760539435622,-0.09429604313484274,56.314619423715406,-2.187398910522461,2.5349690914154053,2.231782913208008,0.12305268808694336,0.09429518936123368,0.07505011860010313

Errors:
rotation,[20.161052986765547, 18.620534129793185, 16.331108166226365, 15.073087746259468, 9.316519657601681, 1.5173828281688289, 2.1935475193039093, 0.24192320834639527, 0.288775186766571, 0.07051454797464916, 0.09115419350878887, 0.39043639538797803, 0.3433710074284822, 0.2848518059115587, 0.44275463622941413, 0.05833118825238123, 0.255516882307336, 0.21090299996925588, 0.32513349362660054, 0.23578800333174355, 0.22157337743328887, 0.17743222699822211, 0.08432760151163152, 0.18932629531867595, 0.09118359255834368, 0.21606389383877578, 0.21009581940641617, 0.08506952823861627, 0.1951008553273666, 0.10835880166553402, 0.12130496769049626, 0.24349737221960924, 0.21044683179762674, 0.14305789142018357, 0.2100000492488872, 0.2923979960482802]
translation,[0.12242333873291766, 0.12036697551639541, 0.11817553098840161, 0.10948408998728354, 0.09302410342085565, 0.06547678699310211, 0.014280247687632475, 0.011771685680829869, 0.009670776822373384, 0.006116785052912022, 0.009854662833224559, 0.007106854755746461, 0.008202702094779468, 0.006617177899983062, 0.011659597134713096, 0.009414665421784818, 0.006782595115394585, 0.006231972394072471, 0.007028227073237581, 0.005974391368392951, 0.006597853991062053, 0.007194949464276235, 0.0086686256670081, 0.007529244685936298, 0.008147444149404492, 0.007592477587267332, 0.0069568962024755265, 0.006497894052095887, 0.007758708103271061, 0.007438207666029761, 0.006792825577228712, 0.0072171485142975556, 0.007173748705441518, 0.007567411901059806, 0.006633938679062368, 0.007245551714238907]
loss,
[0.09507852047681808, 0.09145127236843109, 0.06396981328725815, 0.04822774976491928, 0.04017186537384987, 0.016421446576714516, 0.005339679773896933, 0.0016122746746987104, 0.0013787471689283848, 0.0018031032523140311, 0.0015611465787515044, 0.0014167330227792263, 0.001301018986850977, 0.001647207885980606, 0.0034451547544449568, 0.002227218123152852, 0.0016034891596063972, 0.0013718651607632637, 0.0015557132428511977, 0.001653675688430667, 0.0014498913660645485, 0.0013696865644305944, 0.0015657860785722733, 0.0011915869545191526, 0.0012874903623014688, 0.0010321936570107937, 0.0014773961156606674, 0.0008745811646804214, 0.0009389839833602309, 0.002154233166947961, 0.0008990088826976717, 0.0011680814204737544, 0.0016947407275438309, 0.0017023372929543257, 0.0012030221987515688, 0.001620459370315075]

2022-04-28 15:19:13.148278