2022-04-28 15:13:57.747367

reference phi, theta, psi, translation: 175.36684180812657, -0.0, 39.4597479484966, 0.2069414258003235, 2.553555727005005, 3.112318754196167

phi,theta,psi,rot_x,rot_y,rot_z,phi_err,theta_err,psi_err
-174.60268024378553,2.426304892454245,32.24175771288345,-0.3459881842136383,2.1274664402008057,3.6064906120300293,10.030477948087878,2.426304892454245,7.217990235613151
-174.48562446178985,1.8835458004946894,32.17005097188207,-0.3273853361606598,2.1412782669067383,3.5899527072906494,10.14753373008358,1.8835458004946894,7.289696976614529
-174.08036201757633,1.207267013548665,32.98333184163925,-0.33277469873428345,2.2380378246307373,3.494112253189087,10.5527961742971,1.207267013548665,6.47641610685735
-175.15304322672682,3.127000538017563,35.24399468331924,-0.4043635129928589,2.3701229095458984,3.3692879676818848,9.48011496514664,3.127000538017563,4.215753265177362
-176.79936470351,3.93086513317153,38.66544134425372,-0.3784327507019043,2.572032928466797,3.191236972808838,7.833793488363426,3.93086513317153,0.7943066042428768
-179.18900200728737,5.239160390646203,40.230702135967206,-0.32657942175865173,2.641435146331787,3.118269205093384,5.444156184586063,5.239160390646203,0.7709541874706076
178.92504251662305,3.5358942649988707,40.14259269567404,-0.14571590721607208,2.627347469329834,3.1111321449279785,3.5582007084964857,3.5358942649988707,0.682844747177441
176.35812082274884,0.6830773276758109,40.30298602795345,0.13161081075668335,2.605177640914917,3.0802345275878906,0.991279014622279,0.6830773276758109,0.843238079456853
175.2538158377412,0.07702113406271568,38.942299647165605,0.2054254561662674,2.522711753845215,3.130185604095459,0.11302597038536533,0.07702113406271568,0.5174483013309938
175.38865743233558,-0.006386248250454327,39.52773565149491,0.20753926038742065,2.5533456802368164,3.1064329147338867,0.02181562420901173,0.006386248250454327,0.06798770299830892
175.3475396935321,-0.05421127772340911,39.58111699495314,0.21216513216495514,2.5551397800445557,3.1022274494171143,0.019302114594466957,0.05421127772340911,0.12136904645654312
175.2006769659985,0.015906636478701913,39.56653112598058,0.21453185379505157,2.554060697555542,3.101724147796631,0.1661648421280688,0.015906636478701913,0.10678317748398314
175.37817992214877,0.17458377131231695,39.492918762200766,0.19760403037071228,2.5528111457824707,3.108372211456299,0.011338114022208856,0.17458377131231695,0.0331708137041673
175.37349441237816,-0.022100419716256734,39.47112021346467,0.21009549498558044,2.5496668815612793,3.1090545654296875,0.006652604251598859,0.022100419716256734,0.011372264968073864
175.36794829877212,0.06108964453988124,39.529637859178756,0.20439787209033966,2.5542497634887695,3.106498956680298,0.0011064906455544588,0.06108964453988124,0.06988991068215711
175.32848346574778,0.06175119375127491,39.52091570760865,0.20643644034862518,2.553633689880371,3.1065480709075928,0.03835834237878544,0.06175119375127491,0.06116775911205252
175.28854051948153,0.13521749339007638,39.4994928192769,0.20369069278240204,2.5520482063293457,3.1062369346618652,0.0783012886450365,0.13521749339007638,0.03974487078030364
175.3850784132105,0.038597829048403996,39.49009447897897,0.20482391119003296,2.5515522956848145,3.1084985733032227,0.01823660508392777,0.038597829048403996,0.030346530482368905
175.41365592469782,0.10683611497451002,39.48385510117216,0.19978171586990356,2.551619052886963,3.108316659927368,0.046814116571255227,0.10683611497451002,0.02410715267556185
175.37061207254843,0.005131390344692168,39.48930217703525,0.2077949196100235,2.55196475982666,3.1084678173065186,0.0037702644218597925,0.005131390344692168,0.029554228538650307
175.37957328073946,0.04673730709985142,39.480914704734474,0.2052384316921234,2.5509588718414307,3.108973741531372,0.012731472612898642,0.04673730709985142,0.021166756237875006
175.44387268158596,0.05605428949210827,39.46498328849542,0.20006126165390015,2.551419973373413,3.110560178756714,0.07703087345939252,0.05605428949210827,0.0052353399988191995
175.37259282740771,-0.002657388753426509,39.56179097469659,0.2077924609184265,2.556445360183716,3.1059679985046387,0.005751019281149183,0.002657388753426509,0.10204302619999339
175.36178746814076,0.12897560756409066,39.51531153739465,0.2013133019208908,2.552748441696167,3.1053123474121094,0.00505433998580429,0.12897560756409066,0.05556358889805324
175.27421078260286,0.011103060239348025,39.49651485679878,0.21144193410873413,2.550443172454834,3.1052052974700928,0.09263102552370128,0.011103060239348025,0.036766908302183765
175.3778110919336,0.05612630294490367,39.47960330841383,0.203891783952713,2.5513858795166016,3.1084847450256348,0.010969283807042984,0.05612630294490367,0.019855359917229976
175.38387629991658,-0.011662549727428374,39.47736642146065,0.20733028650283813,2.550869941711426,3.1092519760131836,0.017034491790013817,0.011662549727428374,0.0176184729640525
175.3767865635581,0.04801245089064495,39.51284583910428,0.2055482566356659,2.553128242492676,3.1072139739990234,0.009944755431547492,0.04801245089064495,0.05309789060768111
175.3399581835534,0.04124773503021031,39.51931402824828,0.20733760297298431,2.553412437438965,3.107037305831909,0.026883624573173392,0.04124773503021031,0.05956607975168282
175.3530994675165,-0.03333680814584318,39.469805402049445,0.21037928760051727,2.5498619079589844,3.109685182571411,0.013742340610065185,0.03333680814584318,0.010057453552846596
175.41144294340674,0.014246929939566198,39.48092495001823,0.20537333190441132,2.550359010696411,3.1082866191864014,0.04460113528017473,0.014246929939566198,0.021177001521628824
175.35049033525357,0.12875225883814598,39.49736521535045,0.20058433711528778,2.5526278018951416,3.1068708896636963,0.016351472872997874,0.12875225883814598,0.03761726685385014
175.42872332200687,0.08659250666615946,39.48869087510453,0.20001162588596344,2.5517752170562744,3.1076507568359375,0.0618815138803086,0.08659250666615946,0.028942926607932407
175.30621704905354,0.00704693263169005,39.46304351477113,0.2105390429496765,2.5495803356170654,3.107701301574707,0.060624759073022005,0.00704693263169005,0.00329556627453087
175.34837297661085,-0.006201979384335754,39.44742287213931,0.20931266248226166,2.5484108924865723,3.1089282035827637,0.018468831515718875,0.006201979384335754,0.012325076357285525
175.36349501543327,0.02322735600396627,39.50897995203405,0.20735517144203186,2.5522778034210205,3.10657000541687,0.003346792693292855,0.02322735600396627,0.049232003537454716

Errors:
rotation,[19.674773076155276, 19.320776507192797, 18.236479294703116, 16.822868768341564, 12.558965225777833, 11.454270762702874, 7.7769397206727975, 2.517594421754943, 0.7074954057790749, 0.09618957545777498, 0.1948824387744192, 0.2888546560907539, 0.2190926990386931, 0.040125288935929454, 0.13208604586759282, 0.16127729524211287, 0.2532636528154165, 0.08718096461470068, 0.17775738422132709, 0.03845588330520226, 0.08063553595062506, 0.13832050295032, 0.11045143423456909, 0.18959353644794819, 0.1405009940652331, 0.08695094666917663, 0.04631551448149469, 0.11105509692987356, 0.12769743935506653, 0.05713660230875496, 0.08002506674136975, 0.182720998564994, 0.17741694715440048, 0.07096725797924293, 0.036995887257340154, 0.07580615223471385]
translation,[0.170370405351016, 0.16172392527495827, 0.1316073800627331, 0.10808533191257652, 0.08500505515168033, 0.06855854812158935, 0.04358969834573845, 0.0052205977495916045, 0.005667845366864377, 0.004644982668881248, 0.0065085375407862855, 0.007456047106566999, 0.00398717424765227, 0.004820145056370073, 0.004181335439785272, 0.0044301878681691775, 0.005815444473436848, 0.004326706213819698, 0.004678160350142235, 0.003936874438972282, 0.004314739817457891, 0.003058196768114918, 0.0030240888283934453, 0.006204428376008764, 0.007229226563040925, 0.004490134076584162, 0.004049097829057935, 0.004282346667698, 0.004146735577751137, 0.004194867205575825, 0.0052183730226431635, 0.005114733150301198, 0.005081805060521916, 0.005896666774249049, 0.005753759979949535, 0.00522578059560086]
loss,
[0.0789920836687088, 0.08223045617341995, 0.07108326256275177, 0.06149044632911682, 0.03765065222978592, 0.037484243512153625, 0.018749404698610306, 0.005709732882678509, 0.001436850056052208, 0.0022121926303952932, 0.0009775313083082438, 0.0028936255257576704, 0.0011761592468246818, 0.0030545329209417105, 0.000608220580033958, 0.0017611493822187185, 0.0017240564338862896, 0.001011812943033874, 0.0011086839949712157, 0.0006749152089469135, 0.0015855701640248299, 0.001632641302421689, 0.001187377842143178, 0.0013816836290061474, 0.0007111671147868037, 0.001268377061933279, 0.0015267618000507355, 0.0007436876185238361, 0.001296624424867332, 0.0015990788815543056, 0.0013855274301022291, 0.0014185337349772453, 0.0011962982825934887, 0.0011562078725546598, 0.000997249037027359, 0.0011646320344880223]

2022-04-28 15:16:34.707265