2022-04-27 15:45:31.678746

reference phi, theta, psi, translation: -86.91639066027085, -0.0, 34.793557367935236, -2.296917200088501, -0.12373751401901245, 3.3104169368743896

phi,theta,psi,rot_x,rot_y,rot_z,phi_err,theta_err,psi_err
-76.53055527251121,6.8177051513072,38.18892636661862,-2.336111545562744,-0.9462913274765015,3.345968008041382,10.385835387759641,6.8177051513072,3.395368998683381
-75.73987891381219,6.013843923661787,38.73312168873938,-2.3836188316345215,-0.9553751945495605,3.307999610900879,11.176511746458658,6.013843923661787,3.939564320804145
-73.97629674935821,5.070036379751419,40.97743988773553,-2.5536906719207764,-1.0587760210037231,3.1406822204589844,12.940093910912637,5.070036379751419,6.183882519800292
-74.89889821187603,6.055719704101613,41.501977925424995,-2.566838502883911,-1.045590877532959,3.1270604133605957,12.017492448394819,6.055719704101613,6.7084205574897595
-75.93154085211191,6.620541943217372,41.966915732416936,-2.6109955310821533,-1.0339597463607788,3.0844719409942627,10.984849808158941,6.620541943217372,7.1733583644817
-77.85706680178689,6.821140617401016,40.64778080744486,-2.570086717605591,-0.9455695152282715,3.137617349624634,9.059323858483964,6.821140617401016,5.854223439509624
-80.25102761530884,6.689721588265854,40.3058683677832,-2.5977532863616943,-0.8121505379676819,3.152991771697998,6.665363044962007,6.689721588265854,5.512310999847962
-81.31541014461779,5.5828430901904165,40.837328802196474,-2.6467857360839844,-0.7120729684829712,3.1328749656677246,5.600980515653063,5.5828430901904165,6.043771434261238
-82.09404487981007,5.123781679182961,40.41334480946793,-2.634568691253662,-0.6470626592636108,3.1495447158813477,4.822345780460779,5.123781679182961,5.619787441532694
-82.58523793397154,4.6870856144101,39.61295933686374,-2.5911967754364014,-0.6000730395317078,3.1865499019622803,4.331152726299308,4.6870856144101,4.819401968928503
-83.40246323797439,3.64150226205356,39.21270342131182,-2.577303647994995,-0.5008376836776733,3.194140672683716,3.5139274222964616,3.64150226205356,4.419146053376586
-84.3066368501115,2.641806162641581,38.81660367586986,-2.557243585586548,-0.40104591846466064,3.2000863552093506,2.609753810159347,2.641806162641581,4.023046307934621
-86.23316683759448,0.6092065477617762,38.02749826067995,-2.5124216079711914,-0.19501911103725433,3.2190732955932617,0.6832238226763678,0.6092065477617762,3.2339408927447124
-87.10334659823243,0.15881396202654668,35.61001769075105,-2.35874605178833,-0.131151482462883,3.305177688598633,0.18695593796158505,0.15881396202654668,0.8164603228158143
-86.73136766584437,0.27509751447399655,34.958086379757084,-2.3111233711242676,-0.14795225858688354,3.317312002182007,0.1850229944264754,0.27509751447399655,0.16452901182184831
-87.10463067379641,-0.17522168543108144,34.81840559613574,-2.2915565967559814,-0.10542495548725128,3.300342082977295,0.18824001352555797,0.17522168543108144,0.024848228200504252
-86.93087066131127,-0.1870529790733825,34.822513954921504,-2.290419578552246,-0.11391837894916534,3.2963526248931885,0.01448000104042535,0.1870529790733825,0.028956586986268462
-87.03218285727007,-0.10544759745272862,34.7757305742015,-2.2894909381866455,-0.11372017115354538,3.302520751953125,0.11579219699922305,0.10544759745272862,0.017826793733732416
-87.00732096869123,-0.11228019199576486,34.799793330647454,-2.289287805557251,-0.11490703374147415,3.299046754837036,0.09093030842038274,0.11228019199576486,0.006235962712217713
-86.97886640060895,-0.0796449073757438,34.860865467111125,-2.293917179107666,-0.11796825379133224,3.2987239360809326,0.062475740338101104,0.0796449073757438,0.06730809917588942
-87.01731353544696,-0.20859883195660384,34.780412668877545,-2.2905168533325195,-0.108030766248703,3.3017988204956055,0.10092287517610998,0.20859883195660384,0.013144699057690445
-86.95858073877402,-0.12270032439484937,34.843007937526124,-2.2924234867095947,-0.11638197302818298,3.3000545501708984,0.04219007850316814,0.12270032439484937,0.04945056959088845
-87.02697825312252,-0.01814895149271531,34.84892971153653,-2.294564962387085,-0.11942199617624283,3.3002772331237793,0.11058759285167241,0.01814895149271531,0.05537234360129162
-87.01402821445619,-0.040588952378864805,34.807589991585026,-2.2917487621307373,-0.11869621276855469,3.3020286560058594,0.09763755418534004,0.040588952378864805,0.014032623649789855
-86.87342877039147,-0.08529422336528657,34.80434906682385,-2.2900354862213135,-0.12124241888523102,3.300081968307495,0.0429618898793791,0.08529422336528657,0.010791698888617418
-86.90477933868183,-0.16668376468237447,34.92914003805457,-2.2986643314361572,-0.11548009514808655,3.2971272468566895,0.011611321589015233,0.16668376468237447,0.13558267011933367
-86.95385424786836,-0.09013466506616204,34.792201575384986,-2.289848566055298,-0.11828093230724335,3.301203966140747,0.03746358759751445,0.09013466506616204,0.001355792550249646
-86.928609868696,-0.10313087233841751,34.79262163201894,-2.288952112197876,-0.11809603869915009,3.2995026111602783,0.012219208425150896,0.10313087233841751,0.0009357359162933676
-87.17963981126148,-0.2064660471982584,34.79651483984585,-2.289055109024048,-0.1028437614440918,3.2971246242523193,0.2632491509906316,0.2064660471982584,0.0029574719106122416
-86.9423248885494,-0.10778143127170917,34.77090504555289,-2.2872579097747803,-0.11740735918283463,3.3002736568450928,0.02593422827854397,0.10778143127170917,0.022652322382349155
-86.93260552936046,-0.09901653486671971,34.79356761321899,-2.2914605140686035,-0.11815428733825684,3.3036649227142334,0.016214869089608897,0.09901653486671971,1.0245283753818057e-05
-86.96836839985465,-0.05296946194872786,34.85818120276731,-2.294754981994629,-0.11964612454175949,3.301335334777832,0.051977739583804805,0.05296946194872786,0.06462383483207645
-86.96978224901284,-0.035191164621205764,34.85220820233813,-2.2942891120910645,-0.12104832381010056,3.300302743911743,0.053391588741988016,0.035191164621205764,0.05865083440289709
-86.9828210801384,-0.0672653063361188,34.77229498904899,-2.288959264755249,-0.11781373620033264,3.302753210067749,0.06643041986754383,0.0672653063361188,0.021262378886248712
-86.97399647573074,-0.13145611700996163,34.82084397366943,-2.2911274433135986,-0.11549556255340576,3.2993314266204834,0.05760581545989396,0.13145611700996163,0.027286605734197167
-86.96911289047418,-0.0988633834530013,34.809068727540335,-2.2914950847625732,-0.11663763225078583,3.300605535507202,0.052722230203329445,0.0988633834530013,0.015511359605099528

Errors:
rotation,[20.598909537750224, 21.12991999092459, 24.194012810464347, 24.78163270998619, 24.778750115858013, 21.734687915394606, 18.867395633075823, 17.227595040104717, 15.565914901176434, 13.837640309637912, 11.574575737726608, 9.274606280735549, 4.526371263182856, 1.162230222803946, 0.6246495207223203, 0.38830992715714363, 0.23048956710007631, 0.2390665881856841, 0.20944646312836532, 0.20942874688973434, 0.32266640619040426, 0.21434097248890596, 0.18410888794567934, 0.1522591302139947, 0.1390478121332831, 0.31387775639072335, 0.12895404521392612, 0.11628581667986178, 0.47267267009950226, 0.1563679819326023, 0.11524164924008243, 0.16957103636460913, 0.14723358776609086, 0.15495810508991134, 0.21634853820405275, 0.16709697326143028]
translation,[0.1579505536533441, 0.15662016732898643, 0.15291553671855596, 0.14743871815166631, 0.14024232565631234, 0.1334947808750595, 0.13411635953350132, 0.13149389362790487, 0.1257057752271633, 0.11959260172820585, 0.10358601646106536, 0.08480180741217147, 0.05699144959495506, 0.031515992172170826, 0.0145775085736366, 0.011849830670570327, 0.015541746751795316, 0.011011405993623491, 0.013946792027277333, 0.011483087852707463, 0.011176926650206198, 0.011289281891500025, 0.009795773967697485, 0.009985438248507172, 0.012484406530599124, 0.010153675232582593, 0.011757708434460667, 0.01367121605289423, 0.015984913285791436, 0.014023006596605825, 0.008821855521025768, 0.008812287586051681, 0.009883602422922522, 0.011005310615117558, 0.01264754951439162, 0.011358847259325344]
loss,
[0.0726436972618103, 0.05981641635298729, 0.038906291127204895, 0.03313080966472626, 0.03410226106643677, 0.03198441490530968, 0.027390755712985992, 0.02362058125436306, 0.022336304187774658, 0.024902908131480217, 0.018550854176282883, 0.018148628994822502, 0.01057685911655426, 0.004458456300199032, 0.0031311349011957645, 0.0021393124479800463, 0.001961285015568137, 0.0018483939347788692, 0.0021708114072680473, 0.0017410563305020332, 0.001699285814538598, 0.001712223282083869, 0.0019099605269730091, 0.0013710088096559048, 0.002121938858181238, 0.001450636307708919, 0.0018163991626352072, 0.0014627956552430987, 0.00202112621627748, 0.0018356641521677375, 0.0020959549583494663, 0.0016616665525361896, 0.0013935347087681293, 0.002207833109423518, 0.002140643773600459, 0.0017294702120125294]

2022-04-27 16:13:42.858147