2022-04-19 14:51:36.577183

reference phi, theta, psi, translation: 175.36684180812657, -0.0, 39.4597479484966, 0.2069414258003235, 2.553555727005005, 3.112318754196167

phi,theta,psi,rot_x,rot_y,rot_z,phi_err,theta_err,psi_err
-174.60268024378553,2.426304892454245,32.24175771288345,-0.3459881842136383,2.1274664402008057,3.6064906120300293,10.030477948087878,2.426304892454245,7.217990235613151
-174.6023933758404,2.3768044831773643,32.26565654478932,-0.3432961106300354,2.1303751468658447,3.6050801277160645,10.03076481603307,2.3768044831773643,7.194091403707276
-175.12404224351096,2.287615014023582,33.57817301645566,-0.3603823781013489,2.2592437267303467,3.5142157077789307,9.509115948362478,2.287615014023582,5.881574932040941
-178.99484704994057,5.936378987746254,34.26165638632049,-0.4074004888534546,2.347215414047241,3.4410221576690674,5.638311141932832,5.936378987746254,5.19809156217611
179.13807611683575,5.444586795353431,36.46236382746611,-0.29731008410453796,2.4792590141296387,3.3424413204193115,3.7712343087091824,5.444586795353431,2.9973841210304855
177.6187005359664,3.466125145401819,38.305254733467685,-0.09928949922323227,2.5774052143096924,3.258312940597534,2.2518587278398456,3.466125145401819,1.1544932150289142
176.62754446474918,1.6096319053429142,38.50885925753118,0.05567220598459244,2.5689291954040527,3.2290878295898438,1.2607026566226125,1.6096319053429142,0.9508886909654208
175.7315875701836,0.5077310584569498,38.775789880484446,0.15969564020633698,2.555091142654419,3.1864898204803467,0.36474576205702647,0.5077310584569498,0.6839580680121529
175.39955841425092,0.10633771523722545,39.01763663371084,0.19804619252681732,2.5376486778259277,3.1439712047576904,0.03271660612435312,0.10633771523722545,0.4421113147857554
175.40188067856874,-0.025361982520792005,39.550066954986264,0.20585958659648895,2.5538763999938965,3.103774309158325,0.035038870442178904,0.025361982520792005,0.09031900648966484
175.3935068666463,0.018878969529173437,39.52917682140978,0.20424868166446686,2.5512869358062744,3.1030378341674805,0.02666505851973966,0.018878969529173437,0.06942887291317845
175.33219908865627,0.08083591569188368,39.46967221336063,0.20410192012786865,2.5491676330566406,3.1063177585601807,0.03464271947029829,0.08083591569188368,0.00992426486403275
175.34663810856168,-0.004182272203115394,39.411605360131766,0.20731055736541748,2.5470783710479736,3.110826253890991,0.02020369956488821,0.004182272203115394,0.04814258836483276
175.39510513091207,0.06115899173615567,39.43636479587306,0.20207133889198303,2.5496983528137207,3.11012601852417,0.028263322785505807,0.06115899173615567,0.02338315262353774
175.28795312321293,-0.011637821805401094,39.416618718982555,0.21090681850910187,2.5471370220184326,3.110470771789551,0.0788886849136361,0.011637821805401094,0.04312922951404374
175.3842861112668,0.10626699942305232,39.485712912626404,0.20012326538562775,2.5545411109924316,3.1100552082061768,0.017444303140223383,0.10626699942305232,0.025964964129805423
175.33837357966596,-0.0010219238836370946,39.45667777846468,0.20878899097442627,2.5506680011749268,3.1106302738189697,0.02846822846061059,0.0010219238836370946,0.003070170031918451
175.39222279108233,0.05968911756934844,39.419637662595704,0.2019275277853012,2.54791522026062,3.111084461212158,0.02538098295576674,0.05968911756934844,0.04011028590089438
175.34513546694427,0.04569463411968893,39.35859967707788,0.20437556505203247,2.544088840484619,3.1137280464172363,0.021706341182294864,0.04569463411968893,0.1011482714187153
175.3246312390559,0.03857411541581307,39.53200793482075,0.2074117809534073,2.553034782409668,3.10501766204834,0.042210569070675774,0.03857411541581307,0.07225998632414843
175.39802845187685,0.04483605980409522,39.4472213815588,0.20215438306331635,2.5515170097351074,3.1113555431365967,0.031186643750288567,0.04483605980409522,0.012526566937800965
175.3375402965872,0.10848253040786923,39.49724910213455,0.20284947752952576,2.5545945167541504,3.1086325645446777,0.02930151153935867,0.10848253040786923,0.03750115363795459
175.33529999453944,0.037545706780146175,39.4026919632649,0.20608840882778168,2.547872543334961,3.113161563873291,0.03154181358712549,0.037545706780146175,0.05705598523169897
175.3608449020353,0.024528308028963223,39.44205775854627,0.20577207207679749,2.549455165863037,3.1097729206085205,0.0059969060912692385,0.024528308028963223,0.017690189950329227
175.3447393159724,0.042770402617043485,39.51743914132111,0.2056635618209839,2.553037405014038,3.1063432693481445,0.02210249215417548,0.042770402617043485,0.05769119282451385
175.40621101850252,0.005809827574673499,39.42838030473332,0.20499566197395325,2.548492431640625,3.1103382110595703,0.03936921037595198,0.005809827574673499,0.03136764376328216
175.34483493862078,0.026778127063668767,39.456879269045196,0.20642174780368805,2.5503690242767334,3.110367774963379,0.022006869505787563,0.026778127063668767,0.002868679451403011
175.3254235409996,0.04272098537183612,39.45516830665811,0.20575082302093506,2.5495927333831787,3.1091537475585938,0.041418267126971386,0.04272098537183612,0.004579641838489579
175.37143169524882,0.04253172318590808,39.51804019796808,0.20475558936595917,2.55334210395813,3.106076240539551,0.004589887122250502,0.04253172318590808,0.05829224947147793
175.31994572928525,-0.0011201259198665122,39.49695198890566,0.2094680666923523,2.551593542098999,3.1074254512786865,0.04689607884131419,0.0011201259198665122,0.03720404040905834
175.36650029866806,0.04123370459625373,39.45160294791136,0.20448192954063416,2.5495011806488037,3.108211040496826,0.00034150945850797143,0.04123370459625373,0.008145000585237483
175.33103795649737,0.05080577916202673,39.49218451686499,0.20516405999660492,2.550628423690796,3.1060080528259277,0.03580385162919697,0.05080577916202673,0.032436568368389374
175.29183267066148,-0.010439772214263511,39.43703415441173,0.21033112704753876,2.547452926635742,3.1086368560791016,0.07500913746508786,0.010439772214263511,0.022713794084872063
175.37438233697026,0.05753797055757482,39.5128868202393,0.20404456555843353,2.553473949432373,3.1067817211151123,0.007540528843691163,0.05753797055757482,0.053138871742703486
175.3775652051235,0.02718775954622934,39.455062438725975,0.20447374880313873,2.5508463382720947,3.110867977142334,0.01072339699692293,0.02718775954622934,0.004685509770624208
175.37305728027127,0.04800104129027056,39.445247456888666,0.20362697541713715,2.550359010696411,3.1110215187072754,0.0062154721447029715,0.04800104129027056,0.014500491607932986

Errors:
rotation,[19.674773076155276, 19.601660702917712, 17.678305894427, 16.772781691855194, 12.213205225093098, 6.872477088270578, 3.8212232529309476, 1.556434888526129, 0.581165636147334, 0.15071985945263575, 0.11497290096209155, 0.12540290002621474, 0.07252856013283637, 0.1128054671451992, 0.13365573623308094, 0.14967626669308112, 0.032560322376166136, 0.12518038642600957, 0.1685492467206991, 0.15304467081063727, 0.08854927049218475, 0.1752851955851825, 0.12614350559897064, 0.048215404070561685, 0.12256408759573281, 0.07654668171390763, 0.05165367602085934, 0.08871889433729709, 0.10541385977963652, 0.08522024517023905, 0.049720214639999184, 0.11904619915961306, 0.10816270376422343, 0.11821737114396946, 0.042596666313776475, 0.06871700504290651]
translation,[0.170370405351016, 0.1704129376620891, 0.16217174689537384, 0.15408667938293963, 0.14104476871480642, 0.12452746886993182, 0.09555323053056952, 0.056377846773040474, 0.014045833044354694, 0.006445263591872141, 0.008738201936815848, 0.007557873243857927, 0.005234408999682749, 0.004383447046847344, 0.005285175698959144, 0.001467179328964896, 0.003037370379981752, 0.0047789653460679204, 0.00503149404262615, 0.0059405188286589805, 0.002278029453625763, 0.0023948491309857545, 0.0029900707457581888, 0.004622724474666384, 0.005005879719500506, 0.004835162813694005, 0.003551418555177932, 0.005014879185785581, 0.0050649488680587496, 0.004889962025428574, 0.005865482889491069, 0.006817251213255382, 0.006532115907003089, 0.004473137057115828, 0.002962232361508832, 0.0031951252188484602]
loss,
[0.15943285822868347, 0.1546577513217926, 0.11700810492038727, 0.0472588948905468, 0.034187816083431244, 0.020426923409104347, 0.015872595831751823, 0.011157844215631485, 0.0032272017560899258, 0.0026715430431067944, 0.002494282554835081, 0.001967452233657241, 0.0021180990152060986, 0.002151849213987589, 0.0019085949752479792, 0.0022655772045254707, 0.0025645624846220016, 0.002335493452847004, 0.002065288368612528, 0.0024970239028334618, 0.002622276544570923, 0.002293055411428213, 0.0019141181837767363, 0.0021140496246516705, 0.0023576742969453335, 0.003216829849407077, 0.0027011483907699585, 0.0018763262778520584, 0.0023564379662275314, 0.0027314312756061554, 0.0023765626829117537, 0.002204321324825287, 0.0023827138356864452, 0.0025498047471046448, 0.0022963029332458973, 0.002248598961159587]

2022-04-19 15:00:57.303692