2022-04-20 23:30:29.404057

reference phi, theta, psi, translation: 16.672973292337613, -0.0, 55.56417970941693, 0.9538894295692444, -3.184936285018921, 2.279534101486206

phi,theta,psi,rot_x,rot_y,rot_z,phi_err,theta_err,psi_err
26.607018987257597,-4.879078348390559,61.415046110949504,1.4386786222457886,-3.2383759021759033,2.121750593185425,9.934045694919984,4.879078348390559,5.850866401532571
26.622883809152242,-5.473589690849175,60.10869730010369,1.4040290117263794,-3.2210304737091064,2.18403959274292,9.94991051681463,5.473589690849175,4.544517590686759
28.307486788686067,-7.377341676544382,54.29766114671606,1.3467210531234741,-3.1100404262542725,2.43007230758667,11.634513496348454,7.377341676544382,1.266518562700874
28.35169177299439,-6.207456368633085,52.385563348949326,1.3222883939743042,-3.0349674224853516,2.5435945987701416,11.678718480656777,6.207456368633085,3.1786163604676076
28.404595003210723,-5.559044554859802,52.09232625240775,1.3318389654159546,-2.9969065189361572,2.5652074813842773,11.73162171087311,5.559044554859802,3.471853457009182
27.56226704646078,-3.6585149224822877,51.93921390178358,1.3720790147781372,-2.9752211570739746,2.564235210418701,10.889293754123166,3.6585149224822877,3.6249658076333517
26.21096705313982,-1.7497385467082458,51.85055463126223,1.3948063850402832,-2.9475200176239014,2.574443817138672,9.537993760802209,1.7497385467082458,3.713625078154706
23.395110577228053,0.6098600866184322,50.95885977473872,1.3232327699661255,-2.9362525939941406,2.633235216140747,6.72213728489044,0.6098600866184322,4.605319934678214
18.582045316302025,3.1975233653193955,52.35175732765235,1.1831237077713013,-3.093937873840332,2.5478029251098633,1.9090720239644128,3.1975233653193955,3.2124223817645827
16.866496457186166,0.7758226233301093,54.93744838136573,1.0202219486236572,-3.265875816345215,2.400459051132202,0.19352316484855336,0.7758226233301093,0.6267313280511999
17.179985064616826,0.06423760800915555,53.969607160880344,0.9930543303489685,-3.2027997970581055,2.447861671447754,0.5070117722792133,0.06423760800915555,1.5945725485365898
17.062133565582844,0.2929213153294397,54.67669907961133,1.0006077289581299,-3.224700927734375,2.392667531967163,0.3891602732452313,0.2929213153294397,0.8874806298056015
16.9549781427891,0.35962889443248264,54.43396440179283,0.9920719265937805,-3.1959311962127686,2.3970654010772705,0.2820048504514858,0.35962889443248264,1.1302153076241055
16.87030941029033,-0.05777212728383711,54.43662476047455,0.9663190841674805,-3.1897923946380615,2.387742757797241,0.197336117952716,0.05777212728383711,1.1275549489423824
17.01940390213524,0.3087593484553595,55.10919007295112,0.993066668510437,-3.200338363647461,2.3417584896087646,0.3464306097976291,0.3087593484553595,0.45498963646581103
16.850489908866244,0.05213479401895221,54.96648351552746,0.9694836139678955,-3.188570261001587,2.337327718734741,0.1775166165286315,0.05213479401895221,0.597696193889476
16.836610964472776,0.0952081786959439,55.25431110224638,0.9706594944000244,-3.1860191822052,2.312159538269043,0.16363767213516311,0.0952081786959439,0.3098686071705501
16.760911977901525,0.09100452963232875,55.29006031236223,0.9642550349235535,-3.1823642253875732,2.305041551589966,0.0879386855639126,0.09100452963232875,0.27411939705470445
16.721471050539286,0.050633668701739125,55.38683043252297,0.9601883888244629,-3.1825485229492188,2.293715715408325,0.048497758201673236,0.050633668701739125,0.1773492768939633
16.73113918330944,0.07586787504145587,55.531900235399455,0.9623808264732361,-3.1832563877105713,2.2837154865264893,0.05816589097182856,0.07586787504145587,0.03227947401747855
16.73870361781523,0.04954156894803865,55.49000727012518,0.9595826864242554,-3.1780030727386475,2.2823703289031982,0.0657303254776167,0.04954156894803865,0.07417243929175044
16.66846365993811,-0.03742357612507808,55.5176319702233,0.9514288306236267,-3.1794700622558594,2.2796642780303955,0.004509632399503971,0.03742357612507808,0.04654773919363464
16.70396869079113,0.019052647150497242,55.65784892369449,0.9581494331359863,-3.1832873821258545,2.2720611095428467,0.030995398453516287,0.019052647150497242,0.09366921427755415
16.66842267880309,-0.05780303039004129,55.46287434364731,0.9508157968521118,-3.177617073059082,2.2822015285491943,0.004550613534522796,0.05780303039004129,0.10130536576962612
16.632823732848983,0.15504148178048824,55.585332805276465,0.9580386281013489,-3.1792802810668945,2.273491382598877,0.040149559488629194,0.15504148178048824,0.021153095859531845
16.683635217632002,0.06941728259356224,55.53874750004239,0.9565214514732361,-3.1768577098846436,2.2763547897338867,0.010661925294389363,0.06941728259356224,0.025432209374542936
16.663098546345065,0.05265683576356676,55.523960140489315,0.9552162885665894,-3.1773085594177246,2.2777504920959473,0.009874745992547673,0.05265683576356676,0.040219568927618354
16.64440431858674,0.025658866415841326,55.511467724497365,0.9532010555267334,-3.1785104274749756,2.2799270153045654,0.028568973750871862,0.025658866415841326,0.05271198491956852
16.68209330242687,0.0038324838733061538,55.57199003073284,0.9551094174385071,-3.180539131164551,2.2771921157836914,0.009120010089258557,0.0038324838733061538,0.0078103213159081974
16.709687266673722,0.0689223480884628,55.52215697054843,0.9583587646484375,-3.1761629581451416,2.27854061126709,0.036713974336109345,0.0689223480884628,0.042022738868503495
16.677617820973218,-0.056744785453674874,55.54923867060753,0.9517936110496521,-3.1788737773895264,2.2773804664611816,0.004644528635605383,0.056744785453674874,0.014941038809404006
16.605714712033205,0.12774788835124878,55.54367548152856,0.9551681280136108,-3.178062677383423,2.276761531829834,0.0672585803044079,0.12774788835124878,0.020504227888373805
16.655783413743983,0.04563020819548196,55.49169432685017,0.9538859128952026,-3.1752004623413086,2.2790539264678955,0.01718987859362997,0.04563020819548196,0.07248538256676085
16.624653119054354,0.05409740576068347,55.551789746262536,0.9535068273544312,-3.1785075664520264,2.27559757232666,0.04832017328325833,0.05409740576068347,0.012389963154397776
16.668152886330876,0.04570644868039928,55.56253704892155,0.9554281830787659,-3.1787004470825195,2.276233196258545,0.0048204060067362775,0.04570644868039928,0.0016426604953849733
16.644720214835854,0.0559559159658963,55.54810144411073,0.9544304013252258,-3.179090738296509,2.2775187492370605,0.028253077501759094,0.0559559159658963,0.016078265306205708

Errors:
rotation,[20.663990444843115, 19.968017798350562, 20.27837373559371, 21.06479120975747, 20.762519722742095, 18.172774484238808, 15.00135738566516, 11.937317306187087, 8.31901777104839, 1.5960771162298626, 2.1658219288249585, 1.5695622183802724, 1.771849052508074, 1.3826631941789356, 1.1101795947187996, 0.8273476044370598, 0.5687144580016571, 0.4530626122509458, 0.27648070379737566, 0.16631324003076298, 0.1894443337174058, 0.08848094771821668, 0.1437172598815677, 0.1636590096941902, 0.21634413712864928, 0.10551141726249454, 0.10275115068373278, 0.1069398250862817, 0.02076281527847291, 0.14765906129307566, 0.07633035289868426, 0.2155106965440305, 0.1353054693558728, 0.11480754219833958, 0.05216951518252053, 0.1002872587738611]
translation,[0.09908907901583852, 0.10606387217426327, 0.13915415797054909, 0.14371812130022033, 0.13246731609982376, 0.12938119919952396, 0.12352155317868263, 0.1289735359548585, 0.1478103597359457, 0.14846457840718763, 0.12051059781612583, 0.10707966558954052, 0.08519297359708311, 0.06885450009374416, 0.05692444884537551, 0.03949512586551851, 0.023372317255768493, 0.014911966846207214, 0.007646772373012034, 0.0030568683798311014, 0.002516597284420996, 0.004825853557974824, 0.004513586404899961, 0.004996132172187195, 0.0068992234225184745, 0.0075546644157711285, 0.006718949643365946, 0.005015601834755579, 0.004509051901917083, 0.006428876360819125, 0.00650324483167708, 0.006694540792909542, 0.00796056955181701, 0.00739552966764645, 0.006427990159704855, 0.005629270003820075]
loss,
[0.1397780478000641, 0.1414692997932434, 0.09568139165639877, 0.09586840867996216, 0.0960867628455162, 0.08666233718395233, 0.10080619156360626, 0.06786680221557617, 0.03257709741592407, 0.02245328389108181, 0.01410268060863018, 0.016334202140569687, 0.008704300969839096, 0.012115882709622383, 0.006822090595960617, 0.005460686981678009, 0.002090845489874482, 0.003310915781185031, 0.0017439157236367464, 0.0022978344932198524, 0.0017035312484949827, 0.001796771539375186, 0.0013256132369861007, 0.001579167554154992, 0.001827623462304473, 0.0014184437459334731, 0.0010567189892753959, 0.0015434430679306388, 0.0015063810860738158, 0.0017469553276896477, 0.001633222564123571, 0.0013691713102161884, 0.001323212869465351, 0.0019156507914885879, 0.0014854548498988152, 0.0016864165663719177]

2022-04-20 23:35:01.991878