2022-04-20 23:35:05.533815

reference phi, theta, psi, translation: -86.91639066027085, -0.0, 34.793557367935236, -2.296917200088501, -0.12373751401901245, 3.3104169368743896

phi,theta,psi,rot_x,rot_y,rot_z,phi_err,theta_err,psi_err
-76.53055527251121,6.8177051513072,38.18892636661862,-2.336111545562744,-0.9462913274765015,3.345968008041382,10.385835387759641,6.8177051513072,3.395368998683381
-76.15937547225603,6.327673797008171,38.10691628525427,-2.3365604877471924,-0.9352517127990723,3.3469066619873047,10.757015188014819,6.327673797008171,3.313358917319036
-77.0599154237547,3.5586435844100097,38.88867241689725,-2.497741937637329,-0.7721843123435974,3.2515370845794678,9.856475236516147,3.5586435844100097,4.095115048962015
-80.78720429534401,6.9851542581825194,37.48544078776939,-2.4303135871887207,-0.796637773513794,3.278454065322876,6.129186364926838,6.9851542581825194,2.6918834198341557
-83.09401872524579,7.046612830826021,34.960804795046755,-2.3036293983459473,-0.7008630037307739,3.3668386936187744,3.8223719350250605,7.046612830826021,0.1672474271115192
-84.20572763531374,5.11815045718719,34.22799379899608,-2.265958070755005,-0.524457573890686,3.389519214630127,2.710663024957114,5.11815045718719,0.5655635689391545
-85.7353006886139,2.0571933679448393,34.34070899577422,-2.2832701206207275,-0.2915326952934265,3.3642191886901855,1.1810899716569452,2.0571933679448393,0.45284837216101437
-86.8155907284998,0.26067379685281294,34.53151374533311,-2.284799098968506,-0.14402823150157928,3.3344578742980957,0.10079993177104996,0.26067379685281294,0.2620436226021283
-86.99310734502843,-0.002093928662858244,34.80712895381605,-2.293769359588623,-0.1212804913520813,3.3072474002838135,0.07671668475758509,0.002093928662858244,0.013571585880811199
-86.73766510025912,0.09976270699747437,34.80489548195746,-2.291189193725586,-0.13679833710193634,3.305924654006958,0.17872556001172768,0.09976270699747437,0.011338114022223067
-86.85172925939834,0.16718592704466645,34.806633765101225,-2.2914352416992188,-0.13754554092884064,3.304659366607666,0.06466140087250949,0.16718592704466645,0.013076397165988851
-86.77898091454854,0.22927744151486776,34.859755561370996,-2.294489860534668,-0.14420351386070251,3.3035922050476074,0.13740974572230868,0.22927744151486776,0.06619819343575983
-86.91996284920677,0.1295997711130312,34.78360919740911,-2.289821147918701,-0.131831556558609,3.3052847385406494,0.0035721889359194847,0.1295997711130312,0.009948170526122624
-86.88427511079345,0.0925143371687438,34.92336511311133,-2.2977240085601807,-0.13150730729103088,3.3007917404174805,0.032115549477396144,0.0925143371687438,0.1298077451760946
-86.86711084540921,0.08726142585796363,34.880990619500565,-2.2954821586608887,-0.1325889676809311,3.3011209964752197,0.04927981486163446,0.08726142585796363,0.08743325156532933
-86.81935416273248,0.1836229859951231,34.79369397171863,-2.2902510166168213,-0.13862624764442444,3.305604934692383,0.09703649753836885,0.1836229859951231,0.00013660378339608314
-86.86903012856598,0.07952992392577385,34.92527415098434,-2.2974228858947754,-0.13211560249328613,3.299558162689209,0.04736053170486798,0.07952992392577385,0.13171678304910728
-86.82172423837447,0.10631657975020815,34.87144543013547,-2.2954134941101074,-0.13469208776950836,3.3015384674072266,0.09466642189637753,0.10631657975020815,0.07788806220023758
-86.86116175064213,0.14318799746243746,34.915988508807715,-2.2967123985290527,-0.13553902506828308,3.3004391193389893,0.055228909628723954,0.14318799746243746,0.12243114087247875
-86.81145846405194,0.11045827942015676,34.99466545785709,-2.3023717403411865,-0.1356726735830307,3.2968251705169678,0.10493219621891114,0.11045827942015676,0.2011080899218527
-86.83648427717087,0.12835905840092784,34.74057559054344,-2.2875280380249023,-0.13546335697174072,3.307785987854004,0.07990638309998133,0.12835905840092784,0.05298177739179266
-86.88669299775964,0.18896838720045744,34.817193237558065,-2.2931463718414307,-0.1370733082294464,3.3061001300811768,0.029697662511210865,0.18896838720045744,0.023635869622829375
-86.87781375183862,0.03453937031519048,34.77485972508232,-2.2908406257629395,-0.12842333316802979,3.3079895973205566,0.03857690843223338,0.03453937031519048,0.018697642852913532
-86.77458910291222,0.09143984813947519,34.846826013272164,-2.294515609741211,-0.13605815172195435,3.304760456085205,0.1418015573586331,0.09143984813947519,0.05326864533692799
-86.84587578727964,0.10811675613094798,34.89757431880536,-2.2961201667785645,-0.13481846451759338,3.3015637397766113,0.07051487299121106,0.10811675613094798,0.10401695087012541
-86.88474639384619,0.06011431549284453,34.81581695444031,-2.2910971641540527,-0.12934614717960358,3.303525447845459,0.03164426642466367,0.06011431549284453,0.022259586505072093
-86.84183231529099,0.2218014872768565,34.839688465589504,-2.2936019897460938,-0.14051896333694458,3.3042545318603516,0.07455834497986302,0.2218014872768565,0.046131097654267705
-86.87110650607367,0.08547383103232024,34.806449349993635,-2.2917232513427734,-0.13135555386543274,3.304950714111328,0.04528415419717646,0.08547383103232024,0.01289198205839881
-86.89232107363573,0.06823917475187842,34.80951952002555,-2.292332410812378,-0.12873893976211548,3.305168867111206,0.02406958663512171,0.06823917475187842,0.01596215209031726
-86.86597703400699,0.13340125044310686,34.89000988429957,-2.296856641769409,-0.13520433008670807,3.302847385406494,0.05041362626386103,0.13340125044310686,0.09645251636433727
-86.87556661960168,0.12089039522007487,34.79255674522183,-2.290313243865967,-0.13385851681232452,3.3056862354278564,0.040824040669164674,0.12089039522007487,0.001000622713405619
-86.8413951831841,0.19213667311074403,34.822971577595894,-2.2928004264831543,-0.13936737179756165,3.3057217597961426,0.0749954770867447,0.19213667311074403,0.029414209660657775
-86.85296552363812,0.11080109416045734,34.83992069202128,-2.2937839031219482,-0.13397961854934692,3.304455518722534,0.06342513663273053,0.11080109416045734,0.0463633240860446
-86.87106552493864,0.10154115461832798,34.87260997738896,-2.2952816486358643,-0.13225795328617096,3.3029396533966064,0.045325135332205946,0.10154115461832798,0.07905260945372561
-86.87849677075562,0.09874838394358314,34.811677859803275,-2.2920491695404053,-0.13203105330467224,3.305769681930542,0.03789388951523165,0.09874838394358314,0.018120491868039323
-86.82246872899401,0.23444721907618662,34.84268008844597,-2.2944955825805664,-0.14219367504119873,3.3063035011291504,0.09392193127683868,0.23444721907618662,0.049122720510730744

Errors:
rotation,[20.598909537750224, 20.398047902342025, 17.51023386988817, 15.806224042943512, 11.0362321929626, 8.39437705108346, 3.691131711762799, 0.6235173512259913, 0.09238219930125453, 0.2898263810314251, 0.2449237250831648, 0.43288538067293625, 0.1431201305750733, 0.25443763182223456, 0.22397449228492744, 0.28079608731688804, 0.2586072386797491, 0.27887106384682325, 0.3208480479636402, 0.4164985655609206, 0.26124721889270186, 0.24230191933449768, 0.09181392160033738, 0.2865100508350363, 0.28264857999228443, 0.1140181684225803, 0.34249092991098723, 0.14364996728789553, 0.10827091347731739, 0.28026739307130516, 0.16271505860264518, 0.2965463598581465, 0.22058955487923249, 0.22591889940425952, 0.15476276532685412, 0.377491870863756]
translation,[0.1579505536533441, 0.15647127331519162, 0.1410979800667551, 0.12691357918144508, 0.10813679191697378, 0.07964506044276387, 0.045178844181002376, 0.01357883810448346, 0.004471164987486453, 0.006529560938997037, 0.007403252358210821, 0.00630590435217826, 0.007999773686088396, 0.007193485451016279, 0.00816751268309357, 0.007263686629164212, 0.008357363683101582, 0.0077942588544894775, 0.007926523192734791, 0.007650401801492457, 0.007127992600875821, 0.00526156981372683, 0.005307391693248675, 0.005615803301307842, 0.0073660737483418615, 0.008799060057723906, 0.006398599312144704, 0.007206773461172489, 0.006765204719074269, 0.005879614480853945, 0.007322908142722184, 0.005690572466082955, 0.0063529157794945945, 0.006800299816986488, 0.006326407934684752, 0.0041483714911398906]
loss,
[0.16300682723522186, 0.1308830976486206, 0.08275827765464783, 0.050128351897001266, 0.04152249917387962, 0.026073768734931946, 0.011915847659111023, 0.003909475635737181, 0.0009618249605409801, 0.0014957049861550331, 0.0015560949686914682, 0.0011121871648356318, 0.0008856846252456307, 0.0013814354315400124, 0.0014718681341037154, 0.0010078526102006435, 0.0013918419135734439, 0.0018019976560026407, 0.0021390391048043966, 0.001272418419830501, 0.0011723744682967663, 0.0014927306910976768, 0.001855451613664627, 0.0017712598200887442, 0.0011694999411702156, 0.0015913324896246195, 0.0013236664235591888, 0.0014427462592720985, 0.0012736532371491194, 0.0011284591164439917, 0.0011443791445344687, 0.0012830146588385105, 0.0015333537012338638, 0.002003142610192299, 0.0016638091765344143, 0.0013337787240743637]

2022-04-20 23:39:36.557571