2022-04-20 23:25:56.006041

reference phi, theta, psi, translation: 164.57178246643477, -4.268868188959204e-07, 11.003265705708584, 0.2046843022108078, 0.7416750192642212, 3.957021951675415

phi,theta,psi,rot_x,rot_y,rot_z,phi_err,theta_err,psi_err
174.68706040079186,1.035587752499106,3.46078983121423,-0.0498787984251976,0.24902896583080292,4.223120212554932,10.115277934357096,1.035588179385925,7.542475874494354
174.30661886402217,0.5451660084023867,4.051255842980424,-0.011982964351773262,0.291816771030426,4.212686061859131,9.7348363975874,0.5451664352892056,6.9520098627281595
171.5480010809024,-2.828626195314905,8.289078303139748,0.27397656440734863,0.5980689525604248,4.159252643585205,6.976218614467626,2.828625768428086,2.714187402568836
167.7948531131154,-4.114822054796908,11.993121479662573,0.45086899399757385,0.8058735728263855,4.12121057510376,3.2230706466806396,4.114821627910088,0.9898557739539893
163.7003732717462,-4.968344935559799,12.455426248729472,0.5894951224327087,0.7655478119850159,4.0921831130981445,0.8714091946885674,4.968344508672979,1.452160543020888
163.97052091379854,-2.8873107091508623,12.162888392804179,0.4362281858921051,0.7801647186279297,4.048218727111816,0.601261552636231,2.8873102822640435,1.1596226870955952
164.48901423407256,-1.0561934968525275,11.27851037642905,0.28547659516334534,0.7474403381347656,3.995225191116333,0.08276823236221276,1.0561930699657085,0.27524467072046654
164.68687115394948,-0.17767507504547134,11.269917144679528,0.22238337993621826,0.7568213939666748,3.9522042274475098,0.11508868751471368,0.17767464815865244,0.26665143897094445
164.44377106101038,-0.4710059915121288,11.179839756131754,0.2420688271522522,0.7454354166984558,3.9562582969665527,0.12801140542438816,0.4710055646253099,0.1765740504231701
164.54071876608955,-0.5020959963831172,11.125061638988251,0.24282880127429962,0.7402392625808716,3.951829433441162,0.03106370034521433,0.5020955694962983,0.12179593327966742
164.6686891903789,-0.4897207400236883,11.051108619523585,0.24065527319908142,0.737783670425415,3.963580369949341,0.09690672394413014,0.4897203131368694,0.04784291381500161
164.57682314604224,-0.3789506832544299,11.105520467772845,0.2348664253950119,0.7446367740631104,3.9606926441192627,0.00504067960747534,0.378950256367611,0.10225476206426087
164.5799103915471,-0.3807740392299817,11.140781319363036,0.2346571683883667,0.7444488406181335,3.95119047164917,0.00812792511231919,0.3807736123431628,0.1375156136544522
164.4767745350799,-0.5293869397374023,11.102615929828296,0.245030015707016,0.7388285994529724,3.9545700550079346,0.09500793135487129,0.5293865128505834,0.0993502241197124
164.5427131813272,-0.6613696884212951,11.21909882970734,0.2566632628440857,0.7441959381103516,3.9492619037628174,0.029069285107567566,0.6613692615344762,0.2158331239987561
164.5800469953305,-0.4686079716663986,11.17520120391167,0.24231716990470886,0.7480524182319641,3.9603230953216553,0.008264528895722378,0.4686075447795797,0.1719354982030854
164.61497658274592,-0.4558438373072466,11.086172249401491,0.24000707268714905,0.7404074668884277,3.9571847915649414,0.043194116311155994,0.4558434104204277,0.08290654369290706
164.4898065360163,-0.5651978464087186,11.204655540933702,0.2493727058172226,0.7463826537132263,3.95581316947937,0.08197593041847995,0.5651974195218997,0.20138983522511822
164.66200926537064,-0.45313715540269367,11.239307651914116,0.2415424883365631,0.7516049742698669,3.961564302444458,0.09022679893587338,0.4531367285158748,0.23604194620553187
164.56420095645606,-0.4612208441757534,11.16989158560563,0.24303700029850006,0.7470499277114868,3.959214925765991,0.0075815099787064355,0.4612204172889345,0.1666258798970457
164.57704171209568,-0.4918365863092096,11.25430760110511,0.24447797238826752,0.7526198625564575,3.9601786136627197,0.005259245660909073,0.49183615942239073,0.25104189539652566
164.61171175232266,-0.47711661978305064,11.044675435099078,0.23793742060661316,0.7369478940963745,3.9607701301574707,0.039929285887893684,0.47711619289623175,0.041409729390494476
164.61483997896252,-0.4153442479263026,11.333793927571133,0.2406122088432312,0.7568021416664124,3.9497745037078857,0.043057512527752806,0.4153438210394837,0.33052822186254893
164.630726998972,-0.4878783859534506,11.105504246073567,0.24080254137516022,0.7419358491897583,3.9585721492767334,0.058944532537225314,0.48787795906663173,0.10223854036498281
164.62050903597364,-0.4184168519745143,11.218679626847031,0.2387503683567047,0.7505703568458557,3.956880569458008,0.048726569538871445,0.4184164250876954,0.21541392113844715
164.62845937616754,-0.4166793349881261,11.235394807293344,0.23836588859558105,0.7507637739181519,3.950624465942383,0.056676909732772174,0.4166789081013072,0.23212910158476063
164.48111853539203,-0.4125050742187985,11.158515051769328,0.2374695986509323,0.7449825406074524,3.953608274459839,0.09066393104274084,0.4125046473319796,0.15524934606074403
164.4556829109229,-0.40642367252219924,11.292420056673782,0.23975472152233124,0.753318190574646,3.9526407718658447,0.11609955551188023,0.40642324563538035,0.28915435096519815
164.51669016058946,-0.4762108405956727,11.209866121496775,0.242656409740448,0.7466743588447571,3.95200777053833,0.055092305845306555,0.4762104137088538,0.20660041578819133
164.5156109907006,-0.5517513893945539,11.258315214600616,0.24890214204788208,0.7489794492721558,3.9535715579986572,0.05617147573417469,0.551750962507735,0.25504950889203215
164.66545168071232,-0.5759832472302145,11.182400223296861,0.24801823496818542,0.7454498410224915,3.9600422382354736,0.09366921427755415,0.5759828203433957,0.17913451758827748
164.61173907307935,-0.6050282896003597,11.160511174554264,0.2509230673313141,0.7436317205429077,3.9597880840301514,0.039956606644580006,0.6050278627135408,0.15724546884568014
164.57398178734752,-0.5513377378634114,11.281654824768195,0.24872112274169922,0.7521455883979797,3.9552001953125,0.0021993209127515456,0.5513373109765926,0.27838911905961083
164.6095397521666,-0.5730497077120155,11.130530912966139,0.2476336807012558,0.7415530681610107,3.9610679149627686,0.03775728573182846,0.5730492808251966,0.12726520725755464
164.54834125720328,-0.4373694617569518,11.19574812048236,0.2397128939628601,0.7491205930709839,3.960284471511841,0.02344120923149262,0.4373690348701329,0.19248241477377626
164.53015929363272,-0.4564523764618978,11.19497801665344,0.24199429154396057,0.7485573887825012,3.959383249282837,0.04162317280204775,0.4564519495750789,0.1917123109448564

Errors:
rotation,[18.693341988237375, 17.232012695604766, 12.519031785464549, 8.327748048544716, 7.291914246382435, 4.64819452199587, 1.4142059730483878, 0.5594147746443106, 0.7755910204728682, 0.65495520312118, 0.6344699508960012, 0.4862456980393472, 0.5264171511099343, 0.723744668325167, 0.9062716706407998, 0.6488075718783874, 0.5819440704244907, 0.8485631851654979, 0.77940547365728, 0.6354278071646866, 0.7481373004798255, 0.5584552081746199, 0.7889295554297855, 0.6490610319688399, 0.682556915765014, 0.70548491941884, 0.6584179244354644, 0.8116771521124587, 0.7379031353423517, 0.8629719471339419, 0.8487865522092273, 0.802229938203801, 0.8319257509489549, 0.7380717738145797, 0.6532926588754018, 0.6897874333219831]
translation,[0.19962134480110283, 0.19166927880766504, 0.1798249310158182, 0.19226921684181342, 0.17357448631295114, 0.11459502533096622, 0.043424849507267105, 0.0009736635237178604, 0.002015155753309017, 0.00324163144085432, 0.007708685059000686, 0.005792249691340068, 0.003577014444635651, 0.000678340504565611, 0.004173077803292458, 0.006501473767337451, 0.0018747041580340351, 0.0021987123556606036, 0.008332019230613774, 0.005272144370825238, 0.007338726858375111, 0.0046370029321698425, 0.0023124073526883393, 0.0035641631540554997, 0.0033799207252176444, 0.002742349954337975, 0.0009416625907672227, 0.00020596861543786815, 0.001889501013026873, 0.00045274255224203586, 0.006090814549226664, 0.005685707648462213, 0.0026278790629650217, 0.006355763034878947, 0.006506176919412354, 0.005653866105038929]
loss,
[0.10825751721858978, 0.09333229064941406, 0.07935622334480286, 0.05418476089835167, 0.03429391235113144, 0.02163369581103325, 0.00884665921330452, 0.0031623453833162785, 0.0040559833869338036, 0.0036371953319758177, 0.0037360196001827717, 0.0030659723561257124, 0.0022435502614825964, 0.002809127327054739, 0.003078100038692355, 0.003772285534068942, 0.00332687608897686, 0.0031786400359123945, 0.0024514643009752035, 0.00353701738640666, 0.003299968084320426, 0.003893792163580656, 0.0034028354566544294, 0.002895404351875186, 0.003110391553491354, 0.002621289109811187, 0.004137055482715368, 0.0043419841676950455, 0.0032427737023681402, 0.0034212402533739805, 0.003959618508815765, 0.0027403689455240965, 0.002748932223767042, 0.003319790121167898, 0.00282074767164886, 0.00405389629304409]

2022-04-20 23:30:25.760725