2022-04-28 13:56:14.078346

reference phi, theta, psi, translation: -86.91639066027085, -0.0, 34.793557367935236, -2.296917200088501, -0.12373751401901245, 3.3104169368743896

phi,theta,psi,rot_x,rot_y,rot_z,phi_err,theta_err,psi_err
-76.53055527251121,6.8177051513072,38.18892636661862,-2.336111545562744,-0.9462913274765015,3.345968008041382,10.385835387759641,6.8177051513072,3.395368998683381
-75.68626875901676,6.343715499257257,38.69348951608038,-2.3654587268829346,-0.9727489352226257,3.312946081161499,11.230121901254094,6.343715499257257,3.8999321481451474
-75.35219054633309,6.72231016548289,38.36328402065612,-2.326547145843506,-1.0153872966766357,3.322969436645508,11.564200113937758,6.72231016548289,3.569726652720881
-74.69795404649425,7.045759364229056,38.25075323898557,-2.3016533851623535,-1.0671806335449219,3.324258327484131,12.218436613776603,7.045759364229056,3.457195871050331
-74.85729552964148,7.68525402089286,38.13984804233748,-2.2870283126831055,-1.0947904586791992,3.323582172393799,12.059095130629373,7.68525402089286,3.3462906744022476
-75.00240972874757,8.841371427294614,38.097002265674,-2.2741329669952393,-1.1562482118606567,3.3042564392089844,11.913980931523284,8.841371427294614,3.303444897738764
-75.05329463806416,10.597377619244245,37.60521498505474,-2.229666233062744,-1.2544317245483398,3.2919185161590576,11.86309602220669,10.597377619244245,2.8116576171195007
-75.90612571821029,12.798484001040148,36.705081429811685,-2.163755416870117,-1.3351476192474365,3.302891969680786,11.010264942060559,12.798484001040148,1.9115240618764489
-75.48712776357587,13.083549413947667,36.42470899457183,-2.134338617324829,-1.3635607957839966,3.3073623180389404,11.42926289669498,13.083549413947667,1.6311516266365942
-75.20995868705674,12.884967442097283,36.18751360017021,-2.1211812496185303,-1.3573904037475586,3.3198540210723877,11.706431973214109,12.884967442097283,1.3939562322349772
-75.33502628094885,13.419217338578076,35.59206453851767,-2.0753138065338135,-1.3810056447982788,3.3328471183776855,11.581364379321997,13.419217338578076,0.7985071705824325
-75.16532340083072,14.211085670572272,35.422293356507836,-2.053006649017334,-1.434110403060913,3.316011905670166,11.751067259440134,14.211085670572272,0.6287359885726005
-75.48369217842335,14.7079452443456,35.06834953862319,-2.0285301208496094,-1.4466781616210938,3.319277286529541,11.432698481847495,14.7079452443456,0.27479217068795236
-75.45170640254018,14.474121917766315,34.652623244601195,-2.0065226554870605,-1.4290664196014404,3.3370583057403564,11.464684257730667,14.474121917766315,0.14093412333404132
-75.21965755567817,14.218427678450023,34.821684086937346,-2.0164997577667236,-1.4200682640075684,3.3312578201293945,11.696733104592681,14.218427678450023,0.028126719002109724
-74.86347685084034,13.83888795571578,34.977357758500276,-2.02771258354187,-1.4083706140518188,3.3291845321655273,12.052913809430507,13.83888795571578,0.1838003905650396
-75.12191754865528,14.666718133931978,34.20582983513939,-1.967623233795166,-1.4430245161056519,3.3452064990997314,11.794473111615574,14.666718133931978,0.5877275327958458
-75.1003204904997,14.806268877515151,34.088275449334304,-1.958180546760559,-1.4493658542633057,3.345299482345581,11.816070169771152,14.806268877515151,0.7052819186009316
-75.14315943697402,14.884275875830738,33.95283621318754,-1.9460163116455078,-1.453218936920166,3.346529960632324,11.773231223296833,14.884275875830738,0.8407211547476976
-74.8925051548129,15.772621054477005,33.67976866526501,-1.9122583866119385,-1.5121452808380127,3.334404945373535,12.023885505457955,15.772621054477005,1.1137887026702273
-74.65755347755362,15.539934514372241,33.93496160812961,-1.9243834018707275,-1.5005345344543457,3.33358097076416,12.25883718271723,15.539934514372241,0.858595759805624
-74.45900670857053,14.903989959398054,34.054974862035905,-1.9342576265335083,-1.46831476688385,3.3464133739471436,12.457383951700322,14.903989959398054,0.7385825058993305
-74.45617901025413,15.491543225508726,33.695727402260744,-1.9026472568511963,-1.5078388452529907,3.342564105987549,12.460211650016717,15.491543225508726,1.0978299656744923
-74.63060838127792,15.905619382756237,33.4161267783971,-1.8840315341949463,-1.524477481842041,3.342031717300415,12.285782278992926,15.905619382756237,1.377430589538136
-75.23660325500897,16.223147356128994,32.99028155911974,-1.8612006902694702,-1.5184210538864136,3.357146978378296,11.679787405261877,16.223147356128994,1.8032758088154992
-75.18080060948996,16.535987124270502,32.70613544436345,-1.844104290008545,-1.5366768836975098,3.349104881286621,11.735590050780885,16.535987124270502,2.087421923571789
-75.0082358801096,16.333247757115238,32.73872910708275,-1.84796941280365,-1.5272153615951538,3.3497672080993652,11.908154780161254,16.333247757115238,2.0548282608524886
-75.07263090360448,17.031486427866966,32.014025545576885,-1.7942109107971191,-1.558327078819275,3.3583028316497803,11.843759756666373,17.031486427866966,2.7795318223583507
-75.063854110521,17.417056064719546,31.599422817673357,-1.769869327545166,-1.5781124830245972,3.3543970584869385,11.852536549749843,17.417056064719546,3.1941345502618788
-75.37451843472986,17.153122767239243,31.162703937237325,-1.7562438249588013,-1.5434263944625854,3.379483222961426,11.541872225540985,17.153122767239243,3.630853430697911
-76.09500093932866,17.420476522636513,30.450260565291636,-1.7388161420822144,-1.5292713642120361,3.390819549560547,10.821389720942193,17.420476522636513,4.3432968026436
-77.05675304616898,17.666899624249382,29.545776179547282,-1.7183706760406494,-1.506139874458313,3.408379077911377,9.859637614101871,17.666899624249382,5.247781188387954
-77.84532570660363,17.05900905362573,29.183578078050676,-1.7353349924087524,-1.4370585680007935,3.4291114807128906,9.071064953667218,17.05900905362573,5.60997928988456
-79.28948041414363,16.934288573387256,28.394344596813827,-1.7282626628875732,-1.3779360055923462,3.453524589538574,7.626910246127224,16.934288573387256,6.399212771121409
-80.68837145805394,15.911562957479893,27.885037880973485,-1.7463287115097046,-1.2728551626205444,3.4802112579345703,6.228019202216913,15.911562957479893,6.908519486961751
-81.4318648699665,14.31319551332769,27.90221751428336,-1.770334005355835,-1.161380648612976,3.5026729106903076,5.484525790304346,14.31319551332769,6.891339853651875

Errors:
rotation,[20.598909537750224, 21.4737695486565, 21.856236932141528, 22.72139184905599, 23.09063982592448, 24.058797256556662, 25.272131258570436, 25.720273004977155, 26.14396393727924, 25.98535564754637, 25.799088888482505, 26.59088891858501, 26.41543589688105, 26.079740298831023, 25.943287502044814, 26.075602155711326, 27.0489187783434, 27.327620965887235, 27.49822825387527, 28.91029526260519, 28.657367456895095, 28.099956416997706, 29.049584841199938, 29.568832251287297, 29.70621057020637, 30.358999098623176, 30.29623079812898, 31.65477800689169, 32.46372716473127, 32.325848423478135, 32.585163046222306, 32.77431842673921, 31.740053297177507, 30.96041159063589, 29.04810164665856, 26.689061157283913]
translation,[0.1579505536533441, 0.1542322008335475, 0.15049269799230647, 0.15063825823972898, 0.14921360221360036, 0.14340120796836064, 0.13801229529390113, 0.13703044908611606, 0.13460575388426665, 0.13580638265427147, 0.13083869085446231, 0.12428253972520409, 0.11922219174580562, 0.1166804567214399, 0.11376484250285124, 0.1135780959317545, 0.10943480443487275, 0.10724776050806639, 0.10385451778995858, 0.09943669699611668, 0.10016844817187831, 0.10357587953832326, 0.10001860326918788, 0.09716163454042182, 0.09683750785797329, 0.08938081436978251, 0.08813297353386584, 0.08296569159710021, 0.07677280204939141, 0.07830714212049461, 0.0749409996673478, 0.07232127785715825, 0.07195905086987686, 0.06916765993826957, 0.06541781091011245, 0.061743604934475727]
loss,
[0.12068812549114227, 0.11531227827072144, 0.1078042984008789, 0.10118277370929718, 0.10618150234222412, 0.09846371412277222, 0.10495704412460327, 0.10405175387859344, 0.10095249861478806, 0.10458393394947052, 0.10232534259557724, 0.09293894469738007, 0.09476739168167114, 0.10590340197086334, 0.10099570453166962, 0.10163404792547226, 0.10135912895202637, 0.10059541463851929, 0.09371179342269897, 0.09294529259204865, 0.10809895396232605, 0.09958063066005707, 0.09387602657079697, 0.09829102456569672, 0.09526616334915161, 0.10294848680496216, 0.09681020677089691, 0.09122957289218903, 0.09730436652898788, 0.10006522387266159, 0.09993936866521835, 0.08886828273534775, 0.08761662244796753, 0.08014210313558578, 0.07318443059921265, 0.06410954147577286]

2022-04-28 14:00:38.230152