2022-04-28 14:00:41.697009

reference phi, theta, psi, translation: -33.091320547511735, -0.0, 74.32085247222868, -2.1190009117126465, -3.251617431640625, 1.089412808418274

phi,theta,psi,rot_x,rot_y,rot_z,phi_err,theta_err,psi_err
-22.822884158753556,1.294954214858955,81.82337814338081,-1.5357718467712402,-3.6827800273895264,0.7731812596321106,10.268436388758179,1.294954214858955,7.502525671152128
-23.662587615314923,1.231493439631314,81.24604957359631,-1.5772356986999512,-3.6626641750335693,0.8137134313583374,9.428732932196812,1.231493439631314,6.92519710136763
-27.040051273089112,1.1976483908345972,79.24820558098924,-1.7473646402359009,-3.571582555770874,0.9190430641174316,6.051269274422623,1.1976483908345972,4.927353108760556
-28.435853363947285,-0.5918612943151986,77.36366076633433,-1.8587827682495117,-3.4846158027648926,1.0375667810440063,4.6554671835644506,0.5918612943151986,3.0428082941056545
-29.885871788889727,-0.9081103570744242,75.79191129490934,-1.94025719165802,-3.3973047733306885,1.1404179334640503,3.2054487586220084,0.9081103570744242,1.4710588226806607
-33.24584333219951,-1.1663302593230227,73.5583643042343,-2.1161985397338867,-3.2152063846588135,1.2893809080123901,0.15452278468777791,1.1663302593230227,0.7624881679943769
-37.43692936918938,-1.100748914880807,69.20527984051007,-2.2835922241210938,-2.9325201511383057,1.5509872436523438,4.345608821677644,1.100748914880807,5.1155726317186065
-37.50280654373415,-1.470438221630851,60.31550176779334,-2.156848192214966,-2.68036150932312,1.9908682107925415,4.411485996222417,1.470438221630851,14.005350704435337
-32.51963712907625,-2.810396183203493,64.03769531826183,-1.982804536819458,-2.9723432064056396,1.7737078666687012,0.5716834184354838,2.810396183203493,10.283157153966854
-31.71924482628289,0.013031210939342537,71.3957829790357,-2.0047311782836914,-3.2455828189849854,1.287639856338501,1.3720757212288461,0.013031210939342537,2.9250694931929786
-33.303807732590826,-0.10925883147295719,74.1498586863574,-2.1380867958068848,-3.248870611190796,1.1031584739685059,0.21248718507909103,0.10925883147295719,0.1709937858712749
-33.060994507596874,0.10812222192430583,74.32712941607592,-2.1155669689178467,-3.254486560821533,1.089788556098938,0.03032603991486127,0.10812222192430583,0.006276943847240091
-33.237049463643125,-0.04371492692842712,74.24304978739306,-2.1212873458862305,-3.2382915019989014,1.0911858081817627,0.1457289161313895,0.04371492692842712,0.0778026848356177
-33.157088439029785,-0.055857846799234015,74.30074439531217,-2.1165430545806885,-3.2393410205841064,1.0880346298217773,0.06576789151804974,0.055857846799234015,0.020108076916514506
-33.157245533380696,-0.03769575201236454,74.32919213320527,-2.1169981956481934,-3.240837574005127,1.0863118171691895,0.06592498586896056,0.03769575201236454,0.008339660976588448
-33.18539274295032,-0.022997650808608997,74.31141315079572,-2.1182398796081543,-3.23994779586792,1.0876773595809937,0.09407219543858503,0.022997650808608997,0.00943932143296422
-33.13389653170301,-0.03875499447397347,74.31117409417477,-2.1167678833007812,-3.2425761222839355,1.088446855545044,0.04257598419127362,0.03875499447397347,0.00967837805390559
-33.265521107198325,-0.07049354638444903,74.36188824876211,-2.1246132850646973,-3.238417148590088,1.083990454673767,0.17420055968658943,0.07049354638444903,0.04103577653343393
-33.10363537858527,-0.023956376870114707,74.34197824733153,-2.1137356758117676,-3.2441484928131104,1.0868128538131714,0.012314831073531707,0.023956376870114707,0.021125775102845523
-33.196918687174716,0.0075408706960462405,74.31367394341099,-2.1196203231811523,-3.2401058673858643,1.0878797769546509,0.10559813966298037,0.0075408706960462405,0.007178528817689767
-33.12916662570277,-0.016302581802738754,74.35153368198037,-2.116004705429077,-3.2430474758148193,1.0855908393859863,0.03784607819103769,0.016302581802738754,0.030681209751691085
-33.17273640241828,0.004139449131706442,74.35669047480373,-2.1173248291015625,-3.2414047718048096,1.085322380065918,0.08141585490654535,0.004139449131706442,0.03583800257504777
-33.23013389710849,0.0033985167515628075,74.37763183479899,-2.1209170818328857,-3.2393763065338135,1.0827960968017578,0.1388133495967523,0.0033985167515628075,0.056779362570310354
-33.152659061353035,-0.000879069433328008,74.29643454594589,-2.114872694015503,-3.240514039993286,1.0882453918457031,0.0613385138412994,0.000879069433328008,0.024417926282794156
-33.245911634091215,-0.03986709539295461,74.35750326731497,-2.121885061264038,-3.2371902465820312,1.084220051765442,0.1545910865794795,0.03986709539295461,0.03665079508628821
-33.178904063238804,-0.0606237412898906,74.31989624574487,-2.117851972579956,-3.239064931869507,1.0862736701965332,0.08758351572706857,0.0606237412898906,0.0009562264838081092
-33.211569442944395,-0.018619844782206893,74.36673085288365,-2.119894504547119,-3.2391488552093506,1.0837631225585938,0.12024889543265971,0.018619844782206893,0.045878380654968964
-33.20592087650079,0.004578603754830132,74.37027572106288,-2.1194286346435547,-3.2394275665283203,1.084029197692871,0.11460032898905581,0.004578603754830132,0.04942324883420213
-33.155210137008034,-0.040371366980172234,74.31672703796998,-2.1167712211608887,-3.240706205368042,1.0872606039047241,0.06388958949629853,0.040371366980172234,0.004125434258696714
-33.16236476016362,-0.04248278682930366,74.32960194455546,-2.1175222396850586,-3.24094295501709,1.086669683456421,0.07104421265188421,0.04248278682930366,0.008749472326783803
-33.22796189695242,-0.03495463452365349,74.32656251037481,-2.1215016841888428,-3.239191770553589,1.0864559412002563,0.13664134944068707,0.03495463452365349,0.005710038146133911
-33.114925681283296,-0.020123123124614298,74.29774594226652,-2.114579677581787,-3.2432100772857666,1.089428186416626,0.023605133771560816,0.020123123124614298,0.023106529962163336
-33.13131130510216,-0.05819148390847428,74.29010296058527,-2.115910768508911,-3.2419636249542236,1.0895540714263916,0.0399907575904237,0.05819148390847428,0.03074951164340689
-33.146843155274766,0.021160319134550874,74.36048805998226,-2.11590838432312,-3.2435004711151123,1.084727168083191,0.05552260776303086,0.021160319134550874,0.03963558775357967
-33.18372959188742,-0.040552706718367644,74.31115360360725,-2.119020938873291,-3.2413735389709473,1.0880801677703857,0.09240904437568531,0.040552706718367644,0.009698868621427437
-33.17801272355212,-0.03254856867786132,74.26893620434741,-2.118352174758911,-3.239605665206909,1.0900251865386963,0.08669217604038693,0.03254856867786132,0.051916267881267686

Errors:
rotation,[19.06591627476926, 17.585423473195757, 12.176270774017777, 8.290136771985303, 5.584617938377093, 2.0833412120051777, 10.561930368277057, 19.887274922288604, 13.665236755605832, 4.310176425361167, 0.4927398024233231, 0.14472520568640718, 0.26724652789543435, 0.14173381523379824, 0.11196039885791355, 0.12650916768015824, 0.09100935671915268, 0.2857298826044724, 0.057396983046491934, 0.12031753917671638, 0.08482986974546752, 0.12139330661329956, 0.19899122891862545, 0.08663550955742157, 0.23110897705872233, 0.14916348350076727, 0.18474712086983558, 0.16860218157808807, 0.10838639073516748, 0.12227647180797167, 0.17730602211047447, 0.06683478685833845, 0.12893175314230487, 0.11631851465116141, 0.14266061971548039, 0.17115701259951593]
translation,[0.03326186669987141, 0.03887232902195681, 0.04981761246286709, 0.05227221209748478, 0.04401893806723045, 0.028224574537426328, 0.0037192524310984965, 0.05622168785994708, 0.04209684589484297, 0.004868788133696178, 0.01158468948495539, 0.0006132330116335183, 0.0090551213019463, 0.011563841025671096, 0.010583904171626024, 0.010277857758972608, 0.008726397087785998, 0.00914410356229478, 0.009494992307198302, 0.009368351053656632, 0.009519834958896745, 0.010221893726031439, 0.010644517677018683, 0.011440485926487831, 0.011510860369400966, 0.011573171403233218, 0.011106551748866877, 0.011055871362565917, 0.010552835436532071, 0.010126309602776828, 0.009497590160918001, 0.009100587171236185, 0.00937135409744183, 0.009438237628183188, 0.008608574693488968, 0.009858594812679478]
loss,
[0.1654840111732483, 0.1555911898612976, 0.1618724763393402, 0.14941179752349854, 0.15005719661712646, 0.155927836894989, 0.12915681302547455, 0.0904286801815033, 0.08745352923870087, 0.03234369307756424, 0.0050721606239676476, 0.0027934822719544172, 0.002510910388082266, 0.002004157053306699, 0.0017934463685378432, 0.002067047171294689, 0.0012990647228434682, 0.0023781168274581432, 0.001889077015221119, 0.002046985551714897, 0.0017414840403944254, 0.0018808124586939812, 0.0021733499597758055, 0.0021823886781930923, 0.0014577850233763456, 0.0024449012707918882, 0.0018329911399632692, 0.001945976517163217, 0.002098377328366041, 0.0025178578216582537, 0.0021035135723650455, 0.0021151420660316944, 0.0015883748419582844, 0.0012932426761835814, 0.0018077971180900931, 0.002048732712864876]

2022-04-28 14:05:08.481607