2022-04-20 08:59:55.918358

reference phi, theta, psi, translation: 132.9853677440357, -8.537735924097414e-07, 76.34363348549546, 2.865516185760498, 2.6707684993743896, 0.9517420530319214

phi,theta,psi,rot_x,rot_y,rot_z,phi_err,theta_err,psi_err
143.3552887910292,-3.0579185397180266,69.36864430507845,2.3124754428863525,2.981729030609131,1.6183615922927856,10.369921046993511,3.0579176859444344,6.974989180417012
142.5741610367899,-2.793689190612612,68.52491786709594,2.345734119415283,2.9401328563690186,1.6592707633972168,9.58879329275419,2.7936883368390197,7.818715618399523
140.098367726822,-0.9209102848932392,63.247510733183056,2.3875153064727783,2.7951693534851074,1.910949945449829,7.112999982786306,0.9209094311196468,13.096122752312404
135.25805854884408,6.174296322670702,62.28101847505874,2.42895245552063,2.7761802673339844,1.9013134241104126,2.272690804808377,6.174297176444294,14.062615010436723
133.7988705949409,7.229071362030284,65.39906130287208,2.5406064987182617,2.7567853927612305,1.7251629829406738,0.8135028509051949,7.2290722158038765,10.944572182623375
132.65197255026905,4.835108743861261,68.50566356382566,2.7226295471191406,2.6980648040771484,1.5167566537857056,0.3333951937666484,4.835109597634854,7.837969921669796
131.5737862086475,2.88093919245237,72.03445347775607,2.896022319793701,2.648116111755371,1.2675468921661377,1.4115815353881942,2.8809400462259624,4.309180007739386
131.09101477773268,0.13380101577976344,75.4467818361486,3.0068047046661377,2.6241703033447266,1.0351003408432007,1.8943529663030176,0.13380186955335585,0.896851649346857
130.86855551646536,0.33125345803352096,74.93640961079774,2.9917402267456055,2.5950706005096436,1.0651267766952515,2.1168122275703354,0.3312543118071134,1.4072238746977206
130.86410223312652,0.007966526137298957,75.44987591184261,2.995934009552002,2.58331561088562,1.0258086919784546,2.1212655109091827,0.007967379910891366,0.8937575736528487
132.40190566437653,-0.06953630139104877,75.71535853469184,2.9194655418395996,2.6586925983428955,1.005824089050293,0.5834620796591707,0.06953544761745636,0.6282749508036147
132.34044762222476,-0.0036916229836808554,75.70824147757669,2.9070537090301514,2.644123077392578,1.0041282176971436,0.6449201218109408,0.0036907692100884458,0.6353920079187674
132.63549813399098,-0.05756444903651706,76.04725791703027,2.8884739875793457,2.6573140621185303,0.97618168592453,0.3498696100447205,0.05756359526292465,0.2963755684651943
132.8148315808388,0.006715519992172277,76.23478076069297,2.8735859394073486,2.660630941390991,0.9619415998458862,0.17053616319688558,0.006716373765764687,0.10885272480248886
133.00319453776945,0.013713440400158969,76.18352019097202,2.8633127212524414,2.6681647300720215,0.9671750068664551,0.017826793733746626,0.013714294173751378,0.16011329452344114
132.73978146223874,0.15071639135935877,76.32114850274777,2.875253200531006,2.66007137298584,0.953876793384552,0.2455862817969603,0.15071724513295118,0.022484982747684512
132.86542962221029,0.05671102856157572,76.25257340348085,2.866682291030884,2.662238121032715,0.9568420648574829,0.11993812182541319,0.05671188233516813,0.09106008201460725
132.96515038409245,0.09436345693326402,76.12060731852704,2.855085611343384,2.6612703800201416,0.9647433161735535,0.020217359943245583,0.09436431070685643,0.22302616696842392
133.0777528827493,0.18922376529701213,76.1257846019179,2.8458008766174316,2.663403272628784,0.9636496901512146,0.09238513871360965,0.18922461907060453,0.2178488835775596
133.0061178587342,0.11313064477971876,76.3154726155475,2.850989818572998,2.660905599594116,0.9492533206939697,0.020750114698500965,0.11313149855331117,0.028160869947953415
133.17073907810985,0.0845505397956175,76.41117039600854,2.844791889190674,2.6684787273406982,0.9451597929000854,0.18537133407414785,0.0845513935692099,0.06753691051308408
133.1643050399117,0.010279743424783699,76.23665223252556,2.8433053493499756,2.6673948764801025,0.9564661383628845,0.17893729587601115,0.010280597198376108,0.10698125296990213
133.2156953832269,0.11809654063271824,76.36179495849852,2.8429620265960693,2.6725785732269287,0.9468748569488525,0.23032763919118793,0.11809739440631065,0.0181614730030617
133.1027377147332,0.021482856968625886,76.2086962682527,2.8454909324645996,2.663801908493042,0.9573005437850952,0.11736997069749577,0.021483710742218297,0.13493721724276497
133.1718455687554,0.11087031742082454,76.32019227626398,2.8424370288848877,2.6687605381011963,0.9493103623390198,0.1864778247197023,0.11087117119441695,0.02344120923147841
133.10593424326478,0.006648155593488569,76.2753862353087,2.847428560256958,2.6635472774505615,0.9523515105247498,0.12056649922908491,0.006649009367080979,0.06824725018675792
133.08533439272802,0.10339185073047162,76.3013955956681,2.847365140914917,2.663443088531494,0.9501689076423645,0.09996664869231608,0.10339270450406403,0.042237889827362096
133.24629463070852,0.1322682420990024,76.26355634766624,2.839728593826294,2.6720049381256104,0.9536468386650085,0.26092688667282005,0.1322690958725948,0.0800771378292211
133.11455394199731,0.09735151129667835,76.31694793640823,2.8478574752807617,2.666025161743164,0.9493308067321777,0.1291861979616158,0.09735236507027076,0.026685549087233085
133.00766148148662,-0.03937560245337376,76.35042269353046,2.8554511070251465,2.6610629558563232,0.9494383335113525,0.02229373745092289,0.03937474867978135,0.006789208035002048
133.13680669831322,0.1133018653221435,76.20462547550736,2.844545602798462,2.6660614013671875,0.9582267999649048,0.1514389542775234,0.1133027190957359,0.13900800998810325
133.16295266245604,0.14088236014826608,76.20966615511483,2.841794729232788,2.666785478591919,0.9576842784881592,0.17758491842033663,0.14088321392185849,0.1339673303806279
133.14015349100654,-0.020514076411452954,76.29276223655721,2.84633731842041,2.6653101444244385,0.951279878616333,0.15478574697084468,0.020513222637860543,0.050871248938250346
133.08801182688265,-0.04184669533876171,76.32974088072366,2.849061965942383,2.6632752418518066,0.9496511220932007,0.10264408284695037,0.0418458415651693,0.013892604771797323
133.12541394277764,0.03821099977223271,76.26822819705852,2.8453803062438965,2.6662118434906006,0.9532403349876404,0.1400461987419419,0.03821185354582512,0.07540528843694005
133.14462043472372,0.030223829962510752,76.3153838230883,2.8460638523101807,2.667733907699585,0.9506945013999939,0.15925269068802095,0.030224683736103163,0.028249662407162646

Errors:
rotation,[20.402827913354958, 20.20119724799273, 21.130032166218356, 22.509602991689395, 18.987147249332445, 13.006474713071299, 8.601701589353542, 2.9250064852032307, 3.8552904140751694, 3.022990464472923, 1.2812724780802418, 1.2840028989397967, 0.7038087737728395, 0.2861052617651392, 0.19165438243093913, 0.41878850967759595, 0.26771008617518854, 0.3376078376185259, 0.49945864136177376, 0.16204248319976555, 0.33745963815644187, 0.2961991460442894, 0.36658650660056025, 0.2737908986824791, 0.32079020514559764, 0.19546275878292382, 0.2455972430237422, 0.473273120374636, 0.25322411211911966, 0.0684576941657063, 0.4037496833613626, 0.45243546272282303, 0.22617021854695557, 0.158382529183917, 0.2536633407247071, 0.21772703683128675]
translation,[0.07464079787699607, 0.07983560007449952, 0.11192922521621096, 0.11880839181795722, 0.0957021218428924, 0.09110544157321332, 0.09272114868894743, 0.09180414708538898, 0.07001678616984197, 0.05560861185281496, 0.043623529797319094, 0.024807672143667858, 0.01331550807501003, 0.0014614193504423056, 0.0003832412668982599, 0.00036480559965124115, 0.0036078519142686005, 0.010606118709351797, 0.01604232153209395, 0.01744688622446766, 0.017782848324681133, 0.016878273067058913, 0.01594755979674023, 0.017516627886370983, 0.01828438242038466, 0.01748880777950479, 0.018120281779550496, 0.017014918790175138, 0.01625515000046196, 0.014128761341005713, 0.016465580654100087, 0.01806259921409925, 0.017346695026688508, 0.017150046216246828, 0.01696127730882857, 0.016069302189769985]
loss,
[0.19496707618236542, 0.21069824695587158, 0.12643474340438843, 0.08225405216217041, 0.05728050321340561, 0.04710102081298828, 0.031212639063596725, 0.010518932715058327, 0.006860786583274603, 0.0070358458906412125, 0.006272855214774609, 0.003548938315361738, 0.0019018513849005103, 0.002424416597932577, 0.004572192206978798, 0.0015389169566333294, 0.002075220923870802, 0.0017745326040312648, 0.0015608661342412233, 0.0015026381006464362, 0.0021166957449167967, 0.002037968020886183, 0.0021999450400471687, 0.0014840106014162302, 0.0010225623846054077, 0.0019396556308493018, 0.0019473910797387362, 0.0014775984454900026, 0.0019579899962991476, 0.0019917720928788185, 0.0011853226460516453, 0.0016501282807439566, 0.0015073565300554037, 0.0012251760344952345, 0.0016241561388596892, 0.0012428008485585451]

2022-04-20 09:03:40.811627