2022-04-20 08:48:31.579127

reference phi, theta, psi, translation: -33.091320547511735, -0.0, 74.32085247222868, -2.1190009117126465, -3.251617431640625, 1.089412808418274

phi,theta,psi,rot_x,rot_y,rot_z,phi_err,theta_err,psi_err
-22.822884158753556,1.294954214858955,81.82337814338081,-1.5357718467712402,-3.6827800273895264,0.7731812596321106,10.268436388758179,1.294954214858955,7.502525671152128
-23.783377803239304,2.0943144282853523,81.0138846135184,-1.5811526775360107,-3.6631577014923096,0.801445484161377,9.307942744272431,2.0943144282853523,6.69303214128972
-28.20682346069842,5.514510796036496,79.33142460583667,-1.8279510736465454,-3.5472538471221924,0.8038135766983032,4.884497086813315,5.514510796036496,5.010572133607994
-29.169856228008122,1.9179780532528479,76.85994797542423,-1.9295657873153687,-3.4408535957336426,0.953100323677063,3.921464319503613,1.9179780532528479,2.539095503195554
-31.551509040645715,0.14975897161241888,74.38246760873136,-2.0621747970581055,-3.315673351287842,1.0993678569793701,1.5398115068660196,0.14975897161241888,0.06161513650268091
-33.617002641887176,-0.34891427072163145,73.76386420579247,-2.150294303894043,-3.2281668186187744,1.1318633556365967,0.5256820943754406,0.34891427072163145,0.5569882664362069
-33.228774689463656,0.022399638219361365,74.1176543444208,-2.124953508377075,-3.2469377517700195,1.1062406301498413,0.1374541419519204,0.022399638219361365,0.20319812780788027
-33.113412794382135,-0.04810487350696863,74.28342986576618,-2.1197757720947266,-3.2505524158477783,1.0922483205795288,0.022092246870400345,0.04810487350696863,0.037422606462499175
-33.223331028695156,-0.10753675636550562,74.28907160202061,-2.1242663860321045,-3.242452383041382,1.0897870063781738,0.1320104811834213,0.10753675636550562,0.03178087020806686
-33.12987013518728,0.009737692224433114,74.22512054082178,-2.112682342529297,-3.241060256958008,1.0937774181365967,0.03854958767554706,0.009737692224433114,0.0957319314069025
-33.15808564664861,-0.0338091711984536,74.30937092423389,-2.1168129444122314,-3.239471435546875,1.0867118835449219,0.06676509913687312,0.0338091711984536,0.01148154799479073
-33.134958626118944,-0.031793556480785634,74.4222739512142,-2.1165473461151123,-3.243878126144409,1.0820380449295044,0.04363807860720925,0.031793556480785634,0.10142147898551457
-33.144039362620475,-0.04550282393335293,74.26323982657962,-2.115543842315674,-3.240417718887329,1.0917420387268066,0.0527188151087401,0.04550282393335293,0.057612645649058436
-33.15426757090257,0.057268201788873103,74.27332118579456,-2.112309694290161,-3.2398264408111572,1.0896375179290771,0.06294702339083358,0.057268201788873103,0.047531286434121967
-33.109966963945865,0.1537296625988928,74.24770797640701,-2.108889579772949,-3.241163730621338,1.0918421745300293,0.01864641643413023,0.1537296625988928,0.0731444958216656
-33.18276653521445,-0.028238824023127305,74.34732628545164,-2.116879940032959,-3.238401412963867,1.0847200155258179,0.09144598770271273,0.028238824023127305,0.026473813222963827
-33.058692733846584,0.09346755486516263,74.4154642526117,-2.1069273948669434,-3.2424774169921875,1.0799144506454468,0.032627813665150995,0.09346755486516263,0.0946117803830191
-32.98654203054915,0.08966038980820565,74.43832489576373,-2.102940082550049,-3.247837543487549,1.0778017044067383,0.10477851696258256,0.08966038980820565,0.11747242353504816
-33.139818305713405,0.13246321655135931,74.2687108081048,-2.1094486713409424,-3.23956036567688,1.090233564376831,0.04849775820166968,0.13246321655135931,0.052141664123880105
-33.00673206973571,0.04663118808080205,74.41354496945492,-2.1048474311828613,-3.243952989578247,1.0800076723098755,0.0845884777760233,0.04663118808080205,0.0926924972262384
-32.97482825612258,0.08546938953049932,74.44109112237759,-2.1015267372131348,-3.242389678955078,1.0779858827590942,0.11649229138915729,0.08546938953049932,0.12023865014890589
-33.03759086440583,-0.046327238381867135,74.32131692509223,-2.10506010055542,-3.2386105060577393,1.084512710571289,0.053729683105906645,0.046327238381867135,0.0004644528635537881
-32.926009479029915,-0.04396708567920176,74.4088116483601,-2.100436210632324,-3.2445690631866455,1.0812546014785767,0.1653110684818202,0.04396708567920176,0.08795917613142024
-32.98408999263712,-0.08741138507911123,74.3825290804339,-2.105111598968506,-3.2433390617370605,1.0819038152694702,0.10723055487461863,0.08741138507911123,0.06167660820521803
-33.132308512720975,0.06491919586553661,74.2910318663124,-2.1132800579071045,-3.24051570892334,1.0877805948257446,0.040987965209239974,0.06491919586553661,0.029820605916285103
-33.10512094472974,-0.009711090120563618,74.3312548503346,-2.1120553016662598,-3.2433853149414062,1.086725115776062,0.013800397218005855,0.009711090120563618,0.010402378105922594
-33.09828392537056,0.02662344429054505,74.30526598054271,-2.1100242137908936,-3.240440607070923,1.0865216255187988,0.00696337785882406,0.02662344429054505,0.015586491685965598
-33.04972469546635,-0.020576890508714443,74.35274262546346,-2.1070926189422607,-3.2410409450531006,1.0831873416900635,0.04159585204538274,0.020576890508714443,0.031890153234783725
-33.02731484479954,0.010987551404632123,74.28647613013601,-2.104461431503296,-3.2415449619293213,1.087177038192749,0.06400570271219408,0.010987551404632123,0.0343763420926706
-33.04380633655054,0.09972972489411511,74.26081510942427,-2.104628801345825,-3.2434089183807373,1.0897216796875,0.04751421096119657,0.09972972489411511,0.06003736280440819
-33.0033408808128,-0.04422933575201817,74.38178458981436,-2.106799364089966,-3.2456579208374023,1.0828733444213867,0.08797966669893498,0.04422933575201817,0.06093211758567918
-32.94651712201288,0.10621978621778651,74.37611553280325,-2.1022987365722656,-3.2496402263641357,1.084259033203125,0.14480342549885705,0.10621978621778651,0.05526306057457475
-33.14946594791605,-0.02734878481346836,74.27511752554626,-2.115025758743286,-3.2408432960510254,1.089296817779541,0.05814540040431382,0.02734878481346836,0.04573494668241551
-33.136276852628754,0.03318213753908481,74.34916360633838,-2.11342716217041,-3.2428057193756104,1.084934949874878,0.04495630511701876,0.03318213753908481,0.028311134109699765
-33.10789741662735,0.06594013430640838,74.28489152624856,-2.110761880874634,-3.2425038814544678,1.0892739295959473,0.0165768691156174,0.06594013430640838,0.035960945980122005
-33.009757843538026,0.008496105788932463,74.41925500760105,-2.1072912216186523,-3.2467010021209717,1.0824347734451294,0.08156270397370946,0.008496105788932463,0.09840253537237231

Errors:
rotation,[19.06591627476926, 18.095289313847502, 15.409580016457806, 8.378537875952016, 1.7511856149811194, 1.431584631533279, 0.36305190797916204, 0.10761972683986815, 0.2713281077569938, 0.14401921130688267, 0.11205581833011745, 0.17685311407350945, 0.15583428469115146, 0.16774651161382864, 0.24552057485468864, 0.14615862494880386, 0.2207071489133327, 0.3119113303058364, 0.2331026388769091, 0.22391216308306375, 0.3222003310685625, 0.10052137435132757, 0.2972373302924422, 0.2563185481589479, 0.1357277669910617, 0.03391386544449207, 0.04917331383533471, 0.09406289578888091, 0.1093695962094968, 0.20728129865971986, 0.19314112003663234, 0.3062862722912183, 0.1312291319001977, 0.10644957676580333, 0.11847794940214779, 0.18846134513501422]
translation,[0.03326186669987141, 0.038402049311271114, 0.039562736202388926, 0.02733102610512006, 0.025330578584388697, 0.009408243961681606, 0.003942309196091287, 0.0003157395253285955, 0.004512453029456687, 0.010650512045986105, 0.011674447052499204, 0.009521826456450277, 0.010216991168466194, 0.012965552144817316, 0.013085087287835862, 0.013039669719639768, 0.016279310445130868, 0.01460535687900677, 0.014521694471535618, 0.016153253938937517, 0.019700453591978473, 0.019141485266619185, 0.01763025750417757, 0.01600024228200958, 0.012402678460992078, 0.011017392377180357, 0.014515163009663823, 0.016470796420038347, 0.016365553502874164, 0.014083181925839128, 0.012980976132227262, 0.011746063317072952, 0.0108097652948409, 0.011247520293398594, 0.01171799903034998, 0.011998659905522402]
loss,
[0.2300865352153778, 0.21230897307395935, 0.11584611237049103, 0.044663846492767334, 0.029099052771925926, 0.0050820899195969105, 0.002544037066400051, 0.002013672608882189, 0.0031799166463315487, 0.0012757123913615942, 0.0019502555951476097, 0.0012941956520080566, 0.0013859325554221869, 0.0013426747173070908, 0.0009433808736503124, 0.0013316161930561066, 0.0012904912000522017, 0.002244815928861499, 0.002301221014931798, 0.001812903443351388, 0.0022993816528469324, 0.0024986995849758387, 0.0015519072767347097, 0.0009151395643129945, 0.002883283421397209, 0.002112584188580513, 0.0026066310238093138, 0.002791931387037039, 0.00216428330168128, 0.0013074164744466543, 0.0011506760492920876, 0.0018155956640839577, 0.001822103513404727, 0.0017504727002233267, 0.0018943797331303358, 0.002279028296470642]

2022-04-20 08:52:14.643688