2022-04-20 08:37:11.421793

reference phi, theta, psi, translation: 164.57178246643477, -4.268868188959204e-07, 11.003265705708584, 0.2046843022108078, 0.7416750192642212, 3.957021951675415

phi,theta,psi,rot_x,rot_y,rot_z,phi_err,theta_err,psi_err
174.68706040079186,1.035587752499106,3.46078983121423,-0.0498787984251976,0.24902896583080292,4.223120212554932,10.115277934357096,1.035588179385925,7.542475874494354
174.43682959035928,1.1768023408035595,3.745805941316046,-0.05607843026518822,0.2748807370662689,4.218695640563965,9.865047123924512,1.1768027676903785,7.257459764392538
173.86269754910634,1.2505474625770805,5.633708220834829,-0.04509548097848892,0.44179409742355347,4.196839332580566,9.290915082671575,1.2505478894638995,5.369557484873755
174.00553046502966,0.10912635323326657,10.215555356656646,0.10472533106803894,0.8149082660675049,4.153960704803467,9.433747998594896,0.10912678012008546,0.7877103490519382
173.46587721870696,0.9160965684373039,9.95839788063202,0.04803980141878128,0.7961423397064209,4.153304576873779,8.894094752272196,0.9160969953241228,1.0448678250765635
172.93358691630954,1.9872761201089957,9.702994055676793,-0.03167586773633957,0.797926127910614,4.142592906951904,8.361804449874768,1.9872765469958147,1.3002716500317906
173.22202580495917,1.8830366634656295,8.820185275263476,-0.03997822105884552,0.7158694267272949,4.161552906036377,8.650243338524405,1.8830370903524485,2.1830804304451075
173.72853897342895,1.8650341187511235,8.758335351008071,-0.043348278850317,0.711988627910614,4.166257858276367,9.156756506994185,1.8650345456379425,2.2449303547005126
173.12144443924154,2.197475006810565,10.807521021832482,-0.03989236056804657,0.895358145236969,4.142364501953125,8.549661972806774,2.1974754336973836,0.1957446838761019
174.16773379743913,2.283792150809687,9.036954988952171,-0.08056551963090897,0.7328950762748718,4.176133632659912,9.595951331004358,2.283792577696506,1.9663107167564124
174.40965909784097,2.175556635942208,8.24951187105151,-0.08592355251312256,0.6603257656097412,4.1936774253845215,9.837876631406203,2.175557062829027,2.753753834657074
174.23390467011822,1.6956021811534645,8.05593918733147,-0.050202373415231705,0.6374739408493042,4.203144073486328,9.662122203683452,1.6956026080402835,2.947326518377114
174.0948556789951,1.0399104638962495,8.57043940826196,0.009427174925804138,0.6724058389663696,4.204043388366699,9.52307321256032,1.0399108907830685,2.432826297446624
173.84215234008295,0.574151902983531,9.66903691644443,0.06923315674066544,0.7639123201370239,4.202112197875977,9.270369873648178,0.5741523298703499,1.334228789264154
173.432614197449,0.8839945610364714,9.829577097790994,0.05398593842983246,0.7821845412254333,4.208309650421143,8.86083173101423,0.8839949879232903,1.1736886079175903
173.13223613813017,0.760860237499064,9.853084901366886,0.06990671157836914,0.7741539478302002,4.212772369384766,8.560453671695399,0.7608606643858828,1.150180804341698
172.79004366071254,0.6596955137711757,10.000716878955773,0.08636866509914398,0.7780077457427979,4.212418556213379,8.218261194277773,0.6596959406579946,1.002548826752811
172.6740943693624,0.8195109560906374,9.990972760331102,0.07165227085351944,0.7734867334365845,4.215706825256348,8.102311902927624,0.8195113829774563,1.0122929453774816
172.6031423642643,0.6037799188394226,10.089840602340685,0.08271098881959915,0.7716753482818604,4.221770763397217,8.031359897829532,0.6037803457262415,0.9134251033678993
172.75888433771894,0.5746899139365562,9.698871182739046,0.07650497555732727,0.7316315174102783,4.225895404815674,8.18710187128417,0.5746903408233751,1.3043945229695382
172.7194878065863,0.6502028495686377,9.902633654927097,0.0713871419429779,0.7420256733894348,4.22048807144165,8.147705340151532,0.6502032764554566,1.1006320507814866
171.69591565756818,0.862772656973662,11.857969965234592,0.09771166741847992,0.8948296904563904,4.209464073181152,7.12413319113341,0.8627730838604809,0.8547042595260077
171.3690637850264,0.69640023544247,12.359865925825469,0.12273359298706055,0.9297879934310913,4.2014970779418945,6.797281318591644,0.6964006623292889,1.356600220116885
171.5743109695853,0.4775330590155945,11.80646521625082,0.12716975808143616,0.8780736327171326,4.208184242248535,7.002528503150529,0.4775334859024134,0.8031995105422354
171.10663425673619,-0.22831270301090023,11.818073122745256,0.1858324110507965,0.8672886490821838,4.2029948234558105,6.534851790301417,0.22831227612408134,0.8148074170366719
170.31552076593027,-0.6710736313773266,12.788557626439442,0.2520940899848938,0.9346609115600586,4.1842522621154785,5.743738299495504,0.6710732044905077,1.7852919207308577
169.4890268952237,-0.771915289494982,13.115740763155978,0.27790677547454834,0.9558119177818298,4.1738200187683105,4.917244428788933,0.7719148626081631,2.1124750574473943
168.73159989740432,-0.25490669955901035,12.958885468866635,0.23692330718040466,0.9409072995185852,4.174054145812988,4.159817430969554,0.25490627267219146,1.955619763158051
167.3182698335886,-0.4517781018013794,13.872281543930562,0.28149473667144775,0.9975115656852722,4.162642002105713,2.746487367153833,0.4517776749145605,2.869015838221978
166.17806537430334,-0.8771063983980758,13.86032444401481,0.32196393609046936,0.9812685251235962,4.157812118530273,1.6062829078685752,0.8771059715112569,2.8570587383062254
164.87588980904042,-1.4755118752562717,13.658129500241275,0.37466171383857727,0.9476551413536072,4.146215438842773,0.3041073426056471,1.4755114483694527,2.654863794532691
164.69703447543446,-2.3414017958249898,12.645795573728774,0.4100092649459839,0.8574635982513428,4.139391899108887,0.1252520089996949,2.341401368938171,1.6425298680201905
164.26798931253094,-3.137476263172804,12.146147599148478,0.45904186367988586,0.7964234352111816,4.129669666290283,0.30379315390382544,3.137475836285985,1.1428818934398937
164.1719705131789,-3.755509257189371,11.997795036602154,0.496804416179657,0.7690915465354919,4.112642288208008,0.3998119532558633,3.7555088303025523,0.9945293308935703
164.00353804824638,-3.95323991097739,12.21403626440382,0.518233597278595,0.7753134965896606,4.090961456298828,0.5682444181883852,3.953239484090571,1.210770558695236
164.0482484665533,-3.770172606973322,11.720091497780484,0.49003350734710693,0.740628182888031,4.084048748016357,0.5235339998814652,3.770172180086503,0.7168257920718997

Errors:
rotation,[18.693341988237375, 18.29930965600743, 15.91102045700923, 10.33058512776692, 10.855059572672882, 11.649352646902374, 12.716360859321961, 13.266721407332641, 10.94288209038026, 13.846054625457276, 14.767187528892304, 14.30505133010085, 12.995810400790013, 11.178750992782682, 10.918515326855111, 10.471495140422979, 9.880505961688579, 9.934116231282562, 9.548565346923672, 10.066186735077084, 9.898540667388476, 8.841610534519898, 8.850282201037817, 8.283261499595177, 7.5779714834621705, 8.20010342471687, 7.801634348844491, 6.370343466799796, 6.0672808802903715, 5.340447617686058, 4.434482585507791, 4.109183245958056, 4.584150883629704, 5.149850114451986, 5.732254460974192, 5.0105319720398676]
translation,[0.19962134480110283, 0.19688447527619957, 0.189140758955193, 0.20330522960329134, 0.1980659807922862, 0.18772941035037416, 0.19173622546769753, 0.19575072982827013, 0.2070831356969185, 0.2095925123797402, 0.21508627419509985, 0.22037829037400947, 0.2263585373167869, 0.24041674181060024, 0.249595014895295, 0.25275395357490194, 0.2534044089044425, 0.25554811079282125, 0.2613846192677638, 0.25831507849075575, 0.254686981347942, 0.2735029671672855, 0.27376911587524955, 0.2695687238890274, 0.2644372740231624, 0.2636480937933916, 0.25974305459260627, 0.25421439961815295, 0.2586096738245667, 0.2530221583981289, 0.23847577909379414, 0.21597796207128095, 0.19961350025103552, 0.18220030735500892, 0.16477895173335266, 0.14835876044597907]
loss,
[0.11800359189510345, 0.12572762370109558, 0.11257593333721161, 0.09950165450572968, 0.11156167834997177, 0.11102251708507538, 0.11210983246564865, 0.10008546710014343, 0.11511790752410889, 0.09671022742986679, 0.09250178188085556, 0.1201428696513176, 0.0899481400847435, 0.1030038520693779, 0.11525462567806244, 0.10811403393745422, 0.10228590667247772, 0.1007423847913742, 0.10510183870792389, 0.10197693109512329, 0.10045818984508514, 0.1042717695236206, 0.1029570922255516, 0.10396083444356918, 0.09511290490627289, 0.11505477130413055, 0.09562014043331146, 0.09735365957021713, 0.09648317098617554, 0.08126401901245117, 0.05377938598394394, 0.053188882768154144, 0.05416315793991089, 0.047065019607543945, 0.05292552709579468, 0.03669895604252815]

2022-04-20 08:40:56.012056