2022-04-27 17:32:18.142583

reference phi, theta, psi, translation: 132.9853677440357, -8.537735924097414e-07, 76.34363348549546, 2.865516185760498, 2.6707684993743896, 0.9517420530319214

phi,theta,psi,rot_x,rot_y,rot_z,phi_err,theta_err,psi_err
143.3552887910292,-3.0579185397180266,69.36864430507845,2.3124754428863525,2.981729030609131,1.6183615922927856,10.369921046993511,3.0579176859444344,6.974989180417012
143.41014887044275,-2.9875676655412224,68.29646169973735,2.2855582237243652,2.9751012325286865,1.665060043334961,10.424781126407055,2.98756681176763,8.04717178575811
143.80938708780835,-2.915412391176969,64.62384849245399,2.2390100955963135,2.9178476333618164,1.8158973455429077,10.824019343772648,2.9154115374033767,11.719784993041472
142.2194283320561,3.1370335300408083,63.43724655813684,2.1770095825195312,2.949326753616333,1.7903149127960205,9.234060588020412,3.1370343838144006,12.906386927358618
139.41063597929343,3.7514097914675575,66.13913279001048,2.3462722301483154,2.9049012660980225,1.6561945676803589,6.425268235257732,3.7514106452411498,10.204500695484981
137.39340790982186,2.356532229646624,68.97177616335485,2.5493738651275635,2.847011089324951,1.461103916168213,4.408040165786161,2.3565330834202163,7.371857322140613
136.1469257070512,1.4155544237360604,72.03773196855768,2.682924747467041,2.831089735031128,1.262843132019043,3.161557963015497,1.415555277509653,4.30590151693778
134.6500214485512,1.1278357458468367,74.85691986923713,2.7981488704681396,2.7836806774139404,1.0659316778182983,1.6646537045155014,1.1278365996204291,1.4867136162583279
132.66525043801553,-0.046461194666379955,75.64696102034333,2.892521858215332,2.6642096042633057,1.0028795003890991,0.3201173060201654,0.04646034089278755,0.6966724651521332
132.88814683138975,-0.116020055968741,75.95442881602062,2.8687188625335693,2.6611881256103516,0.9795297384262085,0.09722091264595178,0.1160192021951486,0.3892046694748359
132.9765294792497,0.07216520025366503,76.43633281291088,2.8628785610198975,2.6672229766845703,0.944566547870636,0.008838264785993033,0.07216605402725744,0.09269932741541709
132.87213686797523,0.00895149232738174,76.45040983279027,2.8685858249664307,2.66325044631958,0.9425928592681885,0.11323087606047011,0.008952346100974149,0.10677634729481156
132.92945581548997,0.03758802064862136,76.3699980156917,2.865386962890625,2.6659932136535645,0.9493498802185059,0.055911928545725686,0.037588874422213765,0.02636453019624696
132.89947128503363,-0.014317468441894032,76.39561122507926,2.8672590255737305,2.6610753536224365,0.9460689425468445,0.08589645900207188,0.014316614668301622,0.051977739583804805
132.91784449390096,-0.07453917756084259,76.40587016921262,2.86562442779541,2.6613597869873047,0.9465685486793518,0.06752325013474092,0.07453832378725019,0.062236683717159735
132.9850945364689,0.046926886663908235,76.41851967955549,2.8619368076324463,2.66744327545166,0.945821225643158,0.00027320756680637714,0.04692774043750064,0.07488619406002783
132.90378796458907,-0.04127965574786214,76.45096990830221,2.867379665374756,2.6629066467285156,0.9433992505073547,0.08157977944662775,0.04127880197426973,0.10733642280675326
132.8691862262538,0.05089057964017964,76.4308823219532,2.8688292503356934,2.6623129844665527,0.9452605843544006,0.11618151778191077,0.050891433413772044,0.08724883645774639
132.8352675068355,-0.030020364359380866,76.37583782743208,2.8697848320007324,2.6580140590667725,0.9487032294273376,0.15010023720020627,0.030019510585788455,0.032204341936619585
132.96736336538356,-0.07184440464561333,76.40878665998821,2.8649888038635254,2.665287971496582,0.9458956718444824,0.018004378652136666,0.07184355087202092,0.0651531744927496
132.87784690612136,-0.07611062644252042,76.3693832986664,2.8689146041870117,2.6594340801239014,0.9489574432373047,0.1075208379143362,0.07610977266892802,0.025749813170946823
132.98729385738164,-0.055341682668355235,76.4220235665997,2.862931489944458,2.666752338409424,0.9449951648712158,0.0019261133459451685,0.05534082889476283,0.07839008110424572
132.80513271221741,-0.012205900208205594,76.3756260915678,2.87129282951355,2.657820463180542,0.9496053457260132,0.1802350318182846,0.012205046434613185,0.031992606072336116
132.88428094431953,0.10048488132047279,76.36936963828808,2.865584373474121,2.66304874420166,0.9485669732093811,0.10108679971617107,0.10048573509406519,0.025736152792617872
132.8663995090724,0.027598335482378975,76.41687360396551,2.8669683933258057,2.6591837406158447,0.9461190104484558,0.11896823496329034,0.027599189255971386,0.07324011847005352
132.91900562605986,0.031162032334621833,76.42408628372904,2.864521026611328,2.6629209518432617,0.9452999830245972,0.06636211797584224,0.031162886108214244,0.08045279823357987
132.83433860110839,0.02379061885471803,76.41392979243324,2.870042324066162,2.659416437149048,0.9461637735366821,0.15102914292731384,0.02379147262831044,0.07029630693777733
132.8885156616049,0.03307320310429786,76.41416201886501,2.8670761585235596,2.662341833114624,0.9459617733955383,0.09685208243078591,0.033074056877890265,0.07052853336955422
132.8828056234588,-0.032742584621187704,76.37936903523297,2.867614984512329,2.6613450050354004,0.9485201835632324,0.1025621205768914,0.032741730847595296,0.035735549737509587
132.83757611077496,-0.03763803142387834,76.39470964010881,2.870241165161133,2.6598732471466064,0.9471772909164429,0.14779163326073785,0.03763717765028593,0.05107615461335513
132.85705581028785,0.01764896410488019,76.36842707218261,2.868368148803711,2.6599507331848145,0.9488492012023926,0.12831193374785244,0.017649817878472602,0.024793586687152924
132.89061935986928,0.020140901032705247,76.39359631927411,2.8665220737457275,2.66147780418396,0.9473795890808105,0.09474838416642228,0.02014175480629766,0.049962833778650406
132.89515460547818,0.014917987874606858,76.44347719078272,2.8667943477630615,2.662536382675171,0.9442940950393677,0.090213138557516,0.014918841648199267,0.09984370528725606
132.81813739239712,-0.01193710145300212,76.36244382646967,2.870730400085449,2.6591708660125732,0.9494775533676147,0.16723035163857958,0.011936247679409711,0.018810340974212636
132.89855603968485,-0.0034551923835021065,76.36170616603931,2.8664934635162354,2.6623055934906006,0.9496587514877319,0.0868117043508505,0.003454338609909697,0.01807268054385247
132.90709377614735,0.015786460023382944,76.41076058465835,2.866611957550049,2.663878917694092,0.9462345838546753,0.07827396788835017,0.015787313796975355,0.06712709916288873

Errors:
rotation,[20.402827913354958, 21.459519723932793, 25.459215874217495, 25.277481899193432, 20.381179575983865, 14.136430571346992, 8.88301475746293, 4.2792039203942585, 1.0632501120650861, 0.6024447843159363, 0.17370364622866757, 0.2289595694562558, 0.1198653331641864, 0.15219081325417833, 0.20429825763915083, 0.12208714206433485, 0.23019500422765074, 0.2543217876534292, 0.2123240897226143, 0.1550011040169072, 0.20938042375421104, 0.13565702334495372, 0.2244326843252339, 0.22730868760285414, 0.21980754268931524, 0.17797780231763635, 0.2451169224934016, 0.20045467267823042, 0.17103940116199629, 0.2365049655243789, 0.17075533831347797, 0.16485297275137034, 0.20497568549297132, 0.19797694029220192, 0.10833872350461267, 0.16118838084821424]
translation,[0.07464079787699607, 0.07343302162327348, 0.07063706992421981, 0.048469902869402226, 0.05377318854755053, 0.06027718884697286, 0.06861828089985433, 0.05723574127780573, 0.027252882437928783, 0.002597484539783146, 0.0059136373306127865, 0.004943514513595204, 0.0038187129979716516, 0.006511814309925867, 0.007370559924104292, 0.006142739218049975, 0.0058413344439438575, 0.004764640260089159, 0.0061144375814405905, 0.00538184830443722, 0.005736900867333361, 0.0060872235534645824, 0.0049542484368023665, 0.0058113220786424336, 0.007957638216073093, 0.007421573344331023, 0.005602288558612223, 0.0058297438106800215, 0.0055030655724523925, 0.00492041776263985, 0.00581047388382494, 0.006462345833448957, 0.0062933699017619915, 0.004493799335666182, 0.005398223620366238, 0.005079375226164196]
loss,
[0.13293233513832092, 0.10818213224411011, 0.09152153134346008, 0.053730279207229614, 0.03842546045780182, 0.030098184943199158, 0.018717337399721146, 0.013497239910066128, 0.008569767698645592, 0.0027102921158075333, 0.0015367178712040186, 0.0024979652371257544, 0.0018074152758345008, 0.002128547988831997, 0.0020544524304568768, 0.001684044487774372, 0.0016117249615490437, 0.0016271460335701704, 0.001310665044002235, 0.0017458803486078978, 0.001887126243673265, 0.0019684804137796164, 0.0016212461050599813, 0.002185261808335781, 0.00233881245367229, 0.0017914099153131247, 0.0012697516940534115, 0.0016425792127847672, 0.0015909881331026554, 0.002139281015843153, 0.0017125976737588644, 0.0016601895913481712, 0.0013957753544673324, 0.001914260326884687, 0.0018306475831195712, 0.0012279285583645105]

2022-04-27 18:07:20.529498