2022-04-27 16:08:26.350720

reference phi, theta, psi, translation: -33.091320547511735, -0.0, 74.32085247222868, -2.1190009117126465, -3.251617431640625, 1.089412808418274

phi,theta,psi,rot_x,rot_y,rot_z,phi_err,theta_err,psi_err
-22.822884158753556,1.294954214858955,81.82337814338081,-1.5357718467712402,-3.6827800273895264,0.7731812596321106,10.268436388758179,1.294954214858955,7.502525671152128
-24.144382329178452,2.1002576111003735,80.36190207610566,-1.6200040578842163,-3.6153523921966553,0.8708240389823914,8.946938218333283,2.1002576111003735,6.041049603876985
-26.275691633262156,2.4090328326154027,78.64653421700281,-1.7375662326812744,-3.5416862964630127,0.9735476970672607,6.815628914249579,2.4090328326154027,4.32568174477413
-27.269294619749544,2.442140063334342,78.61919979994443,-1.7949775457382202,-3.531263589859009,0.9712688326835632,5.822025927762191,2.442140063334342,4.298347327715746
-30.091791747081857,3.446514087075714,77.0662265185478,-1.9397740364074707,-3.425163984298706,1.0641552209854126,2.9995288004298786,3.446514087075714,2.745374046319114
-33.54628286322087,6.8180370297932855,73.55170486979354,-2.0314908027648926,-3.3637499809265137,1.1787168979644775,0.4549623157091318,6.8180370297932855,0.7691476024351402
-30.56339923379831,0.02588391624084514,73.07486887326743,-1.9828964471817017,-3.3485004901885986,1.1961331367492676,2.527921313713424,0.02588391624084514,1.2459835989612458
-33.53241074901657,-0.22283771209362963,73.8824362897839,-2.1522531509399414,-3.2395083904266357,1.125896692276001,0.441090201504835,0.22283771209362963,0.438416182444783
-32.850785190605976,-0.0014576404958827915,74.18981529300198,-2.1005377769470215,-3.2549402713775635,1.0967692136764526,0.24053535690575956,0.0014576404958827915,0.1310371792266949
-32.91642672362438,0.07246051156773893,74.44709485865802,-2.102856159210205,-3.2504806518554688,1.0781532526016235,0.17489382388735208,0.07246051156773893,0.1262423864293396
-32.799784168073494,0.059526516622256075,74.27717341248645,-2.095195770263672,-3.2540035247802734,1.0903178453445435,0.2915363794382415,0.059526516622256075,0.04367905974223163
-32.93614206466363,0.011025726863275374,74.33140511449635,-2.105696201324463,-3.250589609146118,1.087747573852539,0.15517848284810754,0.011025726863275374,0.010552642267668944
-32.76603620338446,0.1077663845795731,74.41217893162091,-2.096296787261963,-3.2609095573425293,1.081381916999817,0.3252843441272759,0.1077663845795731,0.09132645939223494
-32.92304517693013,0.09765123351191769,74.34074881328092,-2.104123830795288,-3.251603841781616,1.086703896522522,0.16827537058160402,0.09765123351191769,0.019896341052245248
-32.892551797380605,0.12493020223679678,74.50663361765302,-2.1028058528900146,-3.256970167160034,1.0750988721847534,0.19876875013112993,0.12493020223679678,0.1857811454243432
-32.88207428719381,0.15493557230711055,74.38540459007447,-2.100580930709839,-3.2559328079223633,1.0837589502334595,0.2092462603179257,0.15493557230711055,0.06455211784579262
-32.89370609935034,0.07785844702437324,74.42310040410376,-2.1026968955993652,-3.2541913986206055,1.0796691179275513,0.19761444816139573,0.07785844702437324,0.10224793187508396
-32.97220204838671,0.13058890040277327,74.46190270877861,-2.106292486190796,-3.2531003952026367,1.0781879425048828,0.11911849912502248,0.13058890040277327,0.14105023654992976
-32.87649402264191,0.0785111803269901,74.32990247287894,-2.101046323776245,-3.2551333904266357,1.0874462127685547,0.214826524869828,0.0785111803269901,0.009050000650262291
-32.90414262840212,0.04602166507263921,74.36864330585125,-2.1031668186187744,-3.2528581619262695,1.0844976902008057,0.18717791910961523,0.04602166507263921,0.04779083362257097
-32.812747867118176,0.0417971551438535,74.35020179509222,-2.0973284244537354,-3.2540669441223145,1.083986759185791,0.27857268039355887,0.0417971551438535,0.02934932286353842
-32.96140351930892,0.06144257898970489,74.35296802170608,-2.1056652069091797,-3.2483630180358887,1.0837758779525757,0.12991702820281859,0.06144257898970489,0.032115549477396144
-32.85765636091101,0.1463291276023978,74.35669047480373,-2.098567485809326,-3.2544422149658203,1.0848984718322754,0.23366418660072696,0.1463291276023978,0.03583800257504777
-32.86539155014605,0.11967911588803112,74.42473964950457,-2.1004438400268555,-3.2541074752807617,1.0797032117843628,0.22592899736568484,0.11967911588803112,0.1038871772758938
-32.861959380088116,0.1185575761161258,74.39347787367342,-2.099418878555298,-3.2545948028564453,1.0831302404403687,0.2293611674236189,0.1185575761161258,0.07262540144473917
-32.89077936329099,0.06204700946611383,74.27639477092106,-2.1007277965545654,-3.2514989376068115,1.0910614728927612,0.20054118422074652,0.06204700946611383,0.04445770130762128
-32.83449860453008,0.048684075310494394,74.33523685062072,-2.0990307331085205,-3.255229949951172,1.0879286527633667,0.2568219429816523,0.048684075310494394,0.014384378392037434
-32.858691134570265,0.05785383901672867,74.2996857159908,-2.0996713638305664,-3.254227638244629,1.0895310640335083,0.23262941294147055,0.05785383901672867,0.021166756237875006
-32.798039054740556,0.09074146385651805,74.32908285017854,-2.0960261821746826,-3.256335735321045,1.0872480869293213,0.2932814927711789,0.09074146385651805,0.00823037794985737
-32.91714047839265,0.10523279635568485,74.43494395212457,-2.104482650756836,-3.25329327583313,1.0797135829925537,0.1741800691190818,0.10523279635568485,0.1140914798958903
-32.84815215268094,0.08290761649047053,74.34625394575195,-2.0996108055114746,-3.255152702331543,1.0855568647384644,0.24316839483079633,0.08290761649047053,0.025401473523274376
-32.93424668716895,0.06820605498440113,74.3047878673008,-2.104217529296875,-3.2498695850372314,1.0886011123657227,0.15707386034278414,0.06820605498440113,0.016064604927876758
-32.82156222624208,0.11008054870934628,74.35942255047173,-2.0975100994110107,-3.255864143371582,1.0851284265518188,0.2697583212696557,0.11008054870934628,0.038570078243054695
-32.83654766128109,0.07308016359965959,74.3990171570903,-2.099019765853882,-3.2549664974212646,1.0815942287445068,0.2547728862306471,0.07308016359965959,0.0781646848616191
-32.86148809703539,0.06007436389146288,74.43635780128277,-2.100552797317505,-3.253650188446045,1.079545497894287,0.22983245047634426,0.06007436389146288,0.11550532905408772
-32.78042399687109,0.09476977037634417,74.44001195248872,-2.0962204933166504,-3.2591755390167236,1.0803364515304565,0.31089655064064203,0.09476977037634417,0.11915948026003775

Errors:
rotation,[19.06591627476926, 17.08824543331064, 13.550343491639111, 12.562513318812279, 9.191416933824707, 8.042146947937557, 3.7997888289155153, 1.1023440960432476, 0.37303017662833726, 0.3735967218844306, 0.3947419558027292, 0.17675685197905186, 0.524377188099084, 0.28582294514576695, 0.50948009779227, 0.42873395047082885, 0.3777208270608529, 0.3907576360777255, 0.3023877058470804, 0.2809904178048254, 0.3497191584009508, 0.22347515666991963, 0.41583131677817253, 0.4494952905296098, 0.4205441449844839, 0.30704589499448165, 0.3198903966841841, 0.31165000819607425, 0.3922533345775543, 0.3935043453706569, 0.3514774848445412, 0.24134452025506203, 0.41840894822205665, 0.40601773469192576, 0.40541214342189485, 0.5248258012770239]
translation,[0.03326186669987141, 0.025164941008493535, 0.03217917383766444, 0.047489643311614316, 0.046480339732757336, 0.07144851939927488, 0.04011998469703393, 0.017852546116483126, 0.004989683900816111, 0.012417403911665126, 0.010286150435470987, 0.008258874608412903, 0.006532352653136897, 0.008544015202962996, 0.008010225755993972, 0.007688666111872244, 0.00909204594066182, 0.008490634449163537, 0.0070976542271035115, 0.008625787995220513, 0.010834800199364558, 0.011146614942159516, 0.009638694251419722, 0.01032823730024024, 0.009547465557585788, 0.009224262677108186, 0.007941114618711609, 0.00798405368228483, 0.008796773292187865, 0.008872699214700575, 0.008341618260377714, 0.009383598536864213, 0.008977386581303648, 0.0098683874017782, 0.010683745165012581, 0.008257841086740214]
loss,
[0.16019611060619354, 0.14723241329193115, 0.1506403535604477, 0.1527714729309082, 0.1421024650335312, 0.10250905156135559, 0.022433090955018997, 0.005164013244211674, 0.0015678850468248129, 0.0013587214052677155, 0.0016553931636735797, 0.0018541845493018627, 0.001695919781923294, 0.0010846764780580997, 0.0017321507912129164, 0.0016369655495509505, 0.0012447324115782976, 0.0013381646713241935, 0.0011771459830924869, 0.0014626969350501895, 0.0020174705423414707, 0.0018218816258013248, 0.001294968300499022, 0.0016820546006783843, 0.0010368586517870426, 0.001157045247964561, 0.0013946571853011847, 0.0010889953700825572, 0.0013589737936854362, 0.0019475044682621956, 0.0019462916534394026, 0.0009888289496302605, 0.0013633830239996314, 0.0014724647626280785, 0.0018113565165549517, 0.001767429057508707]

2022-04-27 16:35:54.129351