2022-04-27 15:24:52.415944

reference phi, theta, psi, translation: 164.57178246643477, -4.268868188959204e-07, 11.003265705708584, 0.2046843022108078, 0.7416750192642212, 3.957021951675415

phi,theta,psi,rot_x,rot_y,rot_z,phi_err,theta_err,psi_err
174.68706040079186,1.035587752499106,3.46078983121423,-0.0498787984251976,0.24902896583080292,4.223120212554932,10.115277934357096,1.035588179385925,7.542475874494354
175.1576057930924,1.5135272486415032,3.134010742875783,-0.07371293008327484,0.21087989211082458,4.215620994567871,10.585823326657618,1.5135276755283222,7.869254962832801
177.55054890842803,2.762281168018929,3.3591047496154305,-0.17351751029491425,0.1726529747247696,4.192926406860352,12.978766441993258,2.762281594905748,7.644160956093153
177.8599291570729,2.9990267955595074,3.128636878102864,-0.22503766417503357,0.15098410844802856,4.176650524139404,13.288146690638143,2.999027222446326,7.87462882760572
178.8116203952658,3.3031164045457917,2.4028342964708638,-0.2520085573196411,0.08377107232809067,4.138516426086426,14.239837928831037,3.3031168314326105,8.60043140923772
178.27756790406252,2.4856852951388757,3.6437232146415046,-0.18313255906105042,0.1722068190574646,4.114719390869141,13.705785437627753,2.4856857220256945,7.35954249106708
178.4357824059967,1.5761841797314897,3.6848264392929955,-0.11986346542835236,0.16910889744758606,4.114694118499756,13.863999939561921,1.5761846066183087,7.318439266415588
177.99147860048737,0.9111283761735646,3.1594559722984306,-0.06757967174053192,0.14144057035446167,4.113600730895996,13.4196961340526,0.9111288030603835,7.843809733410153
178.40037470533935,0.6019830197335246,2.526929228736475,-0.04847104102373123,0.08696470409631729,4.098294734954834,13.828592238904577,0.6019834466203435,8.476336476972108
178.41283297038544,0.6702519660763636,2.4908271966613147,-0.057115912437438965,0.08519331365823746,4.097691059112549,13.841050503950669,0.6702523929631825,8.51243850904727
177.5562452861958,0.2726487690249472,3.0927600288269024,-0.01444000843912363,0.13036960363388062,4.086066722869873,12.984462819761035,0.2726491959117661,7.910505676881682
178.31555741622614,0.06872547357372776,2.776295806795644,-0.013944420963525772,0.10987665504217148,4.078999042510986,13.743774949791373,0.06872590046054665,8.226969898912941
178.65220378003772,0.5681145006886923,2.3168791405306033,-0.044946737587451935,0.07505019009113312,4.085010528564453,14.080421313602955,0.5681149275755112,8.68638656517798
178.6489935911278,0.7195724268924296,2.748634180987327,-0.0607028603553772,0.10558027029037476,4.077049255371094,14.077211124693036,0.7195728537792485,8.254631524721256
178.50708958093162,1.0199295016501837,2.560447101427843,-0.08367066085338593,0.0939425677061081,4.079165935516357,13.935307114496851,1.0199299285370027,8.442818604280742
178.4701519179002,1.648271809570867,2.469848057182209,-0.12933099269866943,0.09201368689537048,4.0821943283081055,13.898369451465442,1.648272236457686,8.533417648526374
178.38864044034526,2.0060593890584717,2.5627618952262425,-0.15206077694892883,0.09655199944972992,4.078817367553711,13.816857973910487,2.0060598159452905,8.44050381048234
178.42320119754552,1.9697906187815395,2.7406753030569697,-0.14772121608257294,0.11066920310258865,4.083078861236572,13.851418731110755,1.9697910456683585,8.262590402651615
178.68990642425618,1.972714598571204,2.703699860541694,-0.14701499044895172,0.10499009490013123,4.085272312164307,14.11812395782141,1.972715025458023,8.299565845166889
178.86160371961196,1.9427047994259246,2.8000921858639685,-0.14695395529270172,0.11232509464025497,4.08435583114624,14.289821253177195,1.9427052263127436,8.203173519844615
178.9631822929484,1.5823711652421488,2.886517771083313,-0.12046585977077484,0.11995181441307068,4.084451198577881,14.391399826513634,1.5823715921289678,8.11674793462527
179.03992629846266,1.6628712559243002,2.801513505541566,-0.127715066075325,0.11306964606046677,4.082559108734131,14.468143832027891,1.6628716828111192,8.201752200167018
178.90180621306666,1.6544284971009733,3.208614978189128,-0.12132018059492111,0.1411999613046646,4.0902509689331055,14.330023746631895,1.6544289239877923,7.794650727519455
179.27857310806291,1.9129409227015088,3.555758915868203,-0.14576154947280884,0.16398459672927856,4.082079887390137,14.706790641628146,1.9129413495883278,7.44750678984038
179.30333937399337,1.6981510915732172,3.610572891504848,-0.1262597292661667,0.16822612285614014,4.086825847625732,14.731556907558598,1.6981515184600362,7.392692814203736
179.56772233638623,2.07922657535947,3.539053767262233,-0.1575615108013153,0.16014529764652252,4.081625461578369,14.995939869951457,2.079227002246289,7.464211938446351
179.21789370747652,2.101704614445068,3.7877172627237137,-0.1563839316368103,0.18324345350265503,4.0881757736206055,14.646111241041751,2.1017050413318867,7.21554844298487
179.3993581733454,2.3332958990443067,3.7185146398267905,-0.17445425689220428,0.17891275882720947,4.088388442993164,14.827575706910636,2.3332963259311255,7.284751065881793
179.4845442926738,2.4372586798676994,3.8670652778590444,-0.18351803719997406,0.18501684069633484,4.0868659019470215,14.912761826239034,2.437259106754518,7.1362004278495395
179.26649733361032,2.5668909479768343,3.850409434681145,-0.1890428364276886,0.1899624764919281,4.090137481689453,14.694714867175549,2.566891374863653,7.152856271027439
179.36918239759228,2.727875862648734,3.6003809686027197,-0.20194773375988007,0.17022724449634552,4.088570594787598,14.797399931157514,2.7278762895355526,7.402884737105865
179.6434144927683,2.624421589007431,3.5338643175969042,-0.19679145514965057,0.16057845950126648,4.089335918426514,15.071632026333532,2.62442201589425,7.469401388111679
179.56967577048886,2.616216011515442,3.495038320703378,-0.19579552114009857,0.1593916118144989,4.090100288391113,14.997893304054088,2.616216438402261,7.508227385005206
179.49599168972276,2.6207190351743614,3.6329848766057755,-0.1948566436767578,0.1694786548614502,4.089446067810059,14.924209223287988,2.6207194620611802,7.370280829102809
179.46182708349434,2.8418839701976926,3.6617271664068354,-0.21079038083553314,0.171905517578125,4.085573196411133,14.890044617059573,2.8418843970845113,7.341538539301748
179.40121598479965,2.7303409913326777,3.5676101478518216,-0.20310935378074646,0.16607537865638733,4.092727184295654,14.82943351836488,2.7303414182194965,7.435655557856762

Errors:
rotation,[18.693341988237375, 19.968605965018742, 23.38520899299216, 24.16180274069019, 26.14338616950137, 23.551013650720527, 22.75862381259582, 22.174634670523137, 22.90691216249703, 23.02374140596112, 21.167617692554483, 22.03947074916486, 23.334922806356445, 23.05141550319354, 23.398055647314596, 24.0800593364495, 24.26342160033812, 24.083800179430728, 24.39040482844632, 24.435699999334553, 24.090519353267872, 24.332767715006028, 23.779103398139142, 24.06723878105685, 23.82240124022237, 24.539378810644095, 23.96336472535851, 24.445623098723555, 24.48622136084309, 24.41446251306664, 24.92816095779893, 25.165455430339463, 25.122337127461556, 24.91520951445198, 25.073467553445834, 24.995430494441138]
translation,[0.19962134480110283, 0.19040687252096955, 0.1689364820344048, 0.154303901528146, 0.11589944553463916, 0.09126219893348697, 0.08878283966382128, 0.0854574776287258, 0.06837497491898947, 0.0678456215626051, 0.0570425733513833, 0.049373581241519915, 0.05481820478825217, 0.04773891421898302, 0.049976428143711615, 0.054149981877529285, 0.05166375586026106, 0.05611983254134678, 0.058135847648416394, 0.05741300777874958, 0.05685862922515561, 0.054992089846337855, 0.0633562921224744, 0.05684291603409708, 0.061106068918078016, 0.056674732641204706, 0.06413851955897165, 0.06488917957108153, 0.06403690692083952, 0.06777919118033271, 0.06596393454151261, 0.06608729597483354, 0.06675615517900191, 0.06646322854499243, 0.0634885936395646, 0.06999902173035455]
loss,
[0.08601854741573334, 0.0673363208770752, 0.05926300212740898, 0.05355788394808769, 0.04891250655055046, 0.05264556035399437, 0.048265568912029266, 0.047880347818136215, 0.04977574199438095, 0.05073189735412598, 0.0553450845181942, 0.04838026314973831, 0.05278955027461052, 0.04808422923088074, 0.047542255371809006, 0.047841720283031464, 0.052481479942798615, 0.05110621452331543, 0.05271584913134575, 0.052616775035858154, 0.049471959471702576, 0.048299871385097504, 0.051253385841846466, 0.04777210205793381, 0.05001308023929596, 0.04919955134391785, 0.050040509551763535, 0.04708278924226761, 0.04202958196401596, 0.049843281507492065, 0.051333218812942505, 0.052626073360443115, 0.0464351586997509, 0.04883165284991264, 0.04748297482728958, 0.05047939345240593]

2022-04-27 15:29:30.973573