2022-04-28 20:30:25.095611

reference phi, theta, psi, translation: 164.57178246643477, -4.268868188959204e-07, 11.003265705708584, 0.2046843022108078, 0.7416750192642212, 3.957021951675415

phi,theta,psi,rot_x,rot_y,rot_z,phi_err,theta_err,psi_err
174.68706040079186,1.035587752499106,3.46078983121423,-0.0498787984251976,0.24902896583080292,4.223120212554932,10.115277934357096,1.035588179385925,7.542475874494354
174.51463910538408,1.466105929720928,4.047176939385458,-0.0793859139084816,0.27397453784942627,4.1981401443481445,9.942856638949308,1.466106356607747,6.956088766323126
173.8240796595391,0.7841269805462204,4.46758703563079,-0.0157471913844347,0.2891380488872528,4.1569390296936035,9.25229719310434,0.7841274074330393,6.535678670077794
172.7858362641838,-0.527040628660192,4.66856193686383,0.08699914813041687,0.30846792459487915,4.118229389190674,8.214053797749045,0.5270402017733731,6.334703768844754
171.72043603668854,-2.256944270605323,7.251682705015177,0.22785969078540802,0.4744168519973755,4.008148193359375,7.148653570253771,2.256943843718504,3.751583000693407
167.79951130212936,-0.2082104292176859,12.613859316717088,0.19890844821929932,0.8604230880737305,3.836286783218384,3.2277288356945917,0.208210002330867,1.610593611008504
164.79019825571345,0.17706239281450814,10.497239188217142,0.18262411653995514,0.7144585251808167,3.961005449295044,0.21841578927868,0.17706281970132703,0.506026517491442
164.84089191973328,0.20769796674309915,11.04918250617764,0.19090470671653748,0.7516995072364807,3.9637444019317627,0.2691094532985119,0.20769839362991804,0.04591680046905644
164.58932239222335,0.15641555991396167,11.106730265029583,0.19703753292560577,0.751723051071167,3.9457881450653076,0.017539925788582877,0.15641598680078056,0.10346455932099907
164.67613409657423,0.025281782285244185,11.095114674572331,0.2061908096075058,0.7487011551856995,3.9502811431884766,0.1043516301394618,0.025282209172063082,0.09184896886374716
164.5612093335996,0.021396250470418852,11.195361361020607,0.2107016146183014,0.7553021311759949,3.952552556991577,0.010573132835162369,0.02139667735723775,0.19209565531202344
164.57588057993678,0.03638049178714873,11.004042639726674,0.20557478070259094,0.7439023852348328,3.959653377532959,0.004098113502010392,0.03638091867396762,0.0007769340180896478
164.80170029427575,0.07570515918949001,11.049757949615215,0.1989647001028061,0.747039258480072,3.957501173019409,0.22991782784097836,0.07570558607630891,0.04649224390663065
164.69853711705187,0.06281963287198564,11.049994444915226,0.20195341110229492,0.7453085780143738,3.953157663345337,0.12675465061710156,0.06282005975880453,0.046728739206642445
164.63244820664283,0.11734706783762733,10.99067339820002,0.19873063266277313,0.7428705096244812,3.9521265029907227,0.0606657402080657,0.11734749472444622,0.012592307508564105
164.71785289202467,0.05098777451487801,11.112197831460179,0.20375503599643707,0.750552773475647,3.949219226837158,0.14607042558989747,0.0509882014016969,0.10893212575159517
164.64175092429238,0.22792030282746714,10.971163816609524,0.18969614803791046,0.743942379951477,3.9538323879241943,0.06996845785761252,0.22792072971428604,0.03210188909906009
164.70248496639215,0.11823047715703744,11.00025786115284,0.19692720472812653,0.7442144751548767,3.950441598892212,0.13070249995737981,0.11823090404385633,0.0030078445557446543
164.71318104263239,-0.0012905221033459077,11.00232143205583,0.20469944179058075,0.7419700622558594,3.9526174068450928,0.14139857619761642,0.0012900952165270118,0.0009442736527542905
164.58828420346953,0.09610476591423955,11.059432912574538,0.20129220187664032,0.7468519806861877,3.9507880210876465,0.016501737034758435,0.09610519280105845,0.056167206865954
164.69553183381706,0.1378390174670001,11.029611452884616,0.19677779078483582,0.7463380694389343,3.9525210857391357,0.12374936738228826,0.137839444353819,0.02634574717603222
164.74330217687213,0.04420990799130148,10.969443462712327,0.20018208026885986,0.7404826283454895,3.953697919845581,0.1715197104373658,0.04421033487812037,0.03382224299625669
164.68079228558818,0.0854002461888725,11.029995651025429,0.20045335590839386,0.7447880506515503,3.9504566192626953,0.1090098191534139,0.0854006730756914,0.026729945316844805
164.62597318730965,0.13661431546013963,10.97472490648804,0.19706256687641144,0.741847574710846,3.951361656188965,0.0541907208748853,0.13661474234695853,0.028540799220543533
164.6628835295844,-0.04776530110601657,11.02234242406043,0.20846495032310486,0.7428498864173889,3.957728624343872,0.09110106314963673,0.04776487421919767,0.019076718351845656
164.71439681630463,0.06762587349872358,11.059103355947084,0.20190556347370148,0.7475685477256775,3.9580135345458984,0.14261434986985932,0.06762630038554247,0.05583765023849985
164.64635447179296,-0.016772658898693903,11.068447908505307,0.20843619108200073,0.7460516095161438,3.9514875411987305,0.07457200535819197,0.016772232011875006,0.06518220279672349
164.74002368607051,0.025493312341357627,10.980206133296974,0.20296213030815125,0.7409911155700684,3.9541592597961426,0.16824121963574612,0.025493739228176524,0.023059572411609608
164.59495046809946,-0.0047883850506927695,11.102339307166911,0.20906883478164673,0.74984210729599,3.9557948112487793,0.023168001664686244,0.004787958163873874,0.09907360145832733
164.68777273891993,0.0972173281991922,11.020690372054933,0.1994718760251999,0.7440422773361206,3.9536550045013428,0.11599027248516336,0.09721775508601109,0.01742466634634887
164.64237930169602,0.10736780908112885,11.075320786357633,0.19977493584156036,0.7496395707130432,3.950557231903076,0.07059683526125582,0.10736823596794774,0.07205508064904897
164.7039739476312,0.1545021192599299,11.039552793221569,0.19554871320724487,0.7473123073577881,3.9522674083709717,0.1321914811964291,0.1545025461467488,0.03628708751298504
164.62649228168658,0.08064534141969243,11.074546413660483,0.20140686631202698,0.7478983998298645,3.9493494033813477,0.05470981525181173,0.08064576830651132,0.07128070795189956
164.62880088562605,0.13499873586311723,11.066977710286462,0.19815368950366974,0.7493624091148376,3.949855327606201,0.057018419191280145,0.13499916274993612,0.06371200457787829
164.65873077456902,0.045454991724834234,11.014374154619963,0.20319880545139313,0.7435341477394104,3.951846122741699,0.0869483081342537,0.04545541861165313,0.011108448911379298
164.6443600565553,0.08418794733716133,11.07282947485787,0.2014135718345642,0.7480872273445129,3.950477361679077,0.07257759012054521,0.08418837422398022,0.06956376914928697

Errors:
rotation,[18.693341988237375, 18.36505176188018, 16.572103270615173, 15.075797768367172, 13.157180414665682, 5.046532449033963, 0.9015051264714491, 0.5227246473974864, 0.2774204719103625, 0.22148280817527205, 0.22406546550442355, 0.04125596619406766, 0.3521156578239179, 0.23630344958254854, 0.19060554244107603, 0.30599075274318954, 0.3299910766709586, 0.2519412485569808, 0.14363294506689772, 0.16877413670177088, 0.2879345589121395, 0.24955228831174286, 0.22114043754595009, 0.21934626244238736, 0.15794265572068006, 0.26607830049390163, 0.15652644016679046, 0.21679453127553225, 0.12702956128688744, 0.23063269391752333, 0.25002015187825255, 0.32298111485616293, 0.2066362915102226, 0.25572958651909455, 0.14351217565728613, 0.2263297334938124]
translation,[0.19962134480110283, 0.17669058593703646, 0.13588332292709016, 0.09955319845478172, 0.011425158096477261, 0.09450741332867052, 0.00206366025760385, 0.007777687759088714, 0.009542719738594663, 0.0052390400317143815, 0.0015447800007279966, 0.003038499106976289, 0.0011744274599969629, 0.0032602883645518332, 0.0048832121798181305, 0.006060196647060145, 0.003446510624965704, 0.006377439365879312, 0.0042683630225317515, 0.005333027904243615, 0.003950616056072498, 0.003708557628267606, 0.006082530877037584, 0.005904632708396029, 0.0011036624661278083, 0.0019215229867350914, 0.0044314414513557665, 0.0030230304704872424, 0.0005314945339653931, 0.0031299155139068446, 0.005116985197391344, 0.004078784114378564, 0.006544767834131271, 0.005937476166585576, 0.004812898263372389, 0.005402469106233099]
loss,
[0.04679090902209282, 0.04255938529968262, 0.04025216028094292, 0.034166183322668076, 0.03340771794319153, 0.025621455162763596, 0.0025162913370877504, 0.0017139151459559798, 0.0025195209309458733, 0.001962080365046859, 0.002287504728883505, 0.002447083592414856, 0.001678590546362102, 0.0015310179442167282, 0.0019241124391555786, 0.0016702087596058846, 0.0015777734806761146, 0.0022229801397770643, 0.001377322245389223, 0.001709596486762166, 0.001362027833238244, 0.0016254035290330648, 0.0016415108693763614, 0.0017230936791747808, 0.0017111845081672072, 0.001977541483938694, 0.0013961105141788721, 0.0019020340405404568, 0.001853945548646152, 0.001734921708703041, 0.0022245985455811024, 0.001683677895925939, 0.001680104760453105, 0.002102186903357506, 0.0018821399426087737, 0.0016405651113018394]

2022-04-28 20:35:06.445046