2022-04-28 20:54:11.728130

reference phi, theta, psi, translation: -139.02455270626928, -8.537736090602699e-07, 56.38966954231551, -2.2014424800872803, 2.5346622467041016, 2.231398344039917

phi,theta,psi,rot_x,rot_y,rot_z,phi_err,theta_err,psi_err
-129.04008655489625,6.852725648450977,53.065809209147574,-2.6847352981567383,1.8050535917282104,2.604990243911743,9.984466151373027,6.852726502224586,3.3238603331679357
-129.55486425226178,5.9594629103996315,54.08480513142178,-2.703706979751587,1.882538914680481,2.5232818126678467,9.469688454007496,5.959463764173241,2.304864410893728
-130.19102807155676,3.2458482567368128,55.286785236655206,-2.7058703899383545,2.049743413925171,2.372830629348755,8.833524634712518,3.245849110510422,1.1028843056603037
-132.4663963105198,2.704605735100901,56.975665622156754,-2.628235340118408,2.255674123764038,2.242374897003174,6.558156395749478,2.70460658887451,0.5859960798412445
-137.5075813519878,0.4655699977750877,57.048427627384896,-2.330212354660034,2.5225396156311035,2.2221224308013916,1.5169713542814804,0.4655708515486967,0.6587580850693868
-139.99595587040685,-0.459427895480404,56.58926133024162,-2.1566147804260254,2.601365089416504,2.2308645248413086,0.9714031641375698,0.459427041706795,0.19959178792611
-139.0107420637675,0.02603410289701854,56.219020680997325,-2.194225788116455,2.5238516330718994,2.238369941711426,0.013810642501766779,0.0260349566706276,0.17064886131818469
-139.0212195739543,-0.03630602079391463,56.17428294193374,-2.1879937648773193,2.5219569206237793,2.2383599281311035,0.0033331323149639047,0.03630516702030557,0.2153866003817697
-139.1551459231999,-0.025277063427466915,56.31345829155651,-2.187525510787964,2.5351762771606445,2.232842445373535,0.13059321693063453,0.025276209653857854,0.07621125075900181
-139.15226358337017,-0.032094673271627246,56.32515499051015,-2.1879665851593018,2.53324294090271,2.2307026386260986,0.12771087710089546,0.032093819498018185,0.06451455180535959
-139.06164063346245,-0.051670416930154235,56.33175295324838,-2.191194534301758,2.5308263301849365,2.229871988296509,0.03708792719316989,0.051669563156545174,0.05791658906712627
-139.10811324057522,0.0029871269524790393,56.340621953885645,-2.1914255619049072,2.5310580730438232,2.2312943935394287,0.08356053430594557,0.0029879807260880997,0.049047588429864675
-139.0704925586268,-0.04722497157613381,56.328313953001285,-2.1924939155578613,2.5308191776275635,2.231886386871338,0.045939852357520294,0.04722411780252475,0.0613555893142248
-139.0860244087994,0.06534245097648289,56.27693385496986,-2.1945438385009766,2.527924060821533,2.235100269317627,0.06147170253012746,0.06534330475009195,0.11273568734564776
-139.1705001884541,0.018529941741301688,56.34854838841744,-2.190464973449707,2.5334877967834473,2.228850841522217,0.14594748218482323,0.01853079551491075,0.04112115389806803
-139.15569233833352,-0.04629582080222271,56.31758031072061,-2.1883063316345215,2.532923936843872,2.232386589050293,0.13113963206424728,0.04629496702861365,0.07208923159490155
-139.08879746560243,-0.09329300350669983,56.33521585915758,-2.190274477005005,2.5330350399017334,2.231293201446533,0.06424475933314966,0.09329214973309077,0.054453683157930755
-139.06674961496162,-0.07824840190236186,56.3394027651188,-2.1911356449127197,2.532642126083374,2.230551242828369,0.042196908692346824,0.0782475481287528,0.05026677719671113
-139.1880401142427,-0.010043757852335971,56.293500478801725,-2.188015937805176,2.5331830978393555,2.2328872680664062,0.16348740797343453,0.01004290407872691,0.09616906351378418
-139.1310080346731,-0.061167768161399204,56.287373799116224,-2.188342332839966,2.5332858562469482,2.2344484329223633,0.10645532840382543,0.06116691438779014,0.10229574319928503
-139.17601898130349,-0.02448665477408029,56.36070954023465,-2.1902146339416504,2.5354390144348145,2.2300777435302734,0.15146627503420973,0.02448580100047123,0.028960002080857805
-139.09443920185686,-0.05439597077299721,56.34872255824128,-2.191854476928711,2.5331826210021973,2.230907678604126,0.06988649558758198,0.05439511699938815,0.04094698407423181
-139.07982259703303,0.04056556856326489,56.33454650061892,-2.1944355964660645,2.5295376777648926,2.2319891452789307,0.05526989076375344,0.04056642233687395,0.055123041696589326
-139.10618712722928,-0.15357311652278818,56.364264653697646,-2.188992977142334,2.5363595485687256,2.228658437728882,0.0816344209600004,0.15357226274917912,0.02540488861786372
-139.13024305348605,-0.13082540006742896,56.2855125725674,-2.1856331825256348,2.534792184829712,2.23512601852417,0.10569034721677895,0.1308245462938199,0.10415696974811084
-139.0968844095797,-0.09822691489192745,56.38089274923204,-2.191828489303589,2.5355918407440186,2.2299816608428955,0.07233170331042515,0.09822606111831839,0.008776793083470125
-139.13412260093463,-0.017887658450187183,56.27680408137563,-2.189258337020874,2.5312178134918213,2.2360897064208984,0.1095698946653556,0.017886804676578123,0.11286546093987937
-139.06631248285473,0.02078169194698683,56.29877338484098,-2.193868398666382,2.5287184715270996,2.2339348793029785,0.041759776585450936,0.02078254572059589,0.09089615747453195
-139.03132825392592,0.04034358957263875,56.34904699222685,-2.196443796157837,2.527212381362915,2.2300541400909424,0.006775547656644676,0.04034444334624781,0.04062255008865634
-139.1123752786173,-0.07114406660951526,56.27600836433732,-2.1881773471832275,2.531482696533203,2.2344913482666016,0.08782257234801705,0.0711432128359062,0.11366117797818731
-139.08775927684857,-0.06817490475833135,56.35939814391401,-2.191209316253662,2.5334134101867676,2.2303316593170166,0.0632065705792968,0.06817405098472229,0.030271398401502836
-139.14912169635198,-0.03977106503741489,56.259001193303995,-2.187836170196533,2.5311880111694336,2.235053300857544,0.12456899008270739,0.03977021126380583,0.1306683490115148
-139.14532411117344,-0.07679591553925982,56.33012053803675,-2.1881039142608643,2.5342390537261963,2.2323317527770996,0.12077140490416127,0.07679506176565076,0.05954900427875742
-139.11689686384784,-0.0563509840896884,56.27775689276485,-2.1887080669403076,2.531464099884033,2.2342827320098877,0.09234415757856596,0.05635013031607934,0.1119126495506606
-139.10501233469202,0.016883427866798677,56.316856310668584,-2.192129611968994,2.5299346446990967,2.232222557067871,0.08045962842274434,0.016884281640407738,0.07281323164692566
-139.16992645256383,-0.05199027316817797,56.26479660881475,-2.185908079147339,2.5321052074432373,2.2345800399780273,0.14537374629455257,0.05198941939456891,0.12487293350076101

Errors:
rotation,[20.161052986765547, 17.734016629074464, 13.182258050883243, 9.848759064465233, 2.641300290899564, 1.6304219937704747, 0.21049446049057907, 0.2550248997170392, 0.2320806773434942, 0.22431924840427322, 0.14667407941684132, 0.13559610346189832, 0.15451955947426985, 0.23955069462586717, 0.205599431597802, 0.2495238306877625, 0.2119905922241712, 0.17071123401781074, 0.2696993755659456, 0.2699179859909006, 0.20491207811553877, 0.16522859666120193, 0.15095935479721673, 0.26061157232704324, 0.3406718632587097, 0.17933455751221367, 0.2403221602818131, 0.15343847978057878, 0.08774254109154883, 0.27262696316211055, 0.16165201996552192, 0.29500755035802806, 0.25711547094856946, 0.2606069374453059, 0.17015714171007773, 0.3222360991898825]
translation,[0.12242333873291766, 0.11868257073785049, 0.11055044111918289, 0.09487787091178124, 0.05921628928028255, 0.01792581785076841, 0.006858306254545532, 0.01144750301253783, 0.006458485765532984, 0.008623240819554567, 0.008847902150373343, 0.007787555560414106, 0.007027501645083589, 0.005946187251976376, 0.00813583129282236, 0.007705221759702674, 0.007170887104257062, 0.007360723173459149, 0.007422170639368453, 0.006313483701546829, 0.006363338931338447, 0.0064314889440124645, 0.006717895189147782, 0.007234221160593357, 0.006460952424574451, 0.005441845871539286, 0.006204950229295569, 0.006462374112154556, 0.008156220664190528, 0.0075140735295278205, 0.006956808024254357, 0.007572879024891677, 0.0070176544917206485, 0.007352967049915726, 0.007595747763550875, 0.008306655870325308]
loss,
[0.09381025284528732, 0.09216035902500153, 0.058328621089458466, 0.035041693598032, 0.016160953789949417, 0.006852037273347378, 0.0011860675876960158, 0.0015981055330485106, 0.002464828547090292, 0.0014218362048268318, 0.001515303156338632, 0.0011404547840356827, 0.0009422901785001159, 0.0013514485908672214, 0.001391207566484809, 0.0015367225278168917, 0.001186631852760911, 0.001430773176252842, 0.0011521162232384086, 0.0014180943835526705, 0.0014318845933303237, 0.0009496697457507253, 0.0012484639883041382, 0.0009241504594683647, 0.0012899951543658972, 0.0012107815127819777, 0.0015992646804079413, 0.0009938885923475027, 0.0010792008833959699, 0.0015210183337330818, 0.0010280933929607272, 0.0013864202192053199, 0.0012514600530266762, 0.0013413060223683715, 0.0015809254255145788, 0.0012900385772809386]

2022-04-28 20:58:52.625694