2022-04-28 20:58:56.218025

reference phi, theta, psi, translation: 132.9853677440357, -8.537735924097414e-07, 76.34363348549546, 2.865516185760498, 2.6707684993743896, 0.9517420530319214

phi,theta,psi,rot_x,rot_y,rot_z,phi_err,theta_err,psi_err
143.3552887910292,-3.0579185397180266,69.36864430507845,2.3124754428863525,2.981729030609131,1.6183615922927856,10.369921046993511,3.0579176859444344,6.974989180417012
143.32266780755324,-2.830376357486816,68.8148320766063,2.3035969734191895,2.9743432998657227,1.6474374532699585,10.337300063517546,2.8303755037132237,7.528801408889166
143.01891563478443,-0.5719572897032619,65.87065854430479,2.2304317951202393,2.9748916625976562,1.7713123559951782,10.033547890748736,0.5719564359296695,10.472974941190671
141.8940381199967,2.328098412814333,66.21806928624832,2.281271457672119,3.0238497257232666,1.6729532480239868,8.908670375961009,2.3280992665879254,10.125564199247137
140.34394034824064,2.268645813948233,69.19467938691821,2.4080142974853516,3.023160696029663,1.4873791933059692,7.358572604204937,2.2686466677218253,7.148954098577249
139.5921960678107,1.5130236957260923,71.33948855989645,2.5017659664154053,3.0166330337524414,1.3307971954345703,6.606828323775005,1.5130245494996848,5.004144925599007
137.44817236658702,1.7775111443015699,74.23537265476597,2.6622707843780518,2.953094005584717,1.1245263814926147,4.462804622551317,1.7775119980751624,2.108260830729492
134.84505067011176,0.6709921697882878,75.49314516023465,2.809644937515259,2.803955554962158,1.0267937183380127,1.8596829260760614,0.6709930235618802,0.8504883252608124
132.59640213118183,-0.08096302861726207,75.86721413050873,2.8923287391662598,2.655728340148926,0.9875342845916748,0.3889656128538661,0.08096217484366966,0.4764193549867315
133.22890496908167,-0.04923812724932948,76.45993794668244,2.8511154651641846,2.677079200744629,0.9436805248260498,0.2435372250459693,0.04923727347573707,0.11630446118698501
132.92228411686148,0.0515311573685466,76.39268107392533,2.8627684116363525,2.6659445762634277,0.9460300207138062,0.06308362717422256,0.051532011142139005,0.04904758842987178
132.99032646137314,-0.06419838505041671,76.43592300156068,2.865206718444824,2.6661605834960938,0.9459136724472046,0.004958717337444796,0.0641975312768243,0.09228951606522173
132.9483617791126,-0.021636619793407735,76.41858798144719,2.8650078773498535,2.6656322479248047,0.9455003142356873,0.03700596492311092,0.021635766019815324,0.07495449595172943
132.8767677362325,-0.01407407730484659,76.43159949181606,2.869276523590088,2.6613616943359375,0.9439496994018555,0.10860000780320433,0.01407322353125418,0.08796600632059892
132.9163555126619,0.01514283029492714,76.41171681114216,2.8652291297912598,2.6635947227478027,0.9461255073547363,0.0690122313737902,0.015143684068519549,0.06808332564669684
132.9909275180201,-0.1339042885372041,76.33674182462292,2.8623995780944824,2.6640243530273438,0.9503580927848816,0.005559773984401772,0.1339034347636117,0.006891660872540228
133.0359111438938,0.10410814713875353,76.43976156787423,2.8590898513793945,2.670163869857788,0.9425615072250366,0.05054339985809975,0.10410900091234594,0.09612808237876891
132.93701000471202,-0.03933080161367333,76.41537779253727,2.865830659866333,2.663862705230713,0.9472127556800842,0.04835773932367715,0.039329947840080925,0.07174430704181134
132.87447279267138,-0.051783786217115185,76.40934673550015,2.8680777549743652,2.6611135005950928,0.9458122849464417,0.11089495136431538,0.05178293244352278,0.0657132500046913
132.94545211852616,0.00011166032303060277,76.47820187252306,2.8650755882263184,2.6644768714904785,0.9406460523605347,0.03991562550953631,0.0001125140966230125,0.1345683870275991
132.98856427256726,-0.045573153620009986,76.39313186641054,2.8626596927642822,2.6661133766174316,0.9465280175209045,0.003196528531560716,0.04557229984641758,0.04949838091508241
132.90617853079857,-0.011700176184210558,76.47665141958146,2.8685147762298584,2.6640095710754395,0.9415243268013,0.0791892132371288,0.011699322410618149,0.1330179340859985
132.92905966451812,4.504811957453346e-05,76.41526167932139,2.8659191131591797,2.665454387664795,0.9462633728981018,0.05630807951757788,4.5901893166943203e-05,0.07162819382593
132.95129876045567,-0.0484564364035972,76.45396153115868,2.8669590950012207,2.6657662391662598,0.9439563751220703,0.034068983580027634,0.048455582630004795,0.1103280456632234
132.96023264789005,-0.019702173611608725,76.35796322237415,2.8636727333068848,2.665785074234009,0.9504190683364868,0.025135096145646685,0.019701319838016314,0.014329736878693211
132.98292253631283,-0.011379912168548022,76.45381126699694,2.8634400367736816,2.6663694381713867,0.9433359503746033,0.0024452077228716007,0.011379058394955613,0.11017778150147706
132.95759619487043,0.03722112830905069,76.39359631927411,2.8627610206604004,2.666125535964966,0.9463940262794495,0.027771549165265697,0.037221982082643094,0.049962833778650406
132.9208634375141,-0.03041266065180214,76.44406458705133,2.866509199142456,2.6637046337127686,0.9433522820472717,0.06450430652159866,0.03041180687820973,0.10043110155586987
132.99499831076542,-0.06201474157330918,76.44597020982977,2.8630948066711426,2.666098117828369,0.9431347846984863,0.009630566729725842,0.062013887799716776,0.1023367243343074
132.93470140077255,-0.05469404073363411,76.45587398412628,2.866729736328125,2.664449453353882,0.9428203701972961,0.05066634326314556,0.054693186960041704,0.11224049863082541
132.9627734782613,-0.01913453335834448,76.38546156397263,2.864504337310791,2.6656086444854736,0.9474215507507324,0.022594265774387168,0.01913367958475207,0.04182807847716674
132.9997384620494,-0.005269997722043032,76.43376466178294,2.8625664710998535,2.6673357486724854,0.9443932175636292,0.014370718013708483,0.005269143948450622,0.09013117628748546
133.01375401022628,-0.06299938127634871,76.45529341804684,2.861724615097046,2.666722297668457,0.9428753852844238,0.028386266190580045,0.06299852750275631,0.11165993255137607
132.988673555594,0.006568076717653831,76.46370138091511,2.8631815910339355,2.667388439178467,0.9426413178443909,0.0033058115583060044,0.006568930491246241,0.1200678954196519
132.95509634563422,-0.07035056171438492,76.39797447053209,2.8643534183502197,2.6643190383911133,0.9459853172302246,0.03027139840148152,0.07034970794079251,0.05434098503663165
132.97657046038472,-0.02411894524568792,76.47146047581225,2.864353656768799,2.667299270629883,0.941939651966095,0.00879728365097776,0.02411809147209551,0.127826990316791

Errors:
rotation,[20.402827913354958, 20.696476976119936, 21.078479267869078, 21.362333841796072, 16.77617337050401, 13.123997798873697, 8.348577451355972, 3.381164274898754, 0.9463471426842672, 0.4090789597086914, 0.16366322674623335, 0.16144576467949084, 0.13359622689465567, 0.21063923765505743, 0.15223924108900658, 0.1463548696205537, 0.2507804831492146, 0.15943199420556942, 0.22839113381252946, 0.1745965266337584, 0.09826720929306071, 0.22390646973374545, 0.12798217523667482, 0.19285261187325584, 0.059166152862356214, 0.12400204761930426, 0.1149563650265592, 0.19534721495567825, 0.17398117886375003, 0.2176000288540127, 0.08355602383630598, 0.10977103824964457, 0.20304472624471243, 0.12994263746920415, 0.15496209137890568, 0.16074236543986428]
translation,[0.07464079787699607, 0.0758562626796575, 0.08740891598268963, 0.10972114305691605, 0.11016681477858992, 0.10770292409473647, 0.10082093025748229, 0.06894142280622706, 0.017782361019799353, 0.007928027470728516, 0.006495233757994434, 0.004644781433932543, 0.005233204925104928, 0.0053824155752275615, 0.006277576795519657, 0.007009432623299894, 0.007126918134130911, 0.005416320489794124, 0.005963582282705104, 0.007087398501544051, 0.006343660202861479, 0.004741939072795631, 0.004523169150475681, 0.0041178971170934275, 0.004923754221618282, 0.006368357400741154, 0.006295043442160697, 0.005944335604878503, 0.006840869431254504, 0.0054189742801371565, 0.005155474379539449, 0.006101542084813616, 0.007462728121067741, 0.006039777039063665, 0.006454435034239481, 0.005429275953449775]
loss,
[0.10104985535144806, 0.10295014083385468, 0.07625942677259445, 0.0368671640753746, 0.036926157772541046, 0.027291573584079742, 0.021298518404364586, 0.012372763827443123, 0.004402681719511747, 0.002208187710493803, 0.0019156106282025576, 0.002161557786166668, 0.0013774062972515821, 0.00156025483738631, 0.0015647427644580603, 0.0018371683545410633, 0.0023460565134882927, 0.0016774311661720276, 0.0015885255998000503, 0.001445491798222065, 0.002138742944225669, 0.0024199325125664473, 0.0017021287931129336, 0.0012335500214248896, 0.0011665624333545566, 0.0019509730627760291, 0.0016866028308868408, 0.0015004206215962768, 0.0018726404523476958, 0.0012561375042423606, 0.0013349553337320685, 0.0014630213845521212, 0.0016002062475308776, 0.0015150461113080382, 0.0014577838592231274, 0.0011970540508627892]

2022-04-28 21:03:37.534494