2022-04-28 16:22:02.483054

reference phi, theta, psi, translation: -86.91639066027085, -0.0, 34.793557367935236, -2.296917200088501, -0.12373751401901245, 3.3104169368743896

phi,theta,psi,rot_x,rot_y,rot_z,phi_err,theta_err,psi_err
-76.53055527251121,6.8177051513072,38.18892636661862,-2.336111545562744,-0.9462913274765015,3.345968008041382,10.385835387759641,6.8177051513072,3.395368998683381
-76.05487357795484,6.183503508019981,38.49220042614552,-2.3597183227539062,-0.9367289543151855,3.331547498703003,10.861517082316013,6.183503508019981,3.698643058210287
-74.9298799499512,3.9690015841408037,40.5929036525584,-2.5451366901397705,-0.9268553853034973,3.1866118907928467,11.98651071031965,3.9690015841408037,5.799346284623162
-77.86110344358636,6.13128837283173,39.265753500595316,-2.5018062591552734,-0.9025818109512329,3.214850425720215,9.05528721668449,6.13128837283173,4.4721961326600805
-80.77166561498224,7.557774692460628,38.396328475860635,-2.4835801124572754,-0.8264181613922119,3.2328073978424072,6.1447250452886095,7.557774692460628,3.602771107925399
-82.52239336341825,6.940937468303821,35.99317422771584,-2.3533267974853516,-0.7051337957382202,3.3365795612335205,4.3939972968526035,6.940937468303821,1.1996168597806047
-84.10245517506314,5.144307121406932,33.78736805035481,-2.2477762699127197,-0.5292484164237976,3.409454345703125,2.8139354852077076,5.144307121406932,1.0061893175804286
-85.3938527018158,2.493183631832622,33.50279846386998,-2.2405459880828857,-0.32970622181892395,3.4100053310394287,1.5225379584550467,2.493183631832622,1.2907589040652567
-86.8735585439857,0.16480326975732,34.299751766416236,-2.2803304195404053,-0.1354212611913681,3.3536784648895264,0.0428321162851546,0.16480326975732,0.493805601519
-87.26776974212216,-0.4394951236225341,34.86687261848615,-2.2995033264160156,-0.08436711132526398,3.304389476776123,0.35137908185130584,0.4394951236225341,0.07331525055091248
-86.79520261382731,0.24973912319533023,34.872893430239515,-2.2948720455169678,-0.14367200434207916,3.3027968406677246,0.12118804644353531,0.24973912319533023,0.0793360623042787
-86.77411098967032,0.242473998895935,34.910783904660164,-2.2973287105560303,-0.1440938264131546,3.2997891902923584,0.14227967060053004,0.242473998895935,0.11722653672492811
-86.87668677062557,0.06111295032525227,34.88500335563795,-2.2962300777435303,-0.12947943806648254,3.3011176586151123,0.039703889645281265,0.06111295032525227,0.09144598770271273
-86.92533820808357,0.12836209283042524,34.784756669189676,-2.2904694080352783,-0.13192789256572723,3.305896282196045,0.00894754781272411,0.12836209283042524,0.008800698745559998
-86.82438801215078,0.21001291989768744,34.92443062262185,-2.2990074157714844,-0.14145974814891815,3.30181884765625,0.0920026481200722,0.21001291989768744,0.13087325468661248
-86.80181423694388,0.24404093453946704,34.74285004353706,-2.2878267765045166,-0.14323289692401886,3.3086190223693848,0.11457642332696594,0.24404093453946704,0.05070732439817505
-86.73228291119315,0.26917428720077213,34.86518897685574,-2.2952423095703125,-0.14732694625854492,3.303908348083496,0.18410774907769678,0.26917428720077213,0.07163160892050513
-86.83806205086914,0.17732631489035852,34.83477072938709,-2.293501615524292,-0.13830693066120148,3.3047869205474854,0.0783286094017086,0.17732631489035852,0.04121336145185239
-86.82269412523661,0.14147740691015104,34.96808577670198,-2.3009259700775146,-0.13733458518981934,3.2958171367645264,0.09369653503424047,0.14147740691015104,0.17452840876674713
-86.9722069661682,0.18925294223216713,34.80213608553277,-2.2905290126800537,-0.13398051261901855,3.3020708560943604,0.05581630589735198,0.18925294223216713,0.008578717597536922
-86.79737461398338,0.24237771215657616,34.94715466199048,-2.2986321449279785,-0.14228826761245728,3.299257755279541,0.11901604628747009,0.24237771215657616,0.15359729405524547
-86.870437147535,0.2314650400357555,34.75909223338335,-2.287466049194336,-0.1391352415084839,3.3061633110046387,0.045953512735849245,0.2314650400357555,0.03446513455188693
-86.77708212195927,0.33036292643018966,34.8967444508212,-2.2958059310913086,-0.14904122054576874,3.3018076419830322,0.13930853831158174,0.33036292643018966,0.10318708288596667
-86.89536733800556,0.1647672973255217,34.82653010615347,-2.2917888164520264,-0.1350378692150116,3.302701950073242,0.021023322265293132,0.1647672973255217,0.0329727382182341
-86.73789049650173,0.10130429485105902,35.02546961101385,-2.3041796684265137,-0.13889098167419434,3.2957963943481445,0.17850016376911526,0.10130429485105902,0.2319122430786109
-86.74880513879542,0.17308901816889424,34.830669200790496,-2.291870594024658,-0.14250168204307556,3.3037185668945312,0.1675855214754307,0.17308901816889424,0.03711183285525976
-86.7768908766625,0.2595370589299489,34.834026238767564,-2.291438341140747,-0.14559544622898102,3.3040432929992676,0.13949978360834336,0.2595370589299489,0.04046887083232775
-86.79585831198763,0.2635932304805132,34.90313409278975,-2.2958829402923584,-0.14507338404655457,3.2997052669525146,0.1205323482832199,0.2635932304805132,0.10957672485451297
-86.78595453769111,0.22147402475845457,34.88202197806524,-2.2955894470214844,-0.14213910698890686,3.3002114295959473,0.1304361225797379,0.22147402475845457,0.08846461013000351
-86.83342435242271,0.24369060782524604,34.81395231279689,-2.2910616397857666,-0.14220665395259857,3.303704023361206,0.08296630784813885,0.24369060782524604,0.02039494486165694
-86.83520703179607,0.2072860225092804,34.934792019592756,-2.2979159355163574,-0.1401820033788681,3.2989261150360107,0.08118362847477556,0.2072860225092804,0.1412346516575198
-86.83528899406612,0.1864172557551393,34.882407883753345,-2.2948081493377686,-0.13885724544525146,3.300623893737793,0.0811016662047308,0.1864172557551393,0.08885051581810899
-86.81200487918555,0.16578972579844192,34.901525583240215,-2.2967541217803955,-0.13851824402809143,3.300321340560913,0.10438578108529839,0.16578972579844192,0.1079682153049788
-86.79285302875283,0.16033566268968627,34.824146370133136,-2.292121171951294,-0.13891714811325073,3.304943084716797,0.123537631518019,0.16033566268968627,0.030589002197899617
-86.77495110293823,0.21290313158443272,34.901798790807014,-2.29728627204895,-0.14321939647197723,3.3023486137390137,0.14143955733261748,0.21290313158443272,0.10824142287177807
-86.81261959621085,0.23682673796644227,34.79279580184278,-2.2915048599243164,-0.14250481128692627,3.3060967922210693,0.10377106405999825,0.23682673796644227,0.0007615660924571444

Errors:
rotation,[20.598909537750224, 20.74366364854628, 21.754858579083617, 19.6587717221763, 17.305270845674634, 12.53455162493703, 8.964431924195068, 5.306480494352925, 0.7014409875614745, 0.8641894560247525, 0.4502632319431442, 0.5019802062213932, 0.19226282767324626, 0.14611033938870935, 0.4328888227043721, 0.40932468226460805, 0.524913645198974, 0.29686828574391955, 0.40970235071113864, 0.25364796572705606, 0.5149910524992918, 0.3118836873234917, 0.5728585476277381, 0.21876335780904893, 0.5117167016987851, 0.3777863724995847, 0.43950571337062, 0.4937023036182461, 0.440374757468196, 0.34705186053504183, 0.4297043026415758, 0.3563694377779791, 0.3781437221887191, 0.31446229640560486, 0.4625841117888283, 0.34135936811889767]
translation,[0.1579505536533441, 0.15753923690107374, 0.15112854630631833, 0.1412747322807988, 0.12846016024623808, 0.11231461704397638, 0.08675663800827493, 0.06238904866729644, 0.02662975524896183, 0.0044896701234415914, 0.0067598020724704, 0.007810462323734946, 0.007844718357597813, 0.007125219324032095, 0.00528066931928084, 0.006004408409896023, 0.005504330213069508, 0.006095313400042102, 0.009247248040987088, 0.010165559008951774, 0.007566083290439174, 0.008371674407634089, 0.006843599625631747, 0.008894236073812678, 0.007348483819830776, 0.007755410773815363, 0.007624196055863841, 0.008669462492756352, 0.008526479872991821, 0.008238551123241677, 0.008321115800269396, 0.00874848783868476, 0.007897851921993215, 0.0067324794582503955, 0.005766469918125239, 0.006010459582089567]
loss,
[0.16066834330558777, 0.14116548001766205, 0.11233431100845337, 0.07152722775936127, 0.06466551870107651, 0.041148923337459564, 0.02500562183558941, 0.01924026757478714, 0.00486838398501277, 0.002029687399044633, 0.0024708439595997334, 0.0017563763540238142, 0.0022717600222676992, 0.0020125475712120533, 0.002471564570441842, 0.001259499927982688, 0.0017053112387657166, 0.0021520217414945364, 0.002460501855239272, 0.0026949304156005383, 0.0017865828704088926, 0.0022415337152779102, 0.0013716485118493438, 0.0015331277390941978, 0.0020489199087023735, 0.001618976704776287, 0.0012964037014171481, 0.00243074307218194, 0.0021634043660014868, 0.002336052479222417, 0.0014268569648265839, 0.0019917720928788185, 0.0018320344388484955, 0.0017654243856668472, 0.0015353700146079063, 0.0018623746000230312]

2022-04-28 16:24:35.489433