2022-04-28 16:29:51.448736

reference phi, theta, psi, translation: -139.02455270626928, -8.537736090602699e-07, 56.38966954231551, -2.2014424800872803, 2.5346622467041016, 2.231398344039917

phi,theta,psi,rot_x,rot_y,rot_z,phi_err,theta_err,psi_err
-129.04008655489625,6.852725648450977,53.065809209147574,-2.6847352981567383,1.8050535917282104,2.604990243911743,9.984466151373027,6.852726502224586,3.3238603331679357
-129.16341245055,6.793634980760011,52.62817166826818,-2.6743435859680176,1.8008946180343628,2.6209402084350586,9.861140255719278,6.79363583453362,3.761497874047329
-131.2896230184183,6.846625826094772,48.941635120361745,-2.5757882595062256,1.7858248949050903,2.74116849899292,7.734929687850979,6.846626679868381,7.448034421953764
-130.6868588241647,4.125045051176614,48.05449258492005,-2.484510898590088,1.8126142024993896,2.7996509075164795,8.337693882104588,4.125045904950223,8.335176957395461
-131.8604082669779,4.754952527066813,48.30328222543776,-2.4697513580322266,1.8703200817108154,2.7773935794830322,7.164144439291363,4.754953380840422,8.086387316877747
-132.3495727549559,3.9760030327476152,48.839472565851274,-2.4471077919006348,1.9720275402069092,2.743504047393799,6.674979951313389,3.9760038865212244,7.550196976464235
-134.10530020186437,3.6337198657293963,50.02911393434908,-2.4107279777526855,2.109353542327881,2.6815805435180664,4.919252504404909,3.6337207195030055,6.3605556079664325
-135.00114781340324,2.107987120435214,52.643232235388055,-2.4155819416046143,2.2788102626800537,2.538463592529297,4.02340489286604,2.107987974208823,3.7464373069274544
-137.37258949323166,1.3746525611475227,53.73261325705924,-2.3169589042663574,2.439333915710449,2.4753787517547607,1.651963213037618,1.3746534149211318,2.6570562852562674
-137.3539020956625,0.6074500685334966,53.87643996550678,-2.2931735515594482,2.460340976715088,2.45462965965271,1.6706506106067707,0.6074509223071056,2.513229576808726
-137.70819766828942,0.9362051485954594,54.2445120296896,-2.2920467853546143,2.4617443084716797,2.430131673812866,1.3163550379798608,0.9362060023690685,2.1451575126259073
-137.76374076661995,0.4032527469851097,54.261508955439176,-2.2686336040496826,2.4771273136138916,2.416572332382202,1.2608119396493294,0.40325360075871874,2.1281605868763336
-137.8017849202969,0.6698715989068997,54.520509728766065,-2.2755990028381348,2.4723570346832275,2.395015239715576,1.2227677859723656,0.6698724526805088,1.8691598135494445
-138.13762532178643,0.6402129293455598,54.825976279016544,-2.2618918418884277,2.487557888031006,2.3711748123168945,0.8869273844828456,0.6402137831191689,1.5636932632989655
-138.07810705335896,0.38913649861517013,54.958075552659174,-2.252669095993042,2.4878036975860596,2.3550922870635986,0.9464456529103131,0.38913735238877917,1.431593989656335
-138.47612949705228,0.33229442346526894,55.28495816105223,-2.237550735473633,2.5065999031066895,2.3288114070892334,0.5484232092169918,0.332295277238878,1.1047113812632787
-138.31742322149785,0.45974334445051745,55.519616140177185,-2.2479684352874756,2.4959936141967773,2.310358762741089,0.7071294847714285,0.4597441982241265,0.8700534021383248
-138.5142965941343,0.18263346916754997,55.76221762930687,-2.2301864624023438,2.5135316848754883,2.28887677192688,0.5102561121349822,0.18263432294115903,0.6274519130086418
-138.73174249655082,0.275994868242373,55.96095905868132,-2.224168300628662,2.517338275909424,2.26957368850708,0.2928102097184535,0.27599572201598205,0.42871048363419106
-138.75164566779225,0.1512023234900436,55.97183613493456,-2.214944839477539,2.517200231552124,2.2663633823394775,0.2729070384770296,0.15120317726365265,0.41783340738094665
-138.9381508132686,0.1557317641009428,56.10988791843886,-2.2061736583709717,2.524446964263916,2.2545948028564453,0.08640189300066936,0.15573261787455187,0.2797816238766515
-138.98694568469918,0.13614096497708547,56.17630809302265,-2.20253324508667,2.5238776206970215,2.2464659214019775,0.03760702157009632,0.13614181875069453,0.2133614492928615
-139.02703889512716,-0.008004654944444077,56.24953796620894,-2.197329044342041,2.530102252960205,2.240281581878662,0.002486188857886873,0.008003801170835016,0.1401315761065689
-138.93406636014495,0.10387486552517886,56.287749459520576,-2.204272747039795,2.5240893363952637,2.237739086151123,0.09048634612432238,0.10387571929878792,0.10192008279493336
-139.0791668988727,0.004269847499577424,56.35546737004667,-2.1960971355438232,2.5333073139190674,2.2327330112457275,0.05461419260342382,0.004270701273186484,0.03420217226884148
-138.9561005504074,0.048951491062540084,56.28563893106704,-2.201026201248169,2.5246591567993164,2.237093687057495,0.06845215586187692,0.048952344836149145,0.10403061124846857
-138.9748699102466,0.054207268805992886,56.31141606499467,-2.200092077255249,2.5254719257354736,2.23520827293396,0.04968279602266534,0.05420812257960195,0.07825347732084253
-139.0366694618569,-0.015481221627805592,56.365917559476785,-2.1962361335754395,2.5315113067626953,2.2313129901885986,0.012116755587612715,0.015480367854196531,0.023751982838724928
-139.02455270626928,-0.050612869851848194,56.32688985855933,-2.1952476501464844,2.5306506156921387,2.232607841491699,0.0,0.05061201607823913,0.06277968375617604
-139.0236101401638,0.011710059988893854,56.330062481428804,-2.196518898010254,2.5282540321350098,2.2333054542541504,0.0009425661054649481,0.011710913762502915,0.0596070608867052
-139.08782757874027,-0.021935970945513795,56.296113026159254,-2.191913604736328,2.5299642086029053,2.2340054512023926,0.06327487247099839,0.021935117171904734,0.09355651615625504
-139.03560395234635,0.031065281579379572,56.30320276251773,-2.1954216957092285,2.5271806716918945,2.2335920333862305,0.011051246077073529,0.031066135352988633,0.08646677979778161
-139.0891662958176,0.020559345709826662,56.361368653489556,-2.194337844848633,2.530521869659424,2.2305479049682617,0.06461358954831553,0.020560199483435723,0.028300888825953052
-139.04643663237,0.06193710213962659,56.34085076522284,-2.197293996810913,2.5276801586151123,2.231379985809326,0.021883926100713325,0.06193795591323565,0.04881877709267002
-139.07922154038607,-0.00652563102571576,56.378208484888226,-2.1941349506378174,2.532136917114258,2.2291746139526367,0.05466883411679646,0.0065247772521067,0.011461057427283095
-139.08766365420018,-0.028313051303593084,56.351604898071024,-2.192225694656372,2.5313451290130615,2.230602979660034,0.06311094793090888,0.028312197529984023,0.038064644244485635

Errors:
rotation,[20.161052986765547, 20.416273964300228, 22.029590789673122, 20.797916744450273, 20.005485137009533, 18.20118081429885, 14.913528831874347, 9.877830174002318, 5.683672913215017, 4.791331109722602, 4.397718552974837, 3.7922261272843816, 3.761800052202319, 3.09083443090098, 2.7671769949554275, 1.9854298677191484, 2.03692708513388, 1.320342348084783, 0.9975164153686267, 0.8419436231216288, 0.5219161347518727, 0.38711028961365235, 0.1506215661352908, 0.29628214821804366, 0.09308706614545179, 0.22143511194649462, 0.18214439592310983, 0.05134910628053417, 0.11339169983441517, 0.07226054075467306, 0.17876650579915815, 0.12858416122784377, 0.1134746778577043, 0.13264065910661899, 0.07265466879618626, 0.12948778970537855]
translation,[0.12242333873291766, 0.12394782084051492, 0.1327467455518878, 0.12776636136722797, 0.129602287258896, 0.14068647956088132, 0.14641294887479894, 0.148800486836425, 0.14572977842309776, 0.13265896251165366, 0.11847389996797109, 0.10682710918720328, 0.09524942322289931, 0.08306225752788787, 0.0688887723970435, 0.05702947237909495, 0.04576989205893067, 0.03464654942450629, 0.022866819378362102, 0.01592936111511367, 0.009073118691160786, 0.002197272848726506, 0.00018188394011886544, 0.0015729095974004181, 0.0030294454579626873, 0.0033493253528709133, 0.004397029094297622, 0.004870059391627102, 0.00523241613765979, 0.005657882461930441, 0.006705407849615597, 0.006771574699319771, 0.0069515421725077076, 0.00666316223087815, 0.006807224382398225, 0.007554462748906587]
loss,
[0.16064295172691345, 0.13233253359794617, 0.04681554436683655, 0.04802315682172775, 0.04909637197852135, 0.038404956459999084, 0.04099279269576073, 0.03223903104662895, 0.018349191173911095, 0.009924243204295635, 0.018389036878943443, 0.012433897703886032, 0.012291821651160717, 0.009381318464875221, 0.005371075123548508, 0.004586437251418829, 0.004408370703458786, 0.004657559096813202, 0.0019644401036202908, 0.0029821107164025307, 0.002000879729166627, 0.0015337893273681402, 0.0011821943335235119, 0.001143979956395924, 0.0008883868576958776, 0.0008812094456516206, 0.0011747690150514245, 0.0011331923305988312, 0.0011278728488832712, 0.0011496718507260084, 0.0013856268487870693, 0.000821000779978931, 0.0009591359412297606, 0.0015358773525804281, 0.0010132695315405726, 0.0009706942364573479]

2022-04-28 16:32:23.201911