2022-04-21 16:17:16.529761

reference phi, theta, psi, translation: -139.02455270626928, -8.537736090602699e-07, 56.38966954231551, -2.2014424800872803, 2.5346622467041016, 2.231398344039917

phi,theta,psi,rot_x,rot_y,rot_z,phi_err,theta_err,psi_err
-129.04008655489625,6.852725648450977,53.065809209147574,-2.6847352981567383,1.8050535917282104,2.604990243911743,9.984466151373027,6.852726502224586,3.3238603331679357
-129.47566137864632,7.063467897470069,52.132535576051616,-2.661623954772949,1.783698320388794,2.641602039337158,9.548891327622954,7.063468751243678,4.257133966263893
-130.0327862488659,7.26539518957807,48.372171513406514,-2.6300594806671143,1.700445294380188,2.7435731887817383,8.991766457403372,7.2653960433516795,8.017498028908996
-131.63950628884137,6.832104949975303,47.58612260787018,-2.5276405811309814,1.7400708198547363,2.7997539043426514,7.385046417427901,6.832105803748912,8.803546934445329
-131.24506286427314,6.28114370675829,48.3079882257759,-2.5410828590393066,1.7819340229034424,2.7649500370025635,7.7794898419961385,6.281144560531899,8.081681316539608
-132.07243099919347,6.5289825828478305,48.826553263036196,-2.532625675201416,1.824324131011963,2.7384085655212402,6.952121707075804,6.52898343662144,7.563116279279313
-131.99880155994072,6.518563331668851,49.033197221280346,-2.5394699573516846,1.8282281160354614,2.719977855682373,7.02575114632856,6.51856418544246,7.356472321035163
-131.9075638930077,6.41937420358116,49.424966626788525,-2.5495893955230713,1.8328088521957397,2.6966331005096436,7.116988813261571,6.419375057354769,6.964702915526985
-132.22492180260318,6.5740053701185275,49.72270481799313,-2.550389289855957,1.8534328937530518,2.674271821975708,6.799630903666099,6.574006223892137,6.666964724322376
-132.4381056669776,6.36888919472231,50.33440972987031,-2.552419662475586,1.8864495754241943,2.641679525375366,6.58644703929167,6.368890048495919,6.0552598124452
-132.53583201362216,5.905545980216294,50.63253041166844,-2.538884162902832,1.918390154838562,2.623187303543091,6.488720692647121,5.905546833989903,5.757139130647069
-132.9953671409806,5.5458500246830456,50.80127706530278,-2.5132858753204346,1.960479736328125,2.608503818511963,6.029185565288685,5.545850878456655,5.588392477012732
-133.60336326013845,4.82738049224715,51.328178348445064,-2.4832751750946045,2.033259391784668,2.579979181289673,5.421189446130825,4.8273813460207595,5.061491193870445
-134.15095318627672,4.288552599666531,51.879661482410235,-2.463258743286133,2.0988926887512207,2.5473430156707764,4.873599519992553,4.28855345344014,4.5100080599052745
-134.93906139384782,3.3145592177522283,52.23525479097944,-2.408051013946533,2.1851091384887695,2.5284616947174072,4.085491312421453,3.3145600715258374,4.15441475133607
-137.04724026230727,1.3959242344938545,53.697437782833674,-2.3030073642730713,2.4006621837615967,2.439708948135376,1.9773124439620062,1.3959250882674636,2.6922317594818352
-138.219041176693,0.8690696168631199,55.537166311249536,-2.282933473587036,2.5115582942962646,2.3328661918640137,0.8055115295762789,0.8690704706367289,0.8525032310659739
-138.07827097789902,0.8667684189260079,55.14094020730793,-2.2704570293426514,2.4792892932891846,2.3461430072784424,0.946281728370252,0.8667692726996169,1.2487293350075817
-138.38397658477047,0.4929018015070109,55.48947451536992,-2.248331069946289,2.502443313598633,2.315997362136841,0.6405761214988104,0.49290265528061994,0.900195026945589
-138.5202661794689,0.42117718650343006,55.66985639625537,-2.2350142002105713,2.508911609649658,2.297227382659912,0.5042865268003709,0.4211780402770391,0.7198131460601402
-138.65712951005762,0.37058588633770545,55.84303242756646,-2.227109432220459,2.511369228363037,2.279663324356079,0.36742319621166075,0.3705867401113145,0.5466371147490463
-138.76436348002682,0.24388242011362504,56.06178972630363,-2.219137668609619,2.518031120300293,2.2597577571868896,0.2601892262424599,0.2438832738872341,0.32787981601187965
-139.0002645535807,0.13343702986542105,56.176577885494865,-2.20473575592041,2.5284266471862793,2.248140811920166,0.024288152688569653,0.1334378836390301,0.21309165682064446
-138.92969503907614,0.1207099474955861,56.21239198240782,-2.2061734199523926,2.524827480316162,2.2450222969055176,0.09485766719313915,0.12071080126919516,0.17727755990768657
-138.9152423587924,0.137427054976136,56.24026939950523,-2.2062995433807373,2.5219409465789795,2.241720676422119,0.10931034747687818,0.13742790874974506,0.14940014281027914
-139.0469147456119,0.07177503224665978,56.33472408553734,-2.1991586685180664,2.530393362045288,2.2343204021453857,0.022362039342624485,0.07177588602026884,0.054945456778170865
-138.97711021229438,0.038180285010608564,56.24860906048182,-2.197680950164795,2.5237958431243896,2.238037586212158,0.047442493974898525,0.038181138784217625,0.1410604818336907
-139.09893346633072,0.0005883922602985066,56.435168847471544,-2.194220542907715,2.5332369804382324,2.2254791259765625,0.07438076006144456,0.0005892460339075668,0.045499305156035064
-139.09808652287364,0.020261075304254788,56.36627614440821,-2.1928534507751465,2.529672145843506,2.2286083698272705,0.07353381660436753,0.02026192907786385,0.023393397907298663
-139.078415578064,0.03967198971901975,56.40435103393645,-2.194546699523926,2.5293703079223633,2.2269134521484375,0.0538628717947347,0.03967284349262881,0.01468149162094079
-139.09685708882304,0.028535318251858822,56.42074690303907,-2.1940219402313232,2.5306012630462646,2.2250070571899414,0.07230438255376725,0.028536172025467883,0.03107736072355749
-139.06303399205314,0.023228681393443695,56.43164788495441,-2.1954870223999023,2.5301096439361572,2.224964141845703,0.038481285783859676,0.023229535167052756,0.04197834263889888
-139.10450690069345,0.010563304066380513,56.40810080779079,-2.193063735961914,2.530970811843872,2.226240396499634,0.07995419442417528,0.010564157839989574,0.018431265475278735
-139.07774621952535,0.04530524814565966,56.392579202901935,-2.194692373275757,2.5288586616516113,2.2271780967712402,0.05319351325607613,0.04530610191926872,0.002909660586425389
-139.07323829467313,0.048632772474795055,56.39252797648316,-2.195077896118164,2.5282771587371826,2.2270913124084473,0.04868558840385617,0.048633626248404116,0.002858434167649193
-139.10878259911388,0.02437816490759268,56.44145945169713,-2.193546772003174,2.5318093299865723,2.2234508991241455,0.08422989284460414,0.02437901868120174,0.051789909381618315

Errors:
rotation,[20.161052986765547, 20.869494045130526, 24.274660529664047, 23.020699155622143, 22.142315719067646, 21.044221422976555, 20.900787652806184, 20.501066786143326, 20.040601851880613, 19.01059690023279, 18.15140665728409, 17.163428920758072, 15.31006198602203, 13.672161033337968, 11.554466135283361, 6.065469291711305, 2.5270852312789818, 3.0617803360774505, 2.0336738037250193, 1.6452777131375502, 1.2846470510720216, 0.8319523161415736, 0.3708176931482442, 0.39284602837002086, 0.3961383990369024, 0.1490833821410642, 0.22668411459280685, 0.1204693112513872, 0.11718914358953005, 0.1082172069083043, 0.13191791530279262, 0.10368916358981131, 0.10894961773944359, 0.10140927576177024, 0.10017764881990948, 0.1603988209074242]
translation,[0.12242333873291766, 0.12144657166235362, 0.1325138382651705, 0.12283730462830977, 0.1254730299889646, 0.12112744519948304, 0.1149059747804495, 0.1078835899856676, 0.103049221269643, 0.09827890112370596, 0.09285766005977347, 0.08765475517905674, 0.08677006242769902, 0.087359965360716, 0.08791590600365584, 0.09430459616657227, 0.08736292577302152, 0.06841222946010461, 0.053116300662426674, 0.039151130645907806, 0.026438922835512635, 0.01504926916392968, 0.00717991859994882, 0.00397704884937955, 0.00040372976717417686, 0.002310584897001533, 0.0051930840070015805, 0.008113778118633341, 0.009370251241185734, 0.00957536496872713, 0.010142531946336852, 0.009675997237364342, 0.009750026506667453, 0.00967108479960288, 0.00987436739447034, 0.010502112299549005]
loss,
[0.140464186668396, 0.11601577699184418, 0.054898396134376526, 0.03350914642214775, 0.03330076485872269, 0.03131930157542229, 0.03278842195868492, 0.03506966680288315, 0.03349979221820831, 0.02950199693441391, 0.03183158487081528, 0.029291165992617607, 0.027289796620607376, 0.03215869143605232, 0.02563602291047573, 0.012909906916320324, 0.007941216230392456, 0.00565511267632246, 0.004981457721441984, 0.005110606551170349, 0.0027567408978939056, 0.001661861315369606, 0.0013694381341338158, 0.0013954348396509886, 0.0012797871604561806, 0.0011784529779106379, 0.0013479571789503098, 0.0009537682635709643, 0.0012749943416565657, 0.0012351865880191326, 0.0009765283903107047, 0.001092185964807868, 0.0010958908824250102, 0.0010049104457721114, 0.001080523245036602, 0.001178620383143425]

2022-04-21 16:26:19.485183