2022-04-21 16:26:23.373177

reference phi, theta, psi, translation: 132.9853677440357, -8.537735924097414e-07, 76.34363348549546, 2.865516185760498, 2.6707684993743896, 0.9517420530319214

phi,theta,psi,rot_x,rot_y,rot_z,phi_err,theta_err,psi_err
143.3552887910292,-3.0579185397180266,69.36864430507845,2.3124754428863525,2.981729030609131,1.6183615922927856,10.369921046993511,3.0579176859444344,6.974989180417012
141.8442870220823,-2.7097943456766918,67.2630813990711,2.3438525199890137,2.9000661373138428,1.7267438173294067,8.858919278046613,2.7097934919030995,9.080552086424362
136.11959128999283,-0.42245149386137376,61.74721870085473,2.4742696285247803,2.62473726272583,1.985676884651184,3.134223545957127,0.4224506400877813,14.596414784640729
129.63341142771694,5.682886500784289,60.934535472649934,2.6473591327667236,2.441298484802246,1.9786968231201172,3.3519563163187627,5.682887354557881,15.409098012845526
129.85342548126138,5.310377426850435,64.65948841954311,2.7493200302124023,2.491116762161255,1.781680941581726,3.1319422627743165,5.310378280624027,11.68414506595235
130.67914071040255,4.242524213878264,67.28456917419996,2.8146822452545166,2.565659999847412,1.6025224924087524,2.3062270336331494,4.242525067651856,9.0590643112955
129.94605650678508,2.2056967048879943,71.10142231637566,2.973262310028076,2.5456817150115967,1.3437533378601074,3.0393112372506152,2.2056975586615866,5.242211169119798
130.1054458012565,0.50211190401645,74.75567597517002,3.057020664215088,2.576457977294922,1.0903340578079224,2.879921942779191,0.5021127577900424,1.5879575103254382
130.60570251644657,0.5572893653894007,74.56481999919237,3.002695322036743,2.5784785747528076,1.0979728698730469,2.379665227589129,0.557290219162993,1.7788134863030933
131.37310159045418,0.19455250592669818,75.21615366863395,2.963388204574585,2.6093833446502686,1.043576955795288,1.6122661535815155,0.19455335970029058,1.1274798168615092
132.10156858619274,0.21163330704371627,75.59923165842328,2.919081211090088,2.63796067237854,1.0112404823303223,0.883799157842958,0.21163416081730868,0.7444018270721813
132.53958861766566,0.09192417966323851,75.82615786340779,2.8897390365600586,2.648768424987793,0.9921867847442627,0.44577912637004147,0.09192503343683092,0.5174756220876731
132.68951126994745,0.07688650693056627,76.13025837582427,2.8772618770599365,2.654193639755249,0.9689249992370605,0.29585647408825366,0.07688736070415868,0.21337510967119044
132.97176200720904,0.10028597536081076,76.17763939809664,2.857322931289673,2.665287733078003,0.9613413214683533,0.013605736826661996,0.10028682913440316,0.16599408739881483
133.17486451236854,0.12204543527342937,76.32164027636802,2.8415865898132324,2.6677098274230957,0.9491451978683472,0.18949676833284457,0.12204628904702178,0.021993209127444402
133.20278632569554,0.11464962610012493,76.32368933311902,2.8371238708496094,2.669053316116333,0.9476945996284485,0.2174185816598424,0.11465047987371733,0.019944152376439206
133.3552907894836,0.07569779440793638,76.32099823858604,2.832895040512085,2.6760976314544678,0.9501186013221741,0.369923045447905,0.07569864818152879,0.02263524690941665
133.24544768725144,0.07738894991554414,76.33550556038315,2.8385651111602783,2.671860933303833,0.9480876326560974,0.260079943215743,0.07738980368913655,0.008127925112304979
133.2250527423898,0.10845680908174654,76.2902350665643,2.836858034133911,2.670283079147339,0.9509009122848511,0.2396849983541074,0.10845766285533895,0.05339841893115249
133.24496957400956,0.00991525271867258,76.31475544568465,2.837174654006958,2.6680736541748047,0.9486603736877441,0.2596018299738603,0.009916106492264988,0.028878039810805944
133.30780731437366,0.09199658245356185,76.40733865988418,2.833472490310669,2.674347400665283,0.9417238235473633,0.3224395703379628,0.09199743622715426,0.06370517438871559
133.29026738858508,0.06148605731833299,76.30000223707742,2.8334970474243164,2.6717264652252197,0.9490932822227478,0.3048996445493799,0.061486911091925396,0.04363124841803767
133.3229976550878,0.0682693006530167,76.38505175262242,2.8311049938201904,2.673672676086426,0.9432598352432251,0.3376299110520904,0.06827015442660911,0.041418267126957176
133.27141606647584,0.09442755754765966,76.35561363729967,2.8333380222320557,2.671170949935913,0.94533371925354,0.2860483224401378,0.09442841132125207,0.011980151804209527
133.26039214115545,0.06249012690968912,76.31726212511005,2.8343710899353027,2.66903018951416,0.9481599926948547,0.2750243971197506,0.06249098068328153,0.026371360385411435
133.23148678058794,0.0636226818590109,76.37525043116345,2.8368489742279053,2.6684885025024414,0.9440316557884216,0.2461190365522441,0.06362353563260331,0.03161694566799156
133.3007858799069,0.047300526704283495,76.35632397697334,2.8342599868774414,2.6724753379821777,0.9461532831192017,0.31541813587119805,0.0473013804778759,0.01269049147788337
133.28810904880734,0.018736570982583512,76.35570925994804,2.8365495204925537,2.6727333068847656,0.946584165096283,0.3027413047716436,0.018737424756175923,0.012075774452583232
133.23327629015049,0.10838422983919144,76.20571147558539,2.8365726470947266,2.669964551925659,0.9567911028862,0.24790854611478608,0.10838508361278384,0.13792200991007064
133.2372787810041,0.08693947488668634,76.29439465176884,2.8381693363189697,2.6711106300354004,0.9510035514831543,0.25191103696840855,0.08694032866027875,0.04923883372661919
133.1448116800205,0.1004826514072399,76.27365819744868,2.843092441558838,2.666978359222412,0.9523137807846069,0.15944393598479678,0.10048350518083231,0.069975288046777
133.14564496309922,0.046825372714454014,76.28206616031697,2.8436648845672607,2.666015148162842,0.9520729184150696,0.16027721906351644,0.04682622648804642,0.061567325178486954
133.13399266037518,0.07611251559980786,76.29130057607483,2.8438334465026855,2.666541814804077,0.9511029720306396,0.14862491633948594,0.07611336937340027,0.052332909420627516
133.21303160945058,0.07971481161519353,76.30981721891473,2.8409292697906494,2.670680284500122,0.9505008459091187,0.2276638654148826,0.07971566538878594,0.03381626658072889
133.1843038338015,0.0766462370659545,76.33097714496343,2.8420827388763428,2.669849157333374,0.9481273889541626,0.19893608976579458,0.0766470908395469,0.012656340532032573
133.13729847193346,0.06698888809275787,76.30405253925524,2.8439979553222656,2.6668083667755127,0.9507813453674316,0.15193072789776352,0.06698974186635027,0.03958094624022124

Errors:
rotation,[20.402827913354958, 20.649264856374074, 18.153088970685637, 24.44394168372217, 20.126465609350696, 15.607816412580506, 10.487219965032, 4.969992210894672, 4.715768933055216, 2.9342993301433156, 1.839835145732448, 1.0551797818945454, 0.5861189444636028, 0.27988665335988, 0.3335362665073107, 0.35201321390999896, 0.4682569405388504, 0.34559767201718455, 0.40154108014059886, 0.2983959762769312, 0.47814218095383265, 0.41001780405934296, 0.4473183326056567, 0.3924568855655994, 0.3638867381884435, 0.34135951785283897, 0.3754100078269573, 0.33355450398040276, 0.4942156396376406, 0.3880901993553065, 0.3299027292124061, 0.2686707707300498, 0.27707119513351375, 0.3411957973843974, 0.28823952113737406, 0.258501416004335]
translation,[0.07464079787699607, 0.07808907055192549, 0.08641508465274494, 0.07784781813091879, 0.08454968453828826, 0.10083499107676452, 0.10728348558000889, 0.1128232340619082, 0.07621516436077513, 0.052938170495291814, 0.031195412873980644, 0.012508122396415189, 0.0015123344024452479, 0.0071718854262563525, 0.019624623206392577, 0.022233490736190298, 0.01995474701402955, 0.019251187287776084, 0.020843665881308482, 0.022621268537524664, 0.022694789517752945, 0.022687087205939704, 0.024456955958831017, 0.024058359286682318, 0.02408648879016262, 0.02366852674956288, 0.0223435445671214, 0.020450905080307002, 0.019856758806499286, 0.01934066782777677, 0.018293291330665262, 0.018584884881281738, 0.018345493151877612, 0.01779312519206666, 0.01809086771890911, 0.018127992076138355]
loss,
[0.20458190143108368, 0.1841488480567932, 0.1191909909248352, 0.06584208458662033, 0.05040113255381584, 0.04042062163352966, 0.026353856548666954, 0.012785948812961578, 0.01135956309735775, 0.00703298207372427, 0.0038738534785807133, 0.0026278733275830746, 0.003555482951924205, 0.0016591292805969715, 0.0019844628404825926, 0.002342021092772484, 0.0021576080471277237, 0.0019461102783679962, 0.0017731443513184786, 0.0020137575920671225, 0.002326048444956541, 0.0022818539291620255, 0.0026742620393633842, 0.002109639113768935, 0.001921824412420392, 0.00208519259467721, 0.0015467433258891106, 0.0020825702231377363, 0.0019737177062779665, 0.0017728888196870685, 0.0018949550576508045, 0.0014702682383358479, 0.001997140236198902, 0.002164954785257578, 0.0020990874618291855, 0.0016221373807638884]

2022-04-21 16:35:35.819871