2022-04-21 10:28:30.304771

reference phi, theta, psi, translation: 16.672973292337613, -0.0, 55.56417970941693, 0.9538894295692444, -3.184936285018921, 2.279534101486206

phi,theta,psi,rot_x,rot_y,rot_z,phi_err,theta_err,psi_err
26.607018987257597,-4.879078348390559,61.415046110949504,1.4386786222457886,-3.2383759021759033,2.121750593185425,9.934045694919984,4.879078348390559,5.850866401532571
25.968686582901128,-5.170237415054902,60.26953459467916,1.3615105152130127,-3.2482874393463135,2.1627657413482666,9.295713290563516,5.170237415054902,4.705354885262224
24.185158558523426,-5.322962499219792,56.02112961017454,1.17719304561615,-3.2218122482299805,2.319140672683716,7.5121852661858135,5.322962499219792,0.456949900757607
19.80028468685467,-0.3567270236615711,54.343098980169565,1.1342943906784058,-3.129749059677124,2.4014415740966797,3.127311394517058,0.3567270236615711,1.2210807292473689
17.22115402983908,0.11363806058055159,54.83922343091178,0.9903388023376465,-3.1754727363586426,2.342910051345825,0.5481807375014682,0.11363806058055159,0.7249562785051538
16.297241171000625,-0.4107345890002343,55.33581916470673,0.9149643182754517,-3.1824960708618164,2.289445400238037,0.37573212133698775,0.4107345890002343,0.22836054471020617
16.864486674022892,0.233961402837049,55.74400151479045,0.9763520359992981,-3.180978536605835,2.26669979095459,0.19151338168527943,0.233961402837049,0.1798218053735141
16.56190417114945,-0.05385314209861526,55.53122063157704,0.9472941756248474,-3.1820924282073975,2.2785534858703613,0.11106912118816226,0.05385314209861526,0.03295907783989094
16.737417834703972,0.07897275272749504,55.51830815895113,0.9616043567657471,-3.177583932876587,2.2795467376708984,0.06444454236635977,0.07897275272749504,0.04587155046580449
16.545603924695214,0.02881609625088138,55.50764623365674,0.9492224454879761,-3.1802656650543213,2.2803125381469727,0.12736936764239815,0.02881609625088138,0.0565334757601903
16.68606334988194,0.06750033553944249,55.42806428454234,0.9572675824165344,-3.1741535663604736,2.285550594329834,0.01309005754432846,0.06750033553944249,0.13611542487459616
16.722415324192042,0.04604925007427007,55.5041013654775,0.9590775370597839,-3.1779816150665283,2.280050754547119,0.0494420318544293,0.04604925007427007,0.06007834393943057
16.682839500593694,0.026126100077986113,55.49239100614552,0.9562234282493591,-3.17669415473938,2.2801642417907715,0.009866208256081421,0.026126100077986113,0.07178870327141595
16.651270366249896,0.05453748960039536,55.497865402765285,0.955380916595459,-3.1772990226745605,2.2800657749176025,0.02170292608771618,0.05453748960039536,0.06631430665164828
16.646468743263377,0.012206459767302167,55.53804740565246,0.9539520144462585,-3.1809229850769043,2.2776315212249756,0.02650454907423594,0.012206459767302167,0.026132303764470066
16.69426299198054,0.019777942018882316,55.48386009987217,0.9556806087493896,-3.1767280101776123,2.281383514404297,0.02128969964292793,0.019777942018882316,0.08031960954476602
16.70308418129361,-0.007091063160040708,55.543743783420254,0.9558699131011963,-3.180335283279419,2.278140068054199,0.030110888955999116,0.007091063160040708,0.020435925996679316
16.68065384005929,-0.06741530966481205,55.58380967309155,0.9527039527893066,-3.182262897491455,2.2767012119293213,0.007680547721676589,0.06741530966481205,0.019629963674617557
16.67562682083016,0.08838941932442336,55.45002334272393,0.9571182727813721,-3.1754162311553955,2.283255100250244,0.002653528492547963,0.08838941932442336,0.11415636669300255
16.733195070249614,0.024841972859244988,55.56054604877849,0.9593242406845093,-3.1797945499420166,2.277636766433716,0.060221777912001784,0.024841972859244988,0.003633660638442393
16.668999829787957,0.03234922002487587,55.62668618560631,0.9574655294418335,-3.1840872764587402,2.274470090866089,0.003973462549655693,0.03234922002487587,0.06250647618937677
16.627209317351234,0.04831792952120927,55.406699452818536,0.9530589580535889,-3.174105644226074,2.2861809730529785,0.04576397498637874,0.04831792952120927,0.15748025659839726
16.73389516463954,0.034635481722609066,55.55617131261509,0.9597571492195129,-3.179506301879883,2.277714490890503,0.060921872301928914,0.034635481722609066,0.0080083968018414
16.605757400715515,-0.010381038911588411,55.53517189601189,0.95061856508255,-3.1805789470672607,2.2777626514434814,0.06721589162209796,0.010381038911588411,0.029007813405044658
16.65390681926952,0.10028919542457122,55.47193800467591,0.9579400420188904,-3.1760613918304443,2.282249689102173,0.019066473068093615,0.10028919542457122,0.09224170474102067
16.678794321057755,-0.0002690051381580477,55.51754659285867,0.9551439881324768,-3.179182767868042,2.2798049449920654,0.005821028720141896,0.0002690051381580477,0.046633116558261634
16.62748764755991,0.0055334022287429835,55.496195421513214,0.9520195126533508,-3.1792986392974854,2.280515432357788,0.04548564477770256,0.0055334022287429835,0.06798428790371958
16.61660715621208,-0.004363859686226951,55.55050567069857,0.951511561870575,-3.1817002296447754,2.2768216133117676,0.05636613612553276,0.004363859686226951,0.01367403871836359
16.68044210419502,0.015451981228536974,55.55521850122588,0.9555820226669312,-3.1806483268737793,2.277507781982422,0.0074688118574073314,0.015451981228536974,0.00896120819105306
16.709388445897535,0.028035882609600347,55.535134329971456,0.9583591818809509,-3.178826332092285,2.2789971828460693,0.036415153559921976,0.028035882609600347,0.029045379445477693
16.661274885836672,0.010278979596081657,55.55010951972671,0.9540666937828064,-3.1803674697875977,2.2773876190185547,0.01169840650094045,0.010278979596081657,0.01407018969022289
16.6850473592429,0.03683449181238586,55.532730103383614,0.956859290599823,-3.1780381202697754,2.2790873050689697,0.01207406690528856,0.03683449181238586,0.03144960603331981
16.68179960429256,0.039060858699919807,55.545967009995096,0.9570627212524414,-3.179495096206665,2.2775161266326904,0.008826311954948096,0.039060858699919807,0.018212699421837897
16.638395459664423,0.03710993396671983,55.53059908436257,0.9541557431221008,-3.18035888671875,2.278636932373047,0.03457783267318959,0.03710993396671983,0.033580625054362656
16.67387316976076,0.017473390254033088,55.51342115859998,0.9554261565208435,-3.1789190769195557,2.279771327972412,0.000899877423147899,0.017473390254033088,0.05075855081695124
16.67635594352406,0.020651927167434404,55.51772076268251,0.9554117321968079,-3.1791882514953613,2.2793936729431152,0.0033826511864489817,0.020651927167434404,0.04645894673442541

Errors:
rotation,[20.663990444843115, 19.171305590880642, 13.292097666163212, 4.705119147425998, 1.3867750765871736, 1.0148272550474282, 0.6052965898958426, 0.19788134112666844, 0.1892888455596593, 0.21271893965346983, 0.2167058179583671, 0.15556962586812995, 0.10778101160548349, 0.14255472233975983, 0.06484331260600817, 0.12138725120657627, 0.05763787811271914, 0.09472582106110619, 0.20519931450997386, 0.08869741140968916, 0.09882915876390833, 0.2515621611059853, 0.10356575082637938, 0.10660474393873103, 0.2115973732336855, 0.05272315041656158, 0.11900333491016513, 0.0744040345301233, 0.03188200127699736, 0.09349641561500002, 0.036047575787245, 0.08035816475099422, 0.0660998700767058, 0.10526839169427207, 0.06913181849413223, 0.07049352508830879]
translation,[0.09908907901583852, 0.10198592255476946, 0.10943524061816401, 0.07360920196803278, 0.037485834698986586, 0.005336867351274144, 0.004987323305794433, 0.004357889677663707, 0.003964112776247752, 0.00435121458636889, 0.00429963726695437, 0.00396754044327885, 0.005598093794623615, 0.005376545727597382, 0.004231690718818015, 0.005009512661146687, 0.003953428367125866, 0.003994598339351008, 0.004641871988214419, 0.003843719729275996, 0.002684222048021212, 0.004977913696911251, 0.003924197481135927, 0.005217686892383, 0.004507607036442707, 0.004093513816040506, 0.004339616674168489, 0.0046530752508875395, 0.004132155145398109, 0.004068230564556075, 0.004781278262830035, 0.004996109747539279, 0.004686533464345111, 0.004060188786645824, 0.004253777675862658, 0.004258485211506624]
loss,
[0.19235199689865112, 0.1723369061946869, 0.10499411821365356, 0.054295968264341354, 0.016863839700818062, 0.0029988717287778854, 0.002118536503985524, 0.0018474177923053503, 0.001793747185729444, 0.0012819325784221292, 0.0015867057954892516, 0.001223743543960154, 0.0012461384758353233, 0.0018014947418123484, 0.0019984913524240255, 0.0013821119209751487, 0.0014723021304234862, 0.00161726213991642, 0.001295546069741249, 0.001425537746399641, 0.0015127600636333227, 0.0016528638079762459, 0.0017553394427523017, 0.0014889289159327745, 0.0020196521654725075, 0.0017074709758162498, 0.001104080118238926, 0.0013746721670031548, 0.0011701202020049095, 0.001541079836897552, 0.0015989255625754595, 0.0015648029511794448, 0.001197825069539249, 0.0014053692575544119, 0.0016944295493885875, 0.0010710778879001737]

2022-04-21 10:36:57.092889