2022-04-20 09:01:54.345891

reference phi, theta, psi, translation: 175.36684180812657, -0.0, 39.4597479484966, 0.2069414258003235, 2.553555727005005, 3.112318754196167

phi,theta,psi,rot_x,rot_y,rot_z,phi_err,theta_err,psi_err
-174.60268024378553,2.426304892454245,32.24175771288345,-0.3459881842136383,2.1274664402008057,3.6064906120300293,10.030477948087878,2.426304892454245,7.217990235613151
-174.399495776356,1.6167922298181694,30.715879791924262,-0.3140075206756592,2.0532562732696533,3.6444427967071533,10.233662415517415,1.6167922298181694,8.743868156572336
-175.92589279169212,2.350032288407417,28.983661856138987,-0.3204728960990906,1.9783716201782227,3.655116081237793,8.707265400181313,2.350032288407417,10.476086092357612
-178.02810207481699,3.5232429358448805,31.35507280011615,-0.31812378764152527,2.1454083919525146,3.526498556137085,6.605056117056449,3.5232429358448805,8.104675148380448
179.79546816407114,5.038837028827257,34.76877061143726,-0.3119218945503235,2.3498423099517822,3.356553316116333,4.428626355944573,5.038837028827257,4.690977337059337
178.3986534976685,3.7067363273703724,38.0088313536783,-0.15060612559318542,2.5039565563201904,3.197517156600952,3.0318116895419394,3.7067363273703724,1.4509165948182954
175.9107707528697,-0.2556000536749414,40.01492621480275,0.19858849048614502,2.571432113647461,3.069847583770752,0.5439289447431293,0.2556000536749414,0.5551782663061502
175.24734081840802,0.16505100415143634,39.09358150709222,0.20429351925849915,2.5315771102905273,3.1257970333099365,0.11950098971854572,0.16505100415143634,0.36616644140438126
175.45943185251525,0.12623331248995884,39.34143882678823,0.19481563568115234,2.5446178913116455,3.115463972091675,0.09259004438868601,0.12623331248995884,0.11830912170837138
175.31719999323892,0.18011574873515793,39.39114211337841,0.1995956152677536,2.5457510948181152,3.113292694091797,0.04964181488765007,0.18011574873515793,0.0686058351181913
175.32300565403344,0.12172290392572171,39.358948016725556,0.20218327641487122,2.5447702407836914,3.1146578788757324,0.04383615409312824,0.12172290392572171,0.10079993177104285
175.46881653243486,0.07309306309561245,39.44263149443655,0.19937652349472046,2.549980640411377,3.1125922203063965,0.1019747243082918,0.07309306309561245,0.017116454060051467
175.29724218048415,0.015939912541509237,39.438529965839955,0.20974498987197876,2.547942638397217,3.1108105182647705,0.06959962764241823,0.015939912541509237,0.021217982656644097
175.46906241924498,0.027449870766047844,39.48066881792435,0.2006942629814148,2.5509791374206543,3.1081693172454834,0.10222061111841185,0.027449870766047844,0.020920869427747846
175.27298134855224,0.08062048650904659,39.44962219305206,0.20736080408096313,2.5487871170043945,3.1097357273101807,0.09386045957432998,0.08062048650904659,0.010125755444541085
175.3113260305527,0.12793371360428105,39.55552769122769,0.2034050077199936,2.5555055141448975,3.104318857192993,0.05551577757387349,0.12793371360428105,0.09577974273108936
175.31550610632476,0.08301974961955781,39.42556626679527,0.20489633083343506,2.548565626144409,3.112154722213745,0.051335701801804134,0.08301974961955781,0.03418168170132674
175.36174648700575,0.05400150135700713,39.420252379621004,0.20511610805988312,2.5469346046447754,3.1103670597076416,0.0050953211208195626,0.05400150135700713,0.039495568875594245
175.3531267882732,0.1530335443400302,39.39424643435618,0.19937001168727875,2.5466578006744385,3.1112382411956787,0.013715019853378863,0.1530335443400302,0.06550151414042205
175.37932739392934,0.05564262267207873,39.421454492914926,0.20422330498695374,2.547624111175537,3.111356735229492,0.012485585802778587,0.05564262267207873,0.038293455581673186
175.31452255908428,0.01649302004902594,39.43433622968957,0.20902657508850098,2.5477960109710693,3.1095545291900635,0.052319249042284355,0.01649302004902594,0.025411718807028194
175.41697539663446,0.0602927189087478,39.41057741666168,0.20140118896961212,2.5469534397125244,3.1114368438720703,0.05013358850789018,0.0602927189087478,0.0491705318349176
175.3920452061639,0.1570399912328349,39.424312927082575,0.19759498536586761,2.5493979454040527,3.1120686531066895,0.02520339803734828,0.1570399912328349,0.03543502141402399
175.31878459712635,0.02419087052746028,39.42875596513767,0.20813675224781036,2.54801082611084,3.1105613708496094,0.048057211000212874,0.02419087052746028,0.030991983358930497
175.360913203927,0.06485670553139827,39.4704064586964,0.20471042394638062,2.5502638816833496,3.108013391494751,0.005928604199567644,0.06485670553139827,0.010658510199803573
175.36133667565554,0.04457166713118537,39.42707573860184,0.20505613088607788,2.5472006797790527,3.1102569103240967,0.005505132471029128,0.04457166713118537,0.03267220989475561
175.3525530523829,0.026474857578997972,39.45131949506081,0.20713822543621063,2.5497143268585205,3.1087892055511475,0.014288755743677939,0.026474857578997972,0.008428453435790573
175.39088407400502,0.01100456423208631,39.39326971730487,0.20586267113685608,2.5466601848602295,3.1126301288604736,0.024042265878449598,0.01100456423208631,0.06647823119173069
175.3721420349225,0.08011715306350362,39.42799781413979,0.2020915150642395,2.5480659008026123,3.1106958389282227,0.005300226795924345,0.08011715306350362,0.031750134356805404
175.35379614681185,0.07653218915234301,39.401629868848964,0.20362237095832825,2.547081232070923,3.1121461391448975,0.013045661314720292,0.07653218915234301,0.0581180796476346
175.33670701350846,0.038937855643515304,39.41933371917764,0.20643889904022217,2.5468509197235107,3.110314130783081,0.030134794618106753,0.038937855643515304,0.040414229318962214
175.3339476170838,0.09908388646923208,39.43610866377919,0.20330290496349335,2.5490496158599854,3.1100265979766846,0.03289419104277158,0.09908388646923208,0.023639284717411613
175.3416247497109,0.07646350373593294,39.48353749737576,0.20458008348941803,2.5509185791015625,3.107285737991333,0.02521705841567723,0.07646350373593294,0.023789548879157962
175.38812467758032,0.05462403943152753,39.49551764917996,0.20391125977039337,2.551123857498169,3.1070070266723633,0.021282869453756348,0.05462403943152753,0.035769700683360384
175.33758127772222,0.11091418872164711,39.43530611655171,0.20241202414035797,2.548142671585083,3.109833240509033,0.0292605304043434,0.11091418872164711,0.024441831944891135
175.37050278952168,0.07574070576389315,39.42125983252358,0.20231983065605164,2.5475666522979736,3.1105494499206543,0.0036609813951145043,0.07574070576389315,0.038488115973017045

Errors:
rotation,[19.674773076155276, 20.59432280190792, 21.533383780946345, 18.232974201281777, 14.158440721831166, 8.189464611730607, 1.3547072647242209, 0.6507184352743633, 0.3371324785870162, 0.29836339874099926, 0.2663589897898928, 0.1921842414639557, 0.10675752284057156, 0.15059135131220755, 0.18460670152791764, 0.2792292339092439, 0.1685371331226887, 0.09859239135342093, 0.2322500783338311, 0.1064216640565305, 0.0942239878983385, 0.15959683925155557, 0.21767841068420718, 0.10324006488660364, 0.08144381993076949, 0.08274900949697012, 0.049192066758466484, 0.1015250613022666, 0.11716751421623336, 0.1476959301146979, 0.10948687958058427, 0.15561736222941527, 0.12547011103076813, 0.11167660956864425, 0.16461655107088163, 0.1178898031320247]
translation,[0.170370405351016, 0.16368050504868492, 0.13738777954906123, 0.10894025045995726, 0.07806869820441342, 0.03293276150692037, 0.021681897706863573, 0.003570560713204607, 0.003828354770599951, 0.00455727876965728, 0.003992456623145735, 0.002433928893420756, 0.004573634603310062, 0.005152021434899012, 0.004992893860334746, 0.005116210943352684, 0.003390471585320576, 0.005792601071555659, 0.0055831824558092435, 0.004636992718958233, 0.005674072546260511, 0.005141558773829047, 0.0032950479757820617, 0.004806422252973341, 0.005523350411959171, 0.005712406847395712, 0.005148237738717754, 0.004179132362663651, 0.004975649939837901, 0.0044008188465287645, 0.005818825768138858, 0.004808988371089562, 0.005676895499031609, 0.0057958731334810665, 0.005577377374939019, 0.005393238351303786]
loss,
[0.11240783333778381, 0.10641463845968246, 0.08183234930038452, 0.07451699674129486, 0.06631007790565491, 0.036554004997015, 0.00681917741894722, 0.0032806736417114735, 0.002326133893802762, 0.0016954261809587479, 0.0013993139145895839, 0.0020590596832334995, 0.002166325692087412, 0.0017256841529160738, 0.0017219859873875976, 0.0015797120286151767, 0.00118423777166754, 0.001321139163337648, 0.0014018111396580935, 0.0013099161442369223, 0.0017332942225039005, 0.0016691734781488776, 0.0013879956677556038, 0.001827584463171661, 0.00131080555729568, 0.0013782286550849676, 0.001471509924158454, 0.0014867475256323814, 0.001741579151712358, 0.0012425507884472609, 0.0014459918020293117, 0.001114320824854076, 0.001993287820369005, 0.000975806440692395, 0.0016447321977466345, 0.0015341208782047033]

2022-04-20 09:07:07.130171