2022-04-20 18:35:26.043061

reference phi, theta, psi, translation: 132.9853677440357, -8.537735924097414e-07, 76.34363348549546, 2.865516185760498, 2.6707684993743896, 0.9517420530319214

phi,theta,psi,rot_x,rot_y,rot_z,phi_err,theta_err,psi_err
143.3552887910292,-3.0579185397180266,69.36864430507845,2.3124754428863525,2.981729030609131,1.6183615922927856,10.369921046993511,3.0579176859444344,6.974989180417012
143.5353735586858,-4.984102048465239,69.44997819771496,2.37248158454895,2.9572556018829346,1.5797730684280396,10.550005814650092,4.984101194691647,6.893655287780504
144.77165145883643,-9.627402147930363,70.10521873536179,2.3988804817199707,3.005429267883301,1.4472253322601318,11.786283714800732,9.62740129415677,6.238414750133671
144.62093650461094,-8.594282474673014,71.77369734581251,2.3747670650482178,3.084697723388672,1.3177495002746582,11.63556876057524,8.594281620899421,4.569936139682952
143.6013122049331,-6.990098990459228,72.02804676031461,2.4216434955596924,3.0574209690093994,1.298567771911621,10.615944460897396,6.990098136685636,4.31558672518085
142.44502948034162,-4.785267733384902,73.32139089098071,2.4660210609436035,3.06925630569458,1.19057035446167,9.459661736305918,4.78526687961131,3.0222425945147506
140.25715596464647,-0.010830245434101349,73.48605309149137,2.5348916053771973,3.038760185241699,1.1710805892944336,7.271788220610773,0.01082939166050894,2.8575803940040885
136.79603956501253,0.6960919936900715,74.852575868925,2.747676134109497,2.897153854370117,1.073729157447815,3.810671820976836,0.6960928474636638,1.4910576165704583
134.17723575420294,-0.557766249879837,75.09607894302512,2.8656158447265625,2.759624481201172,1.0557904243469238,1.1918680101672408,0.5577653961062446,1.2475545424703398
133.68318085077922,-0.4392931611972577,75.35494994275777,2.863067150115967,2.7196059226989746,1.0289183855056763,0.6978131067435243,0.43929230742366526,0.9886835427376894
133.15041243513988,-0.038246444636086445,76.09709780740386,2.8707475662231445,2.6902689933776855,0.9728458523750305,0.1650446911041854,0.03824559086249404,0.24653567809160393
132.97346955450155,0.02381522180963081,76.328067484377,2.8637943267822266,2.667275905609131,0.9522343277931213,0.01189818953415056,0.023816075583223222,0.015566001118457962
132.98305914009623,-0.009481363381343026,76.34353786284709,2.85880708694458,2.6633574962615967,0.9497634172439575,0.002308603939468412,0.009480509607750617,9.562264837370549e-05
132.85705581028785,-0.02142054672837759,76.34046427772057,2.865373134613037,2.6570425033569336,0.9506109356880188,0.12831193374785244,0.02141969295478518,0.003169207774888605
132.8831881140523,-0.018541691281904405,76.31084174729023,2.8646323680877686,2.6579749584198,0.9516041278839111,0.10217962998339658,0.018540837508311994,0.0327917382052334
132.860757772818,-0.038999654770834,76.35650839208094,2.865557909011841,2.6576690673828125,0.9490964412689209,0.12460997121769424,0.038998800997241595,0.012874906585480517
132.92646419263352,-0.0685444550820324,76.30396374679603,2.8624465465545654,2.6607017517089844,0.9529860019683838,0.05890355140218162,0.06854360130843999,0.03966973869943047
132.90097392665103,-0.00865387543034488,76.35656986378346,2.863642930984497,2.660590410232544,0.949326753616333,0.08439381738466523,0.00865302165675247,0.012936378288003425
132.82791822328858,-0.029761184471508516,76.30551419973762,2.866741180419922,2.654945135116577,0.9524139761924744,0.1574495207471216,0.029760330697916105,0.03811928575784407
132.83958418639097,-0.013452660969832952,76.40735915045168,2.8664608001708984,2.6565210819244385,0.9448884725570679,0.14578355764473372,0.013451807196240543,0.06372566495622323
132.80282410827795,0.013846082261164855,76.35815446767091,2.867614269256592,2.655362367630005,0.9484572410583496,0.182543635757753,0.013846936034757264,0.014520982175454833
132.87521045310174,-0.029898239754865306,76.32982284299369,2.865948438644409,2.658740520477295,0.9514071941375732,0.11015729093395521,0.029897385981272895,0.013810642501766779
132.88152154789483,-0.04022513046803111,76.28759178335551,2.8642544746398926,2.6579489707946777,0.9539442658424377,0.10384619614086432,0.040224276694438704,0.05604170213995019
132.87101671695135,-0.033540588383164795,76.36151492074255,2.865177869796753,2.657510280609131,0.9488404989242554,0.11435102708435352,0.03353973460957239,0.01788143524709085
132.87253301894708,0.006883008932031053,76.35891944885795,2.8651046752929688,2.6590988636016846,0.948805034160614,0.11283472508861792,0.0068838627056234634,0.01528596336248711
132.8693228300372,0.027164820299654162,76.36189741133607,2.8654654026031494,2.65989351272583,0.9492802023887634,0.11604491399850758,0.027165674073246573,0.018263925840614093
132.89447158656117,0.0002884193975605949,76.31802027610792,2.864553689956665,2.6594128608703613,0.9514979124069214,0.09089615747453195,0.00028927317115300463,0.025613209387543634
132.8651290938868,-0.014195123739572933,76.38651341310481,2.8659586906433105,2.6595370769500732,0.947411298751831,0.12023865014890589,0.014194269965980524,0.042879927609348556
132.89643868104213,-0.03189197612067037,76.31336208709396,2.8639161586761475,2.6594746112823486,0.9521288871765137,0.0889290629935715,0.031891122347077965,0.03027139840149573
132.84914645122896,0.017045372312852206,76.36335907181846,2.8661296367645264,2.657972574234009,0.9488663077354431,0.1362212928067379,0.017046226086444616,0.019725586323005473
132.84444728108,0.001193387208359326,76.3479296744834,2.8654961585998535,2.6572682857513428,0.9493697285652161,0.14092046295570526,0.001194240981951736,0.004296188987936489
132.869596037604,-0.0028513084309494635,76.2885958211635,2.8642725944519043,2.658203601837158,0.9545232653617859,0.1157717064317012,0.002850454657357054,0.05503766433196233
132.88699935960918,0.032536388264973695,76.37256616681964,2.8646299839019775,2.660459280014038,0.9479741454124451,0.09836838442652152,0.0325372420385661,0.02893268132417859
132.86924086776716,-0.017392855125664717,76.28307702831412,2.8650405406951904,2.6583456993103027,0.954380989074707,0.11612687626853813,0.017392001352072306,0.06055645718133462
132.8514413947901,0.012364668865509763,76.32871635234815,2.866391658782959,2.658073663711548,0.951059103012085,0.13392634924559843,0.012365522639102173,0.014917133147307027
132.90463490804615,-0.032910289156781014,76.32228914433917,2.863920211791992,2.659858465194702,0.9519290924072266,0.08073283598955072,0.03290943538318861,0.021344341156293467

Errors:
rotation,[20.402827913354958, 22.427762297122243, 27.652099759091172, 24.799786521157614, 21.92162932276388, 17.26717121043198, 10.14019800627537, 5.997822285010958, 2.997187948743825, 2.125788956904879, 0.44982596005828335, 0.05128026623583175, 0.011884736195592735, 0.15290083447752623, 0.15351220569694196, 0.17648367880041635, 0.1671168914100521, 0.10598321732942112, 0.22532913720288178, 0.22296102979719748, 0.2109115539679651, 0.15386531941699488, 0.20011217497525322, 0.16577219694101675, 0.1350045511567285, 0.16147451391236825, 0.11679864003322858, 0.17731284772423497, 0.1510915837421452, 0.172993105216188, 0.14641089292559348, 0.1736598254210206, 0.15983830778926622, 0.19407533480194505, 0.16120900503200764, 0.1349866125290328]
translation,[0.07464079787699607, 0.07614664398852344, 0.07760493109007793, 0.07877891964019845, 0.0796445481598802, 0.08214860029567106, 0.09575473576047244, 0.10361641008125044, 0.084934115711504, 0.0495674631551255, 0.02166862545935011, 0.0034212638031601017, 0.010146240614094637, 0.009450257775212023, 0.009126937649748257, 0.009262300830201298, 0.008553077417981392, 0.008640449130639993, 0.009433867664651707, 0.010368289332811642, 0.009471042367628968, 0.0077301946423373735, 0.008858897348531514, 0.0096983964860895, 0.008708926316163712, 0.007814562264625735, 0.008257690334245282, 0.008139373021192498, 0.0085215024503551, 0.008708676412668481, 0.009506622361541872, 0.00854037601334312, 0.008343373689677414, 0.007933389687037717, 0.007937375139878355, 0.008312111183081505]
loss,
[0.1717577874660492, 0.160416841506958, 0.10992223024368286, 0.11107519268989563, 0.11417204141616821, 0.09604644775390625, 0.051041822880506516, 0.02981656603515148, 0.014832064509391785, 0.009494062513113022, 0.0047065215185284615, 0.001443182467482984, 0.0019981171935796738, 0.0017176095861941576, 0.00197381479665637, 0.0014980484265834093, 0.002138300333172083, 0.0017750628758221865, 0.0018091846723109484, 0.0017048686277121305, 0.0014356642495840788, 0.001993210054934025, 0.001650649355724454, 0.0017832432640716434, 0.0016375875566154718, 0.0016432757256552577, 0.0018696757033467293, 0.0016856634756550193, 0.0015220458153635263, 0.0017393346643075347, 0.0021675596944987774, 0.0020629027858376503, 0.0016166900750249624, 0.001960819587111473, 0.001633139094337821, 0.0018834508955478668]

2022-04-20 18:44:35.270899