2022-04-20 12:00:38.993162

reference phi, theta, psi, translation: -33.091320547511735, -0.0, 74.32085247222868, -2.1190009117126465, -3.251617431640625, 1.089412808418274

phi,theta,psi,rot_x,rot_y,rot_z,phi_err,theta_err,psi_err
-22.822884158753556,1.294954214858955,81.82337814338081,-1.5357718467712402,-3.6827800273895264,0.7731812596321106,10.268436388758179,1.294954214858955,7.502525671152128
-24.135303300224212,2.4256551011723033,81.80869323666528,-1.6121728420257568,-3.6630287170410156,0.742782711982727,8.956017247287523,2.4256551011723033,7.487840764436598
-29.06607833375895,6.22322815185412,81.34733444879842,-1.9282702207565308,-3.524411201477051,0.6729562878608704,4.025242213752787,6.22322815185412,7.026481976569741
-28.182733383495783,2.1133670063772665,78.48915982833655,-1.892987608909607,-3.5062503814697266,0.8463382720947266,4.908587164015952,2.1133670063772665,4.168307356107874
-30.303438818893042,1.798531838667239,74.78661673211019,-1.9659359455108643,-3.384265422821045,1.076978325843811,2.787881728618693,1.798531838667239,0.46576425988151016
-33.75118170813208,-0.5900281129261064,74.29982914996337,-2.1684935092926025,-3.2286376953125,1.0977108478546143,0.6598611606203448,0.5900281129261064,0.021023322265307343
-33.362185359426924,0.17823969259199565,73.97727346640953,-2.12985897064209,-3.2421224117279053,1.114250898361206,0.27086481191518885,0.17823969259199565,0.34357900581915146
-33.1964439890274,-0.05774665769107112,74.2913050738792,-2.1209001541137695,-3.2437515258789062,1.0905187129974365,0.10512344151566566,0.05774665769107112,0.029547398349478726
-33.14522781553606,0.05783313982280493,74.28735039434976,-2.113949775695801,-3.2408173084259033,1.0891036987304688,0.053907268024325106,0.05783313982280493,0.033502077878921455
-33.061124281191105,-0.0027085287506914057,74.30642028251243,-2.108088970184326,-3.241353750228882,1.0871548652648926,0.03019626632062966,0.0027085287506914057,0.014432189716245603
-33.09809609516839,-0.022530221876856427,74.31734858518446,-2.1108033657073975,-3.2399024963378906,1.0868308544158936,0.006775547656651781,0.022530221876856427,0.0035038870442178904
-33.09062386821639,0.013414021048116925,74.27266548763424,-2.1100828647613525,-3.240919351577759,1.0899559259414673,0.000696679295344893,0.013414021048116925,0.048186984594437376
-33.10309237854625,-0.022379577737183673,74.33201983152165,-2.1107804775238037,-3.2378365993499756,1.0852341651916504,0.011771831034515401,0.022379577737183673,0.011167359292969081
-33.082147603456406,-0.0012402491739113605,74.31930884947626,-2.109480142593384,-3.2403829097747803,1.0866256952285767,0.009172944055329424,0.0012402491739113605,0.0015436227524219248
-33.078268056007836,-0.01035178880302681,74.29935786691064,-2.110565662384033,-3.2417232990264893,1.088334083557129,0.013052491503898977,0.01035178880302681,0.021494605318039817
-33.0687331119265,0.023937040046283584,74.27101941204427,-2.109314203262329,-3.241602659225464,1.0901448726654053,0.022587435585236904,0.023937040046283584,0.04983306018441169
-33.09818830272218,-0.042589309427846486,74.269441638346,-2.1119930744171143,-3.2399659156799316,1.090449571609497,0.006867755210443249,0.042589309427846486,0.051410833882684415
-33.155329665318504,0.005753529939112669,74.29404397973637,-2.1152119636535645,-3.240992546081543,1.088508129119873,0.06400911780676921,0.005753529939112669,0.026808492492307323
-33.11351524721969,0.07595486820538525,74.29880462158788,-2.1109235286712646,-3.2424917221069336,1.0878204107284546,0.022194699707952736,0.07595486820538525,0.022047850640802835
-33.042935487431365,0.005968193985157349,74.36289911675928,-2.1081535816192627,-3.243896722793579,1.0823556184768677,0.04838506008037058,0.005968193985157349,0.042046644530600474
-33.010918975696924,0.03844290597404806,74.38873772238944,-2.10666561126709,-3.2452738285064697,1.0833075046539307,0.08040157181481078,0.03844290597404806,0.06788525016075653
-33.05036673324834,-0.027717437275767025,74.34379507765075,-2.1088786125183105,-3.2414886951446533,1.0847269296646118,0.04095381426339628,0.027717437275767025,0.022942605422073825
-33.09126590599837,0.06354950903191914,74.31098284887801,-2.1089532375335693,-3.2414636611938477,1.0866785049438477,5.4641513365538685e-05,0.06354950903191914,0.009869623350667212
-33.1113705678203,-0.0009528719852315487,74.29384590425045,-2.1124441623687744,-3.240797996520996,1.0880943536758423,0.02005002030856673,0.0009528719852315487,0.02700656797823342
-33.075501829393986,0.08207200055399361,74.31506730200168,-2.108173131942749,-3.2439637184143066,1.0861015319824219,0.015818718117749597,0.08207200055399361,0.0057851702269999805
-33.03518663781798,-0.005090549241577805,74.40577904436861,-2.1073896884918213,-3.242514133453369,1.0809880495071411,0.05613390969375587,0.005090549241577805,0.08492657213993482
-33.06113794156945,-0.008258370966196794,74.29382541368294,-2.108081340789795,-3.2407729625701904,1.0874875783920288,0.0301826059422865,0.008258370966196794,0.027027058545741056
-33.073558640575115,0.07861404242300024,74.28199552604048,-2.107799530029297,-3.2428269386291504,1.0888532400131226,0.017761906936620164,0.07861404242300024,0.03885694618820423
-33.12301262526059,0.018315748472307887,74.27678409170376,-2.111178159713745,-3.2386183738708496,1.088349461555481,0.03169207774885763,0.018315748472307887,0.04406838052491935
-33.11183843577845,0.008856722174489516,74.2830132242268,-2.110724925994873,-3.2398178577423096,1.0879924297332764,0.020517888266716966,0.008856722174489516,0.037839248001873216
-33.065734658880864,-0.049844498523180014,74.33094749182196,-2.109614849090576,-3.2412242889404297,1.085376262664795,0.025585888630871523,0.049844498523180014,0.01009501959327963
-33.02705871270567,-0.007105631080919856,74.33802356780208,-2.10675048828125,-3.2421200275421143,1.0846399068832397,0.06426183480606795,0.007105631080919856,0.017171095573402795
-33.12249353088367,0.002861385287612187,74.30427560311306,-2.1127521991729736,-3.2402400970458984,1.0874419212341309,0.0311729833719383,0.002861385287612187,0.016576869115624504
-33.10044568024287,0.016757662312995414,74.28001477118117,-2.1106836795806885,-3.2414941787719727,1.0890802145004272,0.009125132731135466,0.016757662312995414,0.040837701047507835
-33.097631642304826,0.033309023840780064,74.3088654902353,-2.10929274559021,-3.2412779331207275,1.0866676568984985,0.006311094793090888,0.033309023840780064,0.011986981993374002
-33.13007504086239,0.04366785261260691,74.29259597963234,-2.110589027404785,-3.2387337684631348,1.087812900543213,0.03875449335065184,0.04366785261260691,0.02825649259634133

Errors:
rotation,[19.06591627476926, 18.869513112896424, 17.274952342176647, 11.190261526501093, 5.0521778271674425, 1.2709125958117586, 0.792683510326336, 0.1924174975562155, 0.14524248572605147, 0.04733698478756667, 0.032809656577726096, 0.062297684937899195, 0.045318768064668155, 0.011956815981662709, 0.04489888562496561, 0.09635753581593218, 0.10086789852097415, 0.0965711402381892, 0.12019741855414082, 0.09639989859612841, 0.18672972794961537, 0.09161385696123714, 0.07347377389595189, 0.0480094602720317, 0.10367588889874318, 0.1461510310752685, 0.06546803545422435, 0.13523289554782464, 0.09407620674608486, 0.0672138584430797, 0.08552540674733117, 0.0885385614603906, 0.05061123777517499, 0.06672049609163871, 0.05160710062724495, 0.11067883855960009]
translation,[0.03326186669987141, 0.039326352069145365, 0.042268904481271186, 0.04238082045713476, 0.028186073991152583, 0.010087962097721004, 0.004860592877165004, 0.005042506801699709, 0.011448999134156423, 0.014623192279816344, 0.014456209914633256, 0.013167847609768302, 0.01656635585697952, 0.014819345910277448, 0.012705378460710293, 0.012968971602671076, 0.012799233616354933, 0.010805102089727292, 0.012036575105033087, 0.013832506245623044, 0.013244316319286575, 0.014756203922200228, 0.014209712773553207, 0.012529582552788021, 0.012757307331961343, 0.015718145549449503, 0.015005803493469472, 0.013126168616135914, 0.014883650654178737, 0.014251238135615907, 0.014407538867774683, 0.015387028393873514, 0.012994154614466957, 0.012626072054882975, 0.014184254932527729, 0.015245618448164855]
loss,
[0.22357814013957977, 0.2025204598903656, 0.11615657806396484, 0.0528506264090538, 0.030126189813017845, 0.005164410453289747, 0.0024597535375505686, 0.0017356080934405327, 0.0020453822799026966, 0.0013779181754216552, 0.0014868068974465132, 0.0020248524378985167, 0.0019986347761005163, 0.0015935299452394247, 0.001502753235399723, 0.0013261147541925311, 0.0014519037213176489, 0.0014627843629568815, 0.0015586516819894314, 0.0017071713227778673, 0.0018188252579420805, 0.0018250660505145788, 0.0014036400243639946, 0.0012744937557727098, 0.0015651991125196218, 0.0019738238770514727, 0.001444829162210226, 0.001624109921976924, 0.001513893250375986, 0.0013690138002857566, 0.0011090170592069626, 0.001436792779713869, 0.0014980471460148692, 0.0014864590484648943, 0.0018316563218832016, 0.001806753920391202]

2022-04-20 12:09:31.648162