2022-04-20 11:33:46.139172

reference phi, theta, psi, translation: 164.57178246643477, -4.268868188959204e-07, 11.003265705708584, 0.2046843022108078, 0.7416750192642212, 3.957021951675415

phi,theta,psi,rot_x,rot_y,rot_z,phi_err,theta_err,psi_err
174.68706040079186,1.035587752499106,3.46078983121423,-0.0498787984251976,0.24902896583080292,4.223120212554932,10.115277934357096,1.035588179385925,7.542475874494354
174.29548565567504,0.058638702226262274,4.875360001251129,0.03462373465299606,0.3612635135650635,4.228939533233643,9.723703189240268,0.05863912911308117,6.127905704457455
171.49480756764635,-3.877514907648803,10.512214377972395,0.40378665924072266,0.7797530293464661,4.193822860717773,6.923025101211579,3.877514480761984,0.491051327736189
164.41478373817287,-7.722370432134098,14.835083792355778,0.8327822089195251,0.968153715133667,4.142651557922363,0.15699872826189676,7.722370005247279,3.8318180866471945
164.14559232260433,-5.907026882281434,10.454690524782547,0.6210306286811829,0.6209807395935059,4.174790859222412,0.4261901438304392,5.907026455394615,0.5485751809260364
164.14314711488146,-3.9565337469432933,11.25720957772872,0.49643683433532715,0.7097787261009216,4.087911128997803,0.4286353515533108,3.9565333200564745,0.2539438720201357
164.39100101948287,-1.597096845900755,10.956476348573059,0.3190373480319977,0.7147126197814941,4.006876468658447,0.18078144695189735,1.597096419013936,0.04678935713552512
164.6841117575248,-0.12926099852666523,11.170978439457308,0.2182576060295105,0.7480064630508423,3.9450979232788086,0.11232929109002043,0.12926057163984633,0.16771273374872386
164.50711423537308,-0.6239199873291362,10.886223584091246,0.2478432059288025,0.7239524722099304,3.9657368659973145,0.06466823106168818,0.6239195604423173,0.11704212161733807
164.57145461735462,-0.35155420301685725,11.16749333543331,0.23494328558444977,0.7460376620292664,3.9529662132263184,0.00032784908015059955,0.35155377613003835,0.16422762972472604
164.53295967119243,-0.44439522837499684,11.247733544028973,0.24248424172401428,0.7513912916183472,3.956589937210083,0.038822795242339225,0.44439480148817795,0.24446783832038932
164.5609088052761,-0.235377733062223,11.052921180974577,0.22448641061782837,0.7420455813407898,3.958280086517334,0.010873661158655068,0.23537730617540412,0.04965547526599323
164.59777816641585,-0.46850470468833144,11.089277424152908,0.23973649740219116,0.7397711277008057,3.957613945007324,0.02599569998108109,0.46850427780151255,0.08601171844432365
164.5260201989957,-0.5097026639932208,11.197507747967284,0.24652667343616486,0.7454589605331421,3.9517767429351807,0.04576226743907341,0.509702237106402,0.19424204225870056
164.5578762012846,-0.37647363315871146,11.05943462012183,0.23413705825805664,0.740588903427124,3.957822322845459,0.013906265150154695,0.37647320627189257,0.056168914413246895
164.57349001372728,-0.3746884725222534,11.026095613009351,0.23235201835632324,0.7369468808174133,3.957761526107788,0.0017075472925114354,0.3746880456354345,0.022829907300767616
164.5371534073428,-0.3729218103707191,11.13180645079364,0.23565812408924103,0.7436330318450928,3.9575469493865967,0.03462905909196934,0.3729213834839002,0.12854074508505597
164.56014382408907,-0.40487077713800695,11.243195737099146,0.23925094306468964,0.7504370212554932,3.9524641036987305,0.011638642345701555,0.40487035025118806,0.23993003139056235
164.61690269609187,-0.4377911162988851,11.141273092983276,0.2396375834941864,0.7454056739807129,3.9586429595947266,0.04512022965710116,0.4377906894120662,0.1380073872746923
164.50675906553624,-0.34333704852531133,11.083676669033498,0.2332635223865509,0.7416091561317444,3.9596259593963623,0.0650234008985251,0.34333662163849243,0.08041096332491371
164.57048473049247,-0.33285790099697954,11.119205605548611,0.23236015439033508,0.745025098323822,3.9588561058044434,0.0012977359423018697,0.33285747411016064,0.1159398998400274
164.5915490338928,-0.3972423336723343,11.085414952177267,0.23621542751789093,0.7414618730545044,3.95998477935791,0.019766567458020745,0.3972419067855154,0.08214924646868305
164.55466601237472,-0.40476499418105344,11.06975247463678,0.23704472184181213,0.7395915389060974,3.9583098888397217,0.01711645406004436,0.40476456729423455,0.06648676892819694
164.6033242800219,-0.40656665911181,11.06886625759197,0.23611371219158173,0.7396372556686401,3.9576282501220703,0.03154181358712549,0.4065662322249911,0.06560055188338687
164.6183097150609,-0.2900295815052554,11.135626234086969,0.22802448272705078,0.7459979057312012,3.9569091796875,0.0465272486261199,0.2900291546184365,0.13236052837838486
164.56391408851093,-0.40111792343082453,11.168464929842743,0.23801107704639435,0.7465998530387878,3.9585607051849365,0.007868377923841763,0.40111749654400564,0.16519922413415955
164.55193393670672,-0.37618770066818596,11.04524234080019,0.23412077128887177,0.7388937473297119,3.959533929824829,0.01984852972805129,0.37618727378136707,0.041976635091605985
164.55502118221156,-0.3831637973429592,11.24712394964555,0.23846283555030823,0.7517854571342468,3.9555294513702393,0.01676128422320744,0.3831633704561403,0.2438582439369661
164.58715039206731,-0.4239011870343111,11.133998941517213,0.23864252865314484,0.7433873414993286,3.955766201019287,0.015367925632546076,0.42390076014749223,0.13073323580862883
164.56609974904532,-0.3888171818374149,11.051062515746686,0.234513521194458,0.7394773364067078,3.957571506500244,0.005682717389447589,0.38881675495059603,0.04779681003810232
164.5330552938408,-0.3717414334024462,11.170534477161258,0.23629353940486908,0.7471538782119751,3.957001209259033,0.03872717259397973,0.3717410065156273,0.16726877145267416
164.56971974930542,-0.43411487965506484,11.160873174580274,0.2399112731218338,0.7456284165382385,3.9571244716644287,0.002062717129348357,0.43411445276824595,0.15760746887169041
164.57463748550785,-0.43500325001381146,11.139077187165118,0.2395446002483368,0.7442842721939087,3.957341432571411,0.0028550190730811664,0.43500282312699257,0.13581148145653366
164.57051205124915,-0.386933662843809,11.139411866434449,0.23580724000930786,0.7448903918266296,3.95719575881958,0.0012704151856155477,0.3869332359569901,0.13614616072586472
164.57760178760762,-0.3561382863570661,11.087400829678447,0.23309867084026337,0.7417157888412476,3.9572110176086426,0.005819321172850778,0.35613785947024723,0.08413512396986356
164.55723416350264,-0.41061056050830547,11.070865795471493,0.23680400848388672,0.7403249740600586,3.9599192142486572,0.014548302932126944,0.4106101336214866,0.06760008976290877

Errors:
rotation,[18.693341988237375, 15.910248022810805, 11.291590909709752, 11.711186820156371, 6.88179178015109, 4.6391125436299205, 1.8246672231013585, 0.40930259647859063, 0.8056299131213436, 0.516109254934915, 0.7276854350509065, 0.2959064426000524, 0.5805116962269172, 0.7497065468041759, 0.44654838583529416, 0.39922550022871356, 0.5360911876609256, 0.656439023987452, 0.6209183063438597, 0.48877098586193124, 0.4500951098924899, 0.4991577207122192, 0.48836779028247584, 0.5037085976955035, 0.46891693162294124, 0.574185098602007, 0.43801243860102435, 0.6437828986163139, 0.5700019215886671, 0.44229628237814594, 0.5777369505622811, 0.5937846387692847, 0.5736693236566074, 0.5243498118684704, 0.44609230461296157, 0.4927585263165223]
translation,[0.19962134480110283, 0.2133545419241294, 0.2536358104208585, 0.3038924076082772, 0.23503739102259047, 0.1475374845218429, 0.05147541315702853, 0.009817215952887537, 0.007757371194881735, 0.0015244022702356474, 0.0034703857315063757, 0.0023568160094331603, 0.0021629356940842115, 0.0021062054538303343, 0.002188544701890116, 0.001358477254468582, 0.002567008058976583, 0.0009466197227450124, 0.004203782240759679, 0.004095224413231513, 0.003916984439589655, 0.0045919618438565735, 0.002653816663446662, 0.0019387049152452818, 0.0019391977350311507, 0.004247594773982399, 0.003556395213779595, 0.0022641037560102717, 0.0009501192788050616, 0.0017603293664674169, 0.002719400216646406, 0.00277159745369282, 0.002714415236887646, 0.00246317264302931, 0.0017356308567562095, 0.004353397521837721]
loss,
[0.12375128269195557, 0.12459646165370941, 0.09386458247900009, 0.07631660252809525, 0.05908031016588211, 0.038732510060071945, 0.014521434903144836, 0.004947111941874027, 0.0035334439016878605, 0.0035814051516354084, 0.0032926814164966345, 0.003350934013724327, 0.0038742530159652233, 0.003615786787122488, 0.0035397035535424948, 0.003921081777662039, 0.003269954351708293, 0.0035541639663279057, 0.0037835424300283194, 0.0027781850658357143, 0.0032612374052405357, 0.004040785599499941, 0.003227595705538988, 0.0034623953979462385, 0.0039960769936442375, 0.003126939292997122, 0.0037740699481219053, 0.003197229467332363, 0.0037744836881756783, 0.0036240206100046635, 0.003100079484283924, 0.0032688695937395096, 0.003629601327702403, 0.003712956327944994, 0.003886765567585826, 0.0034295569639652967]

2022-04-20 11:42:42.599917