2022-04-28 20:08:08.473237

reference phi, theta, psi, translation: -33.091320547511735, -0.0, 74.32085247222868, -2.1190009117126465, -3.251617431640625, 1.089412808418274

phi,theta,psi,rot_x,rot_y,rot_z,phi_err,theta_err,psi_err
-22.822884158753556,1.294954214858955,81.82337814338081,-1.5357718467712402,-3.6827800273895264,0.7731812596321106,10.268436388758179,1.294954214858955,7.502525671152128
-22.858814368882406,1.3261376346248248,81.51884049885744,-1.5416063070297241,-3.6723744869232178,0.7936764359474182,10.232506178629329,1.3261376346248248,7.197988026628764
-22.77474327793601,1.621410323056877,79.35130728651058,-1.5470073223114014,-3.6226184368133545,0.9180186986923218,10.316577269575724,1.621410323056877,5.030454814281896
-21.46582802350957,1.4444654526798724,77.12003474882916,-1.4496841430664062,-3.6153924465179443,1.0664281845092773,11.625492524002166,1.4444654526798724,2.799182276600476
-19.53057759200379,1.1456894378786164,74.14373883686108,-1.3140463829040527,-3.583139181137085,1.254652500152588,13.560742955507944,1.1456894378786164,0.17711363536760416
-17.6903777805352,0.10739609173660093,70.69056594723187,-1.199657917022705,-3.533616542816162,1.441156029701233,15.400942766976534,0.10739609173660093,3.630286524996805
-17.154074742000383,0.5247551404402353,64.21831967086281,-1.0809136629104614,-3.4093375205993652,1.7417973279953003,15.937245805511353,0.5247551404402353,10.102532801365868
-22.01366212891066,3.4627053751570283,70.6873489281328,-1.3584407567977905,-3.5694010257720947,1.325211524963379,11.077658418601075,3.4627053751570283,3.6335035440958734
-25.75430060523277,1.6903862062456356,74.37117047584417,-1.670196771621704,-3.52209210395813,1.085787296295166,7.337019942278964,1.6903862062456356,0.05031800361548733
-30.57495932896856,0.90048470627921,74.25130065591044,-1.955367088317871,-3.337394952774048,1.089356780052185,2.5163612185431745,0.90048470627921,0.06955181631823848
-33.68196115598858,-0.15446012254228172,74.59615690710439,-2.1499524116516113,-3.224459648132324,1.0682693719863892,0.5906406084768463,0.15446012254228172,0.2753044348757072
-32.786178431246825,0.05854628168588547,74.34031168117404,-2.099696397781372,-3.261842727661133,1.0885241031646729,0.3051421162649106,0.05854628168588547,0.01945920894536357
-33.302332411730106,-0.07175984715567055,74.07461049227138,-2.1270124912261963,-3.2373249530792236,1.106274962425232,0.2110118642183707,0.07175984715567055,0.24624197995730412
-32.95938519840918,0.012737548540388078,74.21011461521526,-2.10591983795166,-3.2518184185028076,1.0953185558319092,0.13193534910255522,0.012737548540388078,0.11073785701341876
-32.99445480470261,-0.03446565153387506,74.3195479060972,-2.1118736267089844,-3.251746416091919,1.0885030031204224,0.09686574280912197,0.03446565153387506,0.0013045661314805557
-33.10893560538119,0.0006354377306261695,74.29047862098963,-2.116572380065918,-3.2478296756744385,1.0905482769012451,0.017615057869456052,0.0006354377306261695,0.030373851239048122
-33.08573686786524,0.028900519366878468,74.28945409261412,-2.1140074729919434,-3.248767375946045,1.0903794765472412,0.005583679646491646,0.028900519366878468,0.031398379614557825
-33.19344553598176,-0.0006574282552547108,74.22017548386269,-2.121439218521118,-3.2426071166992188,1.0948596000671387,0.10212498847002394,0.0006574282552547108,0.10067698836598993
-33.16769230771623,-0.06260463302118713,74.23691627751839,-2.120298385620117,-3.2443032264709473,1.0943577289581299,0.07637176020449488,0.06260463302118713,0.08393619471029012
-33.08273158463044,-0.015520723704013169,74.1989199351656,-2.113813877105713,-3.2471001148223877,1.0968105792999268,0.008588962881297846,0.015520723704013169,0.12193253706307416
-33.12213153085766,-0.007015992651632161,74.16375129112922,-2.116567373275757,-3.2437655925750732,1.0995235443115234,0.030810983345922693,0.007015992651632161,0.15710118109946336
-33.03774454366215,0.01480770448241395,74.33292141649208,-2.11246657371521,-3.250272512435913,1.0875842571258545,0.05357600384958516,0.01480770448241395,0.012068944263404546
-33.06565611170541,-0.03206004172284002,74.21417857777142,-2.113893747329712,-3.2470293045043945,1.0962560176849365,0.025664435806326935,0.03206004172284002,0.10667389445725917
-33.081556792093195,0.030335537111312046,74.2956559043805,-2.11492657661438,-3.2491564750671387,1.089890718460083,0.009763755418539688,0.030335537111312046,0.025196567848183804
-33.05334128063188,0.0033087003559423896,74.2107429926189,-2.1131365299224854,-3.248384952545166,1.096651554107666,0.03797926687985864,0.0033087003559423896,0.11010947960977546
-33.16448553390091,-0.025575325689881825,74.22221771042452,-2.1202642917633057,-3.2448179721832275,1.0947589874267578,0.07316498638917324,0.025575325689881825,0.09863476180416342
-33.082482282725735,-0.005142434360926206,74.22046235180783,-2.114251136779785,-3.246689558029175,1.0950932502746582,0.008838264786000138,0.005142434360926206,0.1003901204208546
-33.06211465862076,0.024059349134253734,74.22529129555103,-2.11367130279541,-3.2489237785339355,1.0952762365341187,0.02920588889097786,0.024059349134253734,0.09556117667764852
-33.10154534069924,0.0029749109716585985,74.25688092046234,-2.1164212226867676,-3.2478384971618652,1.0929853916168213,0.010224793187504133,0.0029749109716585985,0.06397155176634328
-33.12961741818799,-0.009357977419752772,74.3012361689324,-2.1187775135040283,-3.2472004890441895,1.0901635885238647,0.03829687067625542,0.009357977419752772,0.019616303296274396
-33.046572563164396,-0.02785666272580255,74.22779797497643,-2.11287522315979,-3.249354124069214,1.0940827131271362,0.04474798434733884,0.02785666272580255,0.09305449725225401
-33.09300077404755,0.012935137148009252,74.28489152624856,-2.1160929203033447,-3.2489778995513916,1.0909961462020874,0.001680226535818008,0.012935137148009252,0.035960945980122005
-33.10823551099127,0.042634305820094594,74.31659726437576,-2.116525411605835,-3.2483437061309814,1.0886046886444092,0.016914963479536027,0.042634305820094594,0.004255207852921217
-33.041487487327316,-0.03060117440573909,74.24705227824668,-2.112783908843994,-3.2484874725341797,1.0932345390319824,0.0498330601844188,0.03060117440573909,0.07380019398199522
-33.10160339730719,0.0012353304549020962,74.24950431615872,-2.1159069538116455,-3.246774911880493,1.0931340456008911,0.01028284979545191,0.0012353304549020962,0.07134815606995915
-33.05076971440936,0.01706964573225242,74.34088541706433,-2.113835573196411,-3.2502377033233643,1.0874621868133545,0.04055083310237251,0.01706964573225242,0.020032944835648436

Errors:
rotation,[19.06591627476926, 18.756631839882917, 16.968442406914498, 15.869140253282513, 14.883546028754164, 19.13862538370994, 26.564533747317455, 18.173867337853977, 9.077724152140087, 3.486397741140623, 1.0204051658948352, 0.3831476068961597, 0.5290136913313453, 0.2554107546563621, 0.1326359604744776, 0.04862434683913035, 0.06588257862792794, 0.20345940509126859, 0.22291258793597213, 0.14604222364838518, 0.19492815709701822, 0.08045265259540366, 0.16439837198642612, 0.06529586037803553, 0.1513974468455765, 0.19737507388321848, 0.11437081956778095, 0.1488264147028801, 0.07717125592550601, 0.0672711513922826, 0.1656591443253954, 0.050576309663949263, 0.06380447715255183, 0.1542344285721531, 0.08286633632031315, 0.07765342367027336]
translation,[0.03326186669987141, 0.030004662498694046, 0.01354086130548282, 0.007424663324258063, 0.013697339598227387, 0.030809556045346298, 0.052961762407771396, 0.011416054814742616, 0.015304498682279899, 0.012626333937628686, 0.011099795138883373, 0.002081019651662963, 0.002692672579263977, 0.00509570511813795, 0.0038838225242754376, 0.004024364105031708, 0.004661016307143662, 0.004502275686379065, 0.0038734245209521845, 0.004360857737932378, 0.004862161893305128, 0.005011029986839333, 0.00452704579963914, 0.00399677420075939, 0.0037234595703239393, 0.003367643859307101, 0.004929781836422897, 0.003382472319865215, 0.003436022163575636, 0.003476361121838245, 0.0037774040557776445, 0.003228902915089371, 0.004160316086637472, 0.0047548961733303585, 0.004523535193870387, 0.004353624055574379]
loss,
[0.1499619334936142, 0.13236115872859955, 0.13676977157592773, 0.12731029093265533, 0.12478666007518768, 0.12338000535964966, 0.09667804092168808, 0.05016699433326721, 0.030976157635450363, 0.010425768792629242, 0.0034835271071642637, 0.0025317962281405926, 0.002193895634263754, 0.001888391561806202, 0.0022241047117859125, 0.0018373827915638685, 0.0018710242584347725, 0.00245842756703496, 0.0017576961545273662, 0.0020484626293182373, 0.0019429500680416822, 0.0014614404644817114, 0.001952609745785594, 0.002202567644417286, 0.0015132053522393107, 0.0018738469807431102, 0.0017034647753462195, 0.0017890054732561111, 0.001676543615758419, 0.0017597225960344076, 0.00198333989828825, 0.0018526915227994323, 0.0021193481516093016, 0.0017035100609064102, 0.0019445456564426422, 0.0017929067835211754]

2022-04-28 20:12:38.919334