2022-04-28 21:27:26.293881

reference phi, theta, psi, translation: -139.02455270626928, -8.537736090602699e-07, 56.38966954231551, -2.2014424800872803, 2.5346622467041016, 2.231398344039917

phi,theta,psi,rot_x,rot_y,rot_z,phi_err,theta_err,psi_err
-129.04008655489625,6.852725648450977,53.065809209147574,-2.6847352981567383,1.8050535917282104,2.604990243911743,9.984466151373027,6.852726502224586,3.3238603331679357
-129.0411520644068,6.851644151513514,53.06595605821473,-2.6846964359283447,1.8051291704177856,2.604985475540161,9.983400641862488,6.851645005287123,3.3237134841007787
-129.96934745185484,5.120724657556563,53.597689700194806,-2.654893636703491,1.9089791774749756,2.5500502586364746,9.055205254414432,5.120725511330172,2.7919798421207034
-132.05441296016298,1.329972570679674,53.5935915866928,-2.51741361618042,2.1477513313293457,2.4637575149536133,6.970139746106298,1.329973424453283,2.7960779556227067
-134.7797404012681,2.444270386695153,56.008374231899545,-2.4771721363067627,2.3419079780578613,2.2784135341644287,4.244812305001176,2.4442712404687623,0.38129531041596465
-138.66140520847804,-0.13919723448338786,56.60618312391033,-2.2358827590942383,2.5513274669647217,2.2418899536132812,0.3631474977912319,0.1391963807097788,0.2165135815948176
-139.37429937290895,0.1343396830933587,56.18270798027495,-2.1864101886749268,2.5386550426483154,2.24705171585083,0.3497466666396747,0.13434053686696776,0.20696156204056138
-139.16939369780857,0.12471689230029538,56.41504711017669,-2.194415330886841,2.5321216583251953,2.228196620941162,0.1448409915392972,0.12471774607390444,0.025377567861177397
-138.97314870257577,-0.07732144473203718,56.25544949493558,-2.1955695152282715,2.526585340499878,2.236063241958618,0.05140400369350573,0.07732059095842812,0.13422004737992665
-139.1681369430013,-0.08145139281127729,56.30097270575372,-2.1865506172180176,2.53523325920105,2.2333316802978516,0.1435842367320106,0.08145053903766823,0.0886968365617875
-139.00820123339628,-0.04747774150005881,56.322088235572814,-2.194770336151123,2.5289108753204346,2.2304205894470215,0.016351472872997874,0.04747688772644975,0.0675813067426958
-139.09915203238415,-0.013435587023518068,56.367922219998185,-2.1942665576934814,2.5337610244750977,2.229463815689087,0.0745993261148783,0.013434733249909007,0.021747322317324347
-139.10867331608716,-0.07776313182083389,56.23371583299661,-2.187199592590332,2.5306975841522217,2.2375614643096924,0.08412060981788727,0.07776227804722483,0.15595370931890074
-139.07106629451707,-0.06947215931270045,56.3265346887225,-2.192248582839966,2.5322630405426025,2.23115611076355,0.04651358824779095,0.0694713055390914,0.06313485359301296
-139.1282759590051,-0.07331980029957504,56.333569783567604,-2.189826250076294,2.5346078872680664,2.2320735454559326,0.1037232527358185,0.07331894652596598,0.05609975874790507
-139.23889770280263,-0.11310980154680761,56.32001185806513,-2.1829473972320557,2.5392396450042725,2.231567621231079,0.21434499653335592,0.11310894777319855,0.06965768425038021
-139.0754102948292,-0.05189304942141452,56.27350168491193,-2.1915719509124756,2.5297141075134277,2.2366116046905518,0.050857588559921396,0.05189219564780546,0.11616785740358182
-139.07505512499236,0.022437095753419414,56.278050590899156,-2.193661689758301,2.529158115386963,2.23518967628479,0.050502418723084475,0.022437949527028475,0.1116189514163537
-139.1555420741718,-0.046546768745993526,56.30533378153877,-2.1882436275482178,2.5330514907836914,2.2326653003692627,0.13098936790251514,0.046545914972384465,0.08433576077673877
-139.11371399569464,-0.10330589707398491,56.33481970818572,-2.188718318939209,2.5346620082855225,2.230750322341919,0.08916128942536261,0.10330504330037585,0.054849834129790054
-139.05750153882542,-0.03665326018745885,56.31595131060356,-2.193955659866333,2.53018856048584,2.2317731380462646,0.032948832556144225,0.036652406413849786,0.07371823171195047
-139.12256592085896,-0.022771467762487122,56.296796045076256,-2.1900556087493896,2.5317165851593018,2.2328336238861084,0.0980132145896846,0.02277061398887806,0.09287349723925331
-139.10172018351207,-0.0510537588081001,56.30816147985516,-2.1910762786865234,2.5315518379211426,2.232459783554077,0.07716747724279571,0.05105290503449104,0.08150806246035103
-139.04549406626452,-0.060439608833641044,56.329020877580376,-2.1940221786499023,2.531315326690674,2.232133388519287,0.020941359995248376,0.06043875506003198,0.060648664735133195
-139.094767050937,-0.039272134752724425,56.333019953339424,-2.1930062770843506,2.5327799320220947,2.2324790954589844,0.07021434466773258,0.039271280979115364,0.05664958897608585
-139.1143560334766,-0.009852079243694264,56.312252763168,-2.1918280124664307,2.5320403575897217,2.2327404022216797,0.08980332720733486,0.009851225470085203,0.07741677914751222
-139.01422546024423,0.071992644284086,56.26494687297649,-2.1965296268463135,2.524595022201538,2.2367799282073975,0.010327246025042314,0.07199349805769506,0.12472266933902176
-139.13873980881354,-0.020421855669545873,56.2528267022943,-2.18865966796875,2.530461549758911,2.236401081085205,0.11418710254426401,0.020421001895936812,0.1368428400212096
-139.0651103695608,-0.012655493968870146,56.28944676152933,-2.1930935382843018,2.5290277004241943,2.233806848526001,0.04055766329153698,0.012654640195261085,0.10022278078618285
-139.05918176536125,-0.040197821823582114,56.31097210269862,-2.1928038597106934,2.529655694961548,2.232649326324463,0.03462905909196934,0.04019696804997305,0.07869743961688869
-139.05002931187343,-0.01663474100725019,56.27362804341158,-2.193411111831665,2.5276541709899902,2.2352070808410645,0.025476605604154656,0.01663388723364113,0.11604149890393245
-139.08001384232978,-0.0027867569954974584,56.27538681712285,-2.1928303241729736,2.5285708904266357,2.2354066371917725,0.05546113606050085,0.002785903221888398,0.11428272519265903
-139.09070991857,-0.009103605550618166,56.31893951836544,-2.1936378479003906,2.5310306549072266,2.233433246612549,0.06615721230073746,0.009102751777009106,0.07073002395006966
-139.09420697542507,-0.037372996862639195,56.29685068658962,-2.19218373298645,2.5312795639038086,2.2341060638427734,0.06965426915579087,0.037372143089030134,0.09281885572588777
-139.08632493712287,-0.02103881861298648,56.3342767081467,-2.1937150955200195,2.532707929611206,2.2321062088012695,0.061772230853591736,0.021037964839377418,0.05539283416880636
-139.15536448925337,-0.07201099397275586,56.327914386934836,-2.1887166500091553,2.535520315170288,2.2323076725006104,0.13081178298409668,0.0720101401991468,0.06175515538067344

Errors:
rotation,[20.161052986765547, 20.15875913125039, 16.967910607865306, 11.096191126182287, 7.070378855885902, 0.7188574600958283, 0.6910487655472038, 0.29493630547437905, 0.2629446420318605, 0.31373161233146635, 0.13140966734214343, 0.10978138168211166, 0.3178365971840128, 0.1791197473798953, 0.23314195800968956, 0.3971116285569347, 0.21891764161130867, 0.18455931966646666, 0.2618710436516384, 0.2473161668555285, 0.14331947068194448, 0.21365732581781596, 0.20972844473763777, 0.14202877979041356, 0.1661352146229338, 0.1770713318249323, 0.20704341342175914, 0.27145094446141044, 0.15343508427298092, 0.15352346675883108, 0.15815199174172823, 0.17252976447504828, 0.1459899880278162, 0.19984526797070878, 0.13820302986177552, 0.26457707856391693]
translation,[0.12242333873291766, 0.12242807464027727, 0.11560692263715833, 0.09443871281260652, 0.06912510955385542, 0.03513647013134147, 0.0030253227584777775, 0.007205583222991585, 0.005692558212675003, 0.006680911124098188, 0.0077990613789920005, 0.005553226690525825, 0.006833487439338093, 0.006657818380864988, 0.005991833915373057, 0.007089722419072686, 0.005601295731347378, 0.005602200122728718, 0.0075043756834531905, 0.007294122418634252, 0.006690197583534285, 0.0072652877884840095, 0.007020726376231856, 0.005745687384685283, 0.005186331140607514, 0.0061483965527582285, 0.006019359168877081, 0.00683311897044625, 0.006761452259958389, 0.007166964632403072, 0.006673837683955242, 0.006303642569490009, 0.005413163437573587, 0.005675435479350455, 0.005052218526747865, 0.005890853860170964]
loss,
[0.11302788555622101, 0.1014944314956665, 0.0872558206319809, 0.05257697403430939, 0.03731084614992142, 0.007860559970140457, 0.0019046053057536483, 0.0021533379331231117, 0.0014171212678775191, 0.0011250115931034088, 0.0017488062148913741, 0.001964031718671322, 0.0011179855791851878, 0.001413145917467773, 0.001215261872857809, 0.001624931930564344, 0.0012731440365314484, 0.0009188064141198993, 0.0009617499308660626, 0.0012143373023718596, 0.0012779434910044074, 0.0019572791643440723, 0.0009119650349020958, 0.0007866033120080829, 0.0010912239085882902, 0.0016236088704317808, 0.0020457981154322624, 0.001336050103418529, 0.0015778474044054747, 0.0012661454966291785, 0.0010790256783366203, 0.0015059004072099924, 0.0011764431837946177, 0.001423402107320726, 0.0013897826429456472, 0.0014086987357586622]

2022-04-28 21:32:07.590144