2022-04-20 17:29:33.681944

reference phi, theta, psi, translation: 164.57178246643477, -4.268868188959204e-07, 11.003265705708584, 0.2046843022108078, 0.7416750192642212, 3.957021951675415

phi,theta,psi,rot_x,rot_y,rot_z,phi_err,theta_err,psi_err
174.68706040079186,1.035587752499106,3.46078983121423,-0.0498787984251976,0.24902896583080292,4.223120212554932,10.115277934357096,1.035588179385925,7.542475874494354
174.10739590631124,1.7984087257950991,3.788658121281883,-0.09319785237312317,0.2904779314994812,4.204611778259277,9.535613439876471,1.7984091526819181,7.214607584426701
175.03922495439772,2.766262692358418,4.525967223787828,-0.1727622151374817,0.34823644161224365,4.1281867027282715,10.467442487962956,2.7662631192452367,6.477298481920756
175.88862727958053,4.672075310771996,7.288768070887407,-0.292485773563385,0.5253143310546875,3.952634334564209,11.316844813145764,4.672075737658815,3.7144976348211767
177.75427979099115,3.169185861803939,7.948182707890765,-0.20646542310714722,0.5519236326217651,3.9642698764801025,13.18249732455638,3.169186288690758,3.055082997817819
177.80188620950616,2.9672700486678667,7.386037648631205,-0.19295552372932434,0.5205003023147583,3.9966304302215576,13.230103743071396,2.9672704755546855,3.617228057077379
178.77022944889555,2.5841982169174833,8.284017132964767,-0.17103871703147888,0.5772923231124878,3.9795114994049072,14.19844698246078,2.584198643804302,2.719248572743817
179.65598204084114,1.4683961948784916,9.16408017733174,-0.10295518487691879,0.6357614994049072,3.9665541648864746,15.08419957440637,1.4683966217653106,1.8391855283768432
-179.90831654953809,1.0177911261937167,9.281927407497495,-0.07369780540466309,0.6439637541770935,3.963423728942871,15.519900984027117,1.0177915530805357,1.721338298211089
-179.79788605103732,0.7806801043025738,9.918425052288166,-0.059875696897506714,0.6882015466690063,3.956638813018799,15.630331482527936,0.7806805311893927,1.084840653420418
-179.76141284086944,0.43258906967799815,9.39730723182558,-0.034599632024765015,0.6555117964744568,3.9667415618896484,15.666804692695791,0.43258949656481704,1.6059584738830033
-179.7160330640239,0.08090773015941237,9.400487538657869,-0.00989273376762867,0.6524484157562256,3.971196174621582,15.712184469541342,0.08090815704623126,1.6027781670507153
179.75445970829438,0.11655300776879321,9.465574118806213,-0.007754104677587748,0.6598132252693176,3.9654111862182617,15.182677241859608,0.1165534346556121,1.5376915869023708
-179.88471141576653,0.4389195135441784,8.75128403446368,-0.03207411989569664,0.6097970604896545,3.980642080307007,15.5435061177987,0.4389199404309973,2.251981671244904
179.73544446164507,1.2190627656434347,8.28355182632756,-0.08378367871046066,0.5774216055870056,3.9876835346221924,15.163661995210305,1.2190631925302537,2.7197138793810236
179.61994596278015,1.4270704021066771,8.24306331870137,-0.09775983542203903,0.5738533139228821,3.9869372844696045,15.048163496345381,1.4270708289934961,2.7602023870072134
179.7406080846576,1.3870007324413094,8.263124438067345,-0.09742996841669083,0.5759419798851013,3.9845476150512695,15.168825618222826,1.3870011593281284,2.7401412676412384
179.639384681158,1.2314653758607093,8.23224259150878,-0.08360826224088669,0.5727338790893555,3.9893670082092285,15.067602214723223,1.2314658027475283,2.7710231141998047
179.39295145590395,1.1094502909867139,8.040124738081952,-0.07265527546405792,0.5583832263946533,3.9872827529907227,14.821168989469186,1.1094507178735329,2.9631409676266323
179.39135319163816,0.9547863710207605,8.506482370647607,-0.06285946071147919,0.5908651351928711,3.980536460876465,14.819570725203391,0.9547867979075794,2.496783335060977
179.29097673159566,0.6410903594389887,8.209782368196837,-0.038981903344392776,0.5724054574966431,3.993837594985962,14.719194265160894,0.6410907863258076,2.7934833375117467
179.08049762213253,0.44281289378808325,8.165285393301497,-0.02298375777900219,0.5687564611434937,3.9868016242980957,14.508715155697757,0.44281332067490214,2.837980312407087
179.1051955861713,0.6940227431592488,8.271015867879647,-0.04008960351347923,0.5779224634170532,3.9888088703155518,14.533413119736537,0.6940231700460677,2.7322498378289364
179.72659253648072,0.3595032869107564,7.957271982128759,-0.023728422820568085,0.554757297039032,3.9967637062072754,15.154810070045954,0.3595037137975753,3.0459937235798247
179.78149359702928,0.24939091455784773,8.238374393836157,-0.016845695674419403,0.571549117565155,3.98569393157959,15.209711130594513,0.24939134144466663,2.764891311872427
179.85967194226924,0.20301908218032638,8.227176298691921,-0.013984518125653267,0.5723778009414673,3.9885473251342773,15.287889475834476,0.20301950906714528,2.776089407016663
179.7416735941681,0.5202325054425756,8.146931821228026,-0.03564685583114624,0.5661680698394775,3.988799810409546,15.169891127733337,0.5202329323293945,2.8563338844805575
179.84004197859463,0.674376353727424,8.32076269692579,-0.04656391590833664,0.5791630744934082,3.9868381023406982,15.268259512159858,0.6743767806142429,2.6825030087827937
179.50308142608122,0.9421007367608437,8.39174287655421,-0.06211976706981659,0.5850382447242737,3.9868998527526855,14.931298959646455,0.9421011636476626,2.6115228291543744
179.2561427668286,0.8476780755616539,8.043695219470576,-0.053436536341905594,0.5612300634384155,3.9909420013427734,14.68436030039382,0.8476785024484728,2.9595704862380074
178.9047158736531,0.9868775209291133,8.058551734689,-0.06016446277499199,0.5627182126045227,3.9915153980255127,14.33293340721832,0.9868779478159322,2.944713971019583
179.210762989983,0.8965368414129166,8.089201354815787,-0.05642995983362198,0.5639500021934509,3.989760398864746,14.638980523548241,0.8965372682997355,2.9140643508927973
179.28037627800379,0.7642869701020765,8.296419048950218,-0.047180045396089554,0.5787278413772583,3.9872939586639404,14.708593811569017,0.7642873969888954,2.7068466567583656
179.3194176392996,0.8096987078463546,8.281122840303974,-0.050740115344524384,0.5768543481826782,3.987665891647339,14.747635172864818,0.8096991347331735,2.72214286540461
179.32292835653297,0.7322301106106451,8.371153271301205,-0.04510924965143204,0.5834313035011292,3.984205484390259,14.7511458900982,0.732230537497464,2.6321124344073787
179.2843377877224,0.7210659520553189,8.294609048820165,-0.04407072812318802,0.5774350166320801,3.990466833114624,14.712555321287624,0.7210663789421378,2.7086566568884187

Errors:
rotation,[18.693341988237375, 18.54863017698509, 19.71100408912895, 19.703418185625758, 19.406766611064956, 19.81460227570346, 19.501894199008902, 18.391781724548522, 18.25903083531874, 17.495852667137747, 17.70535266314361, 17.395870793638288, 16.83692226341759, 18.2344077294746, 19.10243906712158, 19.235436712346093, 19.295968045192193, 19.07009113167056, 18.89376067496935, 18.271140858171947, 18.15376838899845, 17.78950878877975, 17.95968612761154, 18.560307507423353, 18.22399378391161, 18.266998391918285, 18.546457944543288, 18.625139301556892, 18.484922952448493, 18.4916092890803, 18.264525326053835, 18.449582142740773, 18.179727865316277, 18.279477173002604, 18.115488862003044, 18.14227835711818]
translation,[0.19962134480110283, 0.18453515897682138, 0.1153202844215313, 0.03302669499668154, 0.023301146036041942, 0.003868891722763834, 0.006326739946609372, 0.012628634745923684, 0.015055155280882637, 0.0146382490384811, 0.010440967155918024, 0.006680385810658329, 0.011191154361479327, 0.003922354480292434, 0.0009855561076728137, 0.0019188649900101495, 0.0039932623329930195, 7.856370577208338e-06, 0.004282198983522889, 0.006486876070277425, 0.0037076910246440775, 0.0038966815481105144, 0.0004716659321211125, 0.0040215066775441954, 0.004628152191513912, 0.0016969718987116522, 0.0021909637977062246, 0.002174183946808128, 0.0010545788818054902, 0.0005640896775913617, 0.00030591984434646946, 0.0013135232988288337, 0.0017784599817209923, 0.0016357871707644023, 0.0041796506584450555, 0.0011408030699335825]
loss,
[0.07527856528759003, 0.06258925795555115, 0.051383670419454575, 0.03895203024148941, 0.034317124634981155, 0.03747571259737015, 0.03339848294854164, 0.034832119941711426, 0.036627233028411865, 0.03617243096232414, 0.03484620898962021, 0.033993255347013474, 0.03374619781970978, 0.03514094650745392, 0.033253081142902374, 0.03447389602661133, 0.03644793853163719, 0.03429184481501579, 0.0348101370036602, 0.033629123121500015, 0.03238128498196602, 0.035616062581539154, 0.03439833223819733, 0.032090701162815094, 0.0337284654378891, 0.036474332213401794, 0.03645634651184082, 0.030074728652834892, 0.03058740124106407, 0.0367775559425354, 0.034375861287117004, 0.032635174691677094, 0.03466410934925079, 0.038053810596466064, 0.03372378647327423, 0.030829643830657005]

2022-04-20 17:39:07.210105