2022-04-27 03:54:51.102618

reference phi, theta, psi, translation: -139.02455270626928, -8.537736090602699e-07, 56.38966954231551, -2.2014424800872803, 2.5346622467041016, 2.231398344039917

phi,theta,psi,rot_x,rot_y,rot_z,phi_err,theta_err,psi_err
-129.04008655489625,6.852725648450977,53.065809209147574,-2.6847352981567383,1.8050535917282104,2.604990243911743,9.984466151373027,6.852726502224586,3.3238603331679357
-129.96903326315302,6.579977969015861,51.513167191925696,-2.6137373447418213,1.8221596479415894,2.6641526222229004,9.055519443116253,6.57997882278947,4.8765023503898135
-133.78294259379643,6.864388718064687,47.00316254711501,-2.3522932529449463,1.8763176202774048,2.818572998046875,5.241610112472841,6.864389571838296,9.386506995200499
-135.51936792611045,6.705496728809877,48.83006739536417,-2.3956446647644043,1.9994717836380005,2.710900068283081,3.505184780158828,6.705497582583486,7.559602146951342
-137.54674565668864,4.2215924597872005,52.17814074913979,-2.3308451175689697,2.2792372703552246,2.546875238418579,1.4778070495806332,4.22159331356081,4.211528793175717
-140.0996244816293,-0.41928564183937156,54.61732083006182,-2.151031732559204,2.5980889797210693,2.391676425933838,1.0750717753600156,0.4192847880657625,1.772348712253688
-140.55428285392034,-0.9537482674658408,54.32933614899199,-2.095383405685425,2.6062228679656982,2.399294376373291,1.5297301476510654,0.9537474136922318,2.0603333933235177
-139.52483674221602,-0.14468401941043577,54.97062261016449,-2.1731863021850586,2.559661388397217,2.357287645339966,0.5002840359467484,0.1446831656368267,1.4190469321510193
-139.7576505702651,-0.35718675911871756,55.258433121410484,-2.155628204345703,2.5691022872924805,2.3259117603302,0.7330978639958232,0.3571859053451085,1.1312364209050259
-139.43338050922955,-0.11650735705932838,55.66586756578008,-2.1779556274414062,2.5516505241394043,2.2953994274139404,0.40882780296027477,0.11650650328571932,0.7238019765354267
-139.42217899899074,-0.006864656275858343,55.9864049284342,-2.1817634105682373,2.5478174686431885,2.2660419940948486,0.3976262927214691,0.006863802502249283,0.4032646138813121
-139.1897476615352,-0.011674403379460876,56.179689036661806,-2.1901121139526367,2.53745436668396,2.2468247413635254,0.16519495526591754,0.011673549605851815,0.20998050565370363
-139.0666403319349,-0.042607143526260716,56.39486731627389,-2.197052240371704,2.5357582569122314,2.230344772338867,0.04208762566562996,0.042606289752651655,0.005197773958379059
-139.01414349797417,0.05929847603664869,56.309906593188096,-2.199526071548462,2.5269224643707275,2.235334873199463,0.01040920829510128,0.05929932981025775,0.07976294912741366
-139.03190198981622,0.06228931903970599,56.36637518215118,-2.2000677585601807,2.5304465293884277,2.2305707931518555,0.007349283546943752,0.06229017281331505,0.02329436016432851
-139.06565678469443,-0.04239407231971152,56.40678599637556,-2.195828437805176,2.535283088684082,2.229417562484741,0.04110407842514974,0.04239321854610246,0.017116454060051467
-138.97775225007635,0.03490645322773869,56.35704855883952,-2.2010841369628906,2.527989625930786,2.232689380645752,0.046800456192926276,0.034907307001347754,0.03262098347598652
-139.07412621926522,0.021909172145178422,56.358230181565936,-2.196596145629883,2.5316009521484375,2.2318167686462402,0.04957351299594848,0.021910025918787483,0.0314393607495731
-139.04038508476538,0.058550085756339826,56.35836678534934,-2.198930501937866,2.529494524002075,2.2310657501220703,0.015832378496099864,0.05855093952994889,0.03130275696616991
-138.99354364743743,0.05501787692901713,56.300211139661265,-2.199078321456909,2.5258824825286865,2.2348835468292236,0.031009058831841685,0.05501873070262619,0.08945840265424465
-139.06405852042863,-0.055049189248624765,56.48117700172075,-2.1978726387023926,2.53649640083313,2.2242324352264404,0.03950581415935517,0.055048335475015704,0.09150745940524274
-139.02371942319053,0.029067718623762902,56.326497122682056,-2.197997808456421,2.5286428928375244,2.2334065437316895,0.0008332830787480816,0.029068572397371963,0.0631724196334531
-139.0641814638337,0.023825471785258786,56.33036300975228,-2.1966607570648193,2.5309219360351562,2.2338814735412598,0.03962875756442941,0.023826325558867847,0.05930653256322671
-139.03259866911156,-0.04189617306100038,56.40761586435971,-2.1981072425842285,2.5343005657196045,2.2287206649780273,0.008045962842288645,0.04189531928739132,0.0179463220442031
-138.9780117972648,0.08937229146650949,56.29003415779795,-2.2007508277893066,2.5244529247283936,2.236043930053711,0.04654090900447727,0.08937314524011855,0.09963538451756193
-139.05782938790557,0.09380944729533452,56.40690210959145,-2.200841188430786,2.530245780944824,2.2289178371429443,0.033276681636294825,0.09381030106894359,0.017232567275939914
-139.02052289465897,0.009450271689956527,56.35091846405944,-2.198557138442993,2.529585123062134,2.2322325706481934,0.004029811610308798,0.009451125463565588,0.038751078256069604
-139.021970894763,-0.001361264096691743,56.38797565540134,-2.1989307403564453,2.5314881801605225,2.230238437652588,0.0025818115062747893,0.0013604103230826826,0.0016938869141682744
-139.07598403071947,-0.01448328666833565,56.35476727565674,-2.194765090942383,2.5328927040100098,2.2319867610931396,0.05143132445019205,0.01448243289472659,0.03490226665876861
-139.03214787662634,-0.03202481263112948,56.40923803428759,-2.1979217529296875,2.5331640243530273,2.2285218238830566,0.007595170357063807,0.03202395885752042,0.019568491972080437
-139.0503298401969,0.0026187704394635726,56.3926782406449,-2.198308229446411,2.5322227478027344,2.2291927337646484,0.025777133927618934,0.002619624213072633,0.0030086983293884373
-139.05502901034586,0.07529181548112329,56.301720611467836,-2.1975209712982178,2.528095006942749,2.2349655628204346,0.030476304076586302,0.07529266925473235,0.08794893084767352
-139.02429315908083,0.014622031177464152,56.35485948321054,-2.198310375213623,2.530033588409424,2.232257127761841,0.00025954718844900526,0.014622884951073212,0.03481005910497004
-139.01361074321892,0.06636160483565585,56.294087875070346,-2.198763608932495,2.5264976024627686,2.2362685203552246,0.010941963050356662,0.06636245860926492,0.09558166724516326
-139.03153315960103,0.03542054411839604,56.41878322365269,-2.2004876136779785,2.532083749771118,2.228886365890503,0.006980453331749459,0.0354213978920051,0.029113681337179287
-139.03934689601152,0.056115170153313514,56.336557991329485,-2.1985867023468018,2.5288619995117188,2.2332165241241455,0.014794189742247,0.056116023926922574,0.05311155098602427

Errors:
rotation,[20.161052986765547, 20.512000616295538, 21.492506679511635, 17.770284509693656, 9.91092915631716, 3.2667052756794663, 4.5438109546668155, 2.0640141337345943, 2.2215201902459576, 1.2491362827814207, 0.8077547091050304, 0.386849010525473, 0.08989168937666067, 0.1494714872327727, 0.09293381652458732, 0.10061375103130366, 0.11432874667026055, 0.10292289966430906, 0.10568607499221866, 0.17548619218871253, 0.1860616090396136, 0.09307427510957314, 0.12276161568652397, 0.06788760417388306, 0.23554943876215775, 0.14431954998117832, 0.05223201532994399, 0.005636108743525746, 0.10081602400368725, 0.059187621186664666, 0.03140545647008, 0.19371790417899218, 0.04969249124449225, 0.17288608890478485, 0.07151553256093385, 0.12402176465519385]
translation,[0.12242333873291766, 0.12213461478138843, 0.09175904955823988, 0.10239016887087438, 0.10581863602385955, 0.10373747347517881, 0.08465081934968843, 0.0714812581441091, 0.050155821099104436, 0.033753580952054385, 0.016884401929926796, 0.004151399267811939, 0.002289584690301716, 0.003726012730019157, 0.0038588836862079035, 0.0037692839930638655, 0.003672539226248439, 0.0043381136019071675, 0.004803997389815073, 0.004873544457089984, 0.004757333190665847, 0.004550454749155719, 0.0035848957155772965, 0.003530291586886669, 0.004212067855544177, 0.004477646897287357, 0.004304273079534404, 0.004009304476384479, 0.004429991857257676, 0.004456642850451331, 0.004466348816013266, 0.004289718816827381, 0.004143639363018536, 0.0038905932895296758, 0.0035330629601189045, 0.0041967569629788315]
loss,
[0.10930809378623962, 0.10232982039451599, 0.07504306733608246, 0.04637023061513901, 0.03385060653090477, 0.013039635494351387, 0.008882182650268078, 0.009342491626739502, 0.00513484887778759, 0.00354488636367023, 0.002220290247350931, 0.001333543797954917, 0.000949292560108006, 0.0010644171852618456, 0.0014799603959545493, 0.0015171560226008296, 0.0010343915782868862, 0.0011897312942892313, 0.0009888031054288149, 0.000944317493122071, 0.0010459705954417586, 0.0011199854779988527, 0.0008814889006316662, 0.0011432705214247108, 0.0014084422728046775, 0.0014370824210345745, 0.001260644174180925, 0.000760357070248574, 0.0009389921906404197, 0.0011773839360103011, 0.0008864804985933006, 0.0011422395473346114, 0.0010401582112535834, 0.001091854413971305, 0.001312509411945939, 0.0008904176647774875]

2022-04-27 03:59:19.358353