2022-04-27 03:50:22.606342

reference phi, theta, psi, translation: 175.36684180812657, -0.0, 39.4597479484966, 0.2069414258003235, 2.553555727005005, 3.112318754196167

phi,theta,psi,rot_x,rot_y,rot_z,phi_err,theta_err,psi_err
-174.60268024378553,2.426304892454245,32.24175771288345,-0.3459881842136383,2.1274664402008057,3.6064906120300293,10.030477948087878,2.426304892454245,7.217990235613151
-174.13766730471272,1.8677547703683068,32.93260744176815,-0.3281986117362976,2.1669554710388184,3.582304000854492,10.495490887160713,1.8677547703683068,6.5271405067284505
-173.225755088246,0.889482370474189,35.28697706376612,-0.31524738669395447,2.3066296577453613,3.4853856563568115,11.407403103627416,0.889482370474189,4.172770884730475
-173.19103040650563,0.34350530245142413,38.78140771107678,-0.29164063930511475,2.5180859565734863,3.320488691329956,11.442127785367802,0.34350530245142413,0.6783402374198175
-173.99565401148982,-0.3739569707061554,41.459227771409886,-0.23597118258476257,2.6730427742004395,3.1737987995147705,10.637504180383644,0.3739569707061554,1.9994798229132869
-175.67641330206823,-0.577858204038409,41.521491775883725,-0.14304491877555847,2.6649491786956787,3.1620190143585205,8.956744889805236,0.577858204038409,2.061743827387126
-177.24171507491673,-1.4886561606331106,42.273642452569284,-0.04926569014787674,2.6922097206115723,3.113809108734131,7.39144311695668,1.4886561606331106,2.8138945040726853
-178.94993172595858,-2.3384105922434104,44.36637484822076,0.07811672985553741,2.794541835784912,2.9937644004821777,5.683226465914856,2.3384105922434104,4.906626899724159
-179.48685289661327,-3.0688246064481253,44.08044263899651,0.14175258576869965,2.765641212463379,3.002121925354004,5.146305295260163,3.0688246064481253,4.62069469049991
178.61232913566317,-3.834832477329889,44.76748795251351,0.26865631341934204,2.7831060886383057,2.9365108013153076,3.2454873275366083,3.834832477329889,5.307740004016914
177.17083137171034,-5.2925096208921465,45.47640353175289,0.41625702381134033,2.7851696014404297,2.879951000213623,1.8039895635837695,5.2925096208921465,6.016655583256288
176.69647473385294,-6.672868851338129,44.67913604050481,0.5030425190925598,2.7340924739837646,2.900266647338867,1.3296329257263722,6.672868851338129,5.219388092008209
175.71482628596038,-8.347807308825727,45.07262665368383,0.6295802593231201,2.715007781982422,2.85967755317688,0.34798447783381903,8.347807308825727,5.612878705187228
175.84581565386287,-8.788710947284837,44.21069776156324,0.6557531952857971,2.6709346771240234,2.8888092041015625,0.47897384573630575,8.788710947284837,4.75094981306664
175.12688360220568,-10.622583236376686,44.934800266422144,0.7646835446357727,2.6687817573547363,2.815272569656372,0.23995820592088535,10.622583236376686,5.475052317925545
175.4538857389092,-10.734901531481535,44.38660586854233,0.7699177861213684,2.638808250427246,2.8332855701446533,0.08704393078264161,10.734901531481535,4.926857920045734
173.52161156233427,-12.481949327414943,44.59807877052968,0.9453943967819214,2.584312677383423,2.7779886722564697,1.845230245792294,12.481949327414943,5.138330822033083
172.21888958193773,-14.050051086867846,44.21386696933813,1.0846552848815918,2.519404649734497,2.7580459117889404,3.147952226188835,14.050051086867846,4.754119020841529
172.71649618372984,-14.405458728777234,43.08603881282894,1.0559868812561035,2.463404655456543,2.7938554286956787,2.6503456243967207,14.405458728777234,3.62629086433234
171.8694980851349,-15.757013742831056,43.341791831205484,1.1625415086746216,2.4398586750030518,2.7514848709106445,3.4973437229916726,15.757013742831056,3.882043882708885
172.013287227542,-15.649466130406775,42.9938244288446,1.1514136791229248,2.4303512573242188,2.7761497497558594,3.3535545805845572,15.649466130406775,3.5340764803479985
171.28693759044617,-15.279026637330126,42.978002295632265,1.1657803058624268,2.421457290649414,2.7769525051116943,4.079904217680394,15.279026637330126,3.5182543471356666
172.00600624588677,-15.41977098269517,42.97750027672827,1.140507698059082,2.4345479011535645,2.7884485721588135,3.3608355622397994,15.41977098269517,3.5177523282316727
172.460309448341,-14.618227988641776,42.618297213182714,1.087144374847412,2.4397706985473633,2.822096586227417,2.906532359785558,14.618227988641776,3.1585492646861155
172.2078246754823,-14.742349608633338,42.98973314553176,1.1085395812988281,2.459556818008423,2.8007373809814453,3.1590171326442658,14.742349608633338,3.5299851970351597
172.54660205831493,-15.017128404585746,43.01546588322979,1.1027753353118896,2.466388463973999,2.8066823482513428,2.820239749811634,15.017128404585746,3.555717934733188
172.05926806103454,-15.517533226296395,43.27817886437057,1.1468437910079956,2.462489604949951,2.7905876636505127,3.3075737470920217,15.517533226296395,3.818430915873968
172.03268496478483,-15.518218028510432,43.05410426336454,1.1506949663162231,2.4486212730407715,2.80020809173584,3.334156843341731,15.518218028510432,3.5943563148679445
172.28249230348888,-15.270367014777499,42.96631584196237,1.128359079360962,2.4573068618774414,2.810593366622925,3.084349504637686,15.270367014777499,3.506567893465771
172.29387139864613,-15.439681638271333,42.9638262380099,1.1369531154632568,2.457258939743042,2.810147762298584,3.0729704094804333,15.439681638271333,3.504078289513302
172.28351683186438,-15.311192196968209,43.09714811551397,1.128733515739441,2.467475652694702,2.8067033290863037,3.0833249762621904,15.311192196968209,3.6374001670173683
171.47094288668632,-15.805787416898946,43.42042779911984,1.1840200424194336,2.4577488899230957,2.776371955871582,3.8958989214402493,15.805787416898946,3.9606798506232437
171.15581161876025,-16.24872271625082,43.44091836662988,1.2178102731704712,2.4372806549072266,2.759831190109253,4.211030189366312,16.24872271625082,3.9811704181332814
171.43515269543545,-15.935506694746039,43.06604001893914,1.1869065761566162,2.4309051036834717,2.779642343521118,3.9316891126911173,15.935506694746039,3.6062920704425423
171.07727810368345,-15.89555478632166,42.833311568254715,1.2031049728393555,2.4123501777648926,2.7920398712158203,4.289563704443111,15.89555478632166,3.373563619758116
171.2274603031537,-16.36561032093191,42.99115382487912,1.2232474088668823,2.4179019927978516,2.7821903228759766,4.139381504972874,16.36561032093191,3.5314058763825216

Errors:
rotation,[19.674773076155276, 18.89038616425747, 16.469656358832083, 12.463973325239044, 13.010940974003086, 11.59634692123077, 11.693993781662476, 12.928263957882425, 12.835824592208198, 12.388059808883412, 13.113154767732205, 13.221889869072712, 14.308670491846774, 14.018634606087783, 16.337593760223115, 15.74880338230991, 19.465510395240322, 21.95212233389821, 20.682095217506294, 23.136401348531614, 22.53709719133933, 22.877185202146187, 22.29835887316664, 20.68330961311345, 21.431351938312766, 21.39308608913057, 22.643537889262383, 22.446731186720108, 21.861284412880956, 22.016730337265066, 22.031917340247766, 23.662366188962437, 24.440923323750415, 23.4734878778797, 23.558682110522888, 24.036397702287307]
translation,[0.170370405351016, 0.16843213621319109, 0.16027123185458603, 0.14636519256491987, 0.1250519773739711, 0.10659762700464981, 0.08545075329103291, 0.0649902592016538, 0.05318276171252734, 0.023615479246807958, 0.003156958948011379, 0.013684359986778638, 0.037960378896086056, 0.04250463964647677, 0.077283025626107, 0.08352328823673894, 0.12092887929554097, 0.14130953613113828, 0.1595530580948834, 0.1743060288556606, 0.16598094942155006, 0.16668005186336377, 0.157728935441797, 0.14543801541753965, 0.142374577950251, 0.135406649108186, 0.13671163929157215, 0.13741461185033277, 0.13100238214803595, 0.12885842150829951, 0.12727700967780242, 0.13874211804290493, 0.1529762980095537, 0.15241017394940837, 0.15010040836227434, 0.14742347633892017]
loss,
[0.09685300290584564, 0.09386187791824341, 0.0976216048002243, 0.09356739372015, 0.08809332549571991, 0.09346701949834824, 0.08389173448085785, 0.08537927269935608, 0.07773099839687347, 0.07722784578800201, 0.07109256088733673, 0.0885719507932663, 0.07581888884305954, 0.07765163481235504, 0.07213214039802551, 0.08054733276367188, 0.07383444160223007, 0.07822298258543015, 0.07371147722005844, 0.07118630409240723, 0.07307069003582001, 0.07087869942188263, 0.06971502304077148, 0.06927799433469772, 0.0821649581193924, 0.07733778655529022, 0.07303416728973389, 0.0759332999587059, 0.07082154601812363, 0.07007472217082977, 0.07838912308216095, 0.07278679311275482, 0.06996344029903412, 0.0815572589635849, 0.06886504590511322, 0.0660906732082367]

2022-04-27 03:54:47.712134