2022-04-27 03:59:22.819368

reference phi, theta, psi, translation: 132.9853677440357, -8.537735924097414e-07, 76.34363348549546, 2.865516185760498, 2.6707684993743896, 0.9517420530319214

phi,theta,psi,rot_x,rot_y,rot_z,phi_err,theta_err,psi_err
143.3552887910292,-3.0579185397180266,69.36864430507845,2.3124754428863525,2.981729030609131,1.6183615922927856,10.369921046993511,3.0579176859444344,6.974989180417012
143.47219430886315,-4.443377815207558,69.58778409440913,2.3624606132507324,2.9485180377960205,1.578935146331787,10.486826564827453,4.443376961433966,6.755849391086329
145.11049714356076,-9.171658815904879,70.0826449601549,2.4310648441314697,2.9483351707458496,1.4522082805633545,12.125129399525065,9.171657962131286,6.260988525340565
146.4086838783484,-11.574241587336891,72.46243313114908,2.3959157466888428,3.0676589012145996,1.2625995874404907,13.4233161343127,11.574240733563299,3.881200354346376
146.53445498172502,-9.908250933344982,74.7063688395517,2.345752000808716,3.184720754623413,1.1007612943649292,13.54908723768932,9.90825007957139,1.637264645943759
146.9540608231956,-8.940745390875314,75.47987410267731,2.305509567260742,3.225766181945801,1.0547974109649658,13.968693079159891,8.940744537101722,0.8637593828181451
146.72283159903398,-7.700603424678227,74.31121507530979,2.298274040222168,3.1796586513519287,1.1419053077697754,13.737463854998282,7.700602570904635,2.03241841018567
147.9066809671156,-7.6356196084894865,76.07179878671812,2.2168519496917725,3.260010242462158,1.0128147602081299,14.921313223079892,7.635618754715894,0.2718346987773401
148.17670566576288,-7.237300804988163,76.19804117314747,2.189157724380493,3.2754709720611572,1.0012906789779663,15.191337921727182,7.23729995121457,0.1455923123479863
149.35541873158866,-7.79728522683281,76.35985518477425,2.124152660369873,3.320253849029541,0.9743577241897583,16.370050987552958,7.797284373059218,0.016221699278787582
149.3274422767483,-6.589187505941319,76.29234559501784,2.119356632232666,3.3258817195892334,0.9842813611030579,16.342074532712587,6.589186652167727,0.05128789047762439
149.10886256292954,-5.10858659107368,77.1585638459372,2.114678144454956,3.344005584716797,0.9338998794555664,16.123494818893846,5.108585737300087,0.8149303604417355
148.2994714859047,-3.9161103608605727,76.50075515716243,2.137248992919922,3.310978651046753,0.9935785531997681,15.31410374186899,3.9161095070869805,0.157121671666971
148.04437758078305,-2.870005262889959,77.68840211042259,2.1424758434295654,3.3270931243896484,0.9081336855888367,15.05900983674735,2.870004409116367,1.3447686249271271
148.59774584695916,-1.0490395563726298,81.68766911476182,2.1045732498168945,3.423982620239258,0.5636105537414551,15.612378102923458,1.0490387025990373,5.344035629266358
146.1394378212665,1.343419210511981,80.61784975487355,2.2209672927856445,3.3261284828186035,0.6756345629692078,13.154070077230813,1.3434200642855736,4.274216269378087
144.53053212075665,3.606437124040113,80.76241753884604,2.29679799079895,3.2835628986358643,0.64736008644104,11.545164376720948,3.6064379778137052,4.418784053350578
142.9463107239072,3.387640221790358,79.41164517763848,2.3818843364715576,3.2081024646759033,0.7458526492118835,9.960942979871504,3.38764107556395,3.068011692143017
141.56352526605977,3.2151554105874123,78.0266399083108,2.4494919776916504,3.1414246559143066,0.8374859094619751,8.578157522024071,3.2151562643610045,1.683006422815339
139.9836888506575,2.1724636942658857,76.17758475658329,2.5234553813934326,3.0484721660614014,0.9674341678619385,6.998321106621802,2.172464548039478,0.16604872891217326
138.96062213563795,1.1339019195462714,75.10791566085676,2.5737180709838867,2.9796247482299805,1.0403836965560913,5.975254391602249,1.1339027733198639,1.235717824638698
137.80729005276794,0.9583518304540023,75.4091065126868,2.639648914337158,2.930492401123047,1.0204938650131226,4.8219223087322405,0.9583526842275947,0.9345269728086549
135.84721700627105,0.6006265408527465,76.02691761368197,2.746460199356079,2.8401236534118652,0.9815736413002014,2.861849262235353,0.6006273946263389,0.3167158718134857
133.71319270199226,0.220427812374723,76.26999038586439,2.8501243591308594,2.727562427520752,0.9671447277069092,0.7278249579565568,0.2204286661483154,0.07364309963107019
133.35873320482528,-0.14720675139288883,76.04776335102885,2.8587443828582764,2.696540355682373,0.976265013217926,0.37336546078958577,0.14720589761929642,0.29587013446661103
133.16456458710016,0.03459665949026343,76.23575747774429,2.8583695888519287,2.683248996734619,0.96156245470047,0.17919684306446015,0.034597513263855836,0.10787600775117312
133.13408828302357,0.025532638646476785,76.24505336520467,2.8553123474121094,2.6744117736816406,0.9586366415023804,0.14872053898787385,0.025533492420069196,0.09858012029079077
132.93371785353207,0.009991353878859,76.29658714249241,2.8617236614227295,2.6616756916046143,0.9540610313415527,0.051649890503625784,0.009992207652451408,0.04704634300304633
132.98848231029723,0.011556650729545476,76.28258525469388,2.857295274734497,2.6635406017303467,0.953894853591919,0.0031145662615301717,0.011557504503137885,0.06104823080157473
132.98473936663206,-0.016440613664733598,76.33912556064325,2.858505964279175,2.6633009910583496,0.9497947096824646,0.0006283774036432987,0.016439759891141187,0.004507924852205747
132.97698027173493,0.001833207879208238,76.3210323895319,2.8599798679351807,2.662977695465088,0.951535165309906,0.008387472300768195,0.0018340616528006479,0.022601095963565854
133.03771431383467,0.0386771150591833,76.29909382191781,2.855318546295166,2.6663825511932373,0.9533981680870056,0.05234656979897068,0.03867796883277571,0.04453966357765182
132.90233996448504,-0.0007006628662826089,76.35809299596838,2.863337755203247,2.660017251968384,0.9491918087005615,0.08302777955066176,0.0006998090926901992,0.014459510472917714
132.96435808214875,0.002582544731894069,76.30935276605116,2.859327554702759,2.6626291275024414,0.9520072937011719,0.02100966188694997,0.002583398505486479,0.03428071944429689
132.95769181751882,0.021996190224659196,76.34614699511003,2.8593335151672363,2.6627964973449707,0.9493181109428406,0.02767592651687778,0.021997043998251607,0.002513509614573195
132.97786819632702,-0.02035661575125429,76.34935718401994,2.859915256500244,2.662954092025757,0.9486722946166992,0.007499547708675891,0.02035576197766188,0.005723698524477072

Errors:
rotation,[20.402827913354958, 21.686052917347748, 27.557775886996914, 28.878757222222376, 25.094601963204468, 23.773196999079758, 23.470484836088588, 22.828766676573125, 22.57423018528974, 24.183557059890962, 22.982549075357937, 22.04701091663567, 19.38733492062294, 19.273782870790843, 22.005452434788854, 18.771706410894474, 19.57038640788523, 16.41659574757847, 13.476320209200415, 9.336834383573454, 8.344874989560811, 6.7148019657684905, 3.7791925286751775, 1.0218967237359424, 0.8164414928754933, 0.3216703640794891, 0.2728341516987338, 0.10868844115912352, 0.07572030156624279, 0.021576062146990233, 0.032822629917134694, 0.13556420220939822, 0.09818709911626967, 0.05787377983673334, 0.05218648012970258, 0.033579008210814845]
translation,[0.07464079787699607, 0.06374775841956914, 0.05686147777006134, 0.06094893414437408, 0.07455911104861368, 0.07174074041560718, 0.05497441712475393, 0.03923877012322485, 0.03380708211238126, 0.029102990570822662, 0.03359389853634731, 0.03413934132479035, 0.03305750205617386, 0.02897677262886056, 0.027262688776871435, 0.02501561747029868, 0.02795243514888579, 0.033547037189300966, 0.03949050615685046, 0.04280511540303422, 0.04128886698477352, 0.04280528161207897, 0.03984551533020664, 0.030665588497514662, 0.018172594907647444, 0.005541030014343029, 0.0031925757995905357, 0.008168281477439088, 0.010121550978561267, 0.01039036181704489, 0.009145047792030958, 0.009759995992889792, 0.009268651817476048, 0.009727936648425306, 0.010248635917506022, 0.009882976376924368]
loss,
[0.12756919860839844, 0.11183474957942963, 0.08871902525424957, 0.07173323631286621, 0.07492506504058838, 0.06812408566474915, 0.07544036954641342, 0.06269654631614685, 0.06592834740877151, 0.0710994154214859, 0.0652504488825798, 0.06524556875228882, 0.06392551958560944, 0.060646265745162964, 0.05688134953379631, 0.04426506906747818, 0.0364021360874176, 0.03691815212368965, 0.02936575934290886, 0.0245511494576931, 0.022021710872650146, 0.022414684295654297, 0.01058854442089796, 0.00505765900015831, 0.004027236253023148, 0.0017800325294956565, 0.0016275064554065466, 0.001550436718389392, 0.0015444373711943626, 0.001371178193949163, 0.0011153491213917732, 0.001417437568306923, 0.0012411699863150716, 0.0011865298729389906, 0.0015589133836328983, 0.0018422240391373634]

2022-04-27 04:03:49.160224