2022-04-27 03:36:50.523247

reference phi, theta, psi, translation: 16.672973292337613, -0.0, 55.56417970941693, 0.9538894295692444, -3.184936285018921, 2.279534101486206

phi,theta,psi,rot_x,rot_y,rot_z,phi_err,theta_err,psi_err
26.607018987257597,-4.879078348390559,61.415046110949504,1.4386786222457886,-3.2383759021759033,2.121750593185425,9.934045694919984,4.879078348390559,5.850866401532571
27.817565857257513,-6.084795075074854,61.90672410854204,1.5037100315093994,-3.25588321685791,2.0663058757781982,11.1445925649199,6.084795075074854,6.34254439912511
27.695508669242095,-4.565342643533207,61.362515126042936,1.5801441669464111,-3.2150495052337646,2.066333293914795,11.022535376904482,4.565342643533207,5.798335416626003
26.7038659470465,-2.1054614973168366,59.56043801542677,1.5654240846633911,-3.1596832275390625,2.149135112762451,10.030892654708886,2.1054614973168366,3.9962583060098353
22.21758425677056,4.26771334432788,56.89858010718399,1.470207929611206,-3.131394863128662,2.233433246612549,5.544610964432948,4.26771334432788,1.3344003977670553
20.803123796647206,2.966210232958986,55.75909964795076,1.3048889636993408,-3.132628917694092,2.307206869125366,4.130150504309594,2.966210232958986,0.19491993853382894
18.417898795073693,1.2674575316966203,55.43607951153334,1.1021183729171753,-3.173478603363037,2.321601390838623,1.7449255027360806,1.2674575316966203,0.12810019788359028
16.503823657542245,0.06471344397242887,55.30159991696497,0.9486940503120422,-3.1971418857574463,2.3132121562957764,0.16914963479536738,0.06471344397242887,0.26257979245196594
16.39814184806193,-0.13522739762648084,55.50080238410839,0.935763418674469,-3.1937203407287598,2.2865474224090576,0.2748314442756836,0.13522739762648084,0.06337732530854367
16.705660870158,0.11111586445774402,55.56094219975035,0.9600096344947815,-3.1782028675079346,2.277186870574951,0.03268757782038634,0.11111586445774402,0.003237509666583094
16.66493074458992,0.01019181334563224,55.5551467842396,0.9545143246650696,-3.1784238815307617,2.2766404151916504,0.008042547747692197,0.01019181334563224,0.009032925177336892
16.687750406606934,-0.02564173188318893,55.56577797368272,0.9543384313583374,-3.1805222034454346,2.2765560150146484,0.0147771142693216,0.02564173188318893,0.0015982642657874635
16.789248725220617,-0.08141517019090555,55.55406761435073,0.9581059217453003,-3.17952823638916,2.2772490978240967,0.11627543288300402,0.08141517019090555,0.010112095066205029
16.656775498720926,0.07386726457155053,55.47507306150495,0.9563063979148865,-3.175882339477539,2.2811410427093506,0.01619779361668705,0.07386726457155053,0.08910664791198286
16.63394729896745,-0.012751892458048551,55.598600447739216,0.9515163898468018,-3.181978702545166,2.274282455444336,0.03902599337016355,0.012751892458048551,0.03442073832228232
16.651336960594303,0.02294200949413649,55.548275613934564,0.9550426602363586,-3.1794493198394775,2.277653694152832,0.021636331743309256,0.02294200949413649,0.015904095482369485
16.686087255544034,0.02931754443366455,55.55471989741647,0.9560577273368835,-3.1785736083984375,2.2772178649902344,0.013113963206421886,0.02931754443366455,0.009459812000464751
16.666271169214536,-0.04699396236661826,55.63084918590543,0.9533016085624695,-3.1812243461608887,2.2719955444335938,0.006702123123076831,0.04699396236661826,0.06666947648849941
16.734728447718282,0.0070441575858304515,55.63315437475031,0.9588084816932678,-3.180112838745117,2.271573543548584,0.06175515538066989,0.0070441575858304515,0.06897466533337848
16.73708827807652,0.0017783388672724051,55.508353158235835,0.9576742053031921,-3.175895929336548,2.2786991596221924,0.06411498573890739,0.0017783388672724051,0.055826551181098694
16.68578331212597,0.006646651303661774,55.56348644521618,0.9556540250778198,-3.179440975189209,2.276543378829956,0.012810019788357607,0.006646651303661774,0.0006932642007555501
16.730077088893502,0.0023876168623066414,55.60760605215987,0.9583171010017395,-3.1797497272491455,2.273770809173584,0.057103796555889375,0.0023876168623066414,0.043426342742939994
16.753127269795,-0.045835513004404346,55.65693367834571,0.9585527181625366,-3.182509183883667,2.2712881565093994,0.08015397745738895,0.045835513004404346,0.09275396892877552
16.68973286901353,0.010331830504308356,55.560494822359715,0.9558145403862,-3.1785242557525635,2.276900053024292,0.01675957667591632,0.010331830504308356,0.0036848870572185888
16.728330268013273,-0.04516178550739387,55.596438692866904,0.9558390974998474,-3.1808676719665527,2.275585174560547,0.05535697567566089,0.04516178550739387,0.03225898344997091
16.625436883261614,0.012835171881774124,55.50754378081919,0.9520550966262817,-3.178607940673828,2.280221462249756,0.047536409075998876,0.012835171881774124,0.05663592859774269
16.695051878829677,-0.0007911749433378626,55.58273733339186,0.9554975628852844,-3.18007230758667,2.275925874710083,0.02207858649206429,0.0007911749433378626,0.018557623974928106
16.685132736607525,-0.03183312202201693,55.61507827911187,0.9541258811950684,-3.1809940338134766,2.2732772827148438,0.012159444269912001,0.03183312202201693,0.05089856969493667
16.70735304952487,0.014620747131022935,55.56872861540416,0.9567679762840271,-3.1779136657714844,2.276196002960205,0.03437975718725639,0.014620747131022935,0.0045489059872281246
16.713346540521556,-0.010968845652801082,55.60588484448903,0.9568182826042175,-3.1802852153778076,2.274202823638916,0.04037324818394339,0.010968845652801082,0.04170513507209961
16.715465606711554,-0.01208963632597866,55.573052125148784,0.9571444392204285,-3.179797410964966,2.277083396911621,0.0424923143739413,0.01208963632597866,0.008872415731850936
16.61264393894618,0.021923243401385295,55.529164744636866,0.9516106843948364,-3.1801564693450928,2.2786355018615723,0.060329353391431084,0.021923243401385295,0.035014964780067714
16.642940950557065,-0.024757416810912654,55.557202671179766,0.9523448348045349,-3.1802470684051514,2.27705717086792,0.030032341780547256,0.024757416810912654,0.006977038237167221
16.706463417385475,-0.001567833293100468,55.56931942676737,0.9567455649375916,-3.1799352169036865,2.276689052581787,0.03349012504786231,0.001567833293100468,0.005139717350438389
16.730678145540463,-0.029979216645064814,55.57866995574112,0.9568759799003601,-3.1798477172851562,2.276461362838745,0.057704853202849904,0.029979216645064814,0.014490246324186273
16.698309879063775,-0.010978249619095779,55.557264142882296,0.9556367993354797,-3.179246425628662,2.277320146560669,0.025336586726162125,0.010978249619095779,0.0069155665346372075

Errors:
rotation,[20.663990444843115, 23.571932039119865, 21.38621343706369, 16.13261245803556, 11.146724706527884, 7.291280675802408, 3.1404832323162912, 0.49644287121976216, 0.47343616721070814, 0.14704095194471345, 0.02726728627066133, 0.04201711041829799, 0.2078026981401146, 0.17917170610022043, 0.08619862415049442, 0.060482436719815236, 0.05189131964055119, 0.12036556197819451, 0.1377739782998788, 0.1217198757872785, 0.02014993529277493, 0.102917756161136, 0.21874345939056883, 0.030776294237443266, 0.13277774463302566, 0.1170075095555157, 0.04142738541033025, 0.0948911359868656, 0.053549410305507444, 0.09304722890884408, 0.0634543664317709, 0.1172675615728841, 0.06176679682862713, 0.04019767569140116, 0.10217431617210099, 0.04323040287989511]
translation,[0.09908907901583852, 0.10789751526042224, 0.10446446782384733, 0.0983907704573097, 0.08656092851411934, 0.07244307951765716, 0.0524313947598829, 0.027526964443639557, 0.006667802540476053, 0.005191454685294694, 0.0066329251777492715, 0.00506495088101655, 0.004563301182904489, 0.005665532596790257, 0.005867058156839633, 0.005124538911718268, 0.0058216978972449596, 0.007332638263043201, 0.007141071982812441, 0.006712793017896068, 0.005614076933046164, 0.006304184401969337, 0.00546892757445594, 0.006098212399697545, 0.004984873977542215, 0.005043013043271927, 0.005501698429989155, 0.006595492381917367, 0.006752081656149045, 0.005993614724167706, 0.004673119347543775, 0.004823134257242678, 0.005470970596658908, 0.004882086078763059, 0.005048947086494948, 0.005332471745472134]
loss,
[0.14235536754131317, 0.1289791762828827, 0.11234608292579651, 0.10650300979614258, 0.04225815460085869, 0.02661803364753723, 0.012456735596060753, 0.007387648336589336, 0.00294354441575706, 0.002232293365523219, 0.001337770838290453, 0.0018419930711388588, 0.002242272486910224, 0.0017857406055554748, 0.00123741221614182, 0.0016604799311608076, 0.0012634384911507368, 0.001145013840869069, 0.001523211132735014, 0.0014026532880961895, 0.0015760730020701885, 0.0014537964016199112, 0.0017436277121305466, 0.0013070105342194438, 0.0023972471244633198, 0.0013375598937273026, 0.0016542415833100677, 0.0014164214953780174, 0.0016321198781952262, 0.0015658673364669085, 0.0017121988348662853, 0.0018103563925251365, 0.0013213533675298095, 0.0014690167736262083, 0.0015985514037311077, 0.0016779399011284113]

2022-04-27 03:41:17.411090