2022-04-27 03:25:28.410984

reference phi, theta, psi, translation: 132.9853677440357, -8.537735924097414e-07, 76.34363348549546, 2.865516185760498, 2.6707684993743896, 0.9517420530319214

phi,theta,psi,rot_x,rot_y,rot_z,phi_err,theta_err,psi_err
143.3552887910292,-3.0579185397180266,69.36864430507845,2.3124754428863525,2.981729030609131,1.6183615922927856,10.369921046993511,3.0579176859444344,6.974989180417012
143.30499127798126,-3.071016314649504,69.39711253353906,2.316371440887451,2.9805595874786377,1.616247534751892,10.31962353394556,3.0710154608759117,6.946520951956401
142.12933813690364,-1.397598688243778,70.18229742014537,2.3791022300720215,2.9833805561065674,1.5362498760223389,9.143970392867942,1.3975978344701856,6.161336065350085
139.1333302989909,2.416492578226845,70.30054165505665,2.540858507156372,2.876229763031006,1.4355167150497437,6.1479625549552,2.416493432000437,6.0430918304388115
135.39650648332025,6.081110648731335,68.88116004363629,2.6233527660369873,2.8108556270599365,1.4669888019561768,2.411138739284553,6.081111502504927,7.462473441859174
135.84832349691658,4.1798136166556095,69.8696113599422,2.627775192260742,2.835028886795044,1.4216396808624268,2.862955752880879,4.179814470429202,6.474022125553262
134.99975445481255,3.1297784463831824,70.90644090613931,2.7129464149475098,2.7911951541900635,1.3492978811264038,2.014386710776847,3.1297793001567746,5.43719257935615
133.83181942749704,1.73904620710326,72.89422403009894,2.8246397972106934,2.737017869949341,1.2116706371307373,0.8464516834613391,1.7390470608768525,3.4494094553965198
132.7649575395194,0.6656804421312723,74.66376894969834,2.907294750213623,2.6859688758850098,1.090456485748291,0.22041020451629834,0.6656812959048647,1.6798645357971225
131.7827626764932,-0.06747186162867466,75.33357145065564,2.9613466262817383,2.6290123462677,1.0392560958862305,1.2026050675424926,0.06747100785508225,1.0100620348398195
132.0715567349797,0.044626600354615846,75.58673241224216,2.939636707305908,2.6450884342193604,1.0218815803527832,0.9138110090559906,0.044627454128208253,0.756901073253303
132.02023469355623,0.007605889925540324,75.59736701677987,2.937500238418579,2.632901668548584,1.0148189067840576,0.9651330504794657,0.007606743699132734,0.7462664687155893
132.29870150601764,-0.10800101952997272,75.90236911416679,2.9215891361236572,2.6447830200195312,0.9926244616508484,0.6866662380180628,0.10800016575638031,0.44126437132867125
131.88912238224867,-0.016002586326950747,75.9947952340154,2.9354212284088135,2.6248319149017334,0.9846063852310181,1.0962453617870267,0.016001732553358336,0.34883825148006053
132.3244923003236,-0.03677188899475512,76.06750259773018,2.9163899421691895,2.6483819484710693,0.9797400236129761,0.6608754437120865,0.036771035221162714,0.2761308877652766
132.0518311486567,-0.023024479889781554,75.93463492780593,2.9282968044281006,2.6327991485595703,0.9889757037162781,0.933536595378996,0.023023626116189144,0.40899855768952875
132.29154346776747,-0.00494555157830275,75.77691219949199,2.91351318359375,2.64272403717041,0.9997622966766357,0.6938242762682307,0.00494469780471034,0.5667212860034709
132.1153382475595,-0.02193338243395403,75.91833809644628,2.9247405529022217,2.6352767944335938,0.9892135858535767,0.8700294964762065,0.02193252866036162,0.4252953890491824
132.04822480877493,-0.05830021327408852,75.94899881563046,2.930100679397583,2.6319358348846436,0.9874594211578369,0.9371429352607663,0.05829935950049611,0.39463466986499895
132.24362286055066,0.014274872820188711,75.9021846990592,2.9188413619995117,2.6418144702911377,0.9897303581237793,0.7417448834850404,0.01427572659378112,0.4414487864362542
132.16619583611939,-0.06207747993437692,75.87323835735668,2.922558307647705,2.6360104084014893,0.9923359751701355,0.8191719079163136,0.062076626160784514,0.47039512813877593
132.1781076860319,0.0016542957622297252,75.92543466299392,2.9207394123077393,2.6379506587982178,0.9872176647186279,0.8072600580038056,0.001655149535822135,0.4181988225015374
132.10654096390851,-0.202011987306861,76.0588009367276,2.9285287857055664,2.6337060928344727,0.9787008762359619,0.8788267801271843,0.2020111335332686,0.28483254876786646
132.17593568587583,-0.08094602979744217,75.92583081396579,2.922171115875244,2.637312412261963,0.9883561134338379,0.8094320581598708,0.08094517602384976,0.417802671529671
132.13220881480942,-0.101588360544783,75.95160794789341,2.9250714778900146,2.636054754257202,0.9878119230270386,0.8531589292262822,0.10158750677119059,0.39202553760205205
132.29719886440023,0.03417594379607525,75.90288820854371,2.914546489715576,2.6441991329193115,0.989963173866272,0.6881688796354695,0.034176797569667655,0.4407452769517448
132.1175648892289,-0.047578020425380535,75.95458591037153,2.924365520477295,2.6359872817993164,0.9867924451828003,0.8678028548067971,0.04757716665178813,0.38904757512392507
132.20705402773442,-0.01806552561050463,75.94522172101945,2.9200143814086914,2.640784502029419,0.9866333603858948,0.7783137163012839,0.018064671836912218,0.398411764476009
132.317798714937,-0.0060486431940182574,75.85879933745127,2.912748336791992,2.6446306705474854,0.9939872622489929,0.6675690290987006,0.006047789420425847,0.484834148044186
132.16197477921233,-0.07721198211686486,76.00710323489976,2.9242570400238037,2.6399521827697754,0.9832589030265808,0.8233929648233698,0.07721112834327246,0.3365302505957004
132.13737243782194,0.0308959786876066,75.92220398351651,2.9206295013427734,2.63814377784729,0.9875403642654419,0.8479953062137611,0.030896832461199012,0.4214295019789489
132.28620225983653,0.07881167706287481,75.9205169267915,2.9136433601379395,2.6443030834198,0.9893233180046082,0.6991654841991704,0.07881253083646722,0.4231165587039527
132.29919327963788,-0.0019700385269676556,75.91042190719823,2.912390947341919,2.6427438259124756,0.9891796112060547,0.6861744643978227,0.001969184753375246,0.43321157829723234
132.28560120318957,-0.08897849797884035,76.01372851839467,2.914984941482544,2.6427345275878906,0.9814959764480591,0.6997665408461273,0.08897764420524794,0.32990496710078787
132.2227498024471,0.02756841569993249,75.91420583199842,2.915778160095215,2.6389291286468506,0.9878359436988831,0.7626179415885872,0.0275692694735249,0.4294276534970436
132.2221350854218,-0.039278194043346246,76.01526531095793,2.9180657863616943,2.6404924392700195,0.981127142906189,0.7632326586139015,0.03927734026975384,0.3283681745375304

Errors:
rotation,[20.402827913354958, 20.337159946777874, 16.702904292688213, 14.607547817394448, 15.954723683648655, 13.516792348863342, 10.581358590289772, 6.034908199734711, 2.5659560362182856, 2.2801381102373943, 1.7153395364375017, 1.7190062628941878, 1.2359307751031143, 1.4610853458204456, 0.9737773666985259, 1.365558779184714, 1.265490260076412, 1.3172574141857507, 1.3900769646262614, 1.1974693965150758, 1.3516436622158738, 1.2271140300411651, 1.3656704624283194, 1.3081799057133916, 1.346771973599525, 1.163090954156882, 1.3044275965825103, 1.194790152614205, 1.1584509665633125, 1.2371343437623428, 1.3003216406539089, 1.2010945737395904, 1.1213552274484302, 1.118649152152163, 1.2196148645591558, 1.130878173421186]
translation,[0.07464079787699607, 0.07515507494785112, 0.08235508899441513, 0.06635419639285, 0.08408010061106275, 0.08756634419122111, 0.08851347445839597, 0.0844515474800085, 0.0744632371740126, 0.06293178270321942, 0.05325583252993127, 0.042068387649982775, 0.03284249618727664, 0.027921480017405464, 0.02832274247988753, 0.02899749679999708, 0.027451386440614733, 0.028099411822967824, 0.029370111544026578, 0.0282287656589153, 0.027766085882839242, 0.026469034053799412, 0.027262890020444353, 0.027362011817661624, 0.028501637064600516, 0.026751983526692946, 0.027701209901408674, 0.02764826136627363, 0.02672580644703082, 0.029342097037420523, 0.02659399982959698, 0.026015038617834385, 0.024064331757964297, 0.02405509437945952, 0.023686627332345722, 0.02472102449393976]
loss,
[0.11324599385261536, 0.11879998445510864, 0.10764440149068832, 0.06517742574214935, 0.030204206705093384, 0.024016793817281723, 0.020201267674565315, 0.012767361477017403, 0.0056116837076842785, 0.0014165539760142565, 0.00776508217677474, 0.0018915513064712286, 0.002650706097483635, 0.0016794450348243117, 0.0018399674445390701, 0.001689569908194244, 0.0017173495143651962, 0.0020130337215960026, 0.002610227558761835, 0.001259448705241084, 0.0019582659006118774, 0.0011632984969764948, 0.0014909639721736312, 0.0012756317155435681, 0.0022190900053828955, 0.0018056490225717425, 0.0014693764969706535, 0.0022849575616419315, 0.0019502171780914068, 0.0014426958514377475, 0.0032407399266958237, 0.0012668946292251348, 0.001777330762706697, 0.001488545909523964, 0.0008443727856501937, 0.002190448110923171]

2022-04-27 03:27:57.853211