2022-04-27 03:20:20.777220

reference phi, theta, psi, translation: 175.36684180812657, -0.0, 39.4597479484966, 0.2069414258003235, 2.553555727005005, 3.112318754196167

phi,theta,psi,rot_x,rot_y,rot_z,phi_err,theta_err,psi_err
-174.60268024378553,2.426304892454245,32.24175771288345,-0.3459881842136383,2.1274664402008057,3.6064906120300293,10.030477948087878,2.426304892454245,7.217990235613151
-174.71438115747193,2.3311424077236387,32.46431942698832,-0.3392179310321808,2.145541191101074,3.596175193786621,9.9187770344015,2.3311424077236387,6.9954285215082805
-174.87844230133564,1.819682666212884,32.91527925184382,-0.29926595091819763,2.1882846355438232,3.56916880607605,9.754715890537796,1.819682666212884,6.544468696652778
-175.50184732726103,1.473408618478765,32.961345462700976,-0.24659821391105652,2.190037488937378,3.568577527999878,9.131310864612374,1.473408618478765,6.498402485795623
-176.33440640595057,0.38163927175046863,33.41521153304832,-0.1275845319032669,2.2276413440704346,3.545710802078247,8.298751785922832,0.38163927175046863,6.0445364154482775
-177.8469244768932,-2.876247187006596,34.04288884229957,0.1782594621181488,2.2846531867980957,3.506186008453369,6.786233714980199,2.876247187006596,5.41685910619703
-178.4257556882951,-2.4974178881027997,35.13630992086482,0.15369625389575958,2.3446977138519287,3.475137233734131,6.207402503578351,2.4974178881027997,4.323438027631781
-178.945369159593,-2.4052074229623464,35.893033409199695,0.15960128605365753,2.3928444385528564,3.4453964233398438,5.6877890322804205,2.4052074229623464,3.5667145392969033
-178.94920772590655,-2.438133282376523,36.76993749107554,0.14474548399448395,2.4589946269989014,3.3985400199890137,5.683950465966859,2.438133282376523,2.6898104574210606
178.99212863465092,-4.0269589847211105,39.61957779016949,0.3167969882488251,2.662231683731079,3.2278153896331787,3.625286826524359,4.0269589847211105,0.15982984167288805
177.1058352915685,-3.0446160067187513,39.17577600356415,0.318335622549057,2.6289541721343994,3.2331278324127197,1.7389934834419307,3.0446160067187513,0.28397194493244626
174.3279290542326,-2.763203047577033,38.18311046054035,0.4088009297847748,2.541349411010742,3.2659831047058105,1.0389127538939533,2.763203047577033,1.2766374879562505
175.01362540538852,-2.270519497405858,37.21324750406063,0.34944799542427063,2.4834086894989014,3.295275926589966,0.3532164027380418,2.270519497405858,2.2465004444359664
175.21343575936808,-1.7645873769182316,37.703730218548415,0.310371071100235,2.505718469619751,3.2553794384002686,0.15340604875848385,1.7645873769182316,1.7560177299481836
175.11422043148448,-1.3072288635699238,37.756206561941624,0.28893935680389404,2.4968628883361816,3.245755672454834,0.2526213766420824,1.3072288635699238,1.7035413865549742
174.9525635142086,-0.707545665953237,38.32715231994675,0.2632685601711273,2.5193889141082764,3.203920602798462,0.4142782939179597,0.707545665953237,1.1325956285498506
175.1869209650101,-0.45662156260491554,38.87935603886935,0.24049241840839386,2.537299633026123,3.1628167629241943,0.17992084311646295,0.45662156260491554,0.5803919096272452
175.38988686638618,-0.2398935256732744,38.947132006003386,0.21950110793113708,2.53477144241333,3.150925397872925,0.023045058259612006,0.2398935256732744,0.5126159424932126
175.38226437527246,-0.26198512407738866,39.15558254928301,0.2214769870042801,2.5447418689727783,3.137935161590576,0.015422567145890298,0.26198512407738866,0.30416539921358776
175.30963214363854,-0.36485093116593315,39.263284387210355,0.230490580201149,2.5480589866638184,3.1308531761169434,0.057209664488027556,0.36485093116593315,0.19646356128624376
175.38151305446374,-0.33145399560259126,39.360788752706874,0.2255309671163559,2.5503108501434326,3.1224050521850586,0.01467124633717276,0.33145399560259126,0.09895919578972467
175.31202270984804,-0.3045890906637988,39.47240428902863,0.22670672833919525,2.551712989807129,3.112833261489868,0.0548190982785286,0.3045890906637988,0.012656340532032573
175.2423137991789,-0.10790158574492932,39.42385871950277,0.21825072169303894,2.5486180782318115,3.11188006401062,0.1245280089476637,0.10790158574492932,0.03588922899383107
175.34329131586836,-0.08939551185639344,39.54986546440575,0.21426112949848175,2.5545406341552734,3.105651378631592,0.023550492258209488,0.08939551185639344,0.0901175159091494
175.34084610814548,-0.02475375526084387,39.527571726954825,0.21003180742263794,2.5533196926116943,3.1050374507904053,0.02599569998108109,0.02475375526084387,0.06782377845822651
175.29247470844348,-0.20135829186953497,39.48880698832042,0.22157606482505798,2.5492420196533203,3.104973077774048,0.07436709968308719,0.20135829186953497,0.029059039823820854
175.31086157768914,-0.23750706618125686,39.64734933933475,0.2229939103126526,2.556230068206787,3.0980911254882812,0.05598023043742728,0.23750706618125686,0.18760139083815375
175.3080475397511,-0.11898533179836594,39.51912278295152,0.21576587855815887,2.5503182411193848,3.1044111251831055,0.05879426837546475,0.11898533179836594,0.0593748344549212
175.40305547110597,-0.12219197218020818,39.49891566829204,0.2115277647972107,2.5503690242767334,3.106236219406128,0.036213662979406536,0.12219197218020818,0.039167719795443645
175.3234018050053,-0.014188512200128444,39.49724568703997,0.20946510136127472,2.551996946334839,3.1057968139648438,0.04344000312127605,0.014188512200128444,0.03749773854337235
175.3586592415009,-0.12156715766914138,39.457217363409114,0.2138012796640396,2.5495753288269043,3.1081109046936035,0.008182566625663412,0.12156715766914138,0.0025305850874843827
175.37457358226703,-0.14922169378593608,39.550346992742234,0.21506620943546295,2.554530382156372,3.1052231788635254,0.007731774140466996,0.14922169378593608,0.0905990442456357
175.31868897447796,-0.04704063667936015,39.51366887689927,0.211964949965477,2.551854372024536,3.1045331954956055,0.04815283364860079,0.04704063667936015,0.05392092840266827
175.36544844953588,-0.06404529256424482,39.485316761654545,0.21010123193264008,2.550414562225342,3.105412244796753,0.001393358590689786,0.06404529256424482,0.025568813157946124
175.33177561692773,-0.15243648230684165,39.51952234901797,0.2170645147562027,2.550532817840576,3.103311061859131,0.035066191198836805,0.15243648230684165,0.05977440052136984
175.3946679988052,-0.05783054054493127,39.50996008417995,0.20907863974571228,2.5503082275390625,3.1028897762298584,0.02782619067863834,0.05783054054493127,0.0502121356833527

Errors:
rotation,[19.674773076155276, 19.24534796363342, 18.118867253403458, 17.10312196888676, 14.724927473121578, 15.079340008183825, 13.02825841931293, 11.65971099453967, 10.811894205764442, 7.812075652918358, 5.067581435093128, 5.078753289427237, 4.870236344579866, 3.674011155624899, 3.2633916267669805, 2.2544195884210474, 1.2169343153486236, 0.775554526426099, 0.5815730904368668, 0.6185241569402045, 0.4450844377294887, 0.37206452947436, 0.26831882368642407, 0.20306352002375233, 0.11857323370015146, 0.304784431376443, 0.48108868745683786, 0.2371544346287519, 0.19757335495505834, 0.09512625386477684, 0.13228030938228919, 0.24755251217203877, 0.1491143987306292, 0.09100746431288073, 0.2472770740270483, 0.13586886690692232]
translation,[0.170370405351016, 0.17016761800853342, 0.1661459684839519, 0.16313158961848817, 0.15823017523341676, 0.15751736630454083, 0.16384539081098204, 0.16671985757486318, 0.16621319923700462, 0.16489667890248239, 0.14808798665619438, 0.12726276788186475, 0.10991887136385081, 0.08863457955274878, 0.07408007238879488, 0.05319952068396905, 0.030784009869133655, 0.018757325977216688, 0.015029882355378277, 0.012133730015134958, 0.006737310812712671, 0.0002935056734605368, 0.002868035228686061, 0.0041378714240627446, 0.005608690278147144, 0.007624306248017909, 0.008417421117992596, 0.007691681096315683, 0.006476097439625406, 0.005891209174198053, 0.005411657605492337, 0.004431678482021084, 0.00682562948781662, 0.007157882206368704, 0.008334500583587534, 0.009224939034925939]
loss,
[0.09195567667484283, 0.09671412408351898, 0.09640222787857056, 0.10553646087646484, 0.10012517869472504, 0.10303404182195663, 0.10246118158102036, 0.09137225151062012, 0.10495157539844513, 0.07516063749790192, 0.03938521072268486, 0.02470121905207634, 0.02350737154483795, 0.019389381632208824, 0.01317327469587326, 0.011740991845726967, 0.007044138386845589, 0.005285073071718216, 0.004502041265368462, 0.002881761174649, 0.0034365111496299505, 0.0031872817780822515, 0.002221970818936825, 0.00200234679505229, 0.0022749516647309065, 0.003073454601690173, 0.0034006345085799694, 0.0026348489336669445, 0.004532427527010441, 0.003427814692258835, 0.0019400975434109569, 0.002445865422487259, 0.002790474332869053, 0.0029390924610197544, 0.002403018530458212, 0.004260113462805748]

2022-04-27 03:22:50.897009