2022-04-27 08:16:59.830558

reference phi, theta, psi, translation: -139.02455270626928, -8.537736090602699e-07, 56.38966954231551, -2.2014424800872803, 2.5346622467041016, 2.231398344039917

phi,theta,psi,rot_x,rot_y,rot_z,phi_err,theta_err,psi_err
-129.04008655489625,6.852725648450977,53.065809209147574,-2.6847352981567383,1.8050535917282104,2.604990243911743,9.984466151373027,6.852726502224586,3.3238603331679357
-128.57869361608357,6.885984899451944,51.963932356389854,-2.6635327339172363,1.7707191705703735,2.643932342529297,10.445859090185706,6.885985753225553,4.425737185925655
-127.77352359596577,7.06979197294069,49.66433743644079,-2.614337205886841,1.7317159175872803,2.689202308654785,11.251029110303506,7.069792826714299,6.72533210587472
-128.82744910565543,7.893729043791386,52.58230694799154,-2.7565042972564697,1.8362139463424683,2.5037124156951904,10.197103600613843,7.893729897564995,3.807362594323969
-130.8959718957938,7.473422135615167,56.03094117691727,-2.772512674331665,2.0576345920562744,2.317291736602783,8.128580810475484,7.4734229893887765,0.3587283653982425
-132.10746986963562,4.8287699157141315,57.735855431495416,-2.704918384552002,2.2477173805236816,2.2219064235687256,6.917082836633654,4.828770769487741,1.3461858891799068
-133.9786275135173,4.01105874573761,57.34816023382715,-2.6062519550323486,2.333035707473755,2.2436227798461914,5.04592519275198,4.011059599511219,0.958490691511642
-136.3800537238021,1.9090972005162958,56.64727695705171,-2.4333295822143555,2.460735321044922,2.2805161476135254,2.6444989824671836,1.909098054289905,0.2576074147361993
-139.28631287602084,0.6015773937276302,54.959796760330015,-2.2140469551086426,2.5379912853240967,2.3666794300079346,0.26176016975156813,0.6015782475012392,1.4298727819854946
-140.290883438768,-0.5080501338719963,54.92559458806118,-2.1195883750915527,2.5861141681671143,2.3527097702026367,1.2663307324987159,0.5080492800983872,1.464074954254329
-139.59128082246193,-0.22362596957025613,55.4505765880467,-2.168168067932129,2.5614869594573975,2.311812162399292,0.5667281161926496,0.22362511579664707,0.9390929542688085
-139.60714052171468,-0.337676362692734,55.66005165970182,-2.1617579460144043,2.5603129863739014,2.289231777191162,0.5825878154454074,0.33767550891912496,0.7296178826136881
-139.23535966481256,-0.11585585632192241,56.03311317707333,-2.1855931282043457,2.5427803993225098,2.2612760066986084,0.21080695854328724,0.11585500254831335,0.35655636524217726
-139.08778659760526,-0.04865582762778987,56.19815786817752,-2.194619655609131,2.5336875915527344,2.2446727752685547,0.06323389133598312,0.04865497385418081,0.19151167413799186
-139.13871248805688,-0.018711298305611215,56.38334820223866,-2.193615198135376,2.536010265350342,2.2306931018829346,0.11415978178760611,0.018710444532002154,0.006321340076851811
-138.94724862524308,0.016845385321563724,56.4382321873143,-2.203012704849243,2.528233766555786,2.2267792224884033,0.0773040810261989,0.016846239095172785,0.04856264499878904
-138.96724741913286,0.016407739964450736,56.41239016658955,-2.2012856006622314,2.5274829864501953,2.2270827293395996,0.05730528713641547,0.016408593738059796,0.022720624274043644
-139.03519414099617,0.00232835367070202,56.507012192256326,-2.1997642517089844,2.5340728759765625,2.2212038040161133,0.010641434726892385,0.0023292074443110804,0.11734264994081656
-139.00477247843293,-0.03708501487143104,56.43322565865268,-2.1993093490600586,2.530975103378296,2.2255144119262695,0.019780227836349695,0.03708416109782198,0.0435561163371716
-138.99074326987773,-0.01176729641187913,56.46042688702225,-2.2005832195281982,2.5311505794525146,2.2238240242004395,0.03380943639155021,0.011766442638270069,0.07075734470674178
-139.02571383842817,0.06541615448797534,56.496824965109255,-2.2016355991363525,2.5305335521698,2.221672773361206,0.0011611321588986812,0.0654170082615844,0.10715542279374546
-138.9529586633892,0.08885821230556701,56.43364913038122,-2.204019784927368,2.525137186050415,2.2256715297698975,0.07159404288006499,0.08885906607917607,0.04397958806571012
-139.01273647900516,0.02294445651782498,56.43029892259333,-2.1994597911834717,2.529266357421875,2.2250306606292725,0.011816227264120016,0.02294531029143404,0.040629380277820815
-139.02283149859844,0.06457189978540327,56.44858333900145,-2.2011947631835938,2.530127763748169,2.2246317863464355,0.0017212076708403856,0.06457275355901233,0.05891379668594254
-139.03314508424515,0.046472983668949794,56.4533542261367,-2.200298309326172,2.5301575660705566,2.2238640785217285,0.008592377975872978,0.046473837442558855,0.06368468382119374
-138.94457119108844,0.057150518231766194,56.46346632120291,-2.2053205966949463,2.5274760723114014,2.22395658493042,0.07998151518083318,0.057151372005375255,0.07379677888739877
-138.96992485328752,-0.002553366784837131,56.42964663952759,-2.200303792953491,2.528907060623169,2.2264463901519775,0.05462785298175277,0.0025525130112280707,0.03997709721208054
-139.0254133101047,0.04071715763388663,56.40173165638975,-2.198270320892334,2.5291271209716797,2.227346181869507,0.0008606038354344037,0.04071801140749569,0.012062114074240071
-139.0133648564088,0.06586979336418908,56.42013560110835,-2.2003326416015625,2.528334379196167,2.22701358795166,0.011187849860476717,0.06587064713779814,0.03046605879283959
-138.96570379638044,0.04794776064045407,56.50400007883235,-2.2047510147094727,2.530008554458618,2.221830368041992,0.0588489098888374,0.04794861441406313,0.11433053651683878
-138.98506055248828,0.030028521880848806,56.480319812979914,-2.2025740146636963,2.530219078063965,2.223182201385498,0.039492153780997796,0.030029375654457867,0.09065027066440479
-139.03880048087794,0.033495223159150066,56.467612246029105,-2.200047731399536,2.531885862350464,2.223127841949463,0.014247774608662667,0.033496076932759127,0.07794270371359602
-138.95713873916125,0.02956008366345809,56.418831034976876,-2.2021095752716064,2.5268819332122803,2.2267117500305176,0.06741396710802405,0.029560937437067152,0.02916149266136614
-138.98303881649394,0.008086659836757899,56.451762792060094,-2.20172119140625,2.5297749042510986,2.224560260772705,0.04151388977533088,0.00808751361036696,0.062093249744584966
-138.95223466333718,0.04484480177980236,56.44505554629514,-2.203195333480835,2.5276851654052734,2.2252399921417236,0.0723180429320962,0.04484565555341142,0.055386003979627674
-138.99195904354997,0.03805061253143056,56.41065188344579,-2.200495719909668,2.527770757675171,2.2274389266967773,0.032593662719307304,0.03805146630503962,0.02098234113027786

Errors:
rotation,[20.161052986765547, 21.757582029336916, 25.046154042892525, 21.898196092502808, 15.960732165262502, 13.0920394953013, 10.015475483774841, 4.811204451493288, 2.2932111992383017, 3.238454966851432, 1.7294461862581052, 1.6498812069782205, 0.6832183263337779, 0.3034005393281558, 0.13919156639646008, 0.14271296512016074, 0.09643450514851891, 0.13031329211202003, 0.10042050527134327, 0.11633322373656205, 0.17373356321422856, 0.20443269702495118, 0.07539091783337487, 0.12520775791579525, 0.11875089923962558, 0.21092966607360722, 0.09715746320506138, 0.05364072931717016, 0.10752455579111445, 0.2211280608197393, 0.16017180009986046, 0.12568655525501782, 0.12613639720645736, 0.1116946531302828, 0.1725497024651353, 0.09162747015462477]
translation,[0.12242333873291766, 0.11859773875960133, 0.099901000804822, 0.12080720221715957, 0.12705911583619933, 0.12888131436543038, 0.12452363389880095, 0.1133933902530968, 0.08524998776109527, 0.05737749882231924, 0.04399608317185155, 0.02707046366926047, 0.013116221174239051, 0.003035704102386738, 0.0038112618035466284, 0.0057374156221392525, 0.006986014050882616, 0.006922843699486592, 0.006739390371770071, 0.006867105176597832, 0.007867881537098498, 0.007742923002590274, 0.007999140557942042, 0.006729390519184086, 0.007625285033251217, 0.006510028268655432, 0.006980397333874677, 0.007455534481837667, 0.007010620379189092, 0.0064052514030699115, 0.006718394800756755, 0.0070820087731124914, 0.00711796010961141, 0.006702783718940175, 0.00683331738677051, 0.007040117480725527]
loss,
[0.15433649718761444, 0.1271953284740448, 0.10861127078533173, 0.06730124354362488, 0.05287788435816765, 0.04787547513842583, 0.037389013916254044, 0.02052696980535984, 0.01003947388380766, 0.005611827597022057, 0.004223813768476248, 0.002358254510909319, 0.0022260406985878944, 0.001494926167652011, 0.001094463630579412, 0.0012464493047446012, 0.0010819928720593452, 0.0012969811214134097, 0.0012377019738778472, 0.0008715942385606468, 0.0010394311975687742, 0.0013993724714964628, 0.000863111752551049, 0.0007516489131376147, 0.0009215720929205418, 0.0011277107987552881, 0.0010378120932728052, 0.0009105623466894031, 0.0011384193785488605, 0.0008384101092815399, 0.0007714381790719926, 0.0011715390719473362, 0.0012568209785968065, 0.0009911131346598268, 0.0011610030196607113, 0.001039458904415369]

2022-04-27 08:21:30.600217