2022-04-27 07:54:26.003032

reference phi, theta, psi, translation: 164.57178246643477, -4.268868188959204e-07, 11.003265705708584, 0.2046843022108078, 0.7416750192642212, 3.957021951675415

phi,theta,psi,rot_x,rot_y,rot_z,phi_err,theta_err,psi_err
174.68706040079186,1.035587752499106,3.46078983121423,-0.0498787984251976,0.24902896583080292,4.223120212554932,10.115277934357096,1.035588179385925,7.542475874494354
173.4882392580496,1.1841038094583691,3.018515872548864,-0.06246575340628624,0.2189091444015503,4.225314617156982,8.91645679161482,1.1841042363451881,7.98474983315972
167.1116156300607,2.7444441834717104,-0.10453106934751309,-0.20753546059131622,0.06444110721349716,4.240205764770508,2.5398331636259286,2.744444610358529,11.107796775056096
165.43565113227965,2.249156591713311,2.5855002353034497,-0.12447964400053024,0.21812114119529724,4.185023784637451,0.8638686658448762,2.2491570186001297,8.417765470405135
164.80314829437978,0.41537705096874467,4.841588130900001,0.058337461203336716,0.33557185530662537,4.1206464767456055,0.23136582794501237,0.41537747785556356,6.161677574808583
164.8425721462691,-0.2170951581817591,8.922930957174332,0.17884597182273865,0.6082534193992615,4.040844917297363,0.270789679834337,0.2170947312949402,2.080334748534252
164.67348398317625,0.6179469022322567,11.56257367514165,0.17150788009166718,0.792033851146698,3.954183340072632,0.10170151674148542,0.6179473291190756,0.5593079694330658
164.43224170169142,-0.42206276159643313,11.280313546369934,0.24274644255638123,0.7499657273292542,3.9446938037872314,0.13954076474334443,0.42206233470961424,0.2770478406613499
164.4005359635642,-0.2651211102704351,11.288752245089485,0.23086777329444885,0.7521939277648926,3.9401559829711914,0.17124650287055942,0.2651206833836162,0.2854865393809014
164.4148930211996,-0.31964864211165755,11.407389215878021,0.2378646433353424,0.7610183954238892,3.944169282913208,0.1568894452351799,0.31964821522483866,0.4041235101694376
164.44638019327334,-0.2886185491407245,11.388186992800176,0.23501530289649963,0.7585830092430115,3.9387762546539307,0.12540227316142705,0.2886181222539056,0.3849212870915917
164.47529921421918,-0.0020431763338176106,11.298702976936546,0.21438656747341156,0.7606031894683838,3.9511470794677734,0.09648325221559162,0.0020427494469987145,0.2954372712279625
164.36795596122326,-0.2630118108467496,11.346972777574674,0.2355564832687378,0.7582069039344788,3.9477760791778564,0.20382650521150936,0.26301138395993073,0.3437070718660902
164.39180698180493,-0.17633364877567573,11.387667044649609,0.22914132475852966,0.7620221376419067,3.944929838180542,0.1799754846298356,0.17633322188885683,0.384401338941025
164.4513115898541,-0.0432363059615463,11.257959190990128,0.21680577099323273,0.7562004923820496,3.9478275775909424,0.12047087658066857,0.0432358790747274,0.25469348528154434
164.46639264754148,-0.10926452552436688,11.22165929687245,0.22049455344676971,0.7516092658042908,3.9434916973114014,0.10538981889328625,0.10926409863754799,0.21839359116386525
164.4249060785228,-0.3494054460744532,11.316767973517583,0.23902198672294617,0.7542315721511841,3.944430112838745,0.14687638791195923,0.3494050191876343,0.3135022678089996
164.46337370392834,-0.12108182817455419,11.243486873912518,0.22032158076763153,0.7528876662254333,3.9434115886688232,0.1084087625064285,0.1210814012877353,0.24022116820393435
164.4894377058011,-0.09167254476661162,11.287420358201333,0.2189559042453766,0.7571982741355896,3.947925329208374,0.08234476063367424,0.09167211787979272,0.28415465249274874
164.4445633629541,-0.13535994358176362,11.265698649093398,0.2234569787979126,0.7562122941017151,3.951392412185669,0.12721910348065535,0.13535951669494473,0.26243294338481427
164.4131581531504,-0.15333072832595673,11.412285607739275,0.22703328728675842,0.7653172612190247,3.948908805847168,0.15862431328437765,0.15333030143913784,0.40901990203069083
164.44398962706384,-0.20105240557545762,11.319425770878366,0.22783783078193665,0.7576903700828552,3.948977470397949,0.127792839370926,0.20105197868863872,0.31616006516978246
164.43061611666894,-0.21089428179973,11.326909950661406,0.2301536500453949,0.7579497694969177,3.951169013977051,0.14116634976582532,0.2108938549129111,0.3236442449528223
164.46654291170321,-0.026535427740287876,11.350615829723228,0.21712800860404968,0.7638335824012756,3.9498252868652344,0.10523955473155411,0.02653500085346898,0.3473501240146444
164.48215672414585,0.06900781622844808,11.23260552879104,0.20737165212631226,0.7576130628585815,3.951831340789795,0.0896257422889164,0.06900824311526697,0.22933982308245682
164.36635769695746,-0.427236050144268,11.432091448785018,0.24809785187244415,0.7601013779640198,3.9462890625,0.20542476947730393,0.4272356232574491,0.42882574307643395
164.43191385261125,-0.06875035163936513,11.273096597738169,0.21964514255523682,0.756056547164917,3.9470503330230713,0.13986861382352345,0.06874992475254624,0.2698308920295851
164.4319958148813,-0.28740515531310173,11.309363194683645,0.23388729989528656,0.7541719079017639,3.94372296333313,0.13978665155346448,0.28740472842628284,0.3060974889750607
164.46614676073136,-0.13196920301153442,11.281267211532796,0.22155152261257172,0.7558602690696716,3.9468109607696533,0.1056357057034063,0.13196877612471553,0.27800150582421246
164.4718294781208,-0.1713688256949661,11.3282554979279,0.22545309364795685,0.75818932056427,3.9471259117126465,0.09995298831395871,0.1713683988081472,0.32498979221931634
164.3667128667943,-0.20694788777118586,11.313293968550987,0.2299329787492752,0.7559309601783752,3.943843126296997,0.205069599640467,0.20694746088436697,0.3100282628424029
164.57025250406068,-0.12850256257925607,11.277860654684252,0.2197139412164688,0.7564489841461182,3.9465370178222656,0.0015299623740929746,0.12850213569243718,0.2745949489756683
164.57880390090153,-0.10167717029229631,11.245161977806463,0.21663683652877808,0.7549434900283813,3.9510746002197266,0.007021434466764731,0.10167674340547742,0.241896272097879
164.49173264936223,0.011166801283807566,11.252967176480496,0.21168455481529236,0.756820559501648,3.951565742492676,0.08004981707253478,0.011167228170626462,0.24970147077191207
164.49812570642536,0.019522596545508464,11.247064185490311,0.21126052737236023,0.7576742172241211,3.951082229614258,0.07365676000941335,0.019523023432327362,0.2437984797817272
164.48999778131304,-0.055230118260561796,11.265576559461985,0.21637342870235443,0.7567418813705444,3.9503161907196045,0.08178468512173254,0.0552296913737429,0.2623108537534016

Errors:
rotation,[18.693341988237375, 18.08531086111973, 16.392074549040554, 11.53079115485014, 6.808420880609159, 2.568219159663529, 1.2789568152936268, 0.8386509401143085, 0.721853725635077, 0.8806611706294561, 0.7989416825069243, 0.39396327289055283, 0.8105449610375303, 0.7407100454597174, 0.4184002409369403, 0.4330475086946995, 0.8097836749085932, 0.46971133199809817, 0.4581715310062157, 0.5250115635604143, 0.7209745167542063, 0.6450048832293471, 0.6757044496315587, 0.4791246795996675, 0.3879738084866402, 1.0614861358111871, 0.4784494306056548, 0.733288868954808, 0.5156059876523342, 0.5963111793414222, 0.7220453233672369, 0.40462704704219843, 0.3505944499701211, 0.3409185160150733, 0.3369782632234679, 0.399325230248877]
translation,[0.19962134480110283, 0.20031373598698998, 0.21464176444678618, 0.16142355357448146, 0.10357049656753414, 0.0591505200240281, 0.005243040962047196, 0.008445266178680022, 0.01317857819308177, 0.007175631927905712, 0.01308973351775311, 0.0017316696021545397, 0.0043062664673074735, 0.006746351364327552, 0.005686502694318918, 0.010598948868061342, 0.00812931333972422, 0.010447816004925947, 0.005286714321944608, 0.0018247373918320875, 0.0023405752844585237, 0.0036696735920767054, 0.0013404294560261931, 0.002269744470358326, 0.001991090768647119, 0.004653518439419635, 0.006321847829334537, 0.00913569614218801, 0.006488969744340878, 0.0055254556963220125, 0.008915655932893785, 0.0067477426977005095, 0.0027468832107055974, 0.002176243057537164, 0.0025122640246939554, 0.003167414714399186]
loss,
[0.11194702982902527, 0.09810487926006317, 0.053774069994688034, 0.031241904944181442, 0.02432847023010254, 0.010988685302436352, 0.004918570164591074, 0.0028849192894995213, 0.003351982217282057, 0.0029802757780998945, 0.0031885120552033186, 0.0028930874541401863, 0.003343550255522132, 0.0031348862685263157, 0.002449937630444765, 0.002587988507002592, 0.0026293243281543255, 0.0026528227608650923, 0.0028538021724671125, 0.004028276540338993, 0.003925093915313482, 0.002765378449112177, 0.0036652302369475365, 0.004731402266770601, 0.0031993724405765533, 0.0027643698267638683, 0.0026815365999937057, 0.0029565549921244383, 0.002234544139355421, 0.0031777701806277037, 0.0034528994001448154, 0.002836184576153755, 0.0033175554126501083, 0.0031002506148070097, 0.002609478309750557, 0.0035032243467867374]

2022-04-27 07:58:55.049641