2022-04-20 17:22:19.223231

reference phi, theta, psi, translation: 16.672973292337613, -0.0, 55.56417970941693, 0.9538894295692444, -3.184936285018921, 2.279534101486206

phi,theta,psi,rot_x,rot_y,rot_z,phi_err,theta_err,psi_err
26.607018987257597,-4.879078348390559,61.415046110949504,1.4386786222457886,-3.2383759021759033,2.121750593185425,9.934045694919984,4.879078348390559,5.850866401532571
26.51944742436157,-5.291109575550684,60.98326887237798,1.4023256301879883,-3.2529265880584717,2.126152276992798,9.846474132023957,5.291109575550684,5.419089162961043
25.846755753385356,-7.470208414521021,59.94990906227924,1.2704108953475952,-3.3231565952301025,2.099656343460083,9.173782461047743,7.470208414521021,4.385729352862306
24.62034576903808,-6.709088909377839,59.365914227864806,1.2445213794708252,-3.315309524536133,2.0912647247314453,7.947372476700469,6.709088909377839,3.801734518447873
23.49366508430946,-3.4494931833432765,58.96381416123699,1.2869064807891846,-3.268486499786377,2.124539852142334,6.820691791971846,3.4494931833432765,3.399634451820056
18.959336428317066,1.7506416972604966,55.92557184859148,1.172924280166626,-3.1629743576049805,2.270629405975342,2.286363135979453,1.7506416972604966,0.3613921391745478
16.938630085010672,0.5063329433889321,55.48261359034864,0.9933550953865051,-3.171689748764038,2.2788896560668945,0.2656567926730595,0.5063329433889321,0.0815661190682917
16.424188774461776,-0.2512356884155152,55.320031182440246,0.927692174911499,-3.175086259841919,2.2886712551116943,0.248784517875837,0.2512356884155152,0.2441485269766872
16.71283769142839,0.28080528380594855,55.485857930204396,0.9688659310340881,-3.1725473403930664,2.2806167602539062,0.03986439909077788,0.28080528380594855,0.07832177921253702
16.69955468104001,-0.008338366977959638,55.60945361833036,0.9578061699867249,-3.18210768699646,2.2746877670288086,0.02658138870239668,0.008338366977959638,0.04527390891342975
16.666677565470152,-0.0053062871365187276,55.54444729290477,0.9544991254806519,-3.179908514022827,2.278333902359009,0.006295726867460161,0.0053062871365187276,0.019732416512162843
16.80647446230739,0.07564232783009492,55.555665878616516,0.9655351042747498,-3.1779801845550537,2.2775495052337646,0.1335011699697759,0.07564232783009492,0.008513830800417566
16.693870256103263,0.013805667406492013,55.517679781547486,0.9568248391151428,-3.1785709857940674,2.2804601192474365,0.020896963765650867,0.013805667406492013,0.04649992786944779
16.70351106811674,-0.010808930925535618,55.62528941192104,0.9578260183334351,-3.1836130619049072,2.274600028991699,0.030537775779126974,0.010808930925535618,0.061109702504104746
16.6947274448441,0.07529812929823784,55.537903971679896,0.9589979648590088,-3.177128314971924,2.278514862060547,0.021754152506488822,0.07529812929823784,0.02627573773703773
16.570334332132536,0.154359561551987,55.551724859465416,0.9543925523757935,-3.1804380416870117,2.2772274017333984,0.10263896020507701,0.154359561551987,0.012454849951517133
16.748667156266986,0.027809968873546403,55.49882504434367,0.9584044218063354,-3.177414894104004,2.280514717102051,0.0756938639293736,0.027809968873546403,0.06535466507326504
16.546964839887337,0.08704885871995258,55.46525124947847,0.9498340487480164,-3.1786744594573975,2.2803449630737305,0.12600845245027514,0.08704885871995258,0.09892845993846322
16.66875735807242,0.06136563329186867,55.50631434676859,0.9578737616539001,-3.1800143718719482,2.2802681922912598,0.0042159342651935106,0.06136563329186867,0.057865362648342966
16.69151384083961,-0.019062457857713502,55.47810225040185,0.9547653198242188,-3.177947759628296,2.281256675720215,0.018540548501999154,0.019062457857713502,0.08607745901508679
16.685986510253777,-0.00035397935432204933,55.5701322192786,0.9557048678398132,-3.180107355117798,2.2765681743621826,0.013013217916164166,0.00035397935432204933,0.005952509861664623
16.63952073333018,0.055499489788215575,55.576617483895525,0.9555867910385132,-3.1811892986297607,2.2739243507385254,0.033452559007432825,0.055499489788215575,0.012437774478591734
16.5594094445551,-0.002549171673791336,55.53656183950799,0.9476000070571899,-3.180765390396118,2.2769205570220947,0.11356384778251183,0.002549171673791336,0.027617869908944215
16.641166808920154,0.10977060568119244,55.50186789361891,0.9569095373153687,-3.177638530731201,2.2811365127563477,0.03180648341745851,0.10977060568119244,0.062311815798025805
16.623881307678143,0.08423980246707108,55.45638566393579,0.9540038108825684,-3.1761207580566406,2.282133102416992,0.04909198465946929,0.08423980246707108,0.10779404548114258
16.707547709916216,0.03247606974396174,55.57365659689033,0.9578436613082886,-3.1806609630584717,2.275700092315674,0.0345744175786038,0.03247606974396174,0.009476887473397255
16.5560848499766,0.07591502666646405,55.54263046258554,0.9512513279914856,-3.1809520721435547,2.277456521987915,0.11688844236101303,0.07591502666646405,0.021549246831391144
16.67093277332307,-0.009144582791364016,55.476934288053776,0.953168511390686,-3.1781346797943115,2.2809383869171143,0.0020405190145424967,0.009144582791364016,0.08724542136315705
16.678589415382653,0.023770865278472005,55.54244263238337,0.9560509324073792,-3.180213689804077,2.278559446334839,0.005616123045040666,0.023770865278472005,0.021737077033563423
16.565624916699814,0.044376586002294015,55.533105763787965,0.9499775767326355,-3.181175470352173,2.277024745941162,0.1073483756377982,0.044376586002294015,0.031073945628968147
16.73806328758054,0.0751047518977422,55.48128511855508,0.9605304598808289,-3.1747872829437256,2.2816975116729736,0.06508999524292847,0.0751047518977422,0.08289459086185502
16.700446020726694,0.048527761912148214,55.56445291698373,0.9579460024833679,-3.1797919273376465,2.275937080383301,0.02747272838908188,0.048527761912148214,0.0002732075667992717
16.70206477555999,0.0221244671323726,55.485902326434,0.9565160870552063,-3.176156759262085,2.280364513397217,0.02909148322237698,0.0221244671323726,0.07827738298293241
16.67499161323735,0.026880644650297793,55.55272889727341,0.95627361536026,-3.179145574569702,2.277937412261963,0.0020183208997366364,0.026880644650297793,0.011450812143522171
16.777249790396194,0.025418655612135032,55.55299868974562,0.962131917476654,-3.178595542907715,2.277238607406616,0.10427649805858152,0.025418655612135032,0.011181019671312242
16.74062119342471,-0.03715665179323463,55.55213125572104,0.9577773809432983,-3.180008888244629,2.2777817249298096,0.06764790108709562,0.03715665179323463,0.01204845369589691

Errors:
rotation,[20.663990444843115, 20.556672870535685, 21.02972022843107, 18.458195904526182, 13.66981942713518, 4.398396972414497, 0.8535558551302833, 0.7441687332680393, 0.39899146210926345, 0.08019366459378607, 0.03133443051614173, 0.21765732860028839, 0.08120255904159067, 0.10245640920876734, 0.1233280195417644, 0.26945337170858114, 0.16885849787618507, 0.31198577110869097, 0.12344693020540515, 0.12368046537479944, 0.019319707132150837, 0.10138982327424013, 0.14373088936524736, 0.20388890489667677, 0.24112583260768294, 0.0765273747959628, 0.21435271585886823, 0.09843052316906356, 0.051124065357076094, 0.18279890726906037, 0.22308933800252567, 0.07627369786802937, 0.12949333333768198, 0.040349777693556604, 0.1408761733420288, 0.11685300657622716]
translation,[0.09908907901583852, 0.10028397915336651, 0.09995699510547507, 0.08147358110793412, 0.07408756002181427, 0.03530889749869104, 0.0012767218823093174, 0.008716446354002372, 0.005589068973073097, 0.004044752235814464, 0.004505946022534957, 0.003840960875966637, 0.0038064712922931676, 0.002899958380594647, 0.00552935363240703, 0.004738925719107279, 0.0043122758280995654, 0.005445169914630732, 0.0025265515094243796, 0.004335994453697367, 0.005061645007192972, 0.005729078060020321, 0.0062584959080496105, 0.00413913229358176, 0.005461484182665011, 0.004606845378663849, 0.004946627852667085, 0.004747089531275783, 0.003769224794251791, 0.00531509807200603, 0.005208272890823373, 0.005134967638307231, 0.005839170946495997, 0.004911696388909981, 0.0043456389022500375, 0.003960672574118362]
loss,
[0.14415526390075684, 0.12366756796836853, 0.10504134744405746, 0.07710306346416473, 0.05910642072558403, 0.014236152172088623, 0.005007942207157612, 0.0017744014039635658, 0.0022305548191070557, 0.0012365422444418073, 0.0008603765163570642, 0.001343791140243411, 0.0008223674958571792, 0.0010729117784649134, 0.001443333923816681, 0.0010348964715376496, 0.0014298142632469535, 0.002476198598742485, 0.0010611896868795156, 0.0009438144043087959, 0.0012071137316524982, 0.001531715039163828, 0.0011018957011401653, 0.0012957114959135652, 0.0013393316185101867, 0.0011944256257265806, 0.0009974197018891573, 0.00227914284914732, 0.0008662060718052089, 0.0013222023844718933, 0.00107409933116287, 0.0008319580811075866, 0.0007282707374542952, 0.0012830428313463926, 0.0010066928807646036, 0.000638081575743854]

2022-04-20 17:24:48.631694