2022-04-21 02:28:14.597440

reference phi, theta, psi, translation: -139.02455270626928, -8.537736090602699e-07, 56.38966954231551, -2.2014424800872803, 2.5346622467041016, 2.231398344039917

phi,theta,psi,rot_x,rot_y,rot_z,phi_err,theta_err,psi_err
-129.04008655489625,6.852725648450977,53.065809209147574,-2.6847352981567383,1.8050535917282104,2.604990243911743,9.984466151373027,6.852726502224586,3.3238603331679357
-129.7993713641699,6.261540031936357,53.473311955408874,-2.6762938499450684,1.8673231601715088,2.560270309448242,9.225181342099376,6.261540885709966,2.916357586906635
-132.37381992650944,3.513790906532901,54.59170420557969,-2.6009557247161865,2.135526180267334,2.4150757789611816,6.650732779759835,3.51379176030651,1.797965336735821
-134.71794084965782,1.2872828348615153,56.85330961336514,-2.4797723293304443,2.4013354778289795,2.2607288360595703,4.306611856611454,1.2872836886351244,0.4636400710496318
-138.49085538490283,-0.8486978688597262,57.827530230535324,-2.2675204277038574,2.6107852458953857,2.1856465339660645,0.5336973213664464,0.8486970150861172,1.4378606882198142
-139.63163358007836,-0.095786219315054,57.53015062426214,-2.2196128368377686,2.606095314025879,2.189774751663208,0.6070808738090818,0.09578536554144494,1.140481081946632
-139.36804291962923,0.029213823427591636,56.30157376240068,-2.187735080718994,2.5472729206085205,2.23934268951416,0.34349021335995644,0.029214677201200696,0.08809577991483053
-139.15715399881591,-0.10478499662490535,56.28640391225408,-2.184844970703125,2.5340325832366943,2.2327332496643066,0.13260129254663866,0.1047841428512963,0.10326563006142919
-139.17939309475346,-0.03537306664058717,56.20133049104699,-2.1834821701049805,2.530579090118408,2.2389798164367676,0.1548403884841889,0.03537221286697811,0.18833905126852102
-139.15151226256148,-0.19893394146581117,56.444013942446716,-2.1883223056793213,2.5429909229278564,2.2274744510650635,0.12695955629220634,0.1989330876922021,0.05434440013120678
-139.05933202952298,-0.022859232225249312,56.39895518449214,-2.196714162826538,2.5328712463378906,2.2272915840148926,0.03477932325370148,0.02285837845164025,0.009285642176628528
-139.20062132269388,-0.07546612563701587,56.230597851640496,-2.183659076690674,2.5341198444366455,2.238060235977173,0.17606861642460103,0.0754652718634068,0.15907169067501314
-139.41058133778006,-0.2590629893140258,56.32422949987762,-2.1694090366363525,2.551030397415161,2.2354297637939453,0.3860286315107828,0.2590621355404168,0.06544004243789203
-139.03645089580345,-0.028514914976890945,56.226923209867024,-2.191610813140869,2.527597427368164,2.23990535736084,0.011898189534178982,0.028514061203281885,0.16274633244848502
-139.18182464209798,-0.030897223409296504,56.267713099590345,-2.186231851577759,2.5327141284942627,2.235041618347168,0.15727193582870314,0.030896369635687444,0.12195644272516404
-139.04879987782283,0.017748395153093736,56.37885735285938,-2.197514772415161,2.5307018756866455,2.2289562225341797,0.02424717155355438,0.017749248926702797,0.01081218945613216
-139.10566803285235,-0.08908225545868184,56.259923268841945,-2.1890077590942383,2.5310466289520264,2.234856367111206,0.08111532658307397,0.08908140168507278,0.1297462734735646
-139.16035052734748,-0.05919928089362601,56.321698914790126,-2.1864559650421143,2.5349280834198,2.232027530670166,0.13579782107819938,0.05919842712001695,0.06797062752538352
-139.08613369182612,-0.04396048998942633,56.256262287446816,-2.1904799938201904,2.529947519302368,2.237727165222168,0.061580985556844325,0.04395963621581727,0.13340725486869331
-139.1507336209961,-0.12304718336752504,56.34700476566502,-2.1877779960632324,2.5355522632598877,2.231576919555664,0.1261809147268309,0.12304632959391598,0.042664776650489955
-139.15588358363027,-0.019162930729418135,56.302212385088076,-2.1890151500701904,2.5325937271118164,2.2352514266967773,0.1313308773609947,0.019162076955809074,0.08745715722743341
-139.09042305062488,0.05463750220894822,56.27658551532219,-2.1930766105651855,2.5272529125213623,2.237166404724121,0.06587034435560213,0.05463835598255728,0.11308402699332021
-139.14823377175986,0.10795740838354737,56.29677555450875,-2.1925222873687744,2.5297956466674805,2.233560800552368,0.12368106549058666,0.10795826215715643,0.09289398780676095
-139.21671324837843,-0.057200743586551875,56.349757331900534,-2.1861319541931152,2.5376358032226562,2.2318036556243896,0.1921605421091499,0.057199889812942814,0.03991221041497539
-139.16147067837136,0.007719569597035732,56.25283011738889,-2.1883444786071777,2.5311341285705566,2.235687494277954,0.13691797210208279,0.007720423370644792,0.13683942492662027
-139.047078670152,-0.01802035117556052,56.305531857024704,-2.193854570388794,2.528386116027832,2.23282527923584,0.022525963882713995,0.01801949740195146,0.08413768529080556
-139.1066379197145,-0.060242249383284534,56.28106270432313,-2.188699960708618,2.5302984714508057,2.2345879077911377,0.08208521344522524,0.06024139560967547,0.10860683799237592
-139.05453723672562,-0.043855482227360965,56.220157907494134,-2.189657211303711,2.5263702869415283,2.2376253604888916,0.029984530456346192,0.043854628453751904,0.16951163482137588
-139.0898083335996,-0.01532003107938048,56.340628784074816,-2.1917128562927246,2.5317561626434326,2.231449604034424,0.0652556273303162,0.015319177305771418,0.049040758240693094
-139.16633377306042,-0.08561934515708518,56.273955892491735,-2.185703992843628,2.5343730449676514,2.2346112728118896,0.14178106679113966,0.08561849138347612,0.11571364982377474
-139.15062433796936,-0.0442584794098126,56.28748308214295,-2.18727707862854,2.5326690673828125,2.235281229019165,0.12607163170008562,0.044257625636203536,0.10218646017256106
-139.02041361163225,-0.08385964107506498,56.34669740715237,-2.1942248344421387,2.531911611557007,2.2320942878723145,0.004139094637025664,0.08385878730145592,0.042972135163140024
-139.1564436591422,-0.1844024504028372,56.33034593427936,-2.1845827102661133,2.537477493286133,2.231862783432007,0.1318909528729364,0.18440159662922814,0.05932360803615211
-139.14908071521694,-0.013886151448343357,56.316248423832455,-2.1895017623901367,2.5333495140075684,2.2336583137512207,0.1245280089476637,0.013885297674734296,0.07342111848305422
-139.11186984461872,-0.0002361259853923395,56.40172482620058,-2.1941640377044678,2.535496950149536,2.2284505367279053,0.08731713834944799,0.00023527221178327925,0.01205528388506849
-139.18212517042147,-0.0519088237819019,56.27871653434323,-2.186093807220459,2.5338077545166016,2.236032009124756,0.15757246415219583,0.051907970008292836,0.11095300797227736

Errors:
rotation,[20.161052986765547, 18.403079814715976, 11.962489876802167, 6.05753561629621, 2.820255024672378, 1.8433473212971587, 0.46080067047598766, 0.34065106545936413, 0.37855165261968804, 0.3802370441156152, 0.06692334388197026, 0.41060557896302097, 0.7105308094890916, 0.20315858318594587, 0.3101247481895546, 0.052808609936389334, 0.29994300174171135, 0.26296687572359984, 0.23894787664135492, 0.29189202097123684, 0.23795011154423718, 0.23359272733147962, 0.32453331545450403, 0.2892726423370681, 0.2814778203993479, 0.12468314657547103, 0.2509334470472766, 0.24335079373147397, 0.12961556287678072, 0.3431132079983905, 0.2725157175088502, 0.1309700171016216, 0.3756161575383167, 0.2118344251054522, 0.09960769444629976, 0.32043344213276603]
translation,[0.12242333873291766, 0.11669324567132744, 0.11109679467925915, 0.09519848543774412, 0.05970221377494056, 0.0325550609418519, 0.004888906838036888, 0.008696006361153863, 0.008138037759178651, 0.004070455121667926, 0.005980753082819312, 0.00632531351683685, 0.004810752320469014, 0.005078395876394914, 0.007491050738088312, 0.005986798001615057, 0.007134003176948234, 0.007648203688406241, 0.005428978193220857, 0.006786304195625981, 0.005937327526515546, 0.006019489461959182, 0.006726610839416836, 0.006241834637392252, 0.006978052098052245, 0.0072945475357553136, 0.007921108818139011, 0.008180637293891735, 0.007105815125479253, 0.006972322939032161, 0.006818308469001444, 0.005281922843386688, 0.007150138657852523, 0.006081430597606463, 0.005077193436602734, 0.006327419507950793]
loss,
[0.135299414396286, 0.11907102167606354, 0.052571382373571396, 0.03137519210577011, 0.01855964958667755, 0.00904306210577488, 0.002039363607764244, 0.0014266723301261663, 0.0015568857779726386, 0.001064838725142181, 0.0016061384230852127, 0.0008827693527564406, 0.002626852598041296, 0.0009432010701857507, 0.0007657706155441701, 0.0006794768269173801, 0.00232912739738822, 0.0009158467291854322, 0.0006071864045225084, 0.0014735431177541614, 0.0009457040578126907, 0.0013984318356961012, 0.0015416089445352554, 0.000993288354948163, 0.0011643314501270652, 0.0014473273186013103, 0.0021218210458755493, 0.0013725882163271308, 0.0011111805215477943, 0.0018809320172294974, 0.001415761886164546, 0.000773953681346029, 0.001286973711103201, 0.0006028101779520512, 0.001545514678582549, 0.0010190161410719156]

2022-04-21 02:30:46.742877