2022-04-29 00:44:26.359239

reference phi, theta, psi, translation: 164.57178246643477, -4.268868188959204e-07, 11.003265705708584, 0.2046843022108078, 0.7416750192642212, 3.957021951675415

phi,theta,psi,rot_x,rot_y,rot_z,phi_err,theta_err,psi_err
174.68706040079186,1.035587752499106,3.46078983121423,-0.0498787984251976,0.24902896583080292,4.223120212554932,10.115277934357096,1.035588179385925,7.542475874494354
173.6470548166307,0.7662280226682837,3.1993491862497714,-0.02891639992594719,0.22663083672523499,4.217954158782959,9.075272350195945,0.7662284495551026,7.803916519458813
167.32187617347037,-1.6215607045238085,-0.050782696602882815,0.09703579545021057,-0.024069717153906822,4.204081058502197,2.750093707035603,1.6215602776369895,11.054048402311466
165.9298562998651,-0.8208355635082133,-0.05720971117877308,0.051689546555280685,-0.028358718380331993,4.157529354095459,1.3580738334303248,0.8208351366213944,11.060475416887357
165.9203076954054,-0.8501350130777247,2.8062478938534423,0.10438909381628036,0.1812000274658203,4.123091220855713,1.3485252289706295,0.8501345861909058,8.197017811855142
165.13875646943754,-0.7822659924821447,7.18716388434159,0.18244503438472748,0.47956812381744385,4.050594329833984,0.5669740030027697,0.7822655655953258,3.8161018213669937
164.3581068284401,0.31120312864577304,12.152357948651312,0.21311046183109283,0.8226242065429688,3.941243886947632,0.21367563799466893,0.31120355553259194,1.1490922429427286
164.57702805171735,0.08536447117063274,10.924615223642242,0.1999400109052658,0.7385984063148499,3.9576995372772217,0.005245585282580123,0.08536489805745164,0.07865048206634206
164.45368849568524,-0.0616319124489947,11.314338133720351,0.21948327124118805,0.7606739401817322,3.950726270675659,0.11809397074952699,0.061631485562175806,0.3110724280117676
164.5313477465483,0.002253937628042097,11.280632857713632,0.21359401941299438,0.7597383260726929,3.950313091278076,0.040434719886462744,0.0022543645148609933,0.27736715200504847
164.55682435215243,-0.06484350544837388,11.164648561643999,0.21390517055988312,0.7507108449935913,3.9506406784057617,0.01495811428233651,0.06484307856155498,0.16138285593541468
164.49540729113568,-0.04809012755728734,11.302552642307495,0.21761831641197205,0.7597863078117371,3.949187755584717,0.07637517529909132,0.048089700670468444,0.2992869365989108
164.48837219629058,0.05167809793955172,11.367189283744265,0.21141809225082397,0.7656596302986145,3.94496750831604,0.083410270144185,0.051678524826370614,0.3639235780356813
164.51812450031514,-0.10141658923585849,11.157051683739653,0.21742872893810272,0.7486549615859985,3.952310800552368,0.05365796611962992,0.10141616234903959,0.15378597803106864
164.46726691175525,0.009976007904090107,11.352733188365933,0.21410925686359406,0.7633143067359924,3.9464399814605713,0.10451555467952289,0.009976434790909003,0.3494674826573494
164.5169770285346,0.046936129123255226,11.110620911535552,0.20639179646968842,0.7494637370109558,3.951324462890625,0.05480543790017123,0.04693655601007412,0.107355205826968
164.51423129248823,0.000308290822525324,11.142238710977187,0.21204477548599243,0.7515366077423096,3.9573843479156494,0.05755117394653553,0.00030871770934421994,0.13897300526860334
164.46573694938115,0.08503796820174533,11.248393511057525,0.20709969103336334,0.7593173980712891,3.951660394668579,0.10604551705361587,0.08503839508856423,0.2451278053489414
164.49869944231563,-0.028835639510844894,11.227204556704853,0.21493256092071533,0.7553094029426575,3.9479777812957764,0.07308302411914269,0.028835212624025996,0.22393885099626942
164.53574638837378,0.17293940647197845,11.211738447103006,0.20034727454185486,0.7588682770729065,3.952901840209961,0.036036078060988075,0.17293983335879734,0.20847274139442185
164.52703106699286,0.20285175549439385,11.163142504932011,0.19699206948280334,0.7558997869491577,3.9537975788116455,0.04475139944190687,0.20285218238121275,0.15987679922342757
164.49797544226362,-0.12963608741562796,11.18664603963967,0.2200111299753189,0.749472439289093,3.94964337348938,0.07380702417114549,0.12963566052880907,0.18338033393108688
164.51557000956558,0.06665749615911938,11.2013420454126,0.20643340051174164,0.7558709383010864,3.9525327682495117,0.056212456869189964,0.06665792304593827,0.1980763397040164
164.45366117492858,0.07996143580698861,11.303414099916564,0.2093687802553177,0.7636710405349731,3.951474666595459,0.11812129150618489,0.0799618626938075,0.3001483942079801
164.49308502681788,0.04965153494864209,11.225513231111629,0.20978575944900513,0.7573586106300354,3.952145576477051,0.07869743961688869,0.049651961835460987,0.22224752540304493
164.48436970543696,0.1487708212891747,11.198866955612116,0.20313391089439392,0.7573584318161011,3.953326940536499,0.08741276099780748,0.1487712481759936,0.19560124990353245
164.5162666888609,-0.08347765707985763,11.290399174453103,0.2184041440486908,0.7581796050071716,3.950873374938965,0.05551577757387349,0.08347723019303874,0.2871334687445195
164.53431204864808,0.06685730123310683,11.245389081596366,0.20693287253379822,0.7585291862487793,3.949589490890503,0.03747041778669313,0.06685772811992573,0.24212337588778254
164.50308442376277,0.12758060519578243,11.232616627848442,0.20359180867671967,0.7587748765945435,3.9510793685913086,0.06869804267199697,0.12758103208260133,0.22935092213985797
164.4171879647607,-0.015574711174199887,11.261082294988116,0.21506856381893158,0.7570925354957581,3.949049234390259,0.15459450167406885,0.015574284287380991,0.2578165892795319
164.52184012322363,-0.08391844125802729,11.130039139345898,0.2153543084859848,0.7472518682479858,3.951843738555908,0.04994234321114277,0.0839180143712084,0.12677343363731453
164.45112034455732,-0.06412395963091216,11.271445399506318,0.21800225973129272,0.7573439478874207,3.9491961002349854,0.1206621218774444,0.06412353274409327,0.2681796937977339
164.5082070656403,0.0333203590004997,11.261498936527488,0.21091437339782715,0.758529782295227,3.947571277618408,0.06357540079446267,0.03332078588731859,0.25823323081890415
164.49113159271525,0.09017057143768611,11.194738106258844,0.2059367448091507,0.755495548248291,3.9540610313415527,0.08065087371952018,0.09017099832450501,0.1914724005502606
164.48885030953247,0.0861869189082244,11.277874315062594,0.2081449180841446,0.7610020041465759,3.9528305530548096,0.08293215690230227,0.0861873457950433,0.27460860935400966
164.5540103142144,0.10930323043419096,11.256948322992967,0.20591026544570923,0.7607900500297546,3.952378511428833,0.017772152220373982,0.10930365732100986,0.2536826172843831

Errors:
rotation,[18.693341988237375, 17.645417319209862, 15.425702386984058, 13.239384386939076, 10.395677627016678, 5.165341389965089, 1.6739714364699894, 0.1692609654063738, 0.4907978843234704, 0.3200562364063722, 0.24118404877930616, 0.4237518125684706, 0.4990123730062369, 0.30886010649973816, 0.46395947212778127, 0.20909719973721336, 0.19683289692448308, 0.43621171749112153, 0.3258570877394381, 0.4174486528142073, 0.40748038104654716, 0.3868230186310414, 0.3209467196191446, 0.4982315484079725, 0.3505969268553946, 0.43178525907733356, 0.42612647651143176, 0.3464515217944014, 0.42562999689445624, 0.42798537524098174, 0.2606337912196657, 0.45296534841927155, 0.3551294175006854, 0.3622942725942858, 0.4437281120513552, 0.380758426825767]
translation,[0.19962134480110283, 0.1930082857219153, 0.17414074976995142, 0.12681847104911448, 0.09726203747059348, 0.051834017446183545, 0.0006858297629834809, 0.00013780279592801037, 0.0018565339217007093, 0.0027547573751869336, 0.00410966124842993, 0.0036337878177024052, 0.006989127887463198, 0.0026651540479472047, 0.00584878345688189, 0.004063161475260202, 0.002561856776936544, 0.0018519112039747654, 0.0058069444110033785, 0.001060285781963266, 0.000904881143085845, 0.004989732393323898, 0.0016784544789789635, 0.0010940652064803658, 0.0016057554780211092, 0.0007878395716307551, 0.0022410766672837923, 0.0040400170354768505, 0.002702768192252236, 0.004413931852431219, 0.0034953824909331743, 0.00406487476047257, 0.005812604348604644, 0.00027513305900050966, 0.0003327350958235442, 0.0009308378881458523]
loss,
[0.1278395652770996, 0.11906427145004272, 0.05285260081291199, 0.03754694014787674, 0.02900714799761772, 0.019815176725387573, 0.0059016188606619835, 0.0032340651378035545, 0.0031486880034208298, 0.0031427692156285048, 0.002679258119314909, 0.0029357471503317356, 0.0023120655678212643, 0.0027270405553281307, 0.0037948524113744497, 0.003028447274118662, 0.003264889819547534, 0.0037105686496943235, 0.003292499575763941, 0.0034834938123822212, 0.002233599778264761, 0.0027905399911105633, 0.0024111741222441196, 0.003749537281692028, 0.003426010487601161, 0.0029620674904435873, 0.003522621002048254, 0.003780455095693469, 0.0029060160741209984, 0.0031636031344532967, 0.003882774617522955, 0.003559585427865386, 0.002963207196444273, 0.003259287914261222, 0.002433798275887966, 0.002634817734360695]

2022-04-29 00:49:04.730828