2022-04-29 00:57:59.616212

reference phi, theta, psi, translation: -33.091320547511735, -0.0, 74.32085247222868, -2.1190009117126465, -3.251617431640625, 1.089412808418274

phi,theta,psi,rot_x,rot_y,rot_z,phi_err,theta_err,psi_err
-22.822884158753556,1.294954214858955,81.82337814338081,-1.5357718467712402,-3.6827800273895264,0.7731812596321106,10.268436388758179,1.294954214858955,7.502525671152128
-23.33417845964237,2.2606111280129957,81.78652244261941,-1.559159278869629,-3.663250684738159,0.7898411154747009,9.757142087869365,2.2606111280129957,7.465669970390735
-23.87033464911003,3.5056567635040423,82.13550412807204,-1.573935627937317,-3.6651859283447266,0.7699437141418457,9.220985898401704,3.5056567635040423,7.814651655843363
-24.21925315531284,4.17619883599261,81.7437517980368,-1.5675381422042847,-3.6643214225769043,0.7941313982009888,8.872067392198897,4.17619883599261,7.4228993258081175
-24.563409312116857,4.18023822583378,81.1515948875642,-1.5853191614151,-3.649580478668213,0.8278984427452087,8.527911235394878,4.18023822583378,6.830742415335521
-25.111993030779356,4.58597288404323,80.63500719006862,-1.610373854637146,-3.633669137954712,0.8618529438972473,7.979327516732379,4.58597288404323,6.314154717839941
-25.84839499878616,5.4916292520436265,80.0292377125802,-1.619631052017212,-3.6274914741516113,0.9009115099906921,7.242925548725577,5.4916292520436265,5.708385240351518
-26.015084057933027,5.684517639938408,79.78211463821997,-1.612894058227539,-3.645493268966675,0.9080337882041931,7.076236489578708,5.684517639938408,5.461262165991286
-26.496571413283906,6.561417518703469,80.05150412927443,-1.6296724081039429,-3.650235891342163,0.8802003860473633,6.594749134227829,6.561417518703469,5.730651657045755
-26.645498565494155,6.405561674594899,80.1786754214309,-1.655882716178894,-3.636482000350952,0.8723868727684021,6.445821982017581,6.405561674594899,5.857822949202216
-27.432269763535217,6.680278498689216,80.28006274947057,-1.7111427783966064,-3.6153652667999268,0.8641576766967773,5.659050783976518,6.680278498689216,5.959210277241894
-28.68095811740778,6.755425860265948,80.33859747065758,-1.7916042804718018,-3.5838913917541504,0.8559548258781433,4.410362430103955,6.755425860265948,6.0177449984288955
-30.696741601869885,7.123716747992828,79.88823528735445,-1.910532832145691,-3.5223731994628906,0.8773771524429321,2.3945789456418503,7.123716747992828,5.567382815125768
-33.91608979545287,8.540142546101242,78.43780363596723,-2.064852237701416,-3.4286603927612305,0.952184796333313,0.8247692479411342,8.540142546101242,4.116951163738548
-36.24250345317798,10.775054737436246,76.20683845679845,-2.1717703342437744,-3.344332218170166,1.0519791841506958,3.1511829056662464,10.775054737436246,1.8859859845697713
-36.31119125056622,11.33118928754295,74.46223738804794,-2.1492788791656494,-3.3004379272460938,1.1595256328582764,3.2198707030544824,11.33118928754295,0.14138491581925905
-35.24456158902035,11.041627571686822,74.34605587026603,-2.095560312271118,-3.314596652984619,1.156512975692749,2.1532410415086147,11.041627571686822,0.02520339803734828
-34.60207301455393,10.21327602451017,74.77216405182644,-2.0706605911254883,-3.3267791271209717,1.1442188024520874,1.5107524670421952,10.21327602451017,0.4513115795977569
-34.22061719469247,9.977534117367439,74.27650405394779,-2.0386595726013184,-3.3222742080688477,1.1736172437667847,1.1292966471807375,9.977534117367439,0.0443484182808902
-34.89713377160389,10.083664914591253,74.28776020569997,-2.0663022994995117,-3.2962121963500977,1.167661428451538,1.8058132240921552,10.083664914591253,0.03309226652871189
-34.861606542636075,10.26195046771067,74.39640119463819,-2.055798053741455,-3.299168109893799,1.1602096557617188,1.7702859951243397,10.26195046771067,0.07554872240950772
-35.11340829657776,10.330392571279702,74.0295517343168,-2.0609397888183594,-3.286458969116211,1.1825274229049683,2.0220877490660243,10.330392571279702,0.2913007379118824
-34.7156454000729,10.094085923965542,74.01835022407798,-2.043318510055542,-3.2993955612182617,1.1849690675735474,1.6243248525611662,10.094085923965542,0.30250224815070226
-34.60996871323446,9.825120519899542,73.96930946583728,-2.0414443016052246,-3.2993056774139404,1.1927999258041382,1.5186481657227233,9.825120519899542,0.35154300639139535
-35.05397882060948,10.161475334740638,73.8766511195569,-2.057255983352661,-3.287719488143921,1.1944043636322021,1.9626582730977447,10.161475334740638,0.44420135267178296
-34.74807513825212,10.030505589340777,74.21333846450351,-2.0439188480377197,-3.302279233932495,1.1728298664093018,1.656754590740384,10.030505589340777,0.10751400772517172
-34.75833066729089,10.118911100396158,73.62523185620873,-2.030566930770874,-3.2880592346191406,1.213919997215271,1.6670101197791567,10.118911100396158,0.6956206160199514
-34.66113366030703,9.786394244192746,73.41301787869644,-2.0268003940582275,-3.285015821456909,1.227498173713684,1.5698131127952948,9.786394244192746,0.9078345935322432
-35.493351229538064,10.24951805743708,72.8207994965213,-2.0553700923919678,-3.2579944133758545,1.2597250938415527,2.4020306820263286,10.24951805743708,1.5000529757073764
-34.813562992014205,9.576855291674535,73.4219517661308,-2.038700580596924,-3.2819058895111084,1.2299531698226929,1.72224244450247,9.576855291674535,0.8989007060978764
-34.568468483837464,9.817504955662564,73.6442812538039,-2.0261054039001465,-3.2954068183898926,1.213401436805725,1.4771479363257285,9.817504955662564,0.6765712184247832
-34.42448126594442,9.87989906450539,73.59222155195006,-2.015965223312378,-3.2976841926574707,1.2170562744140625,1.333160718432687,9.87989906450539,0.7286309202786185
-33.84960473407196,9.807591023919908,73.41530599206838,-1.987305998802185,-3.3103511333465576,1.227761149406433,0.7582841865602248,9.807591023919908,0.9055464801602966
-33.540210825048725,9.795329259167378,73.76923273448011,-1.9803671836853027,-3.322317123413086,1.206282138824463,0.4488902775369894,9.795329259167378,0.5516197377485668
-33.96107683642116,10.207181065554064,73.84110681511615,-1.9943022727966309,-3.317094087600708,1.1978660821914673,0.8697562889094215,10.207181065554064,0.4797456571125309
-33.812045523826065,10.165143550139561,74.07222675625104,-1.9882546663284302,-3.3259756565093994,1.1823316812515259,0.7207249763143295,10.165143550139561,0.2486257159776386

Errors:
rotation,[19.06591627476926, 19.483423186273097, 20.54129431774911, 20.471165553999626, 19.53889187656418, 18.87945511861555, 18.44294004112072, 18.222016295508404, 18.886818309977052, 18.709206605814696, 18.298539559907628, 17.1835332887988, 15.085678508760445, 13.481862957780924, 15.812223627672264, 14.692444906416691, 13.220072011232785, 12.175340071150123, 11.151179182829067, 11.92257040521212, 12.107785185244518, 12.64378105825761, 12.02091302467741, 11.69531169201366, 12.568334960510166, 11.794774187806333, 12.481541836195266, 12.264041950520284, 14.151601715170784, 12.197998442274882, 11.971224110413075, 11.941690703216695, 11.47142169064043, 10.795839274452934, 11.556683011576016, 11.13449424243153]
translation,[0.03326186669987141, 0.027717164300793407, 0.03134248110408322, 0.03274500818818726, 0.033116355157583044, 0.03576733680240274, 0.04238798781791875, 0.05733938547550199, 0.0621346002456038, 0.058737467960419565, 0.061015190026369126, 0.06603856197759495, 0.0709484356253327, 0.08299091802879044, 0.09292295591757505, 0.07457311614161544, 0.05732379031734425, 0.05106786854973322, 0.039622302027404466, 0.03065056189094051, 0.02558176884899055, 0.02431874795811151, 0.02661831294149941, 0.02789605710596188, 0.026949776869374276, 0.025739527994351974, 0.019566904664491958, 0.01930313901576497, 0.021768863016418116, 0.023496887375528352, 0.023146794138139803, 0.021038661006478776, 0.02043948154263031, 0.020384521007026812, 0.020443269361110517, 0.020189162287083562]
loss,
[0.17526966333389282, 0.16519448161125183, 0.15609750151634216, 0.1692504733800888, 0.15269429981708527, 0.16454456746578217, 0.15819406509399414, 0.16927596926689148, 0.15879230201244354, 0.15044564008712769, 0.1657411754131317, 0.16018323600292206, 0.1596268266439438, 0.1476115584373474, 0.12722039222717285, 0.12921501696109772, 0.12471282482147217, 0.11143828928470612, 0.10790751874446869, 0.11219155788421631, 0.11953631043434143, 0.11385472863912582, 0.10132350772619247, 0.11881761997938156, 0.10960304737091064, 0.11048822104930878, 0.11377137899398804, 0.1131688803434372, 0.09821321815252304, 0.11560412496328354, 0.11484944820404053, 0.11189411580562592, 0.11320856213569641, 0.11487442255020142, 0.11763320863246918, 0.11836951225996017]

2022-04-29 01:02:22.777550