2022-04-27 10:33:02.370661

reference phi, theta, psi, translation: -33.091320547511735, -0.0, 74.32085247222868, -2.1190009117126465, -3.251617431640625, 1.089412808418274

phi,theta,psi,rot_x,rot_y,rot_z,phi_err,theta_err,psi_err
-22.822884158753556,1.294954214858955,81.82337814338081,-1.5357718467712402,-3.6827800273895264,0.7731812596321106,10.268436388758179,1.294954214858955,7.502525671152128
-23.0728742050179,1.2603546127699945,81.12226605526817,-1.568888783454895,-3.6486399173736572,0.8025048971176147,10.018446342493835,1.2603546127699945,6.801413583039491
-23.996829752538666,1.2738530240758146,79.41630336665241,-1.6277216672897339,-3.603874444961548,0.899290919303894,9.09449079497307,1.2738530240758146,5.095450894423735
-23.854838657430562,-0.44366998374187766,77.96670499834393,-1.6549078226089478,-3.561440944671631,0.9686666131019592,9.236481890081173,0.44366998374187766,3.645852526115249
-24.165243434450964,-4.823616520231357,74.45301663266842,-1.7306586503982544,-3.460566759109497,1.1154670715332031,8.92607711306077,4.823616520231357,0.13216416043974277
-24.77856710116143,-1.7335775728421028,74.22190352172271,-1.6777514219284058,-3.4860363006591797,1.1103613376617432,8.312753446350307,1.7335775728421028,0.09894895050597086
-27.72553588838076,1.5356808878782158,74.78898680775218,-1.7796651124954224,-3.4622440338134766,1.0524413585662842,5.3657846591309735,1.5356808878782158,0.4681343355235015
-31.929549765922168,0.3147790154118544,74.50460505146953,-2.043905258178711,-3.2856462001800537,1.0718543529510498,1.161770781589567,0.3147790154118544,0.18375257924084565
-33.325350149233046,0.009977483744652448,74.47503716255254,-2.1260344982147217,-3.235652446746826,1.0759727954864502,0.2340296017213106,0.009977483744652448,0.15418469032385929
-32.75218799484226,-0.012556640409156546,74.32112567979547,-2.0938174724578857,-3.2565135955810547,1.0881668329238892,0.33913255266947573,0.012556640409156546,0.0002732075667921663
-32.87949930587671,-0.004428620154649755,74.38761074117637,-2.1020922660827637,-3.253120183944702,1.0834029912948608,0.2118212416350218,0.004428620154649755,0.06675826894769443
-33.05895228103504,0.019184489612832922,74.27308895936278,-2.1120693683624268,-3.244459629058838,1.0890750885009766,0.032368266476694885,0.019184489612832922,0.04776351286589886
-32.89900632614627,0.044803764004036524,74.43509421628632,-2.1035220623016357,-3.251514196395874,1.079854130744934,0.19231422136546428,0.044803764004036524,0.11424174405763665
-33.04229344964938,0.007063533961862604,74.2388970323777,-2.109839677810669,-3.244723320007324,1.0937308073043823,0.04902709786235704,0.007063533961862604,0.08195543985098652
-32.913233610187405,0.08218440021071415,74.44891851916641,-2.1048431396484375,-3.255582809448242,1.0793795585632324,0.17808693732433056,0.08218440021071415,0.12806604693773238
-33.00989786241601,0.022821730802195857,74.32830420861316,-2.109102964401245,-3.2490437030792236,1.0860546827316284,0.08142268509572403,0.022821730802195857,0.007451736384481933
-33.00104935234626,0.032734595235185605,74.34747654961339,-2.109956979751587,-3.249777317047119,1.0860471725463867,0.09027119516547799,0.032734595235185605,0.026624077384710176
-32.98727969097951,-0.024852644630850042,74.11516815556291,-2.1064040660858154,-3.244938373565674,1.1020771265029907,0.10404085653222239,0.024852644630850042,0.20568431666576714
-33.15414462749751,-0.04885686000105028,74.36500964521281,-2.119379997253418,-3.243190050125122,1.0834053754806519,0.06282407998577355,0.04885686000105028,0.04415717298412858
-32.998429974799556,0.059740038971963214,74.3279285482088,-2.108637809753418,-3.247211217880249,1.0857688188552856,0.09289057271217871,0.059740038971963214,0.007076075980123164
-32.97276895408782,0.03266715772635072,74.30901575439704,-2.1061489582061768,-3.2485740184783936,1.0886821746826172,0.1185515934239163,0.03266715772635072,0.011836717831641863
-32.93723147983624,0.0740756376643586,74.40877066722508,-2.1057610511779785,-3.253532648086548,1.0817629098892212,0.15408906767549269,0.0740756376643586,0.08791819499640496
-32.94969657507152,-0.03793369207941318,74.31318899997993,-2.1074330806732178,-3.248535394668579,1.0890005826950073,0.14162397244021463,0.03793369207941318,0.007663472248751191
-32.914285459319586,0.025361542801465922,74.32578386880942,-2.104006290435791,-3.2513773441314697,1.087510108947754,0.17703508819214875,0.025361542801465922,0.004931396580744263
-33.04900411050892,0.010917416647979775,74.27822526161863,-2.1111929416656494,-3.246225357055664,1.0907286405563354,0.04231643700281751,0.010917416647979775,0.042627210610049815
-32.98397387942123,0.04944298976257096,74.32349575543748,-2.1075387001037598,-3.2496626377105713,1.0887130498886108,0.10734666809050708,0.04944298976257096,0.0026432832087976976
-32.96647493476765,0.0557705202249616,74.3378869640187,-2.1060030460357666,-3.251295566558838,1.0868266820907593,0.12484561274408179,0.0557705202249616,0.017034491790013817
-32.9100234212775,0.06978301794237732,74.37714006117875,-2.1041243076324463,-3.254206418991089,1.0847446918487549,0.18129712623423444,0.06978301794237732,0.056287588950070244
-32.91290576110725,0.047245478265639206,74.28744601699815,-2.103595495223999,-3.2513864040374756,1.0893796682357788,0.17841478640448827,0.047245478265639206,0.03340645523053354
-32.90454902465773,0.0665897478221325,74.35195032351974,-2.1029105186462402,-3.251838207244873,1.0842558145523071,0.18677152285400211,0.0665897478221325,0.031097851291065126
-32.904026515186224,0.04826246833283339,74.32073635901278,-2.101912498474121,-3.250481605529785,1.0868432521820068,0.18729403232551078,0.04826246833283339,0.00011611321589555246
-32.830441472163095,0.088685417998933,74.44648014163272,-2.098072052001953,-3.257648468017578,1.079335331916809,0.2608790753486403,0.088685417998933,0.12562766940403947
-32.92608802620537,0.026464350034172735,74.35201862541145,-2.105694055557251,-3.252537250518799,1.0862667560577393,0.1652325213063648,0.026464350034172735,0.03116615318276672
-32.92538110162627,-0.012494134332404944,74.28338205444199,-2.1051595211029053,-3.2507407665252686,1.0909783840179443,0.1659394458854635,0.012494134332404944,0.03747041778669313
-32.939212234695546,0.02851343027432515,74.35035205925396,-2.1062660217285156,-3.2510504722595215,1.085851788520813,0.15210831281618908,0.02851343027432515,0.029499587025284768
-32.9015949678417,0.041482625180159105,74.35468239918775,-2.1035850048065186,-3.2532968521118164,1.085916519165039,0.18972557967003212,0.041482625180159105,0.033829926959072054

Errors:
rotation,[19.06591627476926, 18.08021453830332, 15.463794713472618, 13.326004399938299, 13.881857793731871, 10.14527996969838, 7.3695998825326905, 1.660302376242267, 0.39819177578982234, 0.35196240064542444, 0.28300813073736597, 0.09931626895542667, 0.35135972942713745, 0.13804607167520616, 0.3883373844727771, 0.11169615228240182, 0.14962986778537377, 0.33457781782883955, 0.1558381129709524, 0.1597066876642651, 0.16305546898190887, 0.31608290033625625, 0.187221136768379, 0.20732802757435892, 0.09586106426084709, 0.15943294106187572, 0.1976506247590572, 0.307367733126682, 0.259066719900661, 0.28445912196719975, 0.2356726138742397, 0.47519216275161275, 0.22286302452330425, 0.2159039980045616, 0.210121330115799, 0.2650381318092633]
translation,[0.03326186669987141, 0.02078404609457074, 0.024251741734572896, 0.013731501034802918, 0.0043476043845309675, 0.006181648116285743, 0.0014848468026142925, 0.015921486911071092, 0.012772761139079769, 0.009554752961027368, 0.00927061986593003, 0.009507459904794402, 0.010776460526705556, 0.0092016100159098, 0.006921715935649608, 0.008180450138532969, 0.007142234394661884, 0.008550586518071057, 0.008217064151351927, 0.009981403075864037, 0.009397354657001422, 0.007459623421857131, 0.008669723508894833, 0.008570696733738892, 0.008094867029785568, 0.007781799180093252, 0.007776680115251899, 0.0069682765895358045, 0.008272355843123691, 0.009649793424485686, 0.010569954798740788, 0.008798258093875688, 0.007086076656400486, 0.007542796522784556, 0.008100315528023039, 0.00766967636039162]
loss,
[0.1313273161649704, 0.1282215565443039, 0.12484433501958847, 0.1179838478565216, 0.07107427716255188, 0.047977592796087265, 0.016955533996224403, 0.004320765845477581, 0.0027028031181544065, 0.0016867080703377724, 0.0012071343371644616, 0.0025305573362857103, 0.0017496608197689056, 0.0026342738419771194, 0.0015377204399555922, 0.0017932530026882887, 0.001570340944454074, 0.0014477120712399483, 0.0038564857095479965, 0.0011964659206569195, 0.0022616595961153507, 0.0018102824687957764, 0.0014581952709704638, 0.002413118025287986, 0.0014838350471109152, 0.0025074712466448545, 0.0016417719889432192, 0.00126796739641577, 0.0016465195221826434, 0.002526777796447277, 0.001426910748705268, 0.0019474576693028212, 0.0014224373735487461, 0.002265369985252619, 0.0017867707647383213, 0.001662393449805677]

2022-04-27 10:35:37.564856