2022-04-27 10:41:01.735344

reference phi, theta, psi, translation: 132.9853677440357, -8.537735924097414e-07, 76.34363348549546, 2.865516185760498, 2.6707684993743896, 0.9517420530319214

phi,theta,psi,rot_x,rot_y,rot_z,phi_err,theta_err,psi_err
143.3552887910292,-3.0579185397180266,69.36864430507845,2.3124754428863525,2.981729030609131,1.6183615922927856,10.369921046993511,3.0579176859444344,6.974989180417012
143.05437797695515,-2.4271425287200423,69.38701751394578,2.3142428398132324,2.9794185161590576,1.6106212139129639,10.069010232919453,2.42714167494645,6.956615971549681
142.86662973704983,0.3999703789581665,68.62543093092184,2.246631383895874,3.0149781703948975,1.6172434091567993,9.881261993014135,0.39997123273175894,7.718202554573622
142.12090968346783,4.9141549720193485,66.82558729216427,2.176457405090332,3.0585572719573975,1.6064364910125732,9.13554193943213,4.914155825792941,9.518046193331188
142.24383942814973,2.1137243223024083,68.19506754150851,2.286306858062744,3.041788339614868,1.5183645486831665,9.258471684114028,2.1137251760760005,8.148565943986952
140.54985689133818,2.853666491298516,70.23191874446552,2.4109408855438232,3.017578363418579,1.3790119886398315,7.564489147302481,2.8536673450721084,6.111714741029942
138.4024180955295,2.0124744839761544,72.49555954862363,2.5754427909851074,2.961914539337158,1.2356972694396973,5.417050351493799,2.0124753377497466,3.8480739368718275
137.0851614725792,1.3331180253549788,74.10419887175587,2.6659672260284424,2.9179139137268066,1.1295320987701416,4.099793728543489,1.3331188791285713,2.23943461373959
135.24648820839008,1.4291134107561865,75.019942824347,2.7679531574249268,2.8335506916046143,1.0618577003479004,2.261120464354377,1.429114264529779,1.3236906611484613
133.45678740054998,0.29157903962888243,74.61969373898424,2.855921506881714,2.7104663848876953,1.0838875770568848,0.47141965651428563,0.29157989340247487,1.7239397465112205
132.97808676238049,-0.0725972036536804,75.08279422508944,2.8754630088806152,2.6715993881225586,1.0474109649658203,0.007280981655213736,0.07259634988008799,1.2608392604060157
132.96841521451574,-0.23964632183628187,75.80601563554542,2.873723268508911,2.669060230255127,0.9932606816291809,0.01695252951995485,0.23964546806268947,0.5376178499500384
133.1098684322267,0.08827598842495091,76.1178137711565,2.856405019760132,2.672874689102173,0.9689403176307678,0.12450068819100579,0.08827684219854331,0.22581971433895376
132.91087770094754,-0.02461646764942476,76.56244542574599,2.8669610023498535,2.664494752883911,0.9348790049552917,0.07449004308816143,0.02461561387583235,0.2188119402505322
132.98483498928044,0.034735190957442444,76.53978285807989,2.863356590270996,2.667245864868164,0.936307966709137,0.0005327547552553824,0.03473604473103485,0.19614937258442922
132.91070011602912,0.011934564474951833,76.36129635468912,2.8668670654296875,2.6608834266662598,0.9497895836830139,0.07466762800657989,0.011935418248544242,0.017662869193657116
132.94900381689456,0.019972081945090505,76.29209287801855,2.861701726913452,2.6657888889312744,0.9559252262115479,0.036363927141138674,0.019972935718682916,0.05154060747690892
133.04006389890915,0.040470096501460114,76.43668798274771,2.8612687587738037,2.671949625015259,0.9463217258453369,0.05469615487345436,0.04047095027505252,0.09305449725225401
132.9095253234919,0.09784397261901763,76.41328775465125,2.865412473678589,2.664036273956299,0.9456311464309692,0.07584242054380752,0.09784482639261004,0.06965426915579087
132.9445505335557,0.0565012370747216,76.50744191235988,2.8638863563537598,2.6674370765686035,0.9409270286560059,0.04081721047998599,0.05650209084831401,0.16380842686442065
132.9363543065517,0.14472418475036752,76.40315858411212,2.8628201484680176,2.666198968887329,0.9455249309539795,0.04901343748400677,0.14472503852395993,0.05952509861666044
132.87201392457018,0.029585725202824372,76.43358707686453,2.868330240249634,2.6610593795776367,0.9441419243812561,0.11335381946551593,0.029586578976416783,0.089953591369067
132.9516812510492,-0.009367765773199954,76.49649994930952,2.864976167678833,2.666736364364624,0.9395440816879272,0.03368649298650439,0.009366911999607545,0.152866463814064
132.95789672319393,0.02227495654276769,76.39283816827623,2.863940477371216,2.6647579669952393,0.9471851587295532,0.027471020841772997,0.0222758103163601,0.049204682780768394
132.86824366014832,-0.027554477316512994,76.43048617098134,2.8697633743286133,2.661560297012329,0.9441722631454468,0.11712408388737572,0.027553623542920583,0.08685268548587999
132.93261136288652,0.05006771110829333,76.36893933637036,2.8648123741149902,2.663755416870117,0.9476425051689148,0.05275638114918024,0.050068564881885734,0.02530585087490067
132.93282992893998,-0.060120593602951744,76.39296794187047,2.864919662475586,2.6640427112579346,0.946823239326477,0.05253781509571809,0.06011973982935934,0.04933445637500711
132.98624200824946,0.03880935627606096,76.3401842399646,2.8615026473999023,2.6665804386138916,0.9507965445518494,0.0008742642137633538,0.03881021004965337,0.003449245530859457
132.97774525292198,-0.0031917410474278014,76.40396454643418,2.8623404502868652,2.6671340465545654,0.9464887976646423,0.007622491113721708,0.0031908872738353918,0.0603310609387222
132.9408622314039,-0.08662087915272149,76.44118907741075,2.8666789531707764,2.6633710861206055,0.9439741373062134,0.044505512631786814,0.08662002537912908,0.09755559191529528
132.92620464544507,-0.02898060475858489,76.4548016444266,2.866867780685425,2.664302349090576,0.9436025023460388,0.059163098590630625,0.02897975098499248,0.11116815893113596
132.90078268135426,0.02265501017173411,76.44545794564202,2.8674073219299316,2.662842273712158,0.9434851408004761,0.08458506268144106,0.02265586394532652,0.10182446014655966
133.0232069920376,0.025345849353267485,76.41295990557109,2.861196756362915,2.6685476303100586,0.9464500546455383,0.03783924800188743,0.025346703126859896,0.06932642007562606
132.9614074404273,0.05714003057918998,76.45344926697092,2.864457130432129,2.6666793823242188,0.9433977603912354,0.023960303608390632,0.05714088435278239,0.10981578147546145
132.92653249452522,-0.0336671767335644,76.40069971601092,2.8655197620391846,2.663090944290161,0.9462966918945312,0.058835249510480025,0.03366632295997199,0.05706623051545989
132.9231173999402,-0.07139086583976109,76.40063824430838,2.865129232406616,2.663992166519165,0.9464881420135498,0.062250344095502896,0.07139001206616868,0.05700475881292277

Errors:
rotation,[20.402827913354958, 19.452767879415582, 17.999435780319516, 23.567743958556257, 19.520762804176982, 16.52987123340453, 11.277599626115373, 7.67234722141165, 5.013925390032617, 2.4869392964279813, 1.3407165919413173, 0.7942158475326827, 0.43859724472850287, 0.31791759721452595, 0.23141817207071946, 0.10426591544878125, 0.10787747033673051, 0.18822160240076088, 0.24334151609220844, 0.2611277281927207, 0.2532635746246271, 0.2328939898109997, 0.19591986880017592, 0.09895151393890149, 0.23153039291617628, 0.12813079690596665, 0.16199201130008453, 0.04313371979427618, 0.0711444393262793, 0.22868112992621117, 0.19931100850675906, 0.20906538677332726, 0.13251237120437337, 0.19091696943663447, 0.1495678029859119, 0.19064511497459435]
translation,[0.07464079787699607, 0.07091390737513148, 0.06190445810442036, 0.052053376727934975, 0.06583413838075192, 0.07010129112164876, 0.08381835750881006, 0.07952135304485175, 0.06986071985801168, 0.0527084914821252, 0.03123499550412756, 0.014700384924084098, 0.0009733242793776853, 0.007076674189669063, 0.007488264923162902, 0.006041631455641294, 0.005019103034723749, 0.003511936799390547, 0.0059710070300020845, 0.005907269109822089, 0.006408608574911767, 0.006211603070736871, 0.005919061395783132, 0.006175522570175396, 0.004851936513504462, 0.006111004093872552, 0.006037302117183785, 0.005850948010383661, 0.005903713167318969, 0.0058983699797634515, 0.005234782330620469, 0.00584408766633171, 0.005789047918073109, 0.005424887102051024, 0.006363789056302416, 0.006000396509706185]
loss,
[0.09753178060054779, 0.09753482043743134, 0.08515018224716187, 0.04297594726085663, 0.03359349071979523, 0.0378861278295517, 0.022455809637904167, 0.017798148095607758, 0.016846580430865288, 0.007015100680291653, 0.005640796851366758, 0.0045385416597127914, 0.00306339911185205, 0.0017972857458516955, 0.0015560447936877608, 0.0032856552861630917, 0.0011622486636042595, 0.0031650743912905455, 0.0013573395553976297, 0.002379925921559334, 0.001913025975227356, 0.0019453385611996055, 0.0023341241758316755, 0.0018603609642013907, 0.002030689502134919, 0.0022712689824402332, 0.0011943812714889646, 0.000906698580365628, 0.0014835334150120616, 0.002130134031176567, 0.0018494946416467428, 0.0016530104912817478, 0.0015119060408324003, 0.0015849305782467127, 0.0016418639570474625, 0.0018800891702994704]

2022-04-27 10:43:38.566716