2022-04-28 14:15:38.671940

reference phi, theta, psi, translation: -33.091320547511735, -0.0, 74.32085247222868, -2.1190009117126465, -3.251617431640625, 1.089412808418274

phi,theta,psi,rot_x,rot_y,rot_z,phi_err,theta_err,psi_err
-22.822884158753556,1.294954214858955,81.82337814338081,-1.5357718467712402,-3.6827800273895264,0.7731812596321106,10.268436388758179,1.294954214858955,7.502525671152128
-22.829420649789256,1.3623939526915776,81.82244240746451,-1.5365804433822632,-3.682426929473877,0.7729378938674927,10.26189989772248,1.3623939526915776,7.5015899352358275
-23.74198173422715,1.66726087833706,80.31137233662591,-1.6089816093444824,-3.6178812980651855,0.8597009181976318,9.349338813284586,1.66726087833706,5.990519864397228
-23.154389097667416,0.7194221909803764,79.092600211318,-1.571218729019165,-3.599534511566162,0.9195966720581055,9.93693144984432,0.7194221909803764,4.771747739089321
-22.966857716268255,-0.7003231276006852,77.30314529028803,-1.5811758041381836,-3.557210683822632,1.0168718099594116,10.12446283124348,0.7003231276006852,2.9822928180593493
-22.947171403532984,-5.665700478641325,72.29826270425865,-1.6646004915237427,-3.400178909301758,1.2521474361419678,10.144149143978751,5.665700478641325,2.0225897679700324
-24.612168325054284,-2.0771980674984407,72.85479334802046,-1.6593234539031982,-3.4388248920440674,1.2159802913665771,8.47915222245745,2.0771980674984407,1.4660591242082148
-28.79699961631171,0.3019696584596023,73.90634878206811,-1.8431223630905151,-3.3947815895080566,1.1179499626159668,4.294320931200026,0.3019696584596023,0.4145036901605721
-31.769501358195843,0.362887359586005,74.54733471491713,-2.0337092876434326,-3.298287868499756,1.0729974508285522,1.3218191893158924,0.362887359586005,0.22648224268844785
-32.94586483894714,-0.22318291433703993,74.43592066917589,-2.1100854873657227,-3.247999906539917,1.0821740627288818,0.14545570856459733,0.22318291433703993,0.11506819694720605
-32.78998967680369,-0.06930630366330466,74.25093182569526,-2.100588798522949,-3.257179021835327,1.0944926738739014,0.30133087070804265,0.06930630366330466,0.06992064653341856
-33.16759668506785,-0.04759512230047415,74.33696488848074,-2.1202151775360107,-3.2434780597686768,1.0870274305343628,0.07627613755611407,0.04759512230047415,0.016112416252056505
-32.90910134573954,-0.02439960523938012,74.208577822652,-2.1038529872894287,-3.2504146099090576,1.0944123268127441,0.18221920177219175,0.02439960523938012,0.11227464957667621
-33.05126490312419,-0.0947110081307531,74.31766277388628,-2.11448073387146,-3.246194839477539,1.086775541305542,0.040055644387543055,0.0947110081307531,0.003189698342396241
-32.97055255770215,-0.01910701060507243,74.14607476155722,-2.105865716934204,-3.2491872310638428,1.0997246503829956,0.12076798980958614,0.01910701060507243,0.17477771067146364
-33.00444395636376,-0.07456087017555534,74.33714247339915,-2.1142375469207764,-3.2502553462982178,1.0882567167282104,0.08687659114797697,0.07456087017555534,0.016290001170474966
-33.098000472520006,0.0587170997964767,74.29187880976949,-2.114000082015991,-3.2486414909362793,1.0913206338882446,0.0066799250082709705,0.0587170997964767,0.02897366245919386
-33.19716798907942,0.08175920736242408,74.31611915113386,-2.11952805519104,-3.242258310317993,1.0876585245132446,0.10584744156768267,0.08175920736242408,0.004733321094818166
-32.96913870854396,0.013103290463354707,74.36639617361432,-2.1084272861480713,-3.2526676654815674,1.08555269241333,0.12218183896777646,0.013103290463354707,0.04554370138563968
-33.05285292210622,-0.016022543215804153,74.37623164601914,-2.1148171424865723,-3.2484018802642822,1.0846754312515259,0.038467625405516515,0.016022543215804153,0.05537917379045609
-32.91309359130942,-0.030026066295846046,74.17646227317461,-2.104750394821167,-3.2506940364837646,1.0975563526153564,0.178226956202316,0.030026066295846046,0.14439019905407235
-32.98980003078325,-0.02264068241886343,74.32438368002957,-2.1091599464416504,-3.2535650730133057,1.088709831237793,0.10152051672848472,0.02264068241886343,0.0035312078008900016
-33.18000030860059,0.021405233606443325,74.34611734196855,-2.120436906814575,-3.2450578212738037,1.0873041152954102,0.088679761088855,0.021405233606443325,0.025264869739871187
-32.810804678299306,0.11688781214344528,74.4335710841014,-2.099160671234131,-3.2624850273132324,1.0819000005722046,0.28051586921242944,0.11688781214344528,0.11271861187272236
-33.07218577255194,0.017280988303146352,74.18201521696983,-2.1128392219543457,-3.245576858520508,1.098182201385498,0.01913477495979521,0.017280988303146352,0.13883725525884927
-33.00449518278253,0.02042966486642803,74.3959640625313,-2.110834836959839,-3.2500157356262207,1.083836555480957,0.08682536472920788,0.02042966486642803,0.07511159030262604
-33.023049391662866,0.07520587868544854,74.30639979194493,-2.111016035079956,-3.249178409576416,1.0888197422027588,0.06827115584886911,0.07520587868544854,0.014452680283753239
-33.082017829862174,0.010637682410058857,74.3289325860168,-2.1140449047088623,-3.2477385997772217,1.0880688428878784,0.009302717649561032,0.010637682410058857,0.008080113788125232
-32.875230437645456,0.02523179142152401,74.42465768723453,-2.1035959720611572,-3.2573156356811523,1.0816881656646729,0.21609010986627908,0.02523179142152401,0.10380521500584905
-33.04935586525117,0.06166842775210367,74.19152967048366,-2.1099886894226074,-3.2483832836151123,1.0967813730239868,0.041964682260562824,0.06166842775210367,0.12932280174501898
-32.93855312144064,0.07728373727530675,74.35741447485576,-2.105713367462158,-3.255650520324707,1.0870579481124878,0.15276742607109384,0.07728373727530675,0.03656200262707898
-32.96935385950282,0.07895214164683964,74.333399529734,-2.107163429260254,-3.2531399726867676,1.0876541137695312,0.12196668800891786,0.07895214164683964,0.012547057505315706
-33.056261186502056,-0.02963942619544792,74.2314248054257,-2.1125612258911133,-3.247659206390381,1.0946835279464722,0.035059361009679435,0.02963942619544792,0.08942766680297609
-32.99135731391401,0.01478105458120756,74.25922367534766,-2.109081506729126,-3.250783920288086,1.0927363634109497,0.09996323359772674,0.01478105458120756,0.06162879688102407
-33.15845447686379,0.03209907879111002,74.31049790544694,-2.117478847503662,-3.2453548908233643,1.0895700454711914,0.0671339293520532,0.03209907879111002,0.010354566781742847
-33.011632730465195,0.014304906965370416,74.34315303986877,-2.1113150119781494,-3.2509348392486572,1.086902141571045,0.07968781704654049,0.014304906965370416,0.022300567640087365

Errors:
rotation,[19.06591627476926, 19.125883785649883, 17.007119556018875, 15.428101379914017, 13.807078776903515, 17.83243939059011, 12.022409414164105, 5.0107942798202005, 1.9111887915903452, 0.48370681984884334, 0.44055782090476586, 0.1399836761086447, 0.3188934565882481, 0.1379563508606924, 0.3146527110861222, 0.17772746249400728, 0.09437068726394153, 0.19233997002492492, 0.18082883081677084, 0.10986934241177676, 0.3526432215522344, 0.12769240694823814, 0.1353498644351695, 0.5101222932285971, 0.17525301852179082, 0.18236661989826194, 0.1579297148180709, 0.02802051384774512, 0.3451271162936521, 0.23295591175768549, 0.26661316597347956, 0.2134658871610732, 0.15412645400810343, 0.17637308505995836, 0.10958757492490606, 0.11629329165199827]
translation,[0.03326186669987141, 0.03320126454160288, 0.020657338957206228, 0.0026081004465758895, 0.00771092421370323, 0.04365052660381474, 0.023950566994999534, 0.009754338680884267, 0.010432565098456692, 0.009554082021327126, 0.0037722172117504726, 0.006568040099150352, 0.007557100369647074, 0.007462668291855934, 0.006047342580949966, 0.003913725843702309, 0.004511490067353741, 0.007742471775983972, 0.005742413222261433, 0.006071599790077542, 0.0060059146197462, 0.0037811850500197863, 0.005103274761124155, 0.003624605181970608, 0.005726804964885979, 0.007085308424062298, 0.006321249237307036, 0.006096622436261967, 0.005551971321588134, 0.005340186744729358, 0.004345663278000345, 0.005455288350900034, 0.005146232736367828, 0.004977783229198174, 0.005808157760644583, 0.005264541755850338]
loss,
[0.15032386779785156, 0.14816975593566895, 0.13421975076198578, 0.13109815120697021, 0.12333807349205017, 0.09502818435430527, 0.06519921869039536, 0.025969622656702995, 0.005779121071100235, 0.005911983549594879, 0.0024135522544384003, 0.0030643977224826813, 0.002649820176884532, 0.0027660075575113297, 0.00241300743073225, 0.003337344154715538, 0.0023394597228616476, 0.0035922606475651264, 0.0030979192815721035, 0.0027736942283809185, 0.001715166261419654, 0.00243581086397171, 0.0019131354056298733, 0.0021059371065348387, 0.0021427844185382128, 0.0017020772211253643, 0.002872652839869261, 0.0011331952409818769, 0.0020796870812773705, 0.002954640192911029, 0.002056184923276305, 0.002980342600494623, 0.001896462868899107, 0.002622170839458704, 0.0018150852993130684, 0.0014007494319230318]

2022-04-28 14:18:15.844811