2022-04-28 16:37:37.284212

reference phi, theta, psi, translation: 16.672973292337613, -0.0, 55.56417970941693, 0.9538894295692444, -3.184936285018921, 2.279534101486206

phi,theta,psi,rot_x,rot_y,rot_z,phi_err,theta_err,psi_err
26.607018987257597,-4.879078348390559,61.415046110949504,1.4386786222457886,-3.2383759021759033,2.121750593185425,9.934045694919984,4.879078348390559,5.850866401532571
25.385905814611668,-4.793602442592655,61.09563914460303,1.3616070747375488,-3.2725601196289062,2.131495714187622,8.712932522274055,4.793602442592655,5.531459435186093
21.736301807094783,-4.84425009371664,60.31561105082006,1.1177513599395752,-3.3755040168762207,2.142387866973877,5.0633285147571705,4.84425009371664,4.751431341403126
20.104588397398956,-2.5098362884229437,58.13161708257346,1.0861400365829468,-3.311232566833496,2.2519407272338867,3.4316151050613435,2.5098362884229437,2.5674373731565296
18.91461576472641,-1.8255326684744417,59.918469701529666,1.07868492603302,-3.380929708480835,2.1406452655792236,2.241642472388797,1.8255326684744417,4.354289992112733
16.935372084776574,-1.505616342008448,60.662434396494966,0.9967342615127563,-3.434833526611328,2.0914392471313477,0.2623987924389617,1.505616342008448,5.0982546870780325
14.722411284259955,-1.3362134833928196,60.34488524160273,0.8818007111549377,-3.4515671730041504,2.0956664085388184,1.9505620080776573,1.3362134833928196,4.780705532185799
14.335921614980197,-2.259562543396581,60.67388862373308,0.830359935760498,-3.468518018722534,2.0711398124694824,2.3370516773574153,2.259562543396581,5.109708914316144
14.842199141923638,-1.910310155365318,60.82704195549228,0.8719301819801331,-3.4607620239257812,2.0665817260742188,1.8307741504139745,1.910310155365318,5.262862246075343
14.72090693509526,-1.5161148905589312,60.955285587348435,0.8806670904159546,-3.4635279178619385,2.0521514415740967,1.9520663572423533,1.5161148905589312,5.391105877931501
14.95599009349605,-1.8374857710616421,61.08841963465032,0.8828277587890625,-3.466610908508301,2.043398380279541,1.7169831988415627,1.8374857710616421,5.524239925233388
14.813437215328715,-1.8393007063330014,60.62135763882651,0.8696512579917908,-3.45290470123291,2.069549798965454,1.8595360770088973,1.8393007063330014,5.057177929409576
14.794481732834637,-1.636917163096244,60.67498828418945,0.8758978843688965,-3.449941396713257,2.0654513835906982,1.8784915595029759,1.636917163096244,5.11080857477252
15.061101582180669,-1.7801525774812634,60.672802623655045,0.8867558240890503,-3.449948310852051,2.0627968311309814,1.6118717101569437,1.7801525774812634,5.108622914238111
14.964828358282046,-1.9143112188335043,61.10561805098042,0.8796308636665344,-3.461045265197754,2.036400556564331,1.708144934055566,1.9143112188335043,5.5414383415634845
14.96501448093693,-1.7010955241258894,61.163565375898806,0.8853039741516113,-3.45328688621521,2.0290136337280273,1.7079588114006832,1.7010955241258894,5.599385666481872
14.994946077427219,-1.7312209040279856,61.26953576087155,0.8842512965202332,-3.4496049880981445,2.0181972980499268,1.6780272149103936,1.7312209040279856,5.705356051454615
14.77535037296943,-1.363185101363676,61.32655418006282,0.8835234642028809,-3.448082208633423,2.0137648582458496,1.8976229193681817,1.363185101363676,5.762374470645888
14.729395152686292,-1.3529321291267205,61.03993895192157,0.880125105381012,-3.4422035217285156,2.027648687362671,1.9435781396513203,1.3529321291267205,5.475759242504637
15.102063934180528,-1.6791328191952697,61.008192232659354,0.8887560963630676,-3.442135810852051,2.033250093460083,1.5709093581570848,1.6791328191952697,5.444012523242421
15.058985931085259,-1.5811965766589215,61.281625195702475,0.8948683142662048,-3.449028730392456,2.019605875015259,1.613987361252354,1.5811965766589215,5.717445486285541
14.741981483779334,-1.6104938975772085,61.24760402344664,0.8753162026405334,-3.450594186782837,2.0211265087127686,1.9309918085582787,1.6104938975772085,5.683424314029708
14.829062980602412,-1.7401454008429769,61.26464534542582,0.8755007386207581,-3.452092409133911,2.0188732147216797,1.8439103117352005,1.7401454008429769,5.700465636008886
14.656655345572949,-1.4032590664321387,61.28092851640713,0.8774582147598267,-3.449340343475342,2.015869379043579,2.016317946764664,1.4032590664321387,5.716748806990196
14.909657505261269,-1.409314707974233,61.22607526718276,0.8911765217781067,-3.44598388671875,2.020090341567993,1.763315787076344,1.409314707974233,5.661895557765824
14.935636129769414,-1.4147297326280708,61.211888964276646,0.8903085589408875,-3.443962574005127,2.023092269897461,1.737337162568199,1.4147297326280708,5.647709254859713
14.992253275346942,-1.4739119241566858,61.243587872214675,0.8921830058097839,-3.4438490867614746,2.0177011489868164,1.680720016990671,1.4739119241566858,5.679408162797742
14.788095505960674,-1.4843430534460402,61.208924662176855,0.8780734539031982,-3.4447507858276367,2.0173041820526123,1.8848777863769381,1.4843430534460402,5.644744952759922
15.058115081966081,-1.4288327268457615,61.26409210010305,0.8971019983291626,-3.438800573348999,2.0166940689086914,1.6148582103715317,1.4288327268457615,5.699912390686116
14.762393504113916,-1.6033045805688457,61.181685867766845,0.8741390705108643,-3.4424357414245605,2.0175938606262207,1.9105797882236963,1.6033045805688457,5.6175061583499115
14.858494265735997,-1.727207034618187,61.26646900593422,0.8747023940086365,-3.4424896240234375,2.0129165649414062,1.8144790266016155,1.727207034618187,5.702289296517286
14.790800260872,-1.363231373635298,61.348690823162826,0.8830581903457642,-3.4433035850524902,2.00700306892395,1.8821730314656122,1.363231373635298,5.784511113745893
14.890555173700037,-1.5122854027959804,61.179322622314025,0.8836674094200134,-3.4355220794677734,2.0179882049560547,1.782418118637576,1.5122854027959804,5.615142912897092
14.918009119068902,-1.718639853743545,61.30555134836503,0.8780841827392578,-3.442831516265869,2.010483503341675,1.7549641732687107,1.718639853743545,5.741371638948095
14.692974876484492,-1.4499855356149496,61.2579312694717,0.8749548196792603,-3.4416840076446533,2.0140151977539062,1.979998415853121,1.4499855356149496,5.693751560054764
14.812737120938788,-1.6365178186996563,61.43018864033942,0.8763822913169861,-3.4522130489349365,2.0041861534118652,1.8602361713988245,1.6365178186996563,5.86600893092249

Errors:
rotation,[20.663990444843115, 19.037994400052803, 14.659009949876937, 8.508888766640817, 8.421465132975971, 6.866269821525442, 8.067481023656276, 9.70632313507014, 9.003946551854636, 8.859287125732786, 9.078708895136593, 8.756014712751476, 8.62621729737174, 8.500647201876319, 9.163894494452554, 9.008440002008445, 9.114604170392994, 9.023182491377746, 8.772269511282678, 8.694054700594776, 8.912629424196817, 9.224910020165195, 9.284521348587063, 9.136325820186999, 8.8345260528164, 8.799776150055983, 8.8340401039451, 9.013965792582901, 8.743603327903408, 9.131390527142454, 9.243975357737089, 9.029915518846803, 8.909846434330648, 9.21497566596035, 9.123735511522835, 9.36276292102097]
translation,[0.09908907901583852, 0.10491967988935436, 0.12016265292042583, 0.11799132526882516, 0.11333841559880131, 0.11201953828083688, 0.10199418704367336, 0.09315713567557715, 0.09293419010606385, 0.08990568041942204, 0.08861056931302613, 0.08735150767889888, 0.08413323916499404, 0.08513279201823476, 0.07977274343278751, 0.07080358133977693, 0.062133316493174995, 0.0585084730598977, 0.059683341487691166, 0.06427005391096952, 0.06464900942600682, 0.0624919142081799, 0.06268263834577148, 0.05930034235739612, 0.06151887843743342, 0.06111134020074083, 0.05876172010421499, 0.05627093843006836, 0.05509143859107812, 0.053619347325454036, 0.05147719121278538, 0.051051029156568006, 0.050042102691942425, 0.05129255148736611, 0.05139388263491007, 0.05575050886695365]
loss,
[0.10842292010784149, 0.110676608979702, 0.07906138151884079, 0.06606173515319824, 0.05813493952155113, 0.05273636430501938, 0.04713977128267288, 0.0408724807202816, 0.04720073565840721, 0.03700554370880127, 0.03368847444653511, 0.038470104336738586, 0.045065440237522125, 0.04069691151380539, 0.03878669813275337, 0.042975783348083496, 0.04207245633006096, 0.03452090919017792, 0.042187537997961044, 0.03684065490961075, 0.04324538633227348, 0.04422879219055176, 0.034924231469631195, 0.03916783258318901, 0.0425739511847496, 0.046470873057842255, 0.04432053491473198, 0.04265596717596054, 0.04101444035768509, 0.038784828037023544, 0.039387114346027374, 0.041157763451337814, 0.04523124545812607, 0.037847429513931274, 0.03826804459095001, 0.03891255706548691]

2022-04-28 16:40:10.649417