2022-04-28 19:09:37.545659

reference phi, theta, psi, translation: 175.36684180812657, -0.0, 39.4597479484966, 0.2069414258003235, 2.553555727005005, 3.112318754196167

phi,theta,psi,rot_x,rot_y,rot_z,phi_err,theta_err,psi_err
-174.60268024378553,2.426304892454245,32.24175771288345,-0.3459881842136383,2.1274664402008057,3.6064906120300293,10.030477948087878,2.426304892454245,7.217990235613151
-174.48205910304313,2.2310743797658206,32.122331855245776,-0.3394639492034912,2.1205689907073975,3.610529661178589,10.151099088830279,2.2310743797658206,7.337416093250823
-173.79200509119673,1.0967301202405733,30.46187871706983,-0.302888959646225,2.0381357669830322,3.6424407958984375,10.841153100676706,1.0967301202405733,8.997869231426769
-175.51692838494841,2.8986821687066473,30.775842022647804,-0.3690098822116852,2.110261917114258,3.5422635078430176,9.116229806925048,2.8986821687066473,8.683905925848794
-178.08617234314042,4.969359049601024,34.07049988201935,-0.3890354633331299,2.3216359615325928,3.394815683364868,6.546985848733016,4.969359049601024,5.389248066477251
179.27009001311376,5.033895874822798,37.250734997320244,-0.26588714122772217,2.501011371612549,3.2556803226470947,3.903248204987193,5.033895874822798,2.209012951176355
177.44011840992727,2.681321574129627,40.05758416126406,-0.03218340128660202,2.617197275161743,3.112321376800537,2.0732766018007,2.681321574129627,0.5978362127674615
175.18739907825199,-0.013898058705308903,39.777430292077646,0.21836143732070923,2.567378282546997,3.0999839305877686,0.1794427298745802,0.013898058705308903,0.31768234358104763
175.4175081513897,-0.03812454346583315,39.55461586097349,0.20712584257125854,2.5547380447387695,3.106755256652832,0.05066634326314556,0.03812454346583315,0.09486791247689297
175.35468407140394,0.15545779030113008,39.46183457128804,0.2012069821357727,2.5500316619873047,3.1098825931549072,0.012157736722627988,0.15545779030113008,0.0020866227914382307
175.3102058795288,0.13127479536066478,39.47255455319038,0.2029704600572586,2.5505800247192383,3.1089818477630615,0.0566359285977569,0.13127479536066478,0.012806604693778922
175.3640550909452,0.1087144903281787,39.53125661401205,0.2022116631269455,2.5553646087646484,3.1081666946411133,0.002786717181379572,0.1087144903281787,0.07150866551545221
175.31635304978184,-0.03005132989977474,39.53236993484676,0.2120627462863922,2.5539469718933105,3.105414390563965,0.0504887583447271,0.03005132989977474,0.07262198635016404
175.3740818086468,0.04427403842286058,39.53655001061881,0.20574958622455597,2.554715156555176,3.105910062789917,0.007240000520226886,0.04427403842286058,0.07680206212221208
175.37439599734859,0.08168873783761867,39.493656422631126,0.2028067409992218,2.5534579753875732,3.1095309257507324,0.0075541892220201134,0.08168873783761867,0.033908474134527467
175.36688278926158,-0.0047067387931968244,39.48574364847767,0.20819832384586334,2.552764892578125,3.111327886581421,4.098113501527223e-05,0.0047067387931968244,0.025995699981073983
175.35024444844345,0.07980424376491507,39.48012240279075,0.2041982114315033,2.5517547130584717,3.107940673828125,0.01659735968311793,0.07980424376491507,0.020374454294149302
175.3224865596565,0.05790880457298941,39.543366539410485,0.20668993890285492,2.5548617839813232,3.1059696674346924,0.044355248470054676,0.05790880457298941,0.08361859091388624
175.38055682797994,0.06008537370874435,39.53558695394584,0.20402464270591736,2.554572343826294,3.106840133666992,0.013715019853378863,0.06008537370874435,0.0758390054492395
175.32609289953828,0.10436275046369994,39.540709595823344,0.2040214091539383,2.5558364391326904,3.1061573028564453,0.040748908588284394,0.10436275046369994,0.08096164732674538
175.2886907836433,-0.017343553821497874,39.52193340579498,0.21234069764614105,2.5537993907928467,3.1070339679718018,0.07815102448327593,0.017343553821497874,0.06218545729838354
175.37652701636964,0.05896603731898332,39.484613252170035,0.20485511422157288,2.551766872406006,3.1080219745635986,0.009685208243070065,0.05896603731898332,0.024865303673436756
175.36274369462456,-0.0035240811590228085,39.47443285521213,0.2083071619272232,2.5505213737487793,3.108999252319336,0.004098113502010392,0.0035240811590228085,0.014684906715530133
175.35779863766547,-0.011643480197114484,39.52343604741238,0.2089289426803589,2.553776741027832,3.1077656745910645,0.009043170461097816,0.011643480197114484,0.06368809891578309
175.33010905077023,0.0505177983496679,39.541696558158414,0.20697452127933502,2.5549051761627197,3.104684591293335,0.03673275735633297,0.0505177983496679,0.08194860966181494
175.29653184081045,0.034313713677430024,39.51097095217711,0.20911724865436554,2.5536246299743652,3.1065189838409424,0.07030996731612049,0.034313713677430024,0.051223003680512136
175.39531003658718,0.056265982281628144,39.53980459575832,0.2037055492401123,2.554680824279785,3.1071865558624268,0.02846822846061059,0.056265982281628144,0.08005664726172057
175.36354965694662,0.02385495033643428,39.47811091208018,0.20630589127540588,2.550987482070923,3.1106021404266357,0.0032921511799486325,0.02385495033643428,0.018362963583584246
175.3596837698764,0.0781903277104505,39.49215378101373,0.20342318713665009,2.553236484527588,3.109612464904785,0.00715803825016792,0.0781903277104505,0.03240583251712792
175.29878580323657,0.051382480652488384,39.54613959621351,0.2080846130847931,2.555622100830078,3.106375217437744,0.0680560048899963,0.051382480652488384,0.08639164771690844
175.363003241813,0.08931131233855166,39.50123451751526,0.20309408009052277,2.553518772125244,3.10770845413208,0.0038385663135613868,0.08931131233855166,0.04148656901865877
175.34177501387262,0.05575692560719775,39.49957136645236,0.2061014473438263,2.5529048442840576,3.1091806888580322,0.02506679425394509,0.05575692560719775,0.039823417955759055
175.3467200708317,0.02378838789755085,39.500520762746994,0.20728735625743866,2.5524826049804688,3.1079649925231934,0.020121737294857667,0.02378838789755085,0.040772814250395584
175.37602158237107,0.011562343653321684,39.503631913913935,0.2067238986492157,2.553039789199829,3.107994556427002,0.009179774244501004,0.011562343653321684,0.04388396541733641
175.35304482600313,0.06706858002193436,39.45653092939752,0.20487751066684723,2.550203800201416,3.1101293563842773,0.013796982123437829,0.06706858002193436,0.0032170190990754577
175.38096663933015,-0.002563002599240512,39.44526453236159,0.20764081180095673,2.5492489337921143,3.1095948219299316,0.014124831203588428,0.002563002599240512,0.014483416135007587

Errors:
rotation,[19.674773076155276, 19.719589561846924, 20.935752452344047, 20.69881790148049, 16.90559296481129, 11.146157030986346, 5.352434388697788, 0.5110231321609368, 0.1836587992058717, 0.1697021498151963, 0.2007173286522006, 0.18300987302501048, 0.15316207459466588, 0.12831610106529956, 0.12315140119416625, 0.030743419909286078, 0.1167760577421823, 0.18588264395693033, 0.1496393990113627, 0.22607330637872972, 0.15768003560315735, 0.09351654923549013, 0.022307101376563332, 0.08437474957399538, 0.16919916536781582, 0.15584668467406265, 0.16479085800395932, 0.04551006509996716, 0.11775419847774633, 0.20583013325939312, 0.13463644767077182, 0.1206471378169019, 0.0846829394428041, 0.0646260833151591, 0.08408258124444765, 0.03117124993783653]
translation,[0.170370405351016, 0.169820237009227, 0.1537384427227968, 0.1085576826489687, 0.09998671735839082, 0.08289696331016838, 0.03547930365741969, 0.00012233724804389112, 0.003534532118208311, 0.004403674033096827, 0.004663430724479056, 0.002297975545482167, 0.004813604832330398, 0.004271525203214388, 0.0024242247748968992, 0.0012012415251136943, 0.004660865531228353, 0.0040843737258864365, 0.0037324573381045667, 0.0034573140029872107, 0.003643263282914866, 0.004557038141310699, 0.004414596996549669, 0.0032715279143262777, 0.005033285338252647, 0.004320045968684738, 0.003412557798093907, 0.0029847235684483664, 0.0024705877839483747, 0.0032173945710258778, 0.0037776940124105707, 0.0028779045698028582, 0.004022933300269038, 0.003675899178449349, 0.003919021450866644, 0.004794914211498025]
loss,
[0.0888693779706955, 0.08969326317310333, 0.08288910239934921, 0.06685392558574677, 0.05261746048927307, 0.037572231143713, 0.017751414328813553, 0.0023802025243639946, 0.0013686385937035084, 0.0014780511846765876, 0.0016396308783441782, 0.0012355234939604998, 0.00165736663620919, 0.0009830457856878638, 0.0014376085018739104, 0.0011965129524469376, 0.0014740315964445472, 0.001106163370423019, 0.0012463992461562157, 0.0013319666031748056, 0.0010575333144515753, 0.001354810083284974, 0.0011229480151087046, 0.0015675256727263331, 0.0010772867826744914, 0.002489494625478983, 0.0014852056046947837, 0.0015018281992524862, 0.0014658011496067047, 0.0014457557117566466, 0.0010537075577303767, 0.0010784011101350188, 0.001263792859390378, 0.00102808210067451, 0.0011670952662825584, 0.0014447786379605532]

2022-04-28 19:14:03.598853