2022-04-21 16:43:06.769781

reference phi, theta, psi, translation: -139.02455270626928, -8.537736090602699e-07, 56.38966954231551, -2.2014424800872803, 2.5346622467041016, 2.231398344039917

phi,theta,psi,rot_x,rot_y,rot_z,phi_err,theta_err,psi_err
-129.04008655489625,6.852725648450977,53.065809209147574,-2.6847352981567383,1.8050535917282104,2.604990243911743,9.984466151373027,6.852726502224586,3.3238603331679357
-129.35222619996586,6.3932695108849975,53.408957913049015,-2.689988136291504,1.8343515396118164,2.5720720291137695,9.67232650630342,6.393270364658607,2.9807116292664944
-130.59231534567337,4.220228597060644,54.51681801151967,-2.677903413772583,1.982062816619873,2.447721242904663,8.432237360595906,4.220229450834253,1.8728515307958418
-132.68531753379705,2.788790210818485,55.70140504003166,-2.5880656242370605,2.2115612030029297,2.2917094230651855,6.339235172472229,2.788791064592094,0.6882645022838503
-136.30427960514996,0.7845796126487294,56.901308767757406,-2.3906466960906982,2.4460058212280273,2.2313265800476074,2.720273101119318,0.7845804664223385,0.5116392254418969
-139.84339676510544,-0.42841032033511106,56.53851302470842,-2.1675922870635986,2.5870628356933594,2.2308027744293213,0.818844058836163,0.42840946656150203,0.14884348239291256
-138.862076166293,0.07403001708950233,56.23690894643359,-2.203747034072876,2.5197653770446777,2.2398345470428467,0.162476539976268,0.07403087086311139,0.15276059588192226
-139.01653406418367,0.055998950892080256,56.357519841892255,-2.1976120471954346,2.525782585144043,2.229440450668335,0.008018642085602323,0.055999804665689316,0.032149700423254046
-138.96032160731448,0.010551450612439556,56.23531409726239,-2.196920156478882,2.5241520404815674,2.2388458251953125,0.06423109895479229,0.010552304386048617,0.15435544505312038
-139.07327927580815,0.04976975459718725,56.22216256801553,-2.1935648918151855,2.5265390872955322,2.238589286804199,0.048726569538871445,0.04977060837079631,0.1675069742999824
-139.0304266689555,0.005608543425422737,56.25725949506564,-2.195082664489746,2.5262982845306396,2.2368602752685547,0.005873962686223422,0.005609397199031797,0.13241004724986993
-139.10038146643475,-0.07206085157658852,56.30111955482088,-2.1894869804382324,2.533019542694092,2.233351230621338,0.07582876016547857,0.07205999780297946,0.0885499874946305
-139.01524998861973,0.017398188352734798,56.31637819742669,-2.197936534881592,2.5276992321014404,2.2332825660705566,0.009302717649546821,0.01739904212634386,0.07329134488882261
-139.02993489533526,-0.10914979476858529,56.259769589585616,-2.1903865337371826,2.5297610759735107,2.2360036373138428,0.005382189065983312,0.10914894099497623,0.1298999527298932
-139.00873398815153,-0.06757293469550224,56.30542598909257,-2.1945431232452393,2.5294904708862305,2.234384536743164,0.015818718117742492,0.06757208092189318,0.08424355322294019
-138.97567587256867,0.02339350202707311,56.28372989319402,-2.198599100112915,2.525963068008423,2.2360401153564453,0.048876833700603584,0.023394355800682172,0.10593964912148834
-139.05916810498292,-0.005404447079640437,56.228039945796326,-2.19112491607666,2.527597665786743,2.2384839057922363,0.03461539871364039,0.005403593306031377,0.16162959651918385
-139.0715580681373,-0.09231249686993653,56.29207296926519,-2.191129207611084,2.5317535400390625,2.2335846424102783,0.04700536186803106,0.09231164309632747,0.09759657305031766
-139.03593180142653,-0.12588572511586293,56.25700677806635,-2.1900298595428467,2.530454635620117,2.23671817779541,0.01137909515725255,0.12588487134225387,0.13266276424916157
-139.08364750296823,0.0020310465331261876,56.270885722459816,-2.1922807693481445,2.529209613800049,2.2347376346588135,0.05909479669895745,0.002031900306735248,0.1187838198556932
-139.01854213979968,-0.04471291773965269,56.25728340072774,-2.1935133934020996,2.5277795791625977,2.2368462085723877,0.006010566469598189,0.04471206396604363,0.13238614158777295
-139.04303519816332,-0.011043302478021497,56.290857195592935,-2.1940040588378906,2.5288798809051514,2.2346243858337402,0.018482491894047826,0.011042448704412436,0.09881234672257477
-139.00366598778737,-0.13577381925026105,56.23963077681783,-2.19089937210083,2.528247356414795,2.237064838409424,0.020886718481904154,0.135772965476652,0.15003876549767625
-139.05970085973817,-0.07692372516695313,56.23741096533758,-2.1895463466644287,2.5288708209991455,2.237061023712158,0.03514815346889577,0.07692287139334407,0.15225857697792833
-139.0065756483738,-0.012086801044367212,56.29917636600201,-2.1959474086761475,2.5272247791290283,2.2335338592529297,0.017977057895478765,0.012085947270758152,0.09049317631350107
-139.07849754033404,-0.039038212549470735,56.267836042995405,-2.1908819675445557,2.530447244644165,2.2349648475646973,0.053944834064765246,0.039037358775861675,0.12183349932010401
-139.0725142946211,0.015119889616702277,56.310087593201104,-2.195171356201172,2.5298585891723633,2.2333738803863525,0.04796158835182496,0.015120743390311338,0.07958194911440586
-139.0431308208117,-0.02802643778466688,56.24055626745037,-2.1927127838134766,2.527604818344116,2.237522840499878,0.018578114542435742,0.02802558401105782,0.1491132748651367
-139.04377285859368,-0.01214955729830709,56.278696043775724,-2.1941449642181396,2.528024911880493,2.2343943119049072,0.01922015232440799,0.012148703524698028,0.110973498539785
-139.0325167068415,0.0037273527016055976,56.27997328915052,-2.1947357654571533,2.5270864963531494,2.234511375427246,0.00796400057222968,0.003728206475214658,0.10969625316499076
-139.02590508372495,0.04987258761794971,56.27147311872844,-2.196378469467163,2.52547550201416,2.2348809242248535,0.0013523774556745138,0.04987344139155877,0.11819642358707227
-139.06375799210514,-0.01109366426352873,56.218993360240646,-2.1918728351593018,2.5265586376190186,2.2383692264556885,0.03920528583586247,0.011092810489919669,0.1706761820748639
-139.0723776908377,-0.03283870567896035,56.30786436662626,-2.192291736602783,2.5305678844451904,2.233741044998169,0.04782498456842177,0.03283785190535129,0.08180517568924728
-139.06347112416,-0.03716934123295202,56.237363154013394,-2.1911635398864746,2.5283284187316895,2.237384557723999,0.03891841789072714,0.03716848745934296,0.15230638830211518
-139.0351394994828,0.015670647454805894,56.277070458753265,-2.1955230236053467,2.5271730422973633,2.2355270385742188,0.01058679321351974,0.015671501228414954,0.11259908356224457
-139.0474611607455,-0.06189115629262493,56.25260472114628,-2.19187331199646,2.5294125080108643,2.236849546432495,0.02290845447623724,0.061890302519015866,0.1370648211692327

Errors:
rotation,[20.161052986765547, 19.04630850022852, 14.525318342226, 9.816290739348172, 4.016492792983554, 1.3960970077905777, 0.38926800672130163, 0.09616814717454569, 0.2291388483939613, 0.2660041522096501, 0.14389340713512516, 0.23643874546308852, 0.09999310466471328, 0.24443108279085274, 0.16763435226257586, 0.1782108386227741, 0.20164858853885562, 0.2369135780146762, 0.269926730748668, 0.1799105168613859, 0.18310877202341477, 0.12833728732103503, 0.30669844945623237, 0.2643296018401682, 0.12055618147973798, 0.21481569216073093, 0.14266428085654215, 0.19571697341863026, 0.14234235438889103, 0.1213884602124351, 0.16942224243430556, 0.22097427840064604, 0.16246801216302034, 0.22839329365218528, 0.13885737800417927, 0.2218635781644858]
translation,[0.12242333873291766, 0.11814045810462748, 0.10300691351687874, 0.07265211868414845, 0.05261378896732172, 0.014588761624605873, 0.003402831317317556, 0.008756336296853462, 0.0049356275515908266, 0.005410500764686965, 0.005695413013107498, 0.006467560058089461, 0.0052452230966730795, 0.006554826200845909, 0.005359934841377978, 0.004442574727103299, 0.0061334347659158794, 0.006240890690812684, 0.005915912316075023, 0.0065732128861091255, 0.005628743574142447, 0.005904266675175407, 0.006637157448284192, 0.006983922736060855, 0.006489345074451869, 0.0064307915432983975, 0.005346914522244894, 0.005798618831672542, 0.0064922752980853815, 0.006694496525295968, 0.006604384159004439, 0.006442352018098951, 0.006266682110391386, 0.006264697152977838, 0.0056468153539315225, 0.00549452941795181]
loss,
[0.1465219408273697, 0.13731586933135986, 0.10758873075246811, 0.044625040143728256, 0.025701139122247696, 0.007330375723540783, 0.0013326777843758464, 0.0012484174221754074, 0.0009621695498935878, 0.0018245831597596407, 0.0013474691659212112, 0.00147092598490417, 0.0011945700971409678, 0.0011545324232429266, 0.0012143159983679652, 0.001150420750491321, 0.0012307037832215428, 0.0015767798759043217, 0.0013813622063025832, 0.0012224282836541533, 0.0012125893263146281, 0.0008902284316718578, 0.001390964025631547, 0.0010441094636917114, 0.0012373917270451784, 0.0014217126881703734, 0.0013699107803404331, 0.0014394884929060936, 0.0014220781158655882, 0.0016296680551022291, 0.0017359862104058266, 0.0009965398348867893, 0.0011996303219348192, 0.0011567262699827552, 0.0011627385392785072, 0.0014734705910086632]

2022-04-21 16:47:43.910458