2022-04-21 16:01:03.159818

reference phi, theta, psi, translation: -86.91639066027085, -0.0, 34.793557367935236, -2.296917200088501, -0.12373751401901245, 3.3104169368743896

phi,theta,psi,rot_x,rot_y,rot_z,phi_err,theta_err,psi_err
-76.53055527251121,6.8177051513072,38.18892636661862,-2.336111545562744,-0.9462913274765015,3.345968008041382,10.385835387759641,6.8177051513072,3.395368998683381
-75.65967200238873,7.293054384648959,38.84500018734419,-2.368316173553467,-1.0303913354873657,3.2967352867126465,11.256718657882118,7.293054384648959,4.051442819408955
-72.92822471178727,7.93384141536507,39.95860447490682,-2.443748712539673,-1.2301656007766724,3.160095453262329,13.988165948483584,7.93384141536507,5.165047106971585
-74.04388147119549,8.705771443621227,38.96046112016867,-2.3785810470581055,-1.1860296726226807,3.1980767250061035,12.872509189075359,8.705771443621227,4.166903752233431
-74.82395054611348,8.438497206675244,38.04951537546948,-2.3466644287109375,-1.1389763355255127,3.2176125049591064,12.09244011415737,8.438497206675244,3.2559580075342467
-75.96784330755054,7.7251355571120754,37.35552717466117,-2.3225998878479004,-1.0341169834136963,3.2678821086883545,10.948547352720311,7.7251355571120754,2.5619698067259336
-77.67862810972031,7.154813125359199,35.485312096884954,-2.255049705505371,-0.9199621081352234,3.335747718811035,9.237762550550542,7.154813125359199,0.6917547289497179
-78.42018174790859,6.259129880303022,34.96727981437992,-2.2373173236846924,-0.839403510093689,3.3537349700927734,8.496208912362263,6.259129880303022,0.17372244644468537
-79.63581881638746,5.635483509532774,34.90551782881008,-2.255364418029785,-0.7496551871299744,3.341533899307251,7.2805718438833935,5.635483509532774,0.11196046087484746
-81.57839974841995,4.317585997284875,34.82303646439301,-2.2809336185455322,-0.5916748046875,3.3349850177764893,5.337990911850895,4.317585997284875,0.029479096457777132
-84.37101821322806,2.0876315796519194,35.80078828936409,-2.364766836166382,-0.3558281660079956,3.29036545753479,2.5453724470427943,2.0876315796519194,1.0072309214288566
-87.42140801731243,-0.3119049422009721,34.45829753252516,-2.2748985290527344,-0.0901046097278595,3.3234872817993164,0.5050173570415808,0.3119049422009721,0.33525983541007776
-87.00294281743325,-0.13436186566898847,34.8479564095798,-2.291839361190796,-0.11202557384967804,3.2963147163391113,0.0865521571624015,0.13436186566898847,0.054399041644565216
-87.02083108286952,-0.10052359298679041,34.74531915692202,-2.2868714332580566,-0.11349757015705109,3.3010330200195312,0.10444042259867103,0.10052359298679041,0.04823821101321357
-87.00971153490073,-0.0938884851716511,34.93872962364927,-2.29883074760437,-0.11541322618722916,3.2946600914001465,0.0933208746298817,0.0938884851716511,0.14517225571403714
-86.92477130238245,-0.09582732457777471,34.85481391950649,-2.2928662300109863,-0.11932472884654999,3.298734426498413,0.00838064211160372,0.09582732457777471,0.06125655157125465
-87.07863497381534,-0.1406970861986133,34.80299668936819,-2.2901198863983154,-0.10983434319496155,3.298635482788086,0.1622443135444911,0.1406970861986133,0.009439321432957115
-86.97670123064206,-0.062298880116327005,34.8986808094509,-2.2946271896362305,-0.11797511577606201,3.29512095451355,0.06031057037121457,0.062298880116327005,0.10512344151566566
-87.10012957913337,-0.07668107551368024,34.79637823606245,-2.290201425552368,-0.11331050097942352,3.2998087406158447,0.1837389188625167,0.07668107551368024,0.0028208681272161584
-86.91421182992562,0.005920624653304417,34.82799518173044,-2.290905475616455,-0.1253644973039627,3.2987890243530273,0.0021788303452296987,0.005920624653304417,0.03443781379520061
-87.0442927826685,-0.07183102564732999,34.88678261991674,-2.293968915939331,-0.11521214991807938,3.2964909076690674,0.12790212239765708,0.07183102564732999,0.09322525198150089
-86.91891783026375,-0.06483913304934834,34.827998596825026,-2.2922983169555664,-0.120221808552742,3.300045967102051,0.002527169992902145,0.06483913304934834,0.034441228889789954
-87.00806545931076,-0.04926186005428607,34.77867438573378,-2.291102170944214,-0.118033267557621,3.304208517074585,0.09167479903990738,0.04926186005428607,0.01488298220145623
-87.01231383697451,-0.0682721125296332,34.83393744630835,-2.29323148727417,-0.1167958676815033,3.301720380783081,0.09592317670366413,0.0682721125296332,0.04038007837311142
-86.97136002271111,-0.010506547424413112,34.892721469400065,-2.294663667678833,-0.12244750559329987,3.2969484329223633,0.05496936244026074,0.010506547424413112,0.09916410146482946
-86.93041303863689,0.008957537643877198,34.814758275118955,-2.290879487991333,-0.12417356669902802,3.3016676902770996,0.014022378366036037,0.008957537643877198,0.021200907183718698
-87.02619278136798,-0.11850925619837506,34.851689107961214,-2.2929959297180176,-0.11475200951099396,3.297905445098877,0.1098021210971325,0.11850925619837506,0.05813174002597776
-86.93871171847846,-0.11038340045766025,34.71462428679198,-2.285494327545166,-0.11660600453615189,3.304645538330078,0.022321058207609212,0.11038340045766025,0.07893308114325492
-86.99258825065151,-0.07135582696338154,34.93974049164643,-2.2995781898498535,-0.11805596947669983,3.2972590923309326,0.07619759038065865,0.07135582696338154,0.14618312371119657
-86.917722547159,-0.03298401779366534,34.79544250014616,-2.2913918495178223,-0.12274110317230225,3.304379940032959,0.0013318868881526669,0.03298401779366534,0.0018851322109227908
-86.94774805875038,0.0018687804949531408,34.86817718461762,-2.2952680587768555,-0.12338490784168243,3.3005638122558594,0.03135739847952834,0.0018687804949531408,0.07461981668238593
-87.0022939494621,-0.09155873437842248,34.80991225590283,-2.2920351028442383,-0.11558844149112701,3.3022851943969727,0.08590328919125056,0.09155873437842248,0.016354887967594323
-87.0144790069414,-0.009442557141628536,34.79583865111802,-2.2894210815429688,-0.11992201954126358,3.301468849182129,0.09808834667055066,0.009442557141628536,0.00228128318278209
-86.95433236111027,-0.10345574572528529,34.83875614476779,-2.291875123977661,-0.11719770729541779,3.298415184020996,0.03794170083942561,0.10345574572528529,0.045198776832556575
-86.97360032475888,-0.030682363319352587,34.86309210878055,-2.2930445671081543,-0.12067250907421112,3.29730486869812,0.057209664488027556,0.030682363319352587,0.06953474084531308
-87.04717512249826,-0.07478417595621648,34.8018116515472,-2.2894389629364014,-0.11496038734912872,3.299283266067505,0.13078446222741036,0.07478417595621648,0.008254283611961455

Errors:
rotation,[20.598909537750224, 22.60121586194003, 27.087054470820238, 25.745184384930017, 23.78689532836686, 21.23565271655832, 17.084330404859458, 14.92906123910997, 13.028015814291015, 9.685056005593548, 5.64023494812357, 1.1521821346526306, 0.27531306447595516, 0.25320222659867503, 0.33238161551556994, 0.16546451826063308, 0.3123807211760615, 0.22773289200320723, 0.2632408625034131, 0.04253726879373473, 0.292958400026488, 0.10180753193204044, 0.15581964129564968, 0.20457536760640874, 0.1646400113295033, 0.04418082319363193, 0.2864431173214853, 0.2116375398085244, 0.2937365410552368, 0.0362010368927408, 0.10784599565686742, 0.19381691153726738, 0.10981218699496129, 0.18659622339726747, 0.15742676865269323, 0.2138229217955883]
translation,[0.1579505536533441, 0.15684097586433055, 0.14875372715559632, 0.1272372751700992, 0.11098790070313669, 0.10927228530804811, 0.09910022464419299, 0.08684701446106402, 0.0694199266084583, 0.05235767835972105, 0.03645527690224526, 0.0026241915146076877, 0.01481611204082256, 0.01373148813016467, 0.012083185920583439, 0.012034092547225761, 0.013952150058661239, 0.014033620178183881, 0.012845699564228319, 0.01292364172797722, 0.013365859934796553, 0.01125470329861944, 0.008583033310181065, 0.00944893795638091, 0.012379837940717842, 0.010611799503304375, 0.012773639792910352, 0.011456807568317018, 0.009448293535473162, 0.008136345951285762, 0.009039754888843454, 0.00970211080169836, 0.01173503318169633, 0.012924085944058028, 0.013065317459411752, 0.013664893890559249]
loss,
[0.11738332360982895, 0.11526913940906525, 0.06372435390949249, 0.05767468735575676, 0.065684013068676, 0.06001827120780945, 0.05679547041654587, 0.05568350479006767, 0.05166658014059067, 0.04338977858424187, 0.02142571471631527, 0.005750928074121475, 0.0026297452859580517, 0.0026664368342608213, 0.0026319753378629684, 0.0036911722272634506, 0.0022923042997717857, 0.0026496907230466604, 0.0032343294005841017, 0.003216351382434368, 0.00260901334695518, 0.0024597994051873684, 0.0026874856557697058, 0.0032384060323238373, 0.0035340525209903717, 0.0023704003542661667, 0.0028185059782117605, 0.0020476605277508497, 0.0033696116879582405, 0.0026595359668135643, 0.002435653004795313, 0.002164106350392103, 0.002766266232356429, 0.0022569689899683, 0.002712212037295103, 0.003288237378001213]

2022-04-21 16:06:25.136473