2022-04-28 19:38:16.065102

reference phi, theta, psi, translation: -33.091320547511735, -0.0, 74.32085247222868, -2.1190009117126465, -3.251617431640625, 1.089412808418274

phi,theta,psi,rot_x,rot_y,rot_z,phi_err,theta_err,psi_err
-22.822884158753556,1.294954214858955,81.82337814338081,-1.5357718467712402,-3.6827800273895264,0.7731812596321106,10.268436388758179,1.294954214858955,7.502525671152128
-23.616483838417338,0.19049407287746767,80.85535592288241,-1.6189066171646118,-3.619256019592285,0.8218066692352295,9.474836709094397,0.19049407287746767,6.53450345065373
-24.72397510667281,-4.544959893677527,78.46332122270638,-1.8020192384719849,-3.487484931945801,0.8985903859138489,8.367345440838925,4.544959893677527,4.142468750477704
-23.157423409206196,-6.350525166925798,77.12633901343307,-1.7249759435653687,-3.510021448135376,0.9677748680114746,9.93389713830554,6.350525166925798,2.805486541204388
-23.227229650071017,-6.697626970870086,76.26868581973291,-1.747937798500061,-3.4809279441833496,1.017726182937622,9.864090897440718,6.697626970870086,1.947833347504229
-22.634879786754368,-7.250384186599974,74.78790763786331,-1.7230674028396606,-3.4553112983703613,1.1151905059814453,10.456440760757367,7.250384186599974,0.46705516563463334
-21.476257722372182,-6.826004740107349,74.74792371046206,-1.6360796689987183,-3.4783315658569336,1.1191816329956055,11.615062825139553,6.826004740107349,0.4270712382333812
-20.07714811240843,-5.7400843002350275,75.98155832740392,-1.510969877243042,-3.564155101776123,1.0420887470245361,13.014172435103305,5.7400843002350275,1.6607058551752374
-18.24278299003832,-4.68376131167156,75.18098502459755,-1.3752174377441406,-3.5980772972106934,1.0899592638015747,14.848537557473414,4.68376131167156,0.8601325523688672
-15.512976652384959,-5.124708244939207,74.21850208751603,-1.2070437669754028,-3.6213157176971436,1.1366679668426514,17.57834389512678,5.124708244939207,0.10235038471265057
-13.914992424357944,-4.344906506562753,74.18702174563144,-1.0699634552001953,-3.645366907119751,1.1377670764923096,19.17632812315379,4.344906506562753,0.13383072659723894
-13.130104650980515,-4.084155169498984,74.42069617751592,-1.0012311935424805,-3.6764841079711914,1.0975583791732788,19.961215896531222,4.084155169498984,0.09984370528724185
-12.735386311298186,-2.46339294467053,75.04709965648696,-0.9345057606697083,-3.7338545322418213,1.030375361442566,20.35593423621355,2.46339294467053,0.726247184258284
-14.2934079562651,0.22159686358854133,75.33643329991787,-0.944036602973938,-3.7513341903686523,1.023935317993164,18.797912591246636,0.22159686358854133,1.0155808276891918
-15.938184956522225,0.7878058726901718,74.81923088539699,-1.0550457239151,-3.707707643508911,1.0457240343093872,17.15313559098951,0.7878058726901718,0.4983784131683109
-18.115888320543238,0.7133605732312973,74.94112927151421,-1.1879734992980957,-3.6740376949310303,1.0451912879943848,14.975432226968497,0.7133605732312973,0.6202767992855343
-20.261942295497708,1.5451462567576544,74.69003102705703,-1.2975084781646729,-3.6246020793914795,1.063232183456421,12.829378252014028,1.5451462567576544,0.36917855482835193
-22.588328632466148,1.6297167789812568,74.05355301906023,-1.4281085729599,-3.548447370529175,1.0952222347259521,10.502991915045587,1.6297167789812568,0.26729945316844805
-25.953738713902556,1.4490872999310394,74.989329916487,-1.659245252609253,-3.470484972000122,1.0298246145248413,7.137581833609179,1.4490872999310394,0.6684774442583148
-29.161632680247425,1.1034977514716233,75.27333601236529,-1.8662151098251343,-3.3848297595977783,1.0156725645065308,3.9296878672643096,1.1034977514716233,0.9524835401366119
-31.958202409490372,0.389728883105289,75.14922464495699,-2.045166492462158,-3.2943031787872314,1.0255576372146606,1.1331181380213629,0.389728883105289,0.828372172728308
-33.44305821429446,-0.1483973644806028,74.1267180054494,-2.131560802459717,-3.2236287593841553,1.0972516536712646,0.351737666782725,0.1483973644806028,0.19413446677927482
-32.868943248514455,-0.0003173587766596869,74.36330209792031,-2.105818748474121,-3.2577013969421387,1.0855998992919922,0.2223772989972801,0.0003173587766596869,0.042449625691631354
-32.99389472919067,-0.005197841482037729,74.30355160306104,-2.1107137203216553,-3.2518889904022217,1.0895363092422485,0.09742581832106367,0.005197841482037729,0.01730086916764151
-33.01659486289721,0.031865380784594916,74.25632767513956,-2.1114189624786377,-3.250087261199951,1.0928480625152588,0.07472568461452767,0.031865380784594916,0.06452479708912051
-33.10580054855216,0.032794204542628325,74.27047299691067,-2.1153311729431152,-3.248068332672119,1.0907467603683472,0.01448000104042535,0.032794204542628325,0.050379475318010236
-32.993129748003625,0.04414822521267197,74.35078919136085,-2.1098618507385254,-3.2501156330108643,1.0865861177444458,0.09819079950811016,0.04414822521267197,0.029936719132166445
-33.05449558260161,0.004736707125267633,74.22785944667895,-2.1119301319122314,-3.2470266819000244,1.0947071313858032,0.036824964910124436,0.004736707125267633,0.0929930255497311
-33.06279426244318,0.007165734193050063,74.28181111093288,-2.1139559745788574,-3.249021053314209,1.0904239416122437,0.028526285068558366,0.007165734193050063,0.03904136129580138
-33.06799545149614,-0.00548778029073003,74.24850027835073,-2.114414930343628,-3.248075008392334,1.0929772853851318,0.02332509601559707,0.00548778029073003,0.072352193877947
-33.06850088549472,0.021891585635324215,74.21046295486293,-2.1131882667541504,-3.2465720176696777,1.0957942008972168,0.022819662017013798,0.021891585635324215,0.11038951736574631
-32.93224544174213,0.023173287500512757,74.30134545195912,-2.106343984603882,-3.2538177967071533,1.0905457735061646,0.1590751057696025,0.023173287500512757,0.01950702026955753
-33.116431737995285,0.026462093004513486,74.31874877396432,-2.117340087890625,-3.2460713386535645,1.0892692804336548,0.025111190483549706,0.026462093004513486,0.0021036982643636293
-32.93491604570761,0.0034233872674052906,74.26885424207737,-2.106081485748291,-3.252127170562744,1.0920647382736206,0.15640450180412557,0.0034233872674052906,0.05199823015131244
-32.9635721043704,0.05463902848394872,74.32535356689172,-2.107926607131958,-3.252926826477051,1.0887030363082886,0.1277484431413356,0.05463902848394872,0.004501094663041272
-32.978140897870034,-0.0037767088684695803,74.29558077229963,-2.1099953651428223,-3.2504448890686035,1.0909628868103027,0.11317964964170102,0.0037767088684695803,0.025271699929049873

Errors:
rotation,[19.06591627476926, 16.199834232625594, 17.054774084994158, 19.089908846435726, 18.509551215815033, 18.173880112991974, 18.868138803480285, 20.414962590513568, 20.39243142151384, 22.805402524778636, 23.655065356313784, 24.14521477131745, 23.545574365142365, 20.03509028252437, 18.439319876847993, 16.309069599485326, 14.743703063600034, 12.400008147195292, 9.255146577798532, 5.985669158872545, 2.35121919385496, 0.6942694980426026, 0.2651442834655712, 0.1199245289707429, 0.1711158624882431, 0.09765368090106391, 0.17227574385294858, 0.13455469758512317, 0.0747333805574098, 0.10116507018427409, 0.15510076501808434, 0.20175541353967277, 0.05367698175242682, 0.2118261192228433, 0.1868885662883256, 0.14222805843922048]
translation,[0.03326186669987141, 0.017974472843218514, 0.004059453794679868, 0.0021861201204789182, 0.005223829058325968, 0.012200377838624377, 0.027616210567401822, 0.022116593154170694, 0.027955958936621172, 0.0483038454339324, 0.06527025744985604, 0.06582527174541175, 0.046578331168856124, 0.02960968688854404, 0.03691366185483824, 0.030846658776253477, 0.03716716705342371, 0.05237485536916875, 0.048931183688552427, 0.034702839275320585, 0.020280231346961664, 0.013754859291588595, 0.003025464048837634, 0.0040973703556277385, 0.004284815006071696, 0.004430312224211974, 0.006773398119201524, 0.005981198922385467, 0.004471328713917089, 0.004301332205112196, 0.005391873790552282, 0.004554117831862214, 0.005384881123196905, 0.005645710671232429, 0.004944480794562445, 0.005253641751744809]
loss,
[0.15794578194618225, 0.1294882893562317, 0.09791912883520126, 0.08317732065916061, 0.08630573749542236, 0.08944253623485565, 0.08747419714927673, 0.08640705049037933, 0.0802840143442154, 0.07851509749889374, 0.07256913185119629, 0.07037708163261414, 0.07158792018890381, 0.05746973678469658, 0.050558291375637054, 0.04957583546638489, 0.04199656844139099, 0.03940200060606003, 0.022833719849586487, 0.017852231860160828, 0.006501156836748123, 0.0030688047409057617, 0.003516071941703558, 0.001829285523854196, 0.002635843586176634, 0.0027375654317438602, 0.002282777801156044, 0.0021425385493785143, 0.0026142520364373922, 0.0027294158935546875, 0.002080286154523492, 0.0026176325045526028, 0.002134403446689248, 0.002929514739662409, 0.001939711975865066, 0.0019435547292232513]

2022-04-28 19:42:57.391445