2022-04-21 18:05:12.491744

reference phi, theta, psi, translation: 164.57178246643477, -4.268868188959204e-07, 11.003265705708584, 0.2046843022108078, 0.7416750192642212, 3.957021951675415

phi,theta,psi,rot_x,rot_y,rot_z,phi_err,theta_err,psi_err
174.68706040079186,1.035587752499106,3.46078983121423,-0.0498787984251976,0.24902896583080292,4.223120212554932,10.115277934357096,1.035588179385925,7.542475874494354
173.87616668214963,0.5903917911616346,3.4843087338475227,-0.00916722696274519,0.24187174439430237,4.226475715637207,9.304384215714862,0.5903922180484535,7.518956971861061
168.57850803734766,-1.7018236244683118,3.4503227797545972,0.15206322073936462,0.24597199261188507,4.215732574462891,4.0067255709128915,1.7018231975814928,7.552942925953987
165.35035572992453,-0.42351974072808657,5.232931503358698,0.12781837582588196,0.36048853397369385,4.17169189453125,0.7785732634897613,0.4235193138412677,5.770334202349886
165.05172619903323,1.948572660536624,10.020718234166509,0.05219877138733864,0.7273038029670715,4.028352737426758,0.479943732598457,1.948573087423443,0.982547471542075
164.45133891061076,-0.07292449000680139,11.609050551122648,0.22451281547546387,0.778603196144104,3.939587354660034,0.12044355582401067,0.0729240631199825,0.605784845414064
164.4986174800456,-0.3810078032330227,11.340635215798548,0.2395932674407959,0.7554024457931519,3.947213888168335,0.07316498638917324,0.3810073763462038,0.33736951008996385
164.47733461059184,-0.2503247578639251,11.207830725124111,0.22945842146873474,0.7500799298286438,3.9486663341522217,0.09444785584292958,0.2503243309771062,0.20456501941552752
164.45426223157554,-0.1591178617508168,11.198787554663015,0.22346830368041992,0.7486719489097595,3.9447834491729736,0.11752023485922791,0.1591174348639979,0.19552184895443148
164.48671929051145,-0.4029384512668317,11.281729103075419,0.2407209873199463,0.7513429522514343,3.9426658153533936,0.0850631759233238,0.4029380243800128,0.2784633973668349
164.47707506340336,-0.18488792292201806,11.226229547200834,0.22613492608070374,0.752936840057373,3.9523539543151855,0.09470740303140701,0.18488749603519916,0.22296384149225013
164.5445573324031,-0.18724941632192552,11.225619099043763,0.2242898792028427,0.7520012259483337,3.9468905925750732,0.027225134031681364,0.18724898943510662,0.22235339333517956
164.5951690341529,-0.21408700520065796,11.242450392705969,0.22546985745429993,0.7527714967727661,3.9456870555877686,0.023386567718119977,0.21408657831383907,0.23918468699738504
164.53192148243858,-0.5177846141704223,11.215365277552282,0.2459636628627777,0.7443822026252747,3.9441773891448975,0.03986098399619209,0.5177841872836034,0.212099571843698
164.48439702619362,-0.19155770195435465,11.290825207502584,0.2254370003938675,0.7557722926139832,3.9462831020355225,0.08738544024114958,0.19155727506753575,0.287559501794
164.42867634294467,-0.335386628271466,11.338439309980389,0.23830467462539673,0.7558590173721313,3.944366455078125,0.14310612349009944,0.3353862013846471,0.3351736042718052
164.5429180870023,-0.09963937755049193,11.162692566220437,0.2170233428478241,0.7495927810668945,3.9509596824645996,0.028864379432462783,0.09963895066367304,0.15942686051185362
164.51623936810424,-0.20219483975926705,11.327195964832901,0.22672443091869354,0.758389413356781,3.9444632530212402,0.05554309833053139,0.20219441287244816,0.3239302591243174
164.4678952891589,-0.5028957048809309,11.3164452470793,0.24708208441734314,0.7515814304351807,3.9412548542022705,0.1038871772758796,0.502895277994112,0.313179541370717
164.46941159115462,-0.20839863871796052,11.19515389402457,0.2261117696762085,0.7480478286743164,3.9456863403320312,0.10237087528014399,0.20839821183114163,0.19188818831598553
164.51630766999594,-0.34283660076238237,11.213961673677845,0.23426994681358337,0.7488367557525635,3.9472670555114746,0.0554747964388298,0.3428361738755635,0.2106959679692615
164.523219821436,0.05166073749951067,11.188044520872232,0.2077237069606781,0.7545450925827026,3.9518496990203857,0.048562644998781934,0.05166116438632956,0.18477881516364825
164.46122902452893,-0.19293906791072093,11.265468983982558,0.22607466578483582,0.7539823651313782,3.94671893119812,0.11055344190583583,0.19293864102390204,0.26220327827397405
164.4934675174114,-0.253007393131415,11.233932293037316,0.2282015085220337,0.750552773475647,3.9452390670776367,0.07831494902336544,0.2530069662445961,0.23066658732873258
164.50731914104819,-0.49078321641229905,11.224484433867897,0.24387995898723602,0.7457274794578552,3.944014072418213,0.06446332538658339,0.49078278952548016,0.22121872815931276
164.45758170351215,-0.19634683216619814,11.305636472717756,0.2278614044189453,0.7568005919456482,3.9461729526519775,0.11420076292262138,0.19634640527937924,0.3023707670091724
164.48880932839745,-0.03163216079167082,11.250587709328393,0.21531450748443604,0.7558523416519165,3.9481687545776367,0.08297313803731754,0.031631733904851925,0.24732200361980894
164.50853491472046,-0.1336776397303148,11.28315490506466,0.22211818397045135,0.7569621801376343,3.9471232891082764,0.06324755171431207,0.1336772128434959,0.2798891993560755
164.45509551465426,-0.19015653227023202,11.25618675690051,0.22632713615894318,0.7533231973648071,3.945864200592041,0.11668695178050825,0.19015610538341313,0.252921051191926
164.498754083829,-0.2986656908652162,11.25186836979777,0.2322779893875122,0.750689685344696,3.942464590072632,0.07302838260577005,0.2986652639783973,0.2486026640891854
164.4254115125214,-0.34188171996399574,11.273473965689812,0.23724712431430817,0.7513136267662048,3.9457623958587646,0.14637095391336175,0.34188129307717685,0.2702082599812279
164.50965506574434,-0.06217969252621301,11.238870519807236,0.2155357301235199,0.7554691433906555,3.947720766067505,0.06212740069042866,0.06217926563939412,0.23560481409865197
164.4675674400787,-0.17304291057397797,11.35378589127176,0.22608476877212524,0.7599384188652039,3.943305015563965,0.10421502635605862,0.17304248368715908,0.35052018556317677
164.4629502321998,-0.4454172523926436,11.24499207685086,0.2433142513036728,0.7473463416099548,3.944838047027588,0.10883223423496702,0.44541682550582473,0.2417263711422759
164.46901544018277,-0.2788086185622176,11.301273689385411,0.2324753999710083,0.7548030018806458,3.9435431957244873,0.10276702625199619,0.2788081916753987,0.29800798367682724
164.43685890957033,-0.19417586440898438,11.239451085886687,0.22585685551166534,0.7516553401947021,3.9462990760803223,0.13492355686443602,0.19417543752216548,0.2361853801781031

Errors:
rotation,[18.693341988237375, 17.413733405624377, 13.26149169444837, 6.972426779680915, 3.4110642915639753, 0.7991524643580572, 0.7915418728253409, 0.5493372062355633, 0.47215951867765726, 0.7664645976701715, 0.5025587405588563, 0.4368275168019675, 0.47665783302934406, 0.7697447431234935, 0.5665022171026853, 0.8136659291465518, 0.2879301906079894, 0.581667770327297, 0.9199619966407087, 0.5026572754272711, 0.6090069382836547, 0.28500262454875974, 0.5656953612037119, 0.5619885025966942, 0.7764648430713763, 0.6129179352111731, 0.3619268755619784, 0.4768139639138834, 0.5597641083558473, 0.6202963106733528, 0.7584605069717665, 0.35991148042847476, 0.6277776956063945, 0.7959754308830677, 0.6795832016042221, 0.5652843745647046]
translation,[0.19962134480110283, 0.20227197134291242, 0.19451029040630008, 0.15805989584356261, 0.06268610498507066, 0.009067556485656603, 0.005146379858628869, 0.005307633301232073, 0.009715688784038612, 0.010298570101490157, 0.0013456980513986139, 0.0069821422230305075, 0.00795255434483888, 0.009793518722359451, 0.006807354016294731, 0.007928844239793342, 0.003838139967163201, 0.008027011042350374, 0.01125153701578352, 0.008798385573214773, 0.0066343867847535876, 0.0025306992069129564, 0.006679935490203626, 0.0086524643580983, 0.009831361134388317, 0.006585582744956575, 0.005497322376426084, 0.00594437331619968, 0.007627429092496918, 0.011114584520782955, 0.007473940518057276, 0.005996789243783773, 0.00890623665252921, 0.008757015015081748, 0.009275433695933089, 0.007539277271555456]
loss,
[0.15916290879249573, 0.15271854400634766, 0.07839162647724152, 0.04650096222758293, 0.015785936266183853, 0.005615543574094772, 0.004124415572732687, 0.005568638443946838, 0.004838383756577969, 0.005132566671818495, 0.005009052809327841, 0.005744528025388718, 0.004877893719822168, 0.00579563295468688, 0.004191813990473747, 0.005438866093754768, 0.004249729216098785, 0.004011566750705242, 0.005795947276055813, 0.0048482078127563, 0.005235695745795965, 0.004533654078841209, 0.005445908289402723, 0.005576578434556723, 0.004681718535721302, 0.0060573420487344265, 0.004401579964905977, 0.005090994760394096, 0.005032674875110388, 0.006089806091040373, 0.004963992163538933, 0.005581098608672619, 0.0042248014360666275, 0.0045965551398694515, 0.005159073509275913, 0.004759444389492273]

2022-04-21 18:17:19.782689