2022-04-21 18:49:13.035269

reference phi, theta, psi, translation: 175.36684180812657, -0.0, 39.4597479484966, 0.2069414258003235, 2.553555727005005, 3.112318754196167

phi,theta,psi,rot_x,rot_y,rot_z,phi_err,theta_err,psi_err
-174.60268024378553,2.426304892454245,32.24175771288345,-0.3459881842136383,2.1274664402008057,3.6064906120300293,10.030477948087878,2.426304892454245,7.217990235613151
-174.30254807127685,2.03663312318013,32.5270273937582,-0.34143751859664917,2.1446261405944824,3.5918376445770264,10.330610120596589,2.03663312318013,6.932720554738395
-173.78449188310972,0.7710269644891026,34.69326287016277,-0.3249000310897827,2.2710366249084473,3.498483419418335,10.848666308763711,0.7710269644891026,4.7664850783338295
-174.14684707895722,0.48613371699762925,36.319927062514665,-0.3038170635700226,2.3808434009552,3.419722318649292,10.486311112916212,0.48613371699762925,3.1398208859819334
-174.82233912749314,0.6516411119498059,36.658847879319865,-0.28406673669815063,2.403097629547119,3.4078783988952637,9.810819064380325,0.6516411119498059,2.800900069176734
-175.23118059083177,0.041966670322178566,37.49226414675024,-0.22857233881950378,2.4574363231658936,3.3746211528778076,9.401977601041665,0.041966670322178566,1.9674838017463614
-175.40093811246328,-0.21337314014245573,37.37211770415513,-0.19722716510295868,2.4497604370117188,3.385532855987549,9.232220079410126,0.21337314014245573,2.0876302443414687
-175.83163618114594,-0.6144851327374665,37.94968874565516,-0.1643693894147873,2.4857711791992188,3.356140375137329,8.801522010727467,0.6144851327374665,1.5100592028414397
-176.35857161523407,-0.8684088360550413,38.15653077938524,-0.1305430680513382,2.5024609565734863,3.343336820602417,8.274586576639365,0.8684088360550413,1.303217169111356
-176.4746848311243,-1.4853730550613924,37.93752417874337,-0.09064843505620956,2.492093563079834,3.3535776138305664,8.158473360749099,1.4853730550613924,1.5222237697532321
-176.49908226683957,-1.4535373345758111,37.46647676753886,-0.0826328843832016,2.466453790664673,3.376497745513916,8.13407592503387,1.4535373345758111,1.9932711809577413
-176.89072531384812,-1.7750427795402213,38.092770963483176,-0.05033747851848602,2.5026650428771973,3.346306562423706,7.742432878025284,1.7750427795402213,1.366976985013423
-177.11192782030815,-2.3017307879324576,38.430674082102044,-0.014390630647540092,2.5214993953704834,3.3266780376434326,7.521230371565252,2.3017307879324576,1.0290738663945547
-177.12121687757937,-2.209250164277952,38.18766961181133,-0.012781534343957901,2.5053560733795166,3.335503578186035,7.511941314294063,2.209250164277952,1.2720783366852686
-177.57090287215465,-2.7180807732565277,38.52486922094569,0.0350271537899971,2.5239694118499756,3.315354824066162,7.062255319718815,2.7180807732565277,0.9348787275509096
-177.68275405000279,-2.72414888773467,38.43404136536286,0.046760302037000656,2.5172972679138184,3.3173677921295166,6.950404141870649,2.72414888773467,1.02570658313374
-177.96495014575103,-3.0320018975598804,38.76664084209121,0.07342647016048431,2.533677816390991,3.295736074447632,6.668208046122402,3.0320018975598804,0.6931071064053853
-178.01851248922227,-3.0279447886656476,38.672780382516905,0.07525172084569931,2.5261878967285156,3.2983295917510986,6.61464570265116,3.0279447886656476,0.786967565979694
-177.71204190116381,-2.7329670141208258,38.12355121097784,0.04909776896238327,2.4964537620544434,3.3250746726989746,6.9211162907096195,2.7329670141208258,1.3361967375187618
-177.66841065274576,-3.0255455224454546,38.44694359270502,0.06225498020648956,2.517641305923462,3.310413122177124,6.964747539127643,3.0255455224454546,1.0128043557915802
-177.65137616095575,-2.6761010443507467,38.07870760398212,0.04374503344297409,2.4954779148101807,3.3303158283233643,6.981782030917657,2.6761010443507467,1.3810403445144814
-177.55919592791724,-2.5534206443279253,37.85924338066585,0.03298638388514519,2.480950117111206,3.342848062515259,7.0739622639562185,2.5534206443279253,1.6005045678307468
-177.66539170913262,-2.96254988274171,38.43948844122595,0.05630386993288994,2.5146336555480957,3.3114054203033447,6.967766482740785,2.96254988274171,1.0202595072706515
-177.72659020409594,-2.7554761109854837,38.20179102792033,0.04851372539997101,2.498410701751709,3.3207452297210693,6.906567987777521,2.7554761109854837,1.2579569205762695
-177.86849421429213,-3.284556024773667,38.57842131913318,0.0839703157544136,2.5202460289001465,3.297964572906494,6.7646639775813355,3.284556024773667,0.8813266293634214
-178.0418990569404,-3.454988669146027,38.553357939973814,0.1025281697511673,2.5173394680023193,3.2979624271392822,6.591259134933011,3.454988669146027,0.9063900085227843
-178.01194184724073,-3.55014774037444,38.43389793139029,0.10680785775184631,2.511561393737793,3.303295135498047,6.621216344632671,3.55014774037444,1.0258500171063076
-177.94060735154912,-3.5539238773560133,38.66758943874769,0.10308641940355301,2.5228171348571777,3.296146869659424,6.692550840324316,3.5539238773560133,0.7921585097489086
-177.98546803401774,-3.287743735021299,38.580043489061055,0.0894174799323082,2.520862102508545,3.29899001121521,6.6476901578556635,3.287743735021299,0.8797044594355441
-177.8663768556494,-2.98063321270294,38.219880783937114,0.0709923505783081,2.5001492500305176,3.3177475929260254,6.766781336224028,2.98063321270294,1.2398671645594845
-177.63479246165096,-2.801745393255831,37.925270819372365,0.05078813061118126,2.4847207069396973,3.3350276947021484,6.998365730222474,2.801745393255831,1.5344771291242338
-177.4219091256,-2.7319440989990307,37.98978878627231,0.03760715574026108,2.4877500534057617,3.33445143699646,7.211249066273467,2.7319440989990307,1.469959162224292
-177.47594958231315,-2.5515555094941145,37.967191105403316,0.028770728036761284,2.4850704669952393,3.335824728012085,7.157208609560257,2.5515555094941145,1.4925568430932827
-177.73925337481714,-2.894286443325605,38.36676400203824,0.05802200734615326,2.5067925453186035,3.312096118927002,6.8939048170562955,2.894286443325605,1.0929839464583608
-177.75803639503468,-3.051911997217227,38.422617873976016,0.0676700621843338,2.5101521015167236,3.307051420211792,6.875121796838755,3.051911997217227,1.037130074520583
-178.05349671815108,-3.145696963652916,38.49903061531553,0.08498011529445648,2.512148380279541,3.3018171787261963,6.5796614737223535,3.145696963652916,0.9607173331810657

Errors:
rotation,[19.674773076155276, 19.299963798515115, 16.386178351586643, 14.112265715895775, 13.263360245506865, 11.411428073110205, 11.533223463894052, 10.926066346306374, 10.446212581805762, 11.166070185563724, 11.580884440567422, 10.884452642578928, 10.852035025892265, 10.993269815257284, 10.715214820526253, 10.700259612739059, 10.393317050087667, 10.429558057296502, 10.990280042349207, 11.003097417364678, 11.038923419782884, 11.22788747611489, 10.950575872753147, 10.920001019339274, 10.930546631718425, 10.952637812601823, 11.197214102113419, 11.038633227429237, 10.815138352312506, 10.987281713486453, 11.33458825260254, 11.413152327496789, 11.201320962147655, 10.881175206840261, 10.964163868576565, 10.686075770556336]
translation,[0.170370405351016, 0.1661677450841763, 0.15247650869640328, 0.1468157432065711, 0.14848925324935802, 0.14969722881626524, 0.15241721187880053, 0.148554636636673, 0.14705898769291004, 0.1480134611933721, 0.15109062056312172, 0.14782244997873661, 0.1431918416018707, 0.14050832515183043, 0.13579162940567624, 0.13347212822425636, 0.12660985927314616, 0.12414086268577407, 0.1270935748371569, 0.12834571366669856, 0.13064088728619083, 0.13190308991900945, 0.12723123342308185, 0.12480169263399699, 0.12040840291920052, 0.1190598651832051, 0.11990806663781584, 0.12095706798126393, 0.12171072044449094, 0.12377613746896099, 0.1280569271178118, 0.12926550517424573, 0.1286944365364402, 0.12306858125451026, 0.12122374631686306, 0.11858294292061355]
loss,
[0.13258172571659088, 0.1268528699874878, 0.11363335698843002, 0.10862982273101807, 0.10726048797369003, 0.10413271188735962, 0.10879126191139221, 0.10425695031881332, 0.11155711114406586, 0.11115601658821106, 0.10197950899600983, 0.1070275530219078, 0.10095387697219849, 0.10338249802589417, 0.10088580846786499, 0.10082461684942245, 0.11120762676000595, 0.1107483059167862, 0.10260101407766342, 0.10524559020996094, 0.10122239589691162, 0.1043933853507042, 0.1016010269522667, 0.1037675142288208, 0.10698775947093964, 0.10673614591360092, 0.10274549573659897, 0.10392855107784271, 0.10449130833148956, 0.10395759344100952, 0.10939154028892517, 0.10674847662448883, 0.10906418412923813, 0.11577045917510986, 0.10748259723186493, 0.10618691891431808]

2022-04-21 19:00:21.917379