2022-04-19 15:25:01.265820

reference phi, theta, psi, translation: 164.57178246643477, -4.268868188959204e-07, 11.003265705708584, 0.2046843022108078, 0.7416750192642212, 3.957021951675415

phi,theta,psi,rot_x,rot_y,rot_z,phi_err,theta_err,psi_err
174.68706040079186,1.035587752499106,3.46078983121423,-0.0498787984251976,0.24902896583080292,4.223120212554932,10.115277934357096,1.035588179385925,7.542475874494354
175.03822774677892,1.1223987154603587,2.7465435027710683,-0.04031378775835037,0.17403914034366608,4.21135950088501,10.466445280344146,1.1223991423471777,8.256722202937516
176.22527364339211,1.062278704275959,2.405393909862326,-0.05225423723459244,0.14439843595027924,4.198686122894287,11.653491176957345,1.062279131162778,8.597871795846258
177.4202015783075,1.8619317663123374,2.223077804781291,-0.11463809013366699,0.1314016729593277,4.170254230499268,12.848419111872744,1.8619321931991564,8.780187900927293
178.75804439141623,3.007539136696834,1.434697990468986,-0.20051194727420807,0.08884727209806442,4.136800765991211,14.186261924981466,3.0075395635836526,9.568567715239597
-179.2241365003779,3.4517047429868923,-0.22810129100643672,-0.24877677857875824,-0.05096839740872383,4.080176830291748,16.20408103318732,3.451705169873711,11.231366996715021
-177.94098984214264,1.3078473095528367,-1.1353300520953866,-0.09302656352519989,-0.0956333726644516,4.010681629180908,17.487227691422618,1.3078477364396557,12.138595757803971
-177.76139684810633,0.8608851246706845,-0.8692861797954564,-0.06066839396953583,-0.08038628846406937,4.031363010406494,17.6668206854589,0.8608855515575033,11.87255188550404
-177.6544360857039,0.37409236489888176,-0.31699236107274453,-0.026735354214906693,-0.04096874222159386,4.0251641273498535,17.773781447861325,0.37409279178570065,11.320258066781328
-177.30120602258754,0.33104003561653383,-0.08227769938180331,-0.023958897218108177,-0.022658696398139,4.029147148132324,18.127011510977695,0.33104046250335273,11.085543405090387
-177.223205262266,0.3778270674858648,0.45700214103258807,-0.028946777805685997,0.01131235621869564,4.028422832489014,18.20501227129921,0.3778274943726837,10.546263564675996
-176.94118675143616,0.16125894304559105,0.2861800703859212,-0.012774045579135418,0.0016513904556632042,4.026747703552246,18.487030782129068,0.16125936993240994,10.717085635322663
-176.88401806808315,0.22957344641594624,0.18280159546084776,-0.017351508140563965,-0.005851500201970339,4.029014587402344,18.544199465482052,0.22957387330276513,10.820464110247736
-176.9046452393766,0.40407754161784315,0.30087444865283675,-0.0299111008644104,0.0030528060160577297,4.030883312225342,18.523572294188625,0.40407796850466204,10.702391257055748
-177.23763062179304,0.25497639992592525,0.40289815822408076,-0.018888546153903008,0.011087782680988312,4.0273003578186035,18.190586911772186,0.25497682681274414,10.600367547484502
-177.208943827279,0.14516776207480675,0.6115775928821747,-0.012923112139105797,0.027111895382404327,4.028018474578857,18.21927370628623,0.14516818896162564,10.39168811282641
-177.2142986955883,0.23125003302752978,0.43814972502586863,-0.01825084164738655,0.01217185240238905,4.031595230102539,18.213918837976962,0.23125045991434867,10.565115980682716
-177.12729574594067,0.3342448251499077,0.4408102704705737,-0.026692036539316177,0.013460453599691391,4.028919219970703,18.30092178762459,0.3342452520367266,10.562455435238011
-177.228669413602,0.13993662752356942,0.3384072185961295,-0.011101259849965572,0.007886923849582672,4.0250935554504395,18.199548119963197,0.1399370544103883,10.664858487112454
-177.19678609055637,0.12327107312583342,0.46975319707850277,-0.011654358357191086,0.017250079661607742,4.028350353240967,18.231431443008887,0.12327150001265232,10.53351250863008
-177.30512655117113,0.11758314172280267,0.17130848150119227,-0.00876647513359785,-0.007742410525679588,4.029857635498047,18.123090982394103,0.11758356860962156,10.831957224207391
-177.4753895068012,0.3479742780343295,-0.04969327476015917,-0.02590862289071083,-0.019959334284067154,4.028559684753418,17.952828026763996,0.3479747049211484,11.052958980468743
-177.23719348968618,0.2643315464637568,-0.15438439331581139,-0.018158728256821632,-0.029487699270248413,4.027913570404053,18.191024043879054,0.2643319733505757,11.157650099024396
-177.51829675516723,0.15603351507524654,0.13376749398655433,-0.012065592221915722,-0.007418087683618069,4.028379440307617,17.909920778398032,0.15603394196206544,10.86949821172203
-177.28986790856533,0.29935584322969955,-0.2500869228927673,-0.021006539463996887,-0.03432660549879074,4.027006149291992,18.138349624999933,0.29935627011651844,11.253352628601352
-177.47111380838078,0.39330705904082525,-0.055711074960390385,-0.02845333144068718,-0.02264539711177349,4.0282368659973145,17.957103725184425,0.39330748592764414,11.058976780668974
-177.50937652811118,0.3013979987749352,-0.08747461289643015,-0.021487068384885788,-0.023913497105240822,4.0261454582214355,17.918841005454055,0.3013984256617541,11.090740318605015
-177.18106299508702,0.3801145584864173,-0.14114352466099953,-0.02710321918129921,-0.027587641030550003,4.027796745300293,18.247154538478185,0.3801149853732362,11.144409230369583
-177.3268875338668,0.1854374367143186,0.11533406739673285,-0.014354227110743523,-0.009333586320281029,4.030820369720459,18.101329999698464,0.18543786360113748,10.887931638311851
-176.95984682824863,0.014557129398246806,0.1937090874002408,-0.0020830356515944004,-0.0037127863615751266,4.025911331176758,18.4683707053166,0.014557556285065701,10.809556618308344
-176.86513942521725,0.11437909799958462,0.22875632215609681,-0.00910487212240696,-0.001063778530806303,4.026832580566406,18.56307810834801,0.11437952488640352,10.774509383552488
-177.06497709995347,0.16723586122326792,0.29781484406978836,-0.014238439500331879,0.001077156513929367,4.0270819664001465,18.363240433611736,0.1672362881100868,10.705450861638795
-177.11892193401823,0.21209326306745085,0.40539213776648747,-0.017267927527427673,0.01250709593296051,4.029158592224121,18.309295599547,0.21209368995426975,10.597873567942097
-177.14579189821308,0.15721596403902732,0.44662345514534213,-0.013797003775835037,0.014027186669409275,4.026492118835449,18.282425635352183,0.15721639092584622,10.556642250563241
-177.13291016143842,0.20341930510208614,0.4164142754983162,-0.016842123121023178,0.011528711766004562,4.027261257171631,18.295307372126786,0.20341973198890503,10.586851430210267
-177.19503756212885,0.26925163685097536,0.39333802782017857,-0.02151869423687458,0.00963047705590725,4.028659343719482,18.233179971436357,0.26925206373779426,10.609927677888406

Errors:
rotation,[18.693341988237375, 19.84556662562884, 21.31364210396638, 23.49053920599919, 26.762369203804717, 30.887153199776055, 30.933671185666242, 30.40025812252044, 29.468132306428352, 29.543595378571435, 29.129103330347892, 29.36537578738414, 29.594237449032555, 29.630041519749035, 29.045931286069433, 28.756130008074265, 29.010285278574028, 29.197622474899326, 29.00434366148604, 28.888215451651618, 29.072631775211114, 29.35376171215389, 29.613006116254027, 28.93545293208213, 29.691058523717803, 29.409387991781042, 29.310979749720826, 29.771678754221004, 29.174699501611453, 29.292484879910013, 29.4519670167869, 29.235927583360617, 29.119262857443367, 28.996284276841273, 29.085578534325958, 29.11235971306256]
translation,[0.19962134480110283, 0.1840180314187032, 0.1703644721416424, 0.14276959210779072, 0.11148132067495364, 0.05694284764931634, 0.018228851555068815, 0.0014918750878178955, 0.005667503621696213, 0.0018468087100069752, 0.0025861873954502457, 0.004360598245747305, 0.0020727022037778653, 0.00013345780972962018, 0.003768986507933114, 0.0029984555058524265, 0.0005260122162313863, 0.0020987792035480624, 0.006012310844887736, 0.002724756621871549, 0.0012542936386923387, 0.0024364632412678944, 0.003066465146366326, 0.002724562517718354, 0.003921666494650644, 0.0027278972108408794, 0.004855091026098712, 0.003146493323766819, 0.00027216758864412327, 0.0052153198371795995, 0.004285887558294732, 0.004021620308014562, 0.0019138952289052824, 0.004588711830688652, 0.0038159265103061557, 0.0024005779808256023]
loss,
[0.11255097389221191, 0.0927373617887497, 0.09358134865760803, 0.08393754065036774, 0.08352725952863693, 0.07624271512031555, 0.06578458845615387, 0.06754663586616516, 0.07002672553062439, 0.06575000286102295, 0.06769296526908875, 0.07057972997426987, 0.06698933988809586, 0.07156798243522644, 0.06764744222164154, 0.06976719200611115, 0.06984029710292816, 0.07130534946918488, 0.0678410679101944, 0.06914977729320526, 0.06952907145023346, 0.06960378587245941, 0.06780347228050232, 0.06994572281837463, 0.06908661127090454, 0.07079616189002991, 0.06687154620885849, 0.07001721858978271, 0.06818218529224396, 0.06358116865158081, 0.06999099254608154, 0.0667693018913269, 0.06833083927631378, 0.06652551144361496, 0.069620281457901, 0.06793177127838135]

2022-04-19 15:34:10.044654