2022-04-21 12:17:29.234001

reference phi, theta, psi, translation: 16.672973292337613, -0.0, 55.56417970941693, 0.9538894295692444, -3.184936285018921, 2.279534101486206

phi,theta,psi,rot_x,rot_y,rot_z,phi_err,theta_err,psi_err
26.607018987257597,-4.879078348390559,61.415046110949504,1.4386786222457886,-3.2383759021759033,2.121750593185425,9.934045694919984,4.879078348390559,5.850866401532571
26.446856173862674,-4.904514775671766,61.13033650558669,1.420294165611267,-3.2346901893615723,2.13706111907959,9.773882881525061,4.904514775671766,5.566156796169757
23.288260805399666,-6.56123955860385,57.23526745213059,1.065324306488037,-3.2596371173858643,2.3047735691070557,6.615287513062054,6.56123955860385,1.6710877427136595
20.287977269066506,-3.393123944208674,56.79009621259667,1.0322139263153076,-3.266510248184204,2.290281057357788,3.615003976728893,3.393123944208674,1.2259165031797394
17.84063340453902,1.2773572163624811,55.99396253275082,1.0852587223052979,-3.222101926803589,2.290417194366455,1.167660112201407,1.2773572163624811,0.4297828233338876
17.107677266968487,0.32914694878621814,54.79223855961126,1.0010040998458862,-3.184675455093384,2.3552820682525635,0.4347039746308745,0.32914694878621814,0.7719411498056701
16.82736459588387,-0.15142302446852426,54.79830718268882,0.9595736265182495,-3.185650587081909,2.351503610610962,0.15439130354625874,0.15142302446852426,0.7658725267281099
16.75343121321307,-0.09234893069821237,54.962320515228335,0.9575207829475403,-3.182318925857544,2.330888032913208,0.08045792087545678,0.09234893069821237,0.6018591941885987
16.73049885307475,-0.06167238453955495,55.266537140860706,0.9563860893249512,-3.1818649768829346,2.3042995929718018,0.05752556073713677,0.06167238453955495,0.2976425685562276
16.70129467173107,-0.027022856903438967,55.35254288288951,0.9547520279884338,-3.1773619651794434,2.293311357498169,0.028321379393457136,0.027022856903438967,0.21163682652742466
16.642601148645856,-0.04189566400460001,55.47078711780077,0.9505939483642578,-3.178238868713379,2.2829411029815674,0.030372143691757003,0.04189566400460001,0.09339259161616553
16.64833850754867,-0.02072346276910388,55.49169091175559,0.9516906142234802,-3.1780436038970947,2.280951976776123,0.024634784788943875,0.02072346276910388,0.07248879766134309
16.63950707295184,0.00028181287667625345,55.51136527165981,0.9519095420837402,-3.177645206451416,2.2784199714660645,0.03346621938577243,0.00028181287667625345,0.05281443775712091
16.664884640813025,-0.027789221201738667,55.53946466990524,0.9526529312133789,-3.1780214309692383,2.2774806022644043,0.008088651524587931,0.027789221201738667,0.024715039511690406
16.628816119353477,0.0005081159564332953,55.5473330478291,0.9523058533668518,-3.1792795658111572,2.2767598628997803,0.044157172984135684,0.0005081159564332953,0.016846661587834433
16.661336357539202,-0.005768180651584093,55.55509555782082,0.9533747434616089,-3.179086208343506,2.276275634765625,0.011636934798410437,0.005768180651584093,0.009084151596113088
16.67248151871737,-0.07896509962525572,55.57626231405869,0.951295018196106,-3.1799240112304688,2.2758429050445557,0.0004917736202436629,0.07896509962525572,0.012082604641754813
16.640480374908567,0.02223587982137949,55.52642583877969,0.9531126618385315,-3.1776273250579834,2.2777180671691895,0.03249291742904603,0.02223587982137949,0.03775387063724622
16.62374982653662,0.051416724550266926,55.565204237792436,0.9535132646560669,-3.179668426513672,2.2751834392547607,0.04922346580099202,0.051416724550266926,0.001024528375502598
16.67108132993752,-0.01213582947388476,55.554187142661206,0.9540461301803589,-3.1785502433776855,2.277376413345337,0.0018919624000943713,0.01213582947388476,0.009992566755727239
16.60179247590232,0.01822558564352737,55.55448084079552,0.9511534571647644,-3.1788835525512695,2.275369644165039,0.07118081643529095,0.01822558564352737,0.009698868621413226
16.656732810038612,-0.05168130327340459,55.553811482256855,0.9508092403411865,-3.178825616836548,2.2754297256469727,0.016240482299000547,0.05168130327340459,0.010368227160078902
16.66969138644142,0.006281006113343983,55.53237151845219,0.9533853530883789,-3.1768760681152344,2.2766611576080322,0.0032819058961912617,0.006281006113343983,0.031808190964746075
16.59680473026092,-0.0003326247220399565,55.50301878049406,0.9497253894805908,-3.177541732788086,2.2782199382781982,0.07616856207669187,0.0003326247220399565,0.061160928922873836
16.66132952735003,-0.05009965220856197,55.554583293633065,0.9519462585449219,-3.1793618202209473,2.2766833305358887,0.011643764987582017,0.05009965220856197,0.00959641578386794
16.62187493960945,0.012301113160717895,55.55929953925496,0.9519112706184387,-3.1789042949676514,2.2748053073883057,0.05109835272816099,0.012301113160717895,0.0048801701619751725
16.663380291648327,-0.04074442640873156,55.56676835111237,0.9518036842346191,-3.178095817565918,2.2745752334594727,0.009593000689285702,0.04074442640873156,0.0025886416954392644
16.62267065664776,0.0037690267907200814,55.55301576521855,0.9514543414115906,-3.178067445755005,2.2752304077148438,0.05030263568985305,0.0037690267907200814,0.011163944198386844
16.62813480798377,-0.028265736328774844,55.54229578331621,0.9503889679908752,-3.1787993907928467,2.276604175567627,0.044838484353842745,0.028265736328774844,0.02188392610072043
16.698345737556917,-0.034708201798632814,55.49953538401735,0.9535856246948242,-3.1760518550872803,2.27878475189209,0.02537244521930404,0.034708201798632814,0.06464432539958409
16.65173652666075,-0.010675999266211069,55.507799912913065,0.9519073963165283,-3.176783323287964,2.2784011363983154,0.021236765676864167,0.010675999266211069,0.05637979650386882
16.636653761426068,-0.0058309522389150565,55.54199183989815,0.9516897201538086,-3.178229808807373,2.2761480808258057,0.03631953091154472,0.0058309522389150565,0.022187869518781156
16.624557496405977,0.007617475076826649,55.53896948119042,0.95200115442276,-3.1784913539886475,2.276376485824585,0.048415795931635586,0.007617475076826649,0.025210228226512754
16.620911882936483,0.002019223691059932,55.56150227526229,0.9513446688652039,-3.1806881427764893,2.276184558868408,0.05206140940113002,0.002019223691059932,0.0026774341546413893
16.654610328754032,-0.013495370674313972,55.52800019738338,0.9529151320457458,-3.1794683933258057,2.278512716293335,0.018362963583580694,0.013495370674313972,0.03617951203355574
16.643152686421335,-0.042373864315653834,55.4866775529048,0.9507191777229309,-3.178175926208496,2.280862331390381,0.029820605916277998,0.042373864315653834,0.0775021565121321

Errors:
rotation,[20.663990444843115, 20.244554453366582, 14.847614814379563, 8.234044424117307, 2.8748001518977757, 1.5357920732227628, 1.071686854742893, 0.7746660457622678, 0.4168405138329193, 0.26698106282432077, 0.16566039931252255, 0.11784704521939084, 0.0865624700195696, 0.06059291223801701, 0.061511950528403414, 0.026489267046107618, 0.0915394778872542, 0.09248266788767175, 0.10166471872676154, 0.02402035862970637, 0.09910527070023155, 0.07829001273248404, 0.041371102974281315, 0.13766211572160567, 0.07133983298001192, 0.06827963605085406, 0.05292606879345653, 0.06523560667895997, 0.09498814678333801, 0.12472497241752095, 0.08829256144694406, 0.06433835266924093, 0.08124349923497498, 0.05675806724683134, 0.0680378462914504, 0.14969662674406392]
translation,[0.09908907901583852, 0.09773131526555101, 0.10071469972805591, 0.089665007095169, 0.06835137871540553, 0.05439687919101299, 0.04302386428855076, 0.02806303003388333, 0.0122281214818587, 0.0020407939757172144, 0.004138516880202836, 0.005160892359699076, 0.006857698235294585, 0.006916427811312964, 0.006412664801567658, 0.006586243798905933, 0.006661213226393237, 0.006984387038887263, 0.00671107436399776, 0.006227745824732622, 0.007784412902400284, 0.007877571206496015, 0.008111187548733412, 0.007568763661528699, 0.006476050972050729, 0.007907917413995769, 0.008702259766051768, 0.008436795673218533, 0.007333225000674126, 0.007512220963848293, 0.007549396975982781, 0.007733762631255026, 0.007324270651525744, 0.005852488215607465, 0.005127531884918213, 0.005336747854578938]
loss,
[0.15171438455581665, 0.14523719251155853, 0.09691569209098816, 0.08920537680387497, 0.02769014798104763, 0.009618306532502174, 0.006440329365432262, 0.0036019952967762947, 0.0022832434624433517, 0.0018933061510324478, 0.0018679266795516014, 0.0019038151949644089, 0.0017288404051214457, 0.0015560332685709, 0.001585051417350769, 0.0017097954405471683, 0.0016802845057100058, 0.0017581925494596362, 0.0018532357644289732, 0.0017647556960582733, 0.0018579463940113783, 0.001851966604590416, 0.0017997324466705322, 0.0017616762779653072, 0.0018595050787553191, 0.0020071666222065687, 0.0019686156883835793, 0.0017375726019963622, 0.0018367836019024253, 0.001798791578039527, 0.0017637878190726042, 0.0018957264255732298, 0.0018930057995021343, 0.0018187174573540688, 0.0015862940344959497, 0.0016990425065159798]

2022-04-21 12:26:29.242151