2022-04-28 13:21:58.587443

reference phi, theta, psi, translation: -33.091320547511735, -0.0, 74.32085247222868, -2.1190009117126465, -3.251617431640625, 1.089412808418274

phi,theta,psi,rot_x,rot_y,rot_z,phi_err,theta_err,psi_err
-22.822884158753556,1.294954214858955,81.82337814338081,-1.5357718467712402,-3.6827800273895264,0.7731812596321106,10.268436388758179,1.294954214858955,7.502525671152128
-24.373738373960187,3.009767224729727,82.76123824850443,-1.6497584581375122,-3.6306068897247314,0.6806252598762512,8.717582173551548,3.009767224729727,8.440385776275747
-26.548176907557938,7.841970892157207,84.68671638685521,-1.8069864511489868,-3.5877106189727783,0.4770677089691162,6.543143639953797,7.841970892157207,10.36586391462653
-26.39792982129058,9.152812270336034,82.3926675805122,-1.734153389930725,-3.6022226810455322,0.6528846025466919,6.693390726221153,9.152812270336034,8.071815108283516
-27.25924399638587,11.229279772710084,81.03126061476691,-1.7460572719573975,-3.574007987976074,0.7345438599586487,5.832076551125866,11.229279772710084,6.710408142538228
-27.4511108403607,11.92161597422033,80.41866777829765,-1.7369085550308228,-3.568403959274292,0.7656811475753784,5.640209707151037,11.92161597422033,6.097815306068966
-27.400220808402224,12.418902827761334,79.52950009176703,-1.7150975465774536,-3.570066213607788,0.8161569833755493,5.691099739109511,12.418902827761334,5.208647619538354
-27.050912981416726,12.736435561768868,78.41935529501902,-1.6704026460647583,-3.5736589431762695,0.8818240165710449,6.040407566095009,12.736435561768868,4.098502822790337
-26.972765372028025,11.785085986796606,77.83559268703637,-1.6636629104614258,-3.5652718544006348,0.9183773994445801,6.11855517548371,11.785085986796606,3.514740214807688
-27.52088805292155,10.69389068033078,77.00285602342841,-1.6885244846343994,-3.537471294403076,0.9714817404747009,5.570432494590186,10.69389068033078,2.6820035511997276
-28.418629334407807,9.784177770438541,76.30292555804219,-1.740430474281311,-3.4982244968414307,1.0039197206497192,4.672691213103928,9.784177770438541,1.9820730858135107
-28.41741697583013,8.101073827902947,75.90876217122992,-1.7570968866348267,-3.479100227355957,1.0229994058609009,4.673903571681606,8.101073827902947,1.5879096990012442
-29.57273152110674,6.996198311409167,75.68030600387134,-1.8351595401763916,-3.435698986053467,1.0301392078399658,3.518589026404996,6.996198311409167,1.3594535316426573
-30.422666601044785,5.034661506990228,73.91181976359329,-1.889897346496582,-3.3706130981445312,1.1285028457641602,2.66865394646695,5.034661506990228,0.40903270863539376
-32.68945612241028,1.6873233654588138,72.07147993324672,-2.028503179550171,-3.2427663803100586,1.244709849357605,0.4018644251014578,1.6873233654588138,2.2493725389819588
-33.61997377417613,-0.44606772845568005,74.27957080888513,-2.1527860164642334,-3.227041006088257,1.0905661582946777,0.528653226664396,0.44606772845568005,0.04128166334355399
-33.20267312155045,0.014856216974602834,74.14495461053333,-2.121516227722168,-3.2443227767944336,1.1011192798614502,0.1113525740387118,0.014856216974602834,0.17589786169534705
-33.24978435135061,-0.05664762401093701,74.28064997877398,-2.126079797744751,-3.244927167892456,1.0923103094100952,0.15846380383887748,0.05664762401093701,0.04020249345470006
-33.402422003827475,-0.11043462956318877,74.2035439732337,-2.136451244354248,-3.2380239963531494,1.0960739850997925,0.3111014563157397,0.11043462956318877,0.11730849899497287
-33.29533146783084,-0.01064813467547026,74.17499378250305,-2.1290478706359863,-3.245187759399414,1.1003646850585938,0.2040109203191065,0.01064813467547026,0.1458586897256282
-33.31072671422005,-0.08007609820253044,74.1879643117369,-2.132422924041748,-3.243316173553467,1.1004644632339478,0.21940616670831758,0.08007609820253044,0.132888160491774
-33.3051362043844,-0.03715677587087001,74.31698658515845,-2.131545066833496,-3.2459189891815186,1.0913704633712769,0.21381565687266146,0.03715677587087001,0.003865887070233498
-33.29419424133403,-0.02493073165512515,74.15754947936284,-2.129962682723999,-3.243431568145752,1.1019083261489868,0.2028736938222977,0.02493073165512515,0.16330299286583738
-33.29870558128083,-0.17060361736328364,74.31063450923034,-2.1344363689422607,-3.245520830154419,1.091968059539795,0.20738503376909279,0.17060361736328364,0.010217962998339658
-33.230622255634145,-0.10643553980268249,74.2388970323777,-2.1285362243652344,-3.247316360473633,1.096665859222412,0.13930170812241016,0.10643553980268249,0.08195543985098652
-33.22986068954169,0.06898304269154917,74.21146016248176,-2.12519907951355,-3.248342990875244,1.097955584526062,0.13854014202995302,0.06898304269154917,0.10939230974692293
-33.27640501364074,-0.005424184602966274,74.20333223736944,-2.129404067993164,-3.2461163997650146,1.098474144935608,0.18508446612900542,0.005424184602966274,0.11752023485924212
-33.255576351766784,0.014690430966858792,74.20362593550375,-2.1275830268859863,-3.2462170124053955,1.098775029182434,0.16425580425504904,0.014690430966858792,0.11722653672492811
-33.30876644992826,-0.023458999058468488,74.16980283873384,-2.1304242610931396,-3.2433738708496094,1.1001403331756592,0.21744590241652162,0.023458999058468488,0.1510496334948357
-33.26835905079846,-0.07971181319799943,74.25291258055456,-2.129338502883911,-3.245213508605957,1.0954787731170654,0.17703850328672388,0.07971181319799943,0.06793989167411496
-33.25824012554309,-0.0004792955073826184,74.27605326146256,-2.1283504962921143,-3.2476134300231934,1.0945684909820557,0.16691957803135438,0.0004792955073826184,0.04479921076611504
-33.32259075280837,-0.03697232589256814,74.22423944641885,-2.1330301761627197,-3.2448248863220215,1.097146987915039,0.23127020529663156,0.03697232589256814,0.09661302580983033
-33.196577177716215,0.008973147869870184,74.17733653738837,-2.1246585845947266,-3.2478599548339844,1.0998597145080566,0.1052566302044795,0.008973147869870184,0.143515934840309
-33.266450012925446,0.0308448651380105,74.17771219779272,-2.1267471313476562,-3.2466039657592773,1.1000133752822876,0.17512946541371122,0.0308448651380105,0.14314027443596444
-33.21622080176917,0.019481865925619082,74.24072752307525,-2.1247193813323975,-3.248141288757324,1.0964843034744263,0.12490025425743312,0.019481865925619082,0.08012494915342927
-33.276138636263106,0.012076736350416775,74.14891612025194,-2.127638101577759,-3.244662046432495,1.1028932332992554,0.18481808875137062,0.012076736350416775,0.17193635197673984

Errors:
rotation,[19.06591627476926, 20.167735174557023, 24.750978446737534, 23.918018104840705, 23.77176446637418, 23.659640987440334, 23.3186501864092, 22.875345950654214, 21.418381377088004, 18.946326726120695, 16.43894206935598, 14.362887098585798, 11.87424086945682, 8.112348162092573, 4.33856032954223, 1.01600261846363, 0.30210665270866166, 0.2553139213045146, 0.5388445848739014, 0.360517744720205, 0.432370425402622, 0.254838319813765, 0.39110741834326024, 0.3882066141307161, 0.3276926877760792, 0.31691549446842515, 0.30802888559121383, 0.29617277194683594, 0.3919545349698258, 0.32469020815883826, 0.21219808430485204, 0.36485555699903005, 0.2577457129146587, 0.34911460498768615, 0.22450706933648146, 0.36883117707852725]
translation,[0.03326186669987141, 0.014394459833788176, 0.014172111269736831, 0.019741831020176015, 0.013843649975674666, 0.010730191840019998, 0.012760779299004099, 0.011011126236140534, 0.008964400536577877, 0.007261128237956882, 0.003041005527311569, 0.0014819177702376507, 0.002106189177839113, 0.00542865440367013, 0.008734002266470142, 0.0015364901799079789, 0.0013740428198207866, 0.0008797018468680307, 7.447578492758566e-05, 0.0030860204491283127, 0.0033907143313109955, 0.0025497064010853165, 0.0025778917015193414, 0.003919732909519524, 0.003521662956147864, 0.002939633700319355, 0.0035058997864858554, 0.0027080014862796986, 0.002292663170045728, 0.0019302458506382791, 0.003093226063211496, 0.00402127604617597, 0.002784700215302749, 0.002916123552627603, 0.002124286218502469, 0.002609852824330794]
loss,
[0.18215781450271606, 0.15949647128582, 0.11921968311071396, 0.10815414041280746, 0.09318598359823227, 0.09296922385692596, 0.078746497631073, 0.0888184905052185, 0.073272705078125, 0.07928433269262314, 0.07886161655187607, 0.061329059302806854, 0.07208593189716339, 0.04820122942328453, 0.02502785623073578, 0.0019598896615207195, 0.0009244622197002172, 0.0011089639738202095, 0.002283794805407524, 0.0013600734528154135, 0.001840983866713941, 0.0014465994900092483, 0.0011476501822471619, 0.0011429695878177881, 0.0013653443893417716, 0.0022854250855743885, 0.0009490264346823096, 0.001124831149354577, 0.0013124828692525625, 0.0014820441137999296, 0.0013105039251968265, 0.0014867510180920362, 0.0016783575993031263, 0.0016055433079600334, 0.0016382945468649268, 0.001687684329226613]

2022-04-28 13:24:33.120433