2022-04-21 12:57:45.570862

reference phi, theta, psi, translation: 175.36684180812657, -0.0, 39.4597479484966, 0.2069414258003235, 2.553555727005005, 3.112318754196167

phi,theta,psi,rot_x,rot_y,rot_z,phi_err,theta_err,psi_err
-174.60268024378553,2.426304892454245,32.24175771288345,-0.3459881842136383,2.1274664402008057,3.6064906120300293,10.030477948087878,2.426304892454245,7.217990235613151
-174.64584703934003,1.308837170518725,30.807598987193778,-0.2967168688774109,2.065547227859497,3.633906126022339,9.98731115253338,1.308837170518725,8.65214896130282
-174.76384538744117,1.1999824805353576,30.012138080981167,-0.289718359708786,2.0513157844543457,3.6270720958709717,9.869312804432298,1.1999824805353576,9.447609867515432
-176.31880625388627,2.5651091586656625,32.244885939523314,-0.3275345265865326,2.1932263374328613,3.5089826583862305,8.314351937987169,2.5651091586656625,7.2148620089732844
-178.18915793544588,4.275594116305944,35.69771048950484,-0.35617607831954956,2.4097256660461426,3.315704822540283,6.444000256427557,4.275594116305944,3.762037458991756
179.94391549549218,4.345735385390644,38.88118311447233,-0.2541508376598358,2.5749099254608154,3.170628786087036,4.577073687365612,4.345735385390644,0.5785648340242702
177.51044203762171,1.699312397284389,40.65092610955765,0.02552095614373684,2.6363565921783447,3.0756707191467285,2.1436002294951493,1.699312397284389,1.1911781610610532
174.86377105499844,0.03314290597051045,38.87416851019473,0.22419610619544983,2.513453722000122,3.1291556358337402,0.503070753128128,0.03314290597051045,0.5855794383018704
175.524906045899,0.16979689817866525,39.62509316792427,0.19218681752681732,2.559650421142578,3.10244083404541,0.15806423777243594,0.16979689817866525,0.165345219427671
175.41495366064012,0.09829364305762152,39.396421849606824,0.19873368740081787,2.545985221862793,3.110454797744751,0.048111852513557096,0.09829364305762152,0.06332609888977458
175.4148716983701,0.06860596513140524,39.498802970170736,0.20183336734771729,2.5524091720581055,3.1076083183288574,0.04802989024352655,0.06860596513140524,0.039055021674137436
175.2781586319431,0.0728804012091557,39.46036949571107,0.20760290324687958,2.5501976013183594,3.109517812728882,0.08868317618345145,0.0728804012091557,0.0006215472144717182
175.42540385007027,0.11746303955127801,39.37660064063545,0.19783546030521393,2.5456647872924805,3.1125357151031494,0.05856204194370207,0.11746303955127801,0.08314730786114666
175.41100581129987,0.05664641065792355,39.524522047490414,0.2023414522409439,2.5534121990203857,3.104846715927124,0.044164003173307265,0.05664641065792355,0.0647740989938157
175.2611241401531,0.008664465347524127,39.50768904628092,0.21211834251880646,2.552751064300537,3.1068758964538574,0.10571766797346527,0.008664465347524127,0.04794109778432443
175.39233207410905,0.13249950297931323,39.48447664838663,0.19988028705120087,2.552231788635254,3.107999563217163,0.025490265982483606,0.13249950297931323,0.024728699890033567
175.32192648414457,0.060173817846319894,39.49539812086948,0.20600996911525726,2.551769256591797,3.1086599826812744,0.04491532398199638,0.060173817846319894,0.035650172372882594
175.37981916754958,0.04204229724479341,39.47256138337954,0.20423480868339539,2.5506591796875,3.1081762313842773,0.012977359423018697,0.04204229724479341,0.012813434882943397
175.41888784960207,0.022969242854032876,39.34562914784403,0.20303590595722198,2.543701171875,3.112626314163208,0.0520460414755064,0.022969242854032876,0.11411880065256952
175.50940151648308,0.12413257125749816,39.43084941811828,0.19413359463214874,2.5495193004608154,3.1106443405151367,0.1425597083565151,0.12413257125749816,0.028898530378320686
175.3300270885002,0.007395564693191431,39.44715990985627,0.2092827558517456,2.549276351928711,3.1086223125457764,0.03681471962636351,0.007395564693191431,0.012588038640330979
175.38613026234268,0.03558168534521788,39.44971440060585,0.2044145166873932,2.54944109916687,3.1092426776885986,0.019288454216109585,0.03558168534521788,0.010033547890749617
175.38051584684493,0.1019913034128573,39.46256540152923,0.20179779827594757,2.5501549243927,3.1078855991363525,0.01367403871836359,0.1019913034128573,0.002817453032633921
175.40679841477115,0.13307161356285013,39.415081926419305,0.1973334550857544,2.5484752655029297,3.110944986343384,0.039956606644580006,0.13307161356285013,0.04466602207729409
175.32860640915283,0.01570863268828115,39.47904664799647,0.2083006203174591,2.550056219100952,3.108100652694702,0.03823539897373962,0.01570863268828115,0.01929869949987051
175.40948950930414,0.09022768206107432,39.4323691352086,0.2005557119846344,2.5493545532226562,3.109969139099121,0.04264770117757166,0.09022768206107432,0.02737881328799574
175.4110467924349,-0.005286657861631519,39.48546019562711,0.20631398260593414,2.5513858795166016,3.108999252319336,0.04420498430832254,0.005286657861631519,0.025712247130513788
175.37734663907005,0.04920998318946334,39.472971194729745,0.20487070083618164,2.5511527061462402,3.1087589263916016,0.010504830943489196,0.04920998318946334,0.013223246233145858
175.3971268669064,0.0638497263153278,39.45289043856991,0.20221002399921417,2.5498480796813965,3.109280586242676,0.03028505877983889,0.0638497263153278,0.006857509926689431
175.39873879155053,-0.002047633930516657,39.495039535938055,0.20581021904945374,2.551431179046631,3.107980966567993,0.03189698342396241,0.002047633930516657,0.03529158744145633
175.3298631639601,0.07560011912802798,39.46379483557983,0.20495294034481049,2.5499536991119385,3.1087329387664795,0.03697864416645302,0.07560011912802798,0.004046887083234196
175.36509327969904,0.1396242682402479,39.4672406660161,0.1991422176361084,2.5509133338928223,3.1085972785949707,0.0017485284275267077,0.1396242682402479,0.0074927175195043105
175.40162113138027,0.07881179955883011,39.53372231230242,0.20147305727005005,2.5545127391815186,3.105215072631836,0.03477932325370148,0.07881179955883011,0.07397436380582434
175.34028603263354,0.07880196262772346,39.460205571170995,0.2045462429523468,2.549976110458374,3.108952045440674,0.026555775493022793,0.07880196262772346,0.00045762267439641846
175.37812528063543,0.07933111685719609,39.47468557221142,0.20319029688835144,2.5510833263397217,3.109337091445923,0.011283472508864634,0.07933111685719609,0.014937623714821768
175.38339818667467,0.08753224640992646,39.45289726875908,0.20186534523963928,2.5503201484680176,3.110321044921875,0.016556378548102657,0.08753224640992646,0.006850679737517851

Errors:
rotation,[19.674773076155276, 19.948297284354926, 20.516905152483087, 18.094323105626117, 14.481631831725258, 9.501373906780525, 5.034090787840592, 1.1217930974005088, 0.4932063553787722, 0.20973159446095319, 0.15569087704906923, 0.16218512460707887, 0.25917238935612674, 0.16558451282504652, 0.16232323110531383, 0.1827184688518304, 0.14073931420119887, 0.06783309155075551, 0.1891340849821088, 0.29559080999233395, 0.05679832295988592, 0.06490368745207709, 0.1184827951638548, 0.21769424228472423, 0.07324273116189128, 0.16025419652664172, 0.07520388930046784, 0.0729380603660984, 0.10099229502185612, 0.0692362047959354, 0.1166256503777152, 0.14886551418727892, 0.18756548661835593, 0.10581536079514267, 0.10555221308088249, 0.11093930469554697]
translation,[0.170370405351016, 0.15931267367277435, 0.14588986474832044, 0.11983249747852653, 0.08318006294066826, 0.061259309407732054, 0.01989298982554555, 0.011262101909317757, 0.00448193813954223, 0.006645647161566792, 0.004621812544521653, 0.004255624822568471, 0.0052839909511783745, 0.0060910584392761535, 0.004441601622661828, 0.004529703103884231, 0.004004130431100705, 0.005171353196145034, 0.006196307060885253, 0.0044869610406452765, 0.005443561111588835, 0.005110293877407024, 0.005838107729223552, 0.004760070047531428, 0.0054033614702238, 0.004798082348311361, 0.003969567165992949, 0.004376514765201733, 0.004934609779668975, 0.004752716431467796, 0.005151921021135486, 0.004940370420071893, 0.00515225450492629, 0.004989219659437438, 0.004059226105454172, 0.003849414381183358]
loss,
[0.11121833324432373, 0.09393355250358582, 0.10184114426374435, 0.07819347083568573, 0.0536394938826561, 0.04462125152349472, 0.018134646117687225, 0.0033029268961399794, 0.002042312640696764, 0.001190240029245615, 0.0012754551135003567, 0.0010301759466528893, 0.0014459149679169059, 0.001278748968616128, 0.0017818138003349304, 0.0015158792957663536, 0.0010910936398431659, 0.001050803461112082, 0.0017984847072511911, 0.00192162673920393, 0.0013630737084895372, 0.001726033166050911, 0.001134093152359128, 0.0014756096061319113, 0.0015777533408254385, 0.0013552762102335691, 0.0021209754049777985, 0.0009876773692667484, 0.001362106529995799, 0.0022253072820603848, 0.0008793313754722476, 0.0013429829850792885, 0.00197310047224164, 0.001401845715008676, 0.0014291554689407349, 0.0013407625956460834]

2022-04-21 13:02:26.570244