2022-04-19 13:45:35.349948

reference phi, theta, psi, translation: 175.36684180812657, -0.0, 39.4597479484966, 0.2069414258003235, 2.553555727005005, 3.112318754196167

phi,theta,psi,rot_x,rot_y,rot_z,phi_err,theta_err,psi_err
-174.60268024378553,2.426304892454245,32.24175771288345,-0.3459881842136383,2.1274664402008057,3.6064906120300293,10.030477948087878,2.426304892454245,7.217990235613151
-174.38000241646478,2.0439190309942115,32.524421676589846,-0.33832651376724243,2.1471636295318604,3.594017267227173,10.253155775408686,2.0439190309942115,6.935326271906753
-174.77223285974193,1.0901007716719795,33.99224298960392,-0.3113284409046173,2.273347854614258,3.501781940460205,9.860925332131501,1.0901007716719795,5.467504958892675
-177.9550736922112,3.348633076519357,33.84668482820178,-0.30404970049858093,2.3144919872283936,3.470463275909424,6.678084499662248,3.348633076519357,5.613063120294818
179.10500434087453,5.107855372073005,35.021897422077934,-0.2837647497653961,2.398160457611084,3.4154775142669678,3.738162532747964,5.107855372073005,4.437850526418664
177.93810750231287,3.789479069434703,38.056017715559335,-0.13995543122291565,2.5769269466400146,3.2817091941833496,2.571265694186309,3.789479069434703,1.4037302329372636
176.92008146690083,2.6031307673722357,38.461611423947616,-0.013794248923659325,2.588449001312256,3.251847743988037,1.5532396587742596,2.6031307673722357,0.9981365245489826
176.68986311073638,1.6883460429108361,38.53394654235264,0.047620199620723724,2.5775527954101562,3.238431215286255,1.323021302609817,1.6883460429108361,0.925801406143961
176.20625839674278,1.1870398007707956,38.3487562082915,0.09865875542163849,2.5505566596984863,3.2297723293304443,0.839416588616217,1.1870398007707956,1.110991740205101
175.7285549661921,0.4812383339227338,38.53558920284802,0.16132819652557373,2.5452771186828613,3.201983690261841,0.36171315806552684,0.4812383339227338,0.924158745648576
175.63700311055726,0.11307436587226603,39.18997596684861,0.18939843773841858,2.5639963150024414,3.155080556869507,0.2701613024306937,0.11307436587226603,0.26977198164799177
175.5147973659274,0.19721337879828682,39.13910813300494,0.18876434862613678,2.5477819442749023,3.14138126373291,0.14795555780082736,0.19721337879828682,0.3206398154916599
175.28970165164043,-0.015288553741818993,39.3529476955397,0.2114342451095581,2.5436208248138428,3.1145615577697754,0.07714015648613781,0.015288553741818993,0.10680025295690143
175.3983836217137,0.037240915451351615,39.54815108692408,0.20190313458442688,2.553602933883667,3.1025028228759766,0.03154181358712549,0.037240915451351615,0.0884031384274806
175.26874663126685,0.033474119001467344,39.509205348276666,0.20933090150356293,2.550663471221924,3.10418438911438,0.09809517685971514,0.033474119001467344,0.049457399780067135
175.41529517009863,0.01676064907669749,39.538319029613845,0.2029750496149063,2.5529398918151855,3.1040167808532715,0.04845336197206507,0.01676064907669749,0.07857108111724642
175.27732534886437,0.028851083920167477,39.48701406366329,0.2105153501033783,2.5500593185424805,3.1046671867370605,0.08951645926219953,0.028851083920167477,0.02726611516668953
175.39520075356046,0.038894104354116804,39.446927683424484,0.20301640033721924,2.547790765762329,3.107743978500366,0.028358945433893723,0.038894104354116804,0.012820265072114978
175.3454223348894,0.022336239940118227,39.33601907168182,0.20637401938438416,2.540637731552124,3.112633466720581,0.021419473237159536,0.022336239940118227,0.12372887681478062
175.36162354360067,0.0953608619717774,39.5682113525164,0.2025814950466156,2.5558931827545166,3.103677272796631,0.005218264525893801,0.0953608619717774,0.10846340401980115
175.39581547058575,0.05888814361910633,39.458877099377425,0.20144996047019958,2.5509681701660156,3.109267473220825,0.02897366245917965,0.05888814361910633,0.0008708491191740109
175.29527508600316,0.02652421189154696,39.51648291483731,0.20871582627296448,2.5532307624816895,3.1071503162384033,0.07156672212340709,0.02652421189154696,0.056734966340712845
175.30520618105638,0.06722069239678202,39.428100266977346,0.20620979368686676,2.5490975379943848,3.110673427581787,0.06163562707018855,0.06722069239678202,0.03164768151925301
175.35393275059525,0.03684536997205061,39.49477315856043,0.2056814432144165,2.553082227706909,3.1096174716949463,0.012909057531317103,0.03684536997205061,0.03502521006382864
175.40005018787116,0.11283205130518388,39.526127141945366,0.19926293194293976,2.554276943206787,3.107753276824951,0.03320837974459323,0.11283205130518388,0.06637919344876764
175.39891637646895,-0.018129599289315894,39.45631577843867,0.20662043988704681,2.5498456954956055,3.1092844009399414,0.03207456834238087,0.018129599289315894,0.003432170057926953
175.3700929781715,0.07367320488475022,39.48168993120527,0.20196279883384705,2.5503382682800293,3.1072115898132324,0.0032511700449333603,0.07367320488475022,0.021941982708668206
175.32885229596295,0.012242380734576097,39.43081526717243,0.20738016068935394,2.5470974445343018,3.1092817783355713,0.037989512163619565,0.012242380734576097,0.028932681324171483
175.41291826426746,0.036600681939097365,39.574290220877714,0.20362091064453125,2.5566303730010986,3.103959798812866,0.04607645614089506,0.036600681939097365,0.11454227238111514
175.32174889922615,-0.06340389198306616,39.50422272527714,0.21321864426136017,2.55141544342041,3.107055425643921,0.04509290890041484,0.06340389198306616,0.04447477678053957
175.39748203674324,0.001080436990109215,39.45688268413978,0.20621156692504883,2.549807548522949,3.107952833175659,0.030640228616675813,0.001080436990109215,0.0028652643568207736
175.3273359939672,0.03517709038089049,39.49541519634241,0.20694611966609955,2.552018880844116,3.106645107269287,0.03950581415935517,0.03517709038089049,0.03566724784580799
175.34366014608355,0.08948705349719445,39.426864002737574,0.20314139127731323,2.548382520675659,3.1101980209350586,0.023181662043015194,0.08948705349719445,0.03288394575902487
175.3423487497629,0.04111319118584454,39.5487145775306,0.20651066303253174,2.5552573204040527,3.106055736541748,0.024493058363674436,0.04111319118584454,0.08896662903400454
175.3361742587532,0.05341844290188197,39.394089340005266,0.20498088002204895,2.547651529312134,3.1131057739257812,0.030667549373362135,0.05341844290188197,0.06565860849133287
175.3131018797369,0.02631750144419113,39.516158480851736,0.20887744426727295,2.553776502609253,3.1076526641845703,0.05373992838966046,0.02631750144419113,0.05641053235513738

Errors:
rotation,[19.674773076155276, 19.23240107830965, 16.418531062696154, 15.639780696476423, 13.283868431239632, 7.764474996558276, 5.1545069506954775, 3.937168751664614, 3.137448129592114, 1.7671102376368366, 0.6530076499509515, 0.6658087520907741, 0.19922896318485822, 0.1571858674659577, 0.18102669564124962, 0.143785092166009, 0.14563365834905653, 0.0800733148601255, 0.1674845899920584, 0.20904253051747235, 0.08873265519745999, 0.1548259003556669, 0.16050400098622358, 0.08477963756719635, 0.21241962449854473, 0.05363633768962372, 0.09886635763835179, 0.07916457422236714, 0.19721941046110758, 0.15297157766402059, 0.0345859299636058, 0.11035015238605364, 0.1455526612992345, 0.15457287858352353, 0.14974460076657697, 0.13646796218898896]
translation,[0.170370405351016, 0.1690779043434354, 0.1554584002967232, 0.15138653050937467, 0.15183455452377181, 0.1437670080248017, 0.12516426311132633, 0.10813231719724303, 0.0854841145958476, 0.06242243540177217, 0.03881984335157096, 0.0179576189133126, 0.004318051075800966, 0.007799785871406506, 0.007987730926783065, 0.006998967596259398, 0.007936367191774707, 0.007383548238593107, 0.007956272341960613, 0.005406304893652347, 0.004273366552887126, 0.004103535565932681, 0.004131198764478761, 0.0024498220021360595, 0.003453711528531578, 0.004709257397683686, 0.006234032577139281, 0.0064120558933593585, 0.004668003946931343, 0.005091524547276904, 0.005782562935541691, 0.005353016714065184, 0.005107017136525727, 0.0037762408142416604, 0.003229495691186024, 0.0033615446531749527]
loss,
[0.16691872477531433, 0.15516623854637146, 0.1172700822353363, 0.06879903376102448, 0.03988095745444298, 0.025958454236388206, 0.0228550024330616, 0.021211501210927963, 0.015307990834116936, 0.011967809870839119, 0.007863123901188374, 0.0033606102224439383, 0.0017215389525517821, 0.003048248589038849, 0.0024059293791651726, 0.0025567819830030203, 0.0025445660576224327, 0.0019607660360634327, 0.0017764156218618155, 0.00213874620385468, 0.002728138118982315, 0.0016051986021921039, 0.0021992791444063187, 0.002067682333290577, 0.002278633415699005, 0.0038611553609371185, 0.0034471345134079456, 0.0017271048855036497, 0.0025142855010926723, 0.0033404796849936247, 0.0027001947164535522, 0.001650473801419139, 0.002273323480039835, 0.0019396443385630846, 0.0018525850027799606, 0.0018417949322611094]

2022-04-19 13:50:19.863613