2022-04-20 16:25:28.378111

reference phi, theta, psi, translation: 164.57178246643477, -4.268868188959204e-07, 11.003265705708584, 0.2046843022108078, 0.7416750192642212, 3.957021951675415

phi,theta,psi,rot_x,rot_y,rot_z,phi_err,theta_err,psi_err
174.68706040079186,1.035587752499106,3.46078983121423,-0.0498787984251976,0.24902896583080292,4.223120212554932,10.115277934357096,1.035588179385925,7.542475874494354
175.02445808541216,1.6825806449904,4.334162705289176,-0.07883701473474503,0.30325382947921753,4.194470405578613,10.452675618977395,1.682581071877219,6.669103000419408
175.35277161843635,1.3154040206638253,6.8704053238457865,-0.0416330061852932,0.49439793825149536,4.116865634918213,10.780989152001581,1.3154044475506443,4.132860381862797
175.71414326704337,1.8414235027426875,9.863171383223701,-0.07595817744731903,0.695112943649292,3.932616949081421,11.1423608006086,1.8414239296295065,1.1400943224848827
173.7600534662594,1.6521022927423703,10.816084371504385,-0.03449564054608345,0.7614482045173645,3.943777322769165,9.188270999824624,1.6521027196291893,0.18718133420419925
173.39788951570864,0.08603789921881268,11.057847454913448,0.08267460763454437,0.764859676361084,3.9354119300842285,8.826107049273872,0.08603832610563157,0.05458174920486414
172.79468818934814,-0.44153175049315657,11.047471543790552,0.12654359638690948,0.7600599527359009,3.934811592102051,8.222905722913367,0.4415313236063377,0.044205838081968096
169.9272791531284,-0.4495430050670312,13.161114563586018,0.1878364533185959,0.9013643860816956,3.8916332721710205,5.355496686693641,0.4495425781802123,2.1578488578774344
166.52315385192907,3.1380735683076026,12.292490378531525,-0.00894119217991829,0.8800003528594971,3.903674602508545,1.9513713854942978,3.1380739951944214,1.2892246728229413
164.4752445727058,0.34984556152543606,10.922541407455496,0.18257325887680054,0.7400439381599426,3.9546926021575928,0.09653789372896426,0.34984598841225495,0.08072429825308802
164.65084873626685,0.19354220370035882,11.047430562655533,0.19402460753917694,0.747317910194397,3.9511237144470215,0.07906626983208298,0.19354263058717772,0.04416485694694927
164.67106609621007,-0.007547924299463003,11.07937791872462,0.20683377981185913,0.7466263771057129,3.950416326522827,0.09928362977530014,0.0075474974126441075,0.07611221301603699
164.61246307313138,0.05529248672320698,11.141017814663048,0.2048932909965515,0.7516648173332214,3.95003080368042,0.04068060669661122,0.055292913610025876,0.137752108954464
164.6642495674184,0.1748661118811357,11.038841599774242,0.19408881664276123,0.7469727396965027,3.9502477645874023,0.0924671009836402,0.1748665387679546,0.03557589406565853
164.62149258321412,0.1258709758515321,11.095766957638066,0.1987999826669693,0.7500922679901123,3.95273756980896,0.049710116779351665,0.12587140273835098,0.09250125192948211
164.603529185697,0.032494790252181716,11.094286514135467,0.20554815232753754,0.7478755712509155,3.9504082202911377,0.03174671926223027,0.03249521713900061,0.09102080842688309
164.68340141785112,0.013128186028478057,11.070786394522392,0.20552359521389008,0.7464621663093567,3.952575445175171,0.11161895141634659,0.013128612915296952,0.0675206888138078
164.65262458545104,0.13310927974850673,11.142137111913284,0.1996009349822998,0.7542483806610107,3.9505136013031006,0.08084211901626759,0.13310970663532562,0.13887140620470007
164.68064202142642,0.024956315301961865,11.03206349079665,0.2046019583940506,0.7435095310211182,3.951960325241089,0.10885955499165334,0.024956742188780762,0.02879778508806652
164.68760881437984,0.1624867335028609,11.019756343685934,0.19329644739627838,0.745518147945404,3.9514682292938232,0.11582634794507385,0.16248716038967978,0.016490637977350175
164.67467243609184,0.1550773043343602,11.085846107868623,0.19649305939674377,0.7497685551643372,3.9479544162750244,0.10288996965707042,0.1550777312211791,0.0825804021600387
164.63154662167238,0.09836339379868367,11.065303460166163,0.20034998655319214,0.7473711967468262,3.9526915550231934,0.05976415523761602,0.09836382068550256,0.0620377544575792
164.69721206035288,0.1087286304915001,11.055677162304677,0.1986236274242401,0.7468801736831665,3.9519433975219727,0.12542959391811337,0.10872905737831899,0.052411456596093586
164.7508700264725,0.15773970970556633,11.040253741385142,0.19449736177921295,0.7470936179161072,3.9509265422821045,0.1790875600377433,0.15774013659238523,0.03698803567655773
164.60709454444373,0.003818604613120094,11.055828280240064,0.206934854388237,0.7450200319290161,3.9536492824554443,0.03531207800895686,0.00381903149993899,0.052562574531480166
164.64731069827678,0.08451766529959034,11.056822926537947,0.20146778225898743,0.7464040517807007,3.9508044719696045,0.07552823184201429,0.08451809218640924,0.05355722082936332
164.59805137398263,-0.011372943539315642,11.140049635348198,0.2094588577747345,0.7504605650901794,3.9510390758514404,0.026268907547859044,0.011372516652496747,0.1367839296396145
164.65403160442006,0.1539157518165489,11.055710459476881,0.196073517203331,0.747626781463623,3.9489939212799072,0.08224913798528632,0.1539161787033678,0.05244475376829705
164.6384724334908,0.016054222657276664,11.057190049205834,0.2056705802679062,0.7452657222747803,3.951953172683716,0.06668996705602126,0.01605464954409556,0.053924343497250504
164.66938586967424,0.15599908327630066,11.060340473960503,0.1955917775630951,0.7483251094818115,3.950590133666992,0.09760340323947503,0.15599951016311955,0.05707476825191904
164.61672511117345,0.12856828389787311,11.061098624958374,0.19830885529518127,0.7476761937141418,3.949801206588745,0.0449426447386827,0.128568710784692,0.05783291924979039
164.67819681370358,0.08487516953978,10.992142742645218,0.19899886846542358,0.7424527406692505,3.951108455657959,0.10641434726881016,0.08487559642659889,0.011122963063366242
164.68327847444607,0.02591718204520892,11.03197469833744,0.20435385406017303,0.7438721656799316,3.9521961212158203,0.11149600801130077,0.025917608932027818,0.028708992628855512
164.6757789267374,0.07723010430114209,11.012768206391364,0.20003831386566162,0.7434048056602478,3.9521095752716064,0.10399646030262488,0.07723053118796099,0.009502500682780024
164.74375296935736,0.14964681807538052,11.016206352864819,0.19411903619766235,0.7452073693275452,3.9509799480438232,0.17197050292259064,0.14964724496219942,0.012940647156234775
164.6522011137225,0.13087555764825815,11.101358321247368,0.19853752851486206,0.750089704990387,3.9512815475463867,0.08041864728772907,0.13087598453507704,0.09809261553878379

Errors:
rotation,[18.693341988237375, 18.804359691274023, 16.229253981415024, 14.12387905272299, 11.027555053658013, 8.966727124584368, 8.708642884601673, 7.962888122751288, 6.3786700535116605, 0.5271081803943072, 0.31677375736620994, 0.18294334020398123, 0.23372562926110108, 0.30290953381725333, 0.26808277144718473, 0.15526274482811397, 0.19226825314545132, 0.3528232318562933, 0.16261408226850063, 0.29480414631210383, 0.3405481030382882, 0.22016573038069778, 0.28657010789252596, 0.37381573230668624, 0.09169368404037602, 0.21360354485778685, 0.1744253538399703, 0.2886100704569512, 0.13666896009736734, 0.3106776816545136, 0.2313442747731651, 0.2024129067587753, 0.1661226095721841, 0.19072949217336588, 0.3345583950410248, 0.3093872473615899]
translation,[0.19962134480110283, 0.17502850637393852, 0.11552580815723967, 0.03682949934222801, 0.014367409243472906, 0.021227098284270163, 0.02158445411034915, 0.03206028349881285, 0.029484743789293333, 0.0036493423311974027, 0.005273935062016122, 0.005458732569214142, 0.004998674466150099, 0.006194598815829622, 0.0029414510349683454, 0.005300661666280071, 0.003437458449676356, 0.00430771553267828, 0.004634297868107318, 0.005304515202187332, 0.007808571425403699, 0.003415611221197601, 0.0043264537595355534, 0.005486264990997469, 0.0025783523205387127, 0.005391174295478862, 0.003999173212192453, 0.007207478867957029, 0.004262221292019142, 0.005534657930716058, 0.006296524741211229, 0.005946340814102946, 0.004348491073462135, 0.004736456178040527, 0.0058017383915283105, 0.004383617720444377]
loss,
[0.061744049191474915, 0.06019178777933121, 0.0510966032743454, 0.03500375524163246, 0.03399394452571869, 0.03319044038653374, 0.031571779400110245, 0.026374563574790955, 0.012087307870388031, 0.0021358055528253317, 0.0017112989444285631, 0.001803149818442762, 0.0017204086761921644, 0.001707566319964826, 0.0019259392283856869, 0.0015466269105672836, 0.0020396828185766935, 0.002214225009083748, 0.0017356540774926543, 0.0017399745993316174, 0.0017502305563539267, 0.0018125203205272555, 0.0013996339403092861, 0.0015860917046666145, 0.0017798186745494604, 0.002221727278083563, 0.0018388646421954036, 0.0012931115925312042, 0.0017398474738001823, 0.0016643665730953217, 0.0016628489829599857, 0.0017567535396665335, 0.002235391642898321, 0.0016617551445960999, 0.0015968246152624488, 0.0015807854942977428]

2022-04-20 16:34:30.063416