2022-04-19 18:16:45.656658

reference phi, theta, psi, translation: -139.02455270626928, -8.537736090602699e-07, 56.38966954231551, -2.2014424800872803, 2.5346622467041016, 2.231398344039917

phi,theta,psi,rot_x,rot_y,rot_z,phi_err,theta_err,psi_err
-129.04008655489625,6.852725648450977,53.065809209147574,-2.6847352981567383,1.8050535917282104,2.604990243911743,9.984466151373027,6.852726502224586,3.3238603331679357
-129.37748423951655,5.9421264705911385,52.31465915517543,-2.656795024871826,1.7954223155975342,2.6196446418762207,9.647068466752728,5.942127324364748,4.0750103871400825
-130.12258957607324,7.723064542837466,50.61400010845019,-2.6679108142852783,1.684364914894104,2.6608829498291016,8.901963130196037,7.723065396611075,5.775669433865318
-129.11517765463137,8.431698885430464,47.87132057175865,-2.6383187770843506,1.5035957098007202,2.7976016998291016,9.909375051637909,8.431699739204072,8.518348970556858
-128.08931056205213,7.856491768879487,44.04429386281422,-2.5097665786743164,1.3557884693145752,2.9708690643310547,10.935242144217142,7.8564926226530964,12.345375679501288
-129.4061027321389,7.317940943195147,42.227012751105605,-2.3740344047546387,1.3702436685562134,3.0713937282562256,9.618449974130385,7.317941796968756,14.162656791209905
-130.4878544325072,6.943712680777826,41.12098997352169,-2.2923946380615234,1.375716209411621,3.125267744064331,8.536698273762084,6.943713534551435,15.268679568793821
-130.53958628528085,6.979085820470074,40.90439101456224,-2.2796871662139893,1.3693798780441284,3.128889799118042,8.484966420988428,6.979086674243683,15.485278527753266
-130.22542490421696,6.847502076196493,40.57020351885186,-2.2677969932556152,1.3501001596450806,3.142334222793579,8.799127802052311,6.847502929970102,15.819466023463647
-130.7444099981112,6.512503141034704,40.34193859679003,-2.2309205532073975,1.3767503499984741,3.159614324569702,8.280142708158081,6.512503994808313,16.04773094552548
-130.37708242454792,6.251288491402014,39.89881299891253,-2.210611343383789,1.360929012298584,3.180121898651123,8.647470281721354,6.251289345175623,16.490856543402977
-130.64559082119945,6.428569750601512,39.901586055715555,-2.209718942642212,1.3607392311096191,3.1840500831604004,8.378961885069828,6.428570604375121,16.488083486599955
-130.49428847070533,6.489107454922272,40.11407324079465,-2.225430727005005,1.3612494468688965,3.174044370651245,8.530264235563948,6.489108308695881,16.275596301520856
-130.69244591890575,6.306650968414655,39.905004565395146,-2.207676410675049,1.3665484189987183,3.1829593181610107,8.332106787363529,6.306651822188264,16.484664976920364
-130.4516817506628,6.165204846326538,39.98590815611395,-2.21506404876709,1.3699959516525269,3.1807520389556885,8.572870955606476,6.165205700100147,16.40376138620156
-130.39023736888936,6.226155227579883,40.01015874276208,-2.2186214923858643,1.3655351400375366,3.1852705478668213,8.634315337379917,6.226156081353492,16.37951079955343
-130.2668704921006,6.716726526593612,40.13317044971401,-2.2406954765319824,1.3487093448638916,3.1751222610473633,8.757682214168682,6.716727380367221,16.2564990926015
-130.24316973568065,6.67880617367981,39.97169453245115,-2.231977701187134,1.3429229259490967,3.1784985065460205,8.781382970588623,6.678807027453419,16.417975009864357
-130.45385375081887,6.544676666038285,39.8037026147201,-2.2143025398254395,1.3454277515411377,3.18522310256958,8.57069895545041,6.544677519811894,16.585966927595408
-130.31249615575626,6.402493450280318,40.37054684412863,-2.234060764312744,1.3706544637680054,3.1626434326171875,8.712056550513012,6.402494304053927,16.019122698186877
-130.04804489147173,6.508283686543269,39.733047722850905,-2.2192561626434326,1.3331177234649658,3.1919119358062744,8.976507814797543,6.508284540316878,16.656621819464604
-130.1358538034414,6.222799939468937,39.90653452776923,-2.2123539447784424,1.3541778326034546,3.184917449951172,8.888698902827883,6.222800793242546,16.483135014546278
-130.27859109671633,6.356598861760701,39.80717235081847,-2.2091431617736816,1.3514808416366577,3.187232732772827,8.74596160955295,6.35659971553431,16.58249719149704
-130.3958791051438,6.270320015913852,39.64049182940806,-2.1988525390625,1.3520517349243164,3.194577693939209,8.628673601125485,6.2703208696874615,16.749177712907446
-130.26755351101758,6.481198445071843,39.556880068683355,-2.204883098602295,1.333984375,3.196648120880127,8.756999195251694,6.4811992988454525,16.832789473632154
-130.2875932860424,6.500528938597475,39.46183457128804,-2.200075626373291,1.3301640748977661,3.203249931335449,8.736959420226867,6.5005297923710845,16.927834971027472
-130.25642030267048,6.28859933843958,39.19978753359133,-2.1839137077331543,1.327435851097107,3.2165310382843018,8.768132403598798,6.288600192213189,17.189882008724176
-130.3995674072956,6.241327908539428,39.27086931228365,-2.181732177734375,1.3371421098709106,3.2138266563415527,8.624985298973684,6.241328762313037,17.11880023003186
-130.3831476325309,6.3364413438113685,39.51197157489052,-2.1937410831451416,1.341899037361145,3.2037289142608643,8.641405073738383,6.336442197584978,16.877697967424993
-130.27282641705685,6.160973209412286,39.19925819393065,-2.1779048442840576,1.3328285217285156,3.2179107666015625,8.751726289212428,6.160974063185895,17.190411348384856
-130.4115065779648,6.155618422689464,39.35453229942714,-2.1804256439208984,1.3447515964508057,3.212724208831787,8.61304612830449,6.1556192764630735,17.035137242888368
-130.44418220295412,6.199707367454532,39.293142559167066,-2.1799440383911133,1.343066692352295,3.2117042541503906,8.580370503315152,6.199708221228141,17.096526983148443
-130.3945130673098,6.107761028693444,39.63953560292426,-2.1898345947265625,1.3589462041854858,3.1977734565734863,8.630039638959488,6.107761882467053,16.750133939391247
-130.40363820004092,6.22904706815827,39.63302643264524,-2.194507122039795,1.3531792163848877,3.1969850063323975,8.62091450622836,6.229047921931879,16.75664310967027
-130.33528166682743,6.258984101656893,39.44368334356873,-2.189790725708008,1.34108304977417,3.2060952186584473,8.689271039441849,6.258984955430502,16.94598619874678
-130.35839502697877,6.318962428480664,39.39847432145242,-2.1879754066467285,1.3381699323654175,3.209378719329834,8.666157679290507,6.318963282254273,16.99119522086309

Errors:
rotation,[20.161052986765547, 19.664206178257558, 22.40069796067243, 26.859423761398837, 31.137110446371526, 31.099048562309047, 30.74909137710734, 30.949331622985376, 31.46609675548606, 30.840377648491874, 31.389616170299952, 31.295615976044903, 31.294968845780687, 31.123423586472157, 31.14183804190818, 31.23998221828684, 31.730908687137404, 31.8781650079064, 31.701343402857713, 31.133673552753816, 32.141414174579026, 31.594634710616706, 31.6850585165843, 31.64817218372039, 32.0709879677293, 32.16532418362542, 32.24661460453616, 31.98511429131858, 31.855545238748356, 32.10311170078318, 31.80380264765593, 31.876605707691738, 31.487935460817788, 31.60660553783051, 31.89424219361913, 31.97631618240787]
translation,[0.12242333873291766, 0.10947964033062707, 0.09623482172500442, 0.0978057371823855, 0.0875060182342775, 0.08555258385565523, 0.08165199338208318, 0.07522302607029374, 0.07252044552110082, 0.07442960774352159, 0.07400270785800256, 0.07650349982971871, 0.07741093595789028, 0.07648837480685344, 0.07990273700548123, 0.08383354790376618, 0.08240175230954883, 0.07837461493078823, 0.07483721349466066, 0.07642932588931917, 0.07868892144441642, 0.07642593004188658, 0.07560537517518018, 0.07597749801060516, 0.07491334765169189, 0.07624000113602936, 0.07711121972821555, 0.07698332264686414, 0.07704245255057707, 0.07674780462492503, 0.0779110884063492, 0.0763068336735282, 0.07592178841503205, 0.075897831172683, 0.07651442183276114, 0.07716111551251181]
loss,
[0.18967008590698242, 0.14705270528793335, 0.13663563132286072, 0.12412150204181671, 0.12619324028491974, 0.11116278171539307, 0.11564864963293076, 0.10612040013074875, 0.11246810853481293, 0.10833515971899033, 0.10394641011953354, 0.10692062228918076, 0.11449625343084335, 0.11124376952648163, 0.11284500360488892, 0.11444640159606934, 0.11042654514312744, 0.11356054246425629, 0.10819844901561737, 0.10927000641822815, 0.1076180636882782, 0.11381780356168747, 0.1115255206823349, 0.10645665973424911, 0.10998692363500595, 0.107294462621212, 0.11213862150907516, 0.11382671445608139, 0.10905563831329346, 0.11181315779685974, 0.10961401462554932, 0.10853026807308197, 0.1054602861404419, 0.10906394571065903, 0.10639108717441559, 0.10805466026067734]

2022-04-19 18:25:54.710564