2022-04-27 06:07:07.151041

reference phi, theta, psi, translation: 175.36684180812657, -0.0, 39.4597479484966, 0.2069414258003235, 2.553555727005005, 3.112318754196167

phi,theta,psi,rot_x,rot_y,rot_z,phi_err,theta_err,psi_err
-174.60268024378553,2.426304892454245,32.24175771288345,-0.3459881842136383,2.1274664402008057,3.6064906120300293,10.030477948087878,2.426304892454245,7.217990235613151
-174.20334640377158,1.8438633435986806,32.86536081429478,-0.3324185907840729,2.162659168243408,3.579097032546997,10.429811788101858,1.8438633435986806,6.594387134201817
-173.46580891681526,0.5331974083711114,35.246053985353996,-0.3050234019756317,2.3102223873138428,3.464329719543457,11.1673492750582,0.5331974083711114,4.213693963142603
-175.26070066842456,1.483769498668385,37.93849065051093,-0.3288876414299011,2.4543018341064453,3.3315622806549072,9.372457523448873,1.483769498668385,1.5212572979856702
-176.01337385458163,1.2759783029189162,38.571830186584116,-0.287891685962677,2.4994699954986572,3.2969257831573486,8.619784337291776,1.2759783029189162,0.8879177619124832
-175.5247421213589,1.0399323880168048,38.092023057769055,-0.2771061062812805,2.476862668991089,3.3321821689605713,9.108416070514522,1.0399323880168048,1.367724890727544
-175.62746816647592,1.0791904914652097,37.87917728775854,-0.2696487009525299,2.4685704708099365,3.3450491428375244,9.005690025397485,1.0791904914652097,1.5805706607380614
-176.10295861573553,0.7622309436120183,38.68511228906336,-0.23281505703926086,2.5098421573638916,3.3132083415985107,8.530199576137875,0.7622309436120183,0.7746356594332369
-176.7030726965912,0.3450452948663683,40.42595675377036,-0.18864813446998596,2.611508846282959,3.2285919189453125,7.930085495282242,0.3450452948663683,0.9662088052737587
-177.13726782212888,-0.23874415288269096,41.94433854211546,-0.13759133219718933,2.696756601333618,3.159013271331787,7.495890369744529,0.23874415288269096,2.4845905936188615
-177.44588308958674,-0.5896168355211859,41.89294136861111,-0.10005981475114822,2.695012331008911,3.164867401123047,7.187275102286662,0.5896168355211859,2.433193420114513
-177.56627200389738,-1.4698894278609966,42.602485325254136,-0.04837948828935623,2.72908878326416,3.133469343185425,7.066886187976024,1.4698894278609966,3.1427373767575375
-178.3920282141736,-2.082315197394508,43.08837815261967,0.02796080894768238,2.751527786254883,3.108025312423706,6.24112997769987,2.082315197394508,3.62863020412307
-179.3850967383584,-2.196940281966176,44.44442341986649,0.07436797022819519,2.8222501277923584,3.0246458053588867,5.2480614535149925,2.196940281966176,4.98467547136989
-179.68878060923552,-1.9577526013161894,43.80025803395883,0.08194354176521301,2.786174774169922,3.052283763885498,4.944377582637912,1.9577526013161894,4.340510085462235
-179.24158080351813,-2.5255725321929425,43.97096153679038,0.08656395971775055,2.794370174407959,3.0390195846557617,5.3915773883553015,2.5255725321929425,4.511213588293778
-179.15721430689013,-2.124391695974178,43.18163414045244,0.0628223568201065,2.749946355819702,3.0875144004821777,5.47594388498328,2.124391695974178,3.7218861919558393
-179.0974501516525,-2.7149174940537697,43.389586079922644,0.09782864153385162,2.7638537883758545,3.073535680770874,5.535708040220925,2.7149174940537697,3.9298381314260453
-179.40755440034943,-2.6732886666016817,43.518949862802685,0.10757158696651459,2.7672417163848877,3.0638580322265625,5.225603791524009,2.6732886666016817,4.059201914306087
-179.62621607643823,-3.011803842221822,44.09113871523675,0.1274932622909546,2.7914979457855225,3.032686233520508,5.0069421154352085,3.011803842221822,4.631390766740154
-179.41827779734635,-3.153585070550641,42.84908930523744,0.13718916475772858,2.724689245223999,3.0915000438690186,5.214880394527086,3.153585070550641,3.389341356740843
-179.65344121046988,-3.566677075086636,43.57323279123136,0.1673397421836853,2.7568655014038086,3.048281192779541,4.979716981403556,3.566677075086636,4.1134848427347634
179.933301381522,-4.301367549584138,44.94217004053659,0.219037264585495,2.8224432468414307,2.964308261871338,4.566459573395434,4.301367549584138,5.4824220920399895
179.58503003574305,-3.6030163097303665,44.270178463950295,0.19743843376636505,2.7844650745391846,2.99751615524292,4.21818822761648,3.6030163097303665,4.810430515453696
-179.89912311491526,-4.0366324949730465,43.67903583656945,0.20595307648181915,2.7558083534240723,3.0300915241241455,4.734035076958207,4.0366324949730465,4.219287888072849
179.45919063047472,-4.141694094114084,43.607312020095144,0.24368515610694885,2.7475154399871826,3.0288102626800537,4.092348822348157,4.141694094114084,4.147564071598545
179.12691558773196,-5.064906059989812,44.034359352666435,0.31002411246299744,2.763535976409912,2.997584342956543,3.760073779605392,5.064906059989812,4.574611404169836
178.49419418377863,-5.445816986395301,44.05517776925664,0.3613473176956177,2.7588751316070557,2.9898107051849365,3.127352375652066,5.445816986395301,4.595429820760039
177.69298567337947,-6.2220789261365015,44.39091230281403,0.4348793029785156,2.763078212738037,2.9596104621887207,2.3261438652529023,6.2220789261365015,4.931164354317431
177.5808476275862,-6.090072597041031,43.39797013712884,0.43352437019348145,2.7094950675964355,3.008249521255493,2.2140058194596293,6.090072597041031,3.9382221886322384
177.55397766339138,-7.13023337487932,43.32564867910216,0.48932620882987976,2.6999146938323975,2.997283697128296,2.1871358552648132,7.13023337487932,3.86590073060556
176.7954714956831,-7.892689071178308,43.86748758595927,0.5592178702354431,2.707216739654541,2.960613965988159,1.428629687556537,7.892689071178308,4.407739637462669
176.50667743719663,-8.999527527717,44.39264034067404,0.6229360103607178,2.7219038009643555,2.9209587574005127,1.1398356290700633,8.999527527717,4.932892392177443
176.0005604196987,-9.787495629962343,44.31604659932152,0.6876338124275208,2.6975271701812744,2.9159586429595947,0.6337186115721352,9.787495629962343,4.856298650824918
175.53426340506192,-10.705300836108808,44.39569685032762,0.7600777745246887,2.6844756603240967,2.9005303382873535,0.1674215969353554,10.705300836108808,4.9359489018310185
175.23925387443072,-11.17888628840773,44.79590836964993,0.7903046607971191,2.70021653175354,2.866875648498535,0.12758793369584964,11.17888628840773,5.3361604211533304

Errors:
rotation,[19.674773076155276, 18.868062265902356, 15.914240646571914, 12.377484320102928, 10.783680402123176, 11.516073349258871, 11.665451177600756, 10.06706617918313, 9.24133959542237, 10.219225116246083, 10.210085357922361, 11.679512992594558, 11.952075379217447, 12.429677206851059, 11.242640269416336, 12.428363508842022, 11.322221772913299, 12.18046366570074, 11.958094372431777, 12.650136724397184, 11.75780682181857, 12.659878899224955, 14.350249215019563, 12.631635052800542, 12.989955460004103, 12.381606988060785, 13.399591243765041, 13.168599182807405, 13.479387145706834, 12.242300605132899, 13.183269960749694, 13.729058396197514, 15.072255548964506, 15.277512892359397, 15.808671334875182, 16.642634643256912]
translation,[0.170370405351016, 0.1638124542198538, 0.14400555974515594, 0.11990379038711119, 0.11615359502642608, 0.13000977552612802, 0.13491298104481775, 0.1319061245241393, 0.12571761460205977, 0.12468545868618541, 0.12693431401088162, 0.12445732583569491, 0.11995636788357356, 0.1063956277775624, 0.10238309130103485, 0.09823407953615781, 0.10395240180098853, 0.10349083807102133, 0.09881359294648018, 0.09269234898096546, 0.0919919398998017, 0.08230382708102368, 0.06780843326923591, 0.06488518356134954, 0.06988945903380728, 0.0654447586817053, 0.05772895038681902, 0.05310083304564461, 0.04109603088214531, 0.04058728176865678, 0.032451988131817266, 0.019424486427351617, 0.009763354762553966, 0.0002862953641757926, 0.006553815267528407, 0.014323286928648926]
loss,
[0.10428845882415771, 0.09416386485099792, 0.0887221097946167, 0.09494459629058838, 0.09395410120487213, 0.09963563084602356, 0.08359271287918091, 0.09962572902441025, 0.10228832066059113, 0.09257220476865768, 0.10105936229228973, 0.11083841323852539, 0.09681081771850586, 0.09575329720973969, 0.09805106371641159, 0.08982080221176147, 0.1039147675037384, 0.09635819494724274, 0.0837363600730896, 0.09624937176704407, 0.09050339460372925, 0.08468000590801239, 0.09615260362625122, 0.09441473335027695, 0.08802402019500732, 0.09340274333953857, 0.08724111318588257, 0.09233805537223816, 0.07673968374729156, 0.09223401546478271, 0.08300575613975525, 0.07607345283031464, 0.08532597869634628, 0.09284864366054535, 0.0922466367483139, 0.07716016471385956]

2022-04-27 06:09:39.749556