2022-04-27 05:56:49.440673

reference phi, theta, psi, translation: 164.57178246643477, -4.268868188959204e-07, 11.003265705708584, 0.2046843022108078, 0.7416750192642212, 3.957021951675415

phi,theta,psi,rot_x,rot_y,rot_z,phi_err,theta_err,psi_err
174.68706040079186,1.035587752499106,3.46078983121423,-0.0498787984251976,0.24902896583080292,4.223120212554932,10.115277934357096,1.035588179385925,7.542475874494354
174.50354687817196,1.0662255002174263,3.440396807343276,-0.05300188809633255,0.2508867383003235,4.227208614349365,9.931764411737191,1.0662259271042454,7.562868898365307
171.52833013609276,0.8532016968009876,2.584157889688131,-0.046740587800741196,0.22100350260734558,4.247106075286865,6.9565476696579935,0.8532021236878065,8.419107816020453
166.76477862400745,0.6543435820016642,-0.18379881641988285,-0.04628492519259453,0.00402301549911499,4.256586074829102,2.1929961575726793,0.6543440088884831,11.187064522128466
165.45922894529454,-0.7761641928947582,1.2368395764881757,0.07767153531312943,0.06249835342168808,4.211889743804932,0.887446478859772,0.7761637660079393,9.766426129220408
165.11247390151132,0.038562566959297,2.681786692693589,0.04603772982954979,0.17981214821338654,4.185479164123535,0.5406914350765533,0.038562993846115896,8.321479013014995
164.87440082780137,1.1899434304658578,5.9953863741808675,0.031889766454696655,0.43477100133895874,4.134973049163818,0.3026183613665978,1.1899438573526768,5.007879331527716
165.20368424768768,2.123030741557984,9.11402342845201,0.023489614948630333,0.6702275276184082,4.053449630737305,0.6319017812529069,2.1230311684448027,1.8892422772565745
164.49234736638752,1.3212217440629845,11.476748933125855,0.12805946171283722,0.8016056418418884,3.97343111038208,0.07943510004724885,1.3212221709498035,0.47348322741727067
164.5969722040938,-0.05386977463959364,10.969720085373712,0.2083171010017395,0.738344669342041,3.9513509273529053,0.02518973765901933,0.05386934775277474,0.03354562033487163
164.44700857067699,-0.004336330373642756,11.108677722716683,0.20904244482517242,0.7482057809829712,3.9512698650360107,0.12477389575778375,0.00433590348682386,0.10541201700809921
164.5904288828689,-0.03864970087416376,11.133595106582536,0.21310202777385712,0.7499775886535645,3.9549405574798584,0.018646416434137336,0.03864927398734486,0.1303294008739524
164.3889656231102,-0.09946025070186935,11.188457747317017,0.21935033798217773,0.7504837512969971,3.9506611824035645,0.18281684332455939,0.09945982381505046,0.18519204160843294
164.4470222310553,-0.3476694164076955,11.22148598082226,0.23641319572925568,0.7472607493400574,3.950253486633301,0.1247602353794548,0.3476689895208766,0.21822027511367637
164.55612767285712,0.3000603633648777,11.317018982969582,0.19218605756759644,0.7680773735046387,3.950415849685669,0.01565479357765298,0.3000607902516966,0.31375327726099833
164.50666344288788,0.06693068951279567,11.225072683910163,0.20601949095726013,0.758085310459137,3.95477557182312,0.06511902354688459,0.06693111639961456,0.22180697820157924
164.60399363856055,0.244703093759197,11.036662769429007,0.19075457751750946,0.7505286335945129,3.9640698432922363,0.03221117212578406,0.2447035206460159,0.0333970637204235
164.55812208809473,0.14908960753808242,11.22952425970172,0.2014126181602478,0.7600184679031372,3.95393967628479,0.01366037834003464,0.14909003442490132,0.22625855399313544
164.5479314458531,-0.06532483980294046,11.045890354997695,0.21145844459533691,0.7430887818336487,3.955288887023926,0.023851020581673765,0.06532441291612157,0.04262464928911136
164.55335461605407,0.14549765592595512,11.232828363712713,0.2016259878873825,0.7598940134048462,3.956627130508423,0.018427850380703603,0.14549808281277402,0.229562658004129
164.53280940703067,0.116560746425026,11.01474383860879,0.19949017465114594,0.745469331741333,3.961437702178955,0.038973059404099786,0.11656117331184489,0.011478132900206717
164.46644728905483,0.11846912497478199,11.07099642283937,0.20142750442028046,0.7479895353317261,3.955911874771118,0.10533517737994202,0.11846955186160088,0.06773071713078593
164.50488759370367,-0.11968101044732327,11.140048781574551,0.21860532462596893,0.7493318319320679,3.9586100578308105,0.06689487273109762,0.11968058356050437,0.13678307586596716
164.47325015746816,0.05289495379275902,11.242020090788257,0.20838208496570587,0.7582785487174988,3.951420307159424,0.09853230896661103,0.052895380679577914,0.23875438507967317
164.5206380099297,-0.11681903893069,11.064415535574062,0.2155863642692566,0.742397129535675,3.9545390605926514,0.051144456505056723,0.1168186120438711,0.06114982986547801
164.44908494818466,0.038311706749732756,11.121968417067881,0.20786871016025543,0.7490770220756531,3.9546291828155518,0.12269751825010644,0.03831213363655165,0.11870271135929755
164.49684163086138,0.114877484682688,11.15665809408873,0.20131917297840118,0.7535940408706665,3.9527039527893066,0.07494083557338627,0.1148779115695069,0.15339238838014602
164.4598493263166,-0.055402665694495534,11.075743404312528,0.21297435462474823,0.744877815246582,3.9540793895721436,0.11193314011816824,0.05540223880767664,0.07247769860394371
164.44405792895554,0.05574011890926347,11.32364341269085,0.21019920706748962,0.7625725269317627,3.9450063705444336,0.1277245374792244,0.05574054579608236,0.3203777069822653
164.4830173279813,-0.15246351500678793,11.105834656474666,0.21970711648464203,0.7434444427490234,3.9516866207122803,0.088765138453482,0.15246308811996903,0.10256895076608252
164.4013555862646,-0.17441891759814548,11.240689911447397,0.22515930235385895,0.752935528755188,3.946321487426758,0.17042688017016872,0.1744184907113266,0.2374242057388134
164.45635226946155,-0.24029526392840825,11.243883878658025,0.22936299443244934,0.7523166537284851,3.950352907180786,0.11543019697322165,0.24029483704158935,0.240618172949441
164.5143132547583,0.051821739762388394,11.117935190362989,0.20583926141262054,0.7499098181724548,3.951392412185669,0.05746921167647656,0.05182216664920729,0.11466948465440474
164.4845882714904,0.023793135824714224,11.253166105740071,0.21072258055210114,0.7587991952896118,3.953160285949707,0.08719419494437375,0.02379356271153312,0.24990040003148728
164.52380721770461,-0.035884492643337706,11.017852428454793,0.21037857234477997,0.7411190867424011,3.9553818702697754,0.04797524873015391,0.03588406575651881,0.014586722746209091
164.52021453820117,-0.10603396003266653,11.147248654733392,0.21702183783054352,0.7496864795684814,3.955853223800659,0.05156792823359524,0.10603353314584764,0.14398294902480835

Errors:
rotation,[18.693341988237375, 18.560859237206742, 16.22885760936625, 14.034404688589628, 11.430036374088118, 8.900733441937664, 6.500441550246991, 4.6441752269542835, 1.874140498414323, 0.1126047057466657, 0.23452181625270682, 0.1876250912954346, 0.4674687087480428, 0.6906495000140078, 0.6294688610903478, 0.3538571181480784, 0.3103117564922234, 0.3890089667580714, 0.1318000827869067, 0.3934885911976066, 0.1670123656161514, 0.29153544637232887, 0.32335853215756916, 0.3901820747258621, 0.22911289841440585, 0.2797123632459556, 0.34321113552303917, 0.2398130775297886, 0.5038427902575721, 0.3437971773395335, 0.5822695766203088, 0.596343206964252, 0.2239608629800886, 0.36088815768739413, 0.09844603723288181, 0.3015844104042512]
translation,[0.19962134480110283, 0.20384996755643225, 0.22198022500553538, 0.22571071115786445, 0.18194054037889185, 0.15846388433142167, 0.12676057450972245, 0.07742444564595363, 0.024376691689891317, 0.005992504667150733, 0.004213931268401971, 7.02728493973126e-05, 0.0038389682343851206, 0.0038727099998503434, 0.002150902731820281, 0.0009161365386036735, 0.007872244560370945, 0.00022745519959865845, 0.0010909627221362683, 0.002850547774431611, 0.004773664133312927, 8.683496765637955e-05, 0.003704436935813682, 0.0022169030432399595, 0.0017356274633915092, 0.0008165369384309784, 0.00219580166601574, 0.001867821461815744, 0.007601117847864103, 0.004119092534593527, 0.007317039505723599, 0.003241636610133547, 0.003941728210506312, 0.00029071722215867624, 0.0014189391340870827, 0.000980102568686192]
loss,
[0.09932790696620941, 0.11331164836883545, 0.088507741689682, 0.04703774303197861, 0.03193680942058563, 0.03486410528421402, 0.027851101011037827, 0.01172361895442009, 0.006645306013524532, 0.004003030713647604, 0.0042262631468474865, 0.0036521032452583313, 0.002701228018850088, 0.004766114987432957, 0.0030036100652068853, 0.0029703695327043533, 0.0035788523964583874, 0.0036662069614976645, 0.003711816854774952, 0.002496314700692892, 0.002631555078551173, 0.0037449481897056103, 0.0030813999474048615, 0.0041411686688661575, 0.0033461793791502714, 0.003342442214488983, 0.0038036974146962166, 0.0032362747006118298, 0.0051571703515946865, 0.004378550220280886, 0.0037722166161984205, 0.003972772508859634, 0.003653594059869647, 0.0032250122167170048, 0.0030090934596955776, 0.003854088019579649]

2022-04-27 05:59:21.692437