2022-04-28 17:49:37.853720

reference phi, theta, psi, translation: -33.091320547511735, -0.0, 74.32085247222868, -2.1190009117126465, -3.251617431640625, 1.089412808418274

phi,theta,psi,rot_x,rot_y,rot_z,phi_err,theta_err,psi_err
-22.822884158753556,1.294954214858955,81.82337814338081,-1.5357718467712402,-3.6827800273895264,0.7731812596321106,10.268436388758179,1.294954214858955,7.502525671152128
-23.466955629560125,1.4553836296686928,81.46053117391304,-1.5670846700668335,-3.659902572631836,0.7988102436065674,9.62436491795161,1.4553836296686928,7.13967870168436
-26.386697575200497,2.419541234749925,79.92155978031494,-1.7036983966827393,-3.5639588832855225,0.9076783657073975,6.704622972311238,2.419541234749925,5.600707308086257
-33.48274161337224,5.519326282352636,77.77163479564837,-2.0199573040008545,-3.336606740951538,1.0219528675079346,0.39142106586050573,5.519326282352636,3.4507823234196877
-37.92404480041635,7.557180142863375,77.56392874298828,-2.253040313720703,-3.163677215576172,0.9829078316688538,4.832724252904612,7.557180142863375,3.2430762707596017
-40.39091788332819,10.307213315226887,73.7481206197556,-2.2807936668395996,-3.02409029006958,1.1562795639038086,7.299597335816458,10.307213315226887,0.5727318524730833
-39.359347582792,9.195072845703798,72.83623572404554,-2.2161166667938232,-3.0382750034332275,1.2205733060836792,6.268027035280262,9.195072845703798,1.484616748183143
-38.93155917469576,8.544743643145514,72.84276538489206,-2.209460496902466,-3.0337133407592773,1.2327797412872314,5.840238627184021,8.544743643145514,1.4780870873366183
-37.895166760605534,7.485847402146669,72.69386043079662,-2.1899619102478027,-3.03006911277771,1.2569488286972046,4.803846213093799,7.485847402146669,1.6269920414320609
-37.70766440751034,7.349299642881051,71.89057554288976,-2.1599109172821045,-3.0330960750579834,1.3081276416778564,4.616343859998608,7.349299642881051,2.430276929338916
-37.719063993235096,6.6552564255792825,71.37622131725279,-2.1647801399230957,-3.0099196434020996,1.3434597253799438,4.627743445723361,6.6552564255792825,2.9446311549758946
-39.50492623476165,7.549227307444539,70.77873685922758,-2.2067043781280518,-2.963128089904785,1.3640493154525757,6.4136056872499125,7.549227307444539,3.5421156130011013
-39.0933800165117,8.043974723524178,70.81238237107905,-2.1708297729492188,-2.9814367294311523,1.3574974536895752,6.002059468999967,8.043974723524178,3.5084701011496264
-38.86116041492044,7.462846901519348,70.85933992162289,-2.1700780391693115,-2.975832462310791,1.361255168914795,5.769839867408706,7.462846901519348,3.4615125506057893
-39.1106911309631,7.429814869181053,71.13389986587907,-2.1907362937927246,-2.9682400226593018,1.3493373394012451,6.019370583451362,7.429814869181053,3.1869526063496068
-38.6312118512282,6.79163902769828,71.51007253441752,-2.196434259414673,-2.9846649169921875,1.3190265893936157,5.539891303716466,6.79163902769828,2.810779937811162
-39.62735054544496,7.154433463188801,70.87298663958458,-2.2336626052856445,-2.9210808277130127,1.362805962562561,6.536029997933227,7.154433463188801,3.447865832644098
-39.099363262224635,6.723273968315575,71.52360996935248,-2.229875087738037,-2.948822498321533,1.3156872987747192,6.0080427147129,6.723273968315575,2.797242502876202
-40.28952372509936,7.645971128736858,71.15759379210984,-2.2665796279907227,-2.9100565910339355,1.3391386270523071,7.198203177587622,7.645971128736858,3.163258680118844
-40.06154908607726,7.383160571688875,71.85655437063393,-2.276934862136841,-2.9348864555358887,1.290395736694336,6.970228538565522,7.383160571688875,2.46429810159475
-39.164639380122445,7.3155908151187115,72.19867171597069,-2.2383549213409424,-2.968541145324707,1.2859911918640137,6.07331883261071,7.3155908151187115,2.1221807562579897
-38.245855993350666,6.725092758477093,72.24761685156301,-2.2006571292877197,-3.0028040409088135,1.2836918830871582,5.154535445838931,6.725092758477093,2.0732356206656704
-38.46427861281851,6.883181443137291,71.85315976661643,-2.1982784271240234,-2.986542224884033,1.306532621383667,5.372958065306776,6.883181443137291,2.467692705612251
-38.41324343934017,6.878625337280548,71.79266478113763,-2.2014083862304688,-2.9830710887908936,1.3071693181991577,5.321922891828436,6.878625337280548,2.5281876910910484
-38.35947619019383,7.002168531199474,72.1705176762119,-2.1981654167175293,-3.003018856048584,1.286708950996399,5.268155642682096,7.002168531199474,2.1503347960167787
-38.468287933861305,7.164719593510541,72.3187054604445,-2.20355224609375,-3.0050063133239746,1.2785260677337646,5.37696738634957,7.164719593510541,2.0021470117841744
-39.226681403448254,7.65364066565595,71.84860403044003,-2.2253024578094482,-2.972811698913574,1.2938494682312012,6.1353608559365185,7.65364066565595,2.4722484417886506
-39.744252648184315,8.010000666606505,71.85857610662825,-2.2458062171936035,-2.9525818824768066,1.2914414405822754,6.6529321006725795,8.010000666606505,2.462276365600431
-39.814207445663584,8.046943964431913,72.39840693786938,-2.260331153869629,-2.9589874744415283,1.2524558305740356,6.722886898151849,8.046943964431913,1.9224455343592979
-39.78116982064823,8.354734406626827,72.61221917964745,-2.2533748149871826,-2.9670867919921875,1.2377578020095825,6.689849273136495,8.354734406626827,1.7086332925812258
-39.49009447897897,8.114922822426253,72.79903168363647,-2.2442338466644287,-2.975489616394043,1.2258155345916748,6.3987739314672325,8.114922822426253,1.5218207885922084
-39.51143540504067,8.06886293738832,72.71223363966395,-2.240633964538574,-2.9697840213775635,1.228945255279541,6.420114857528937,8.06886293738832,1.60861883256473
-39.52975055730006,8.127267020172411,72.84197308294834,-2.2484281063079834,-2.9646453857421875,1.2197725772857666,6.438430009788327,8.127267020172411,1.478879389280337
-39.81967501209418,8.360430698342816,73.10187544124567,-2.262324094772339,-2.960054636001587,1.2017390727996826,6.728354464582445,8.360430698342816,1.2189770309830124
-40.74796602219061,8.584424131657432,72.80444802364829,-2.300297260284424,-2.919276714324951,1.2098664045333862,7.656645474678875,8.584424131657432,1.5164044485803885
-40.954005508693214,8.612670804106491,72.77270130438608,-2.3123703002929688,-2.9034178256988525,1.2165534496307373,7.862684961181479,8.612670804106491,1.5481511678426045

Errors:
rotation,[19.06591627476926, 18.219427249304665, 14.72487151514742, 9.36152967163283, 15.632980666527589, 18.17954250351643, 16.947716629167203, 15.863069357666154, 13.916685656672529, 14.395920432218574, 14.227631026278537, 17.504948607695553, 17.554504293673773, 16.694199319533844, 16.63613805898202, 15.14231026922591, 17.138329293766127, 15.528559185904676, 18.007432986443323, 16.817687211849147, 15.51109040398741, 13.952863824981694, 14.723832214056317, 14.728735920200032, 14.420658969898348, 14.543833991644284, 16.26124996338112, 17.125209132879515, 16.692276396943058, 16.753216972344546, 16.035517542485692, 16.097596627481984, 16.044576419241075, 16.307762193908275, 17.757474054916695, 18.023506933130577]
translation,[0.03326186669987141, 0.029503828911596308, 0.02205137174278793, 0.0009374279070950564, 0.024740108828394725, 0.07081029746273204, 0.07738555416403337, 0.08082797672692221, 0.08687085464023037, 0.08447410493335639, 0.08768211809619908, 0.09281682504446076, 0.1012096402216125, 0.1045741312097932, 0.10296332637578454, 0.09763446854181579, 0.10949644571577988, 0.1069819506914449, 0.10695968683015478, 0.098812635130332, 0.09714341363167289, 0.09316141223669083, 0.09934951002861458, 0.10002182859912878, 0.09340461446967163, 0.0915434490786109, 0.09874717275935385, 0.10312616201089453, 0.10259882072545423, 0.10514550189800165, 0.10776976287237483, 0.11317492929882444, 0.11546860669025083, 0.1165140099909645, 0.12250767012483266, 0.12512160943343043]
loss,
[0.16245269775390625, 0.17040018737316132, 0.15475542843341827, 0.13462510704994202, 0.12988793849945068, 0.09980010986328125, 0.10698660463094711, 0.10469244420528412, 0.10424292087554932, 0.10065902769565582, 0.09536321461200714, 0.10599745810031891, 0.10062646865844727, 0.09999740123748779, 0.10418301820755005, 0.0947110503911972, 0.10205966234207153, 0.10931731760501862, 0.10314978659152985, 0.11051946133375168, 0.09720395505428314, 0.09500106424093246, 0.09311866760253906, 0.09996076673269272, 0.10351753234863281, 0.09826411306858063, 0.09302633255720139, 0.0978696346282959, 0.09411539882421494, 0.09415505826473236, 0.10666690766811371, 0.1088663786649704, 0.10294490307569504, 0.09186466783285141, 0.09892044961452484, 0.10133891552686691]

2022-04-28 17:54:03.935896