2022-04-28 17:58:34.916189

reference phi, theta, psi, translation: -139.02455270626928, -8.537736090602699e-07, 56.38966954231551, -2.2014424800872803, 2.5346622467041016, 2.231398344039917

phi,theta,psi,rot_x,rot_y,rot_z,phi_err,theta_err,psi_err
-129.04008655489625,6.852725648450977,53.065809209147574,-2.6847352981567383,1.8050535917282104,2.604990243911743,9.984466151373027,6.852726502224586,3.3238603331679357
-129.79635242055676,6.878093336812264,51.5533662702858,-2.6101696491241455,1.8047593832015991,2.669820785522461,9.228200285712518,6.878094190585873,4.83630327202971
-134.45017011343663,8.290507718441788,47.63701093228136,-2.4057388305664062,1.8870102167129517,2.7808470726013184,4.574382592832649,8.290508572215396,8.752658610034146
-136.19189567254656,7.1484176395653165,50.1608273023036,-2.4349205493927,2.0662789344787598,2.6432740688323975,2.832657033722711,7.148418493338926,6.2288422400119074
-138.24230480100607,2.9882441632569887,52.16102087998516,-2.272773027420044,2.3527300357818604,2.5428547859191895,0.7822479052632048,2.988245017030598,4.22864866233035
-140.4796562070488,-0.7155468608184028,54.49573321755184,-2.1209511756896973,2.616597890853882,2.399749279022217,1.4551035007795292,0.7155460070447938,1.893936324763672
-140.1186124075219,-0.25285944775198793,54.44863223303543,-2.139753580093384,2.5754780769348145,2.3939785957336426,1.0940597012526325,0.2528585939783789,1.9410373092800768
-139.60660776695943,-0.39675604930063685,55.14436554717669,-2.1679601669311523,2.570195436477661,2.344149112701416,0.582055060690152,0.3967551955270278,1.2453039951388192
-139.6703197715373,-0.4270252685413505,55.088822448846145,-2.149298906326294,2.5599770545959473,2.3347253799438477,0.6457670652680179,0.42702441476774144,1.3008470934693648
-139.33270352086356,-0.12412201149937388,55.798967462136126,-2.1885554790496826,2.552060127258301,2.2861666679382324,0.30815081459428484,0.12412115772576482,0.5907020801793834
-139.32068238792436,-0.02839585071781946,55.86166176852767,-2.184875965118408,2.54045033454895,2.271618604660034,0.29612968165508846,0.0283949969442104,0.5280077737878415
-139.1734371697972,-0.032686226131315846,56.17446735704133,-2.1892619132995605,2.5365264415740967,2.245687484741211,0.14888446352793494,0.032685372357706785,0.21520218527417967
-139.00747723334425,0.018357079276791262,56.32460174518738,-2.19948673248291,2.5294313430786133,2.2342121601104736,0.01707547292502909,0.018357933050400323,0.06506779712812971
-139.05808893509405,0.0019048047319511284,56.438071677868805,-2.1993722915649414,2.5348269939422607,2.2260501384735107,0.03353622882477225,0.0019056585055601887,0.04840213555329598
-139.0304949708472,0.024042480981182522,56.37168906932545,-2.1993930339813232,2.5308148860931396,2.230262279510498,0.005942264577925016,0.024043334754791583,0.017980472990061003
-139.0187607058531,0.0010644835757336736,56.34795074686507,-2.198408603668213,2.530425548553467,2.232388973236084,0.005792000416164456,0.001065337349342734,0.04171879545044277
-139.01361074321892,-0.07262009182633988,56.436777357021086,-2.19809627532959,2.534358263015747,2.228024482727051,0.010941963050356662,0.07261923805273082,0.047107814705576345
-139.00885693155658,0.07617423707113681,56.35081601122189,-2.201641082763672,2.5279200077056885,2.2313144207000732,0.015695774712696675,0.07617509084474587,0.038853531093621996
-138.97403662716786,-0.02653613730027705,56.37122461646189,-2.200361967086792,2.529323101043701,2.231095314025879,0.050516079101413425,0.02653528352666799,0.018444925853621896
-139.0800548234648,0.01262137500225754,56.38434540985748,-2.1960654258728027,2.533937931060791,2.229583501815796,0.05550211719551612,0.012622228775866601,0.00532413245802843
-139.05358101024183,0.043259859936852205,56.34974708661678,-2.198340654373169,2.5300161838531494,2.232271194458008,0.029028303972552294,0.043260713710461265,0.03992245569872921
-138.97583979710876,-0.014157704029679537,56.40130818466121,-2.2011985778808594,2.530449390411377,2.2289271354675293,0.04871290916051407,0.014156850256070476,0.011638642345701555
-138.9922732322518,-0.0330376292018353,56.45027039572644,-2.2005648612976074,2.532510995864868,2.2245311737060547,0.032279474017485654,0.03303677542822624,0.06060085341093213
-138.98771066588623,-0.0247607562931176,56.40417003392344,-2.1995716094970703,2.53025221824646,2.2280807495117188,0.036842040383049834,0.02475990251950854,0.014500491607932986
-139.030126140632,0.005216093818205827,56.37433918272341,-2.1981277465820312,2.530933380126953,2.2311887741088867,0.005573434362730723,0.005216947591814887,0.01533035959209883
-139.04058999044048,-0.013609000123460049,56.38306816448269,-2.1978282928466797,2.53239369392395,2.2305490970611572,0.016037284171204647,0.013608146349850988,0.0066013778328226635
-139.03676508450525,0.026135138169398154,56.417997751898135,-2.199770927429199,2.5323050022125244,2.2280540466308594,0.01221237823597221,0.026135991943007215,0.028328209582625163
-139.06419512421203,-0.02895548165008758,56.38296229655055,-2.195876359939575,2.532982587814331,2.2295308113098145,0.03964241794275836,0.02895462787647852,0.0067072457649572925
-138.995374138135,0.053086156246165535,56.37643946589319,-2.201098680496216,2.528687000274658,2.2302839756011963,0.029178568134284433,0.053087010019774596,0.013230076422317438
-139.0460268210198,0.008544484861821418,56.39913959959973,-2.1976330280303955,2.531435489654541,2.2287418842315674,0.02147411475053218,0.008545338635430479,0.00947005728421857
-138.9951419117032,0.01581269210802305,56.39853854295277,-2.1997287273406982,2.5287137031555176,2.228924512863159,0.029410794566075538,0.01581354588163211,0.008869000637261593
-139.0318610086812,-0.018443422800844725,56.41288535530438,-2.1979901790618896,2.5313403606414795,2.227527618408203,0.00730830241192848,0.018442569027235664,0.023215812988873097
-139.0015896102797,-0.009344264156458754,56.45802949062358,-2.2005014419555664,2.531709671020508,2.224771738052368,0.02296309598958146,0.009343410382849693,0.06835994830807124
-138.99857066666655,0.039467886683006374,56.41020450605515,-2.2011282444000244,2.5292365550994873,2.2276341915130615,0.025982039602723717,0.039468740456615435,0.020534963739642365
-139.0140478753258,0.007561140869262501,56.44159264038594,-2.2002322673797607,2.5308687686920166,2.2258102893829346,0.010504830943489196,0.0075619946428715605,0.05192309807043216
-138.99467745883965,0.02537769853110551,56.435633300335105,-2.201687812805176,2.5296292304992676,2.2264151573181152,0.029875247429629326,0.02537855230471457,0.04596375801959596

Errors:
rotation,[20.161052986765547, 20.9425977483281, 21.61754977508219, 16.209917767073545, 7.999141584624153, 4.064585832587995, 3.2879556045110885, 2.2241142513559993, 2.373638573505124, 1.022974052499433, 0.8525324523871403, 0.3967720211598214, 0.10050120310355912, 0.08384402288362841, 0.0479660723227776, 0.04857613321594996, 0.13066901580866383, 0.13072439665106456, 0.09549628848170331, 0.07344847842941116, 0.11221147338174277, 0.0745084017622861, 0.12591710285664404, 0.07610243451049137, 0.02612074154664444, 0.0362468083538783, 0.06667657976160458, 0.07530429158419416, 0.09549565457637646, 0.03948951067018123, 0.05409334108496924, 0.04896668442803724, 0.10066645468050239, 0.08598574379898152, 0.06998992365679292, 0.10121755775393985]
translation,[0.12242333873291766, 0.11592848978793402, 0.1018479036126978, 0.11438005051909972, 0.11217247169497835, 0.10454697624315923, 0.08503025198915015, 0.06777227827969412, 0.046114145061103784, 0.03450068860431976, 0.017058584625624817, 0.0024732536024956175, 0.0027956562408997243, 0.003985306109932196, 0.004166833913936685, 0.0037706698487101065, 0.0038851679602345257, 0.004173845943858723, 0.004113333027928157, 0.004394823176991025, 0.0041302472155573255, 0.004149211373072781, 0.005630603334307871, 0.005630754390502979, 0.0042699936887480305, 0.0038697525211990325, 0.004246044391312154, 0.005128234625167316, 0.004559653214087689, 0.005579634196136496, 0.006044566575802435, 0.006116591924699044, 0.006036394038931192, 0.00566530783328556, 0.006138199413938672, 0.0057869688960803245]
loss,
[0.14423111081123352, 0.1381494104862213, 0.09052756428718567, 0.06543244421482086, 0.03567925840616226, 0.018701044842600822, 0.011180217377841473, 0.008713001385331154, 0.00844477117061615, 0.004530265927314758, 0.0029835416935384274, 0.002120845951139927, 0.001230746740475297, 0.0017318085301667452, 0.0018528588116168976, 0.0011195738334208727, 0.001514487317763269, 0.00179934105835855, 0.0017129164189100266, 0.002680120524019003, 0.0008344334783032537, 0.0014715277357026935, 0.0018854712834581733, 0.001774549949914217, 0.0017059864476323128, 0.0012670493451878428, 0.0011947721941396594, 0.0014158075209707022, 0.0018249228596687317, 0.001281246542930603, 0.0016613497864454985, 0.0016087258700281382, 0.0014511116314679384, 0.0017742735799401999, 0.0010361875174567103, 0.0013680140255019069]

2022-04-28 18:02:59.767887