2022-04-28 18:03:03.289502

reference phi, theta, psi, translation: 132.9853677440357, -8.537735924097414e-07, 76.34363348549546, 2.865516185760498, 2.6707684993743896, 0.9517420530319214

phi,theta,psi,rot_x,rot_y,rot_z,phi_err,theta_err,psi_err
143.3552887910292,-3.0579185397180266,69.36864430507845,2.3124754428863525,2.981729030609131,1.6183615922927856,10.369921046993511,3.0579176859444344,6.974989180417012
144.67111107425384,-5.005341816194205,69.28664105390327,2.3133091926574707,2.995049238204956,1.5941169261932373,11.685743330218145,5.005340962420613,7.056992431592192
148.8755706216386,-9.501071403647078,70.772125236111,2.205153226852417,3.170119047164917,1.405259609222412,15.890202877602889,9.501070549873486,5.571508249384465
150.0622476880366,-9.272396162000756,72.11080133229848,2.1364521980285645,3.242769479751587,1.3160831928253174,17.076879944000893,9.272395308227164,4.232832153196981
150.15625841177265,-8.849790592632324,72.43269448750284,2.131824493408203,3.254136800765991,1.2782962322235107,17.170890667736955,8.849789738858732,3.9109389979926164
150.17486384707178,-8.166708044150065,73.62512257318201,2.116032838821411,3.2933332920074463,1.1990355253219604,17.189496103036078,8.166707190376473,2.718510912313448
150.40568325988318,-8.222097913867591,74.27102624223343,2.100719928741455,3.3089687824249268,1.15446138381958,17.420315515847477,8.222097060093999,2.072607243262027
149.9157674510965,-7.841083766446484,73.55766762493896,2.121438503265381,3.264934778213501,1.2118792533874512,16.930399707060815,7.841082912672892,2.7859658605565016
149.54339919792577,-7.990934611605779,73.55537951156701,2.1501221656799316,3.2480010986328125,1.2059706449508667,16.558031453890067,7.990933757832186,2.788253973928448
149.51476704492507,-7.496452693369756,73.25951620728956,2.1434009075164795,3.2487003803253174,1.2194056510925293,16.529399300889366,7.496451839596164,3.0841172782058948
150.18049192294788,-8.029317910848397,73.48862807280847,2.103508949279785,3.27168869972229,1.2104201316833496,17.19512417891218,8.029317057074804,2.8550054126869924
150.9923418680739,-8.991668996470272,73.12668268831116,2.0673253536224365,3.285061836242676,1.2294094562530518,18.00697412403821,8.99166814269668,3.216950797184296
151.68913044644194,-9.18057825335704,72.44757063951513,2.02850341796875,3.2887957096099854,1.2653517723083496,18.703762702406237,9.180577399583449,3.8960628459803246
151.4459483912328,-8.247801013392133,72.24780126667059,2.018911600112915,3.278707265853882,1.2976142168045044,18.460580647197105,8.24780015961854,4.095832218824867
151.84134804228484,-7.457969340062038,73.15649646403827,1.976885437965393,3.3331692218780518,1.2297908067703247,18.855980298249136,7.457968486288446,3.1871370214571897
151.42466552177905,-6.5309475284175935,73.1909274476443,1.978245735168457,3.3254404067993164,1.2407548427581787,18.43929777774335,6.530946674644001,3.1527060378511607
150.44081775297374,-6.267261866478536,73.10720298879828,2.038475513458252,3.2862210273742676,1.2443623542785645,17.455450008938044,6.267261012704943,3.2364304966971815
150.41173480748782,-6.3849949654694695,73.2871374922931,2.041050910949707,3.2868945598602295,1.2307473421096802,17.42636706345212,6.384994111695877,3.056495993202361
150.94163454367575,-6.482765759614792,73.24578069686866,2.003307819366455,3.308983087539673,1.2279223203659058,17.956266799640048,6.4827649058412,3.0978527886267955
151.73862199716785,-7.002687183396189,73.69496808763456,1.9693636894226074,3.338153600692749,1.1878454685211182,18.753254253132155,7.0026863296225965,2.6486653978608956
151.5933848546567,-6.7986844320545865,74.27501507270873,1.973799228668213,3.349147319793701,1.1420977115631104,18.608017110621006,6.798683578280994,2.0686184127867335
151.47057805337988,-6.252318661784315,74.53075101561234,1.9687579870224,3.3500051498413086,1.1300666332244873,18.485210309344183,6.252317808010723,1.812882469883121
151.0732522889819,-5.662504344570025,74.37401183453889,1.982513427734375,3.3340272903442383,1.1415079832077026,18.087884544946206,5.662503490796433,1.9696216509565687
150.23024302086225,-5.114391044735328,75.08129158347205,2.0351297855377197,3.3206138610839844,1.0941567420959473,17.244875276826548,5.1143901909617355,1.2623419020234081
149.9120381678097,-5.05842463461133,75.40321205943309,2.0525217056274414,3.315634250640869,1.0707918405532837,16.926670423774,5.058423780837738,0.9404214260623718
149.53572206529867,-4.800284471522935,75.7971363896244,2.074301242828369,3.308152198791504,1.0354605913162231,16.550354321262972,4.800283617749343,0.5464970958710609
149.57163519995459,-4.599875795448253,76.55060187772519,2.0641911029815674,3.3244316577911377,0.9857507944107056,16.586267455918886,4.599874941674661,0.20696839222972585
149.5134146674694,-4.201187928393179,76.92661745191273,2.0643932819366455,3.327899694442749,0.9540358185768127,16.528046923433692,4.201187074619587,0.5829839664172738
149.4183657549795,-3.7192276989114883,77.02895417624703,2.0600547790527344,3.328888177871704,0.9440938830375671,16.432998010943805,3.719226845137896,0.685320690751567
148.59323792210694,-2.810503346673398,77.03260832745299,2.0920157432556152,3.3048095703125,0.951288104057312,15.607870178071238,2.810502492899806,0.6889748419575312
147.93860527129624,-2.0621831597526725,77.93597597726804,2.1281962394714355,3.292800188064575,0.8876090049743652,14.95323752726054,2.0621823059790803,1.592342491772584
147.11626415560505,-1.2754330516216144,78.66107568974577,2.1812567710876465,3.268237352371216,0.8409119844436646,14.130896411569353,1.2754321978480219,2.3174422042503124
146.81371409613016,-0.15469732666279018,79.60748036152107,2.1874279975891113,3.2779159545898438,0.7684779763221741,13.828346352094457,0.15469647288919777,3.2638468760256103
146.51825377301375,0.8228316956226817,80.72082851698984,2.2041642665863037,3.278780460357666,0.6830263733863831,13.532886028978055,0.822832549396274,4.377195031494381
145.79499138142276,1.5044815002126868,81.17030277570086,2.2453649044036865,3.2520956993103027,0.6436034440994263,12.809623637387062,1.5044823539862793,4.826669290205402
144.6009240503428,2.4272638280702203,81.5499861614727,2.3010318279266357,3.2121193408966064,0.6071465015411377,11.615556306307099,2.4272646818438126,5.206352675977243

Errors:
rotation,[20.402827913354958, 23.74807672423095, 30.96278167686084, 30.582107405425038, 29.931619404588304, 28.074714205725996, 27.715019819203505, 27.55744848029021, 27.337219185650703, 27.109968418691423, 28.07944664867398, 30.215593063919187, 31.78040294797001, 30.804213025640514, 29.501085805994773, 28.12295049023851, 26.959141518340168, 26.86785716835036, 27.536884494108044, 28.40460598061565, 27.475319101688733, 26.550410587238026, 25.720009686699207, 23.62160736981169, 22.92551563067411, 21.897135034883377, 21.39311078982327, 21.312217964470552, 20.83754554683327, 19.107347512928577, 18.607762325012203, 17.723770813667688, 17.246889701009266, 18.73291360986871, 19.140775281578744, 19.249173664128154]
translation,[0.07464079787699607, 0.07532066344636146, 0.07826399664186656, 0.06912191507598475, 0.06376097997103791, 0.06293084812297689, 0.05483238127001755, 0.04673225964977501, 0.046480883196877265, 0.04749484298332529, 0.042421593901183385, 0.04034661637480941, 0.034841873105484034, 0.032087550519167785, 0.034640204209129166, 0.03230346089766645, 0.03126800483065306, 0.028957745973182902, 0.0272457009495497, 0.02259032366049407, 0.020668013930841056, 0.015547884141607682, 0.012277810199107009, 0.014289313123511782, 0.012739407243191891, 0.008521473125584045, 0.0042688834051762825, 0.0003944474819510546, 0.00414052922226027, 0.005803433910939404, 0.011228162040069378, 0.012871896820782602, 0.01614041491754481, 0.02173164686064144, 0.02712899112985312, 0.03349398753186161]
loss,
[0.13951072096824646, 0.12615063786506653, 0.09057595580816269, 0.08234582841396332, 0.0889008566737175, 0.08567511290311813, 0.08440054953098297, 0.09030292928218842, 0.09235112369060516, 0.08561800420284271, 0.08617695420980453, 0.09068663418292999, 0.0825779139995575, 0.08085282146930695, 0.08526986837387085, 0.08204467594623566, 0.08425022661685944, 0.08051593601703644, 0.09336268156766891, 0.08577051758766174, 0.08672456443309784, 0.08572053909301758, 0.09244479984045029, 0.08526307344436646, 0.0835924744606018, 0.08279825747013092, 0.08295808732509613, 0.07869981974363327, 0.08532939851284027, 0.08681124448776245, 0.07423355430364609, 0.07303760945796967, 0.07329687476158142, 0.05911066383123398, 0.06758233159780502, 0.06292938441038132]

2022-04-28 18:07:26.377271