2022-04-28 17:45:12.217121

reference phi, theta, psi, translation: -86.91639066027085, -0.0, 34.793557367935236, -2.296917200088501, -0.12373751401901245, 3.3104169368743896

phi,theta,psi,rot_x,rot_y,rot_z,phi_err,theta_err,psi_err
-76.53055527251121,6.8177051513072,38.18892636661862,-2.336111545562744,-0.9462913274765015,3.345968008041382,10.385835387759641,6.8177051513072,3.395368998683381
-75.9845909313954,6.972190421907897,38.745013048084374,-2.355257272720337,-0.9879593849182129,3.322899341583252,10.931799728875447,6.972190421907897,3.951455680149138
-73.18659710771051,6.3931303171286995,41.48479316947325,-2.456423759460449,-1.1172075271606445,3.207124948501587,13.729793552560338,6.3931303171286995,6.691235801538014
-72.35849131235982,7.539226958293291,42.20295340975424,-2.4528210163116455,-1.2038341760635376,3.1744558811187744,14.557899347911032,7.539226958293291,7.409396041819001
-71.47333977706118,7.972003714823536,43.09069700184289,-2.470069408416748,-1.2784676551818848,3.1160969734191895,15.443050883209665,7.972003714823536,8.297139633907655
-71.23631172229423,7.717430836592519,42.798252207245035,-2.458970785140991,-1.2653981447219849,3.124772310256958,15.680078937976617,7.717430836592519,8.0046948393098
-71.38796241243602,8.002843760344957,41.825305420355065,-2.39487886428833,-1.2630367279052734,3.171262741088867,15.528428247834825,8.002843760344957,7.031748052419829
-70.57064148578479,8.232513490618755,41.98868696039635,-2.3833045959472656,-1.307104229927063,3.1550300121307373,16.34574917448606,8.232513490618755,7.1951295924611145
-69.57684896154794,8.562550308127955,41.502876095300856,-2.3201310634613037,-1.3530421257019043,3.168639659881592,17.33954169872291,8.562550308127955,6.70931872736562
-68.7105145974127,9.248750602456584,41.11453544475602,-2.2563395500183105,-1.4011287689208984,3.185638189315796,18.205876062858152,9.248750602456584,6.320978076820786
-67.91654608753373,10.16840492730681,41.54209504151507,-2.2454957962036133,-1.4732941389083862,3.157780885696411,18.999844572737118,10.16840492730681,6.748537673579833
-68.02624575579331,9.603620569072204,42.37041598782461,-2.3244619369506836,-1.4561076164245605,3.1098310947418213,18.890144904477538,9.603620569072204,7.5768586198893715
-68.1022316103097,9.045441627115249,41.98818835658694,-2.304365873336792,-1.4183714389801025,3.134573221206665,18.814159049961148,9.045441627115249,7.194630988651703
-67.57097949666611,8.937809185532553,42.356588269849915,-2.3015928268432617,-1.4348734617233276,3.112673282623291,19.345411163604737,8.937809185532553,7.563030901914679
-68.01891696281388,8.932346617476195,42.18091921949178,-2.2868266105651855,-1.4040734767913818,3.126340866088867,18.897473697456974,8.932346617476195,7.387361851556541
-68.19353757913443,9.620336699378175,41.59912370599009,-2.245415210723877,-1.4195940494537354,3.1365866661071777,18.72285308113642,9.620336699378175,6.805566338054852
-67.78238751185634,9.6594617872392,41.64364287900023,-2.2303009033203125,-1.439186692237854,3.126129150390625,19.134003148414507,9.6594617872392,6.8500855110649965
-67.94067031568221,9.595529239386776,41.49833060440821,-2.2220780849456787,-1.4246888160705566,3.128955125808716,18.975720344588638,9.595529239386776,6.704773236472974
-68.00805696203356,9.027232246615437,41.19517607319178,-2.2265167236328125,-1.3908785581588745,3.1327314376831055,18.908333698237286,9.027232246615437,6.401618705256546
-67.85582570581232,8.691193561166996,41.426941467203235,-2.234034776687622,-1.378071665763855,3.127224922180176,19.060564954458528,8.691193561166996,6.6333840992679995
-68.24311109213038,8.860845174444307,41.25318828490728,-2.2219483852386475,-1.3592796325683594,3.140624523162842,18.673279568140472,8.860845174444307,6.459630916972046
-68.37050095034029,8.667010935922173,41.67944673062944,-2.252007246017456,-1.3553719520568848,3.1214680671691895,18.545889709930563,8.667010935922173,6.885889362694201
-68.33339936276877,8.64953003905608,42.05978239946702,-2.276980400085449,-1.3580431938171387,3.0976293087005615,18.582991297502076,8.64953003905608,7.266225031531782
-68.49510409136883,8.563104858282784,42.3983651219083,-2.308527708053589,-1.3527635335922241,3.072085380554199,18.42128656890202,8.563104858282784,7.604807753973063
-68.66281255624932,8.71141957447346,42.27689020751963,-2.3009819984436035,-1.3545011281967163,3.073603630065918,18.25357810402153,8.71141957447346,7.483332839584392
-68.60194874055534,8.533912406347794,42.50929763931306,-2.3145577907562256,-1.3463267087936401,3.0639727115631104,18.314441919715506,8.533912406347794,7.715740271377825
-68.15538414243073,8.352118452371501,42.751407354822504,-2.3167357444763184,-1.3639317750930786,3.0439109802246094,18.761006517840116,8.352118452371501,7.957849986887268
-67.77791373794999,8.51110779768982,42.9774012389853,-2.3044211864471436,-1.390207290649414,3.0328919887542725,19.138476922320862,8.51110779768982,8.183843871050065
-68.18173501224865,8.500518020935155,43.0419977530607,-2.3131706714630127,-1.3724582195281982,3.032207727432251,18.734655648022198,8.500518020935155,8.248440385125463
-68.11275010163152,8.50211118109765,43.30612799845426,-2.32273530960083,-1.379008173942566,3.016150712966919,18.80364055863933,8.50211118109765,8.512570630519022
-67.78358962515026,8.702195571750929,43.30634314941312,-2.3016648292541504,-1.3946973085403442,3.0099778175354004,19.132801035120593,8.702195571750929,8.51278578147788
-68.19562078683128,8.999304180262953,43.15914232751559,-2.2945008277893066,-1.3878138065338135,3.0167717933654785,18.720769873439565,8.999304180262953,8.365584959580353
-67.91775503101682,8.823521766902132,43.59384971724105,-2.3193178176879883,-1.3987817764282227,2.9870243072509766,18.998635629254025,8.823521766902132,8.800292349305813
-67.7515560379429,8.308514671713205,44.1281856612949,-2.352659225463867,-1.389871597290039,2.962648630142212,19.164834622327945,8.308514671713205,9.334628293359664
-67.98908269651926,8.149147309749765,43.89846249384528,-2.3455049991607666,-1.3658547401428223,2.9770350456237793,18.927307963751588,8.149147309749765,9.104905125910044
-67.98484114904468,8.061386406004635,43.960091290726304,-2.3480019569396973,-1.3620884418487549,2.973597764968872,18.931549511226166,8.061386406004635,9.166533922791068

Errors:
rotation,[20.598909537750224, 21.85544583093248, 26.814159671227053, 29.506522348023324, 31.712194231940856, 31.402204613878936, 30.563020060599612, 31.77339225756593, 32.611410734216484, 33.77560474213552, 35.91678717362376, 36.070624093439115, 35.054231665728096, 35.84625125105197, 35.21718216648971, 35.14875611856945, 35.643550446718706, 35.27602282044839, 34.337184650109265, 34.385142614893525, 33.993755659556825, 34.098790008546935, 34.49874636808994, 34.589199181157866, 34.44833051807938, 34.56409459744113, 35.07097495709888, 35.83342859106075, 35.483614054082814, 35.818322370256, 36.3477823883494, 36.08565901328287, 36.62244974546197, 36.80797758740081, 36.181360399411396, 36.15946984002187]
translation,[0.1579505536533441, 0.15992835680464523, 0.16026956694211592, 0.15727391384808964, 0.14568604717549682, 0.14163662239971497, 0.1387169305528051, 0.1333490947658449, 0.12266560206502941, 0.116463291918671, 0.1142815064098821, 0.11548688276208097, 0.1098165501190227, 0.09742129101876973, 0.08894461985384527, 0.07926195368317668, 0.0698690567049205, 0.06249171486999927, 0.05615950005766468, 0.05170454424207538, 0.04909394459475269, 0.049573610452512185, 0.04615312512626879, 0.042810012339202785, 0.040262883824175866, 0.03798678645760312, 0.03002472560455338, 0.02367904229022333, 0.022102420777557974, 0.01781272751534413, 0.006544730604121973, 0.005165635835388649, 0.0010095060734292005, 0.0007398728995493542, 0.002519853323246224, 0.004879765049665252]
loss,
[0.12317269295454025, 0.12021630257368088, 0.1192026287317276, 0.10813385248184204, 0.11414067447185516, 0.11144926398992538, 0.11584454774856567, 0.11305081844329834, 0.10672128200531006, 0.10911016911268234, 0.11194222420454025, 0.11405883729457855, 0.10510993003845215, 0.10438226908445358, 0.11384161561727524, 0.11042410135269165, 0.11382478475570679, 0.10903897881507874, 0.10525587201118469, 0.11796122789382935, 0.1182137131690979, 0.11137482523918152, 0.11162852495908737, 0.10041601955890656, 0.11295971274375916, 0.10876419395208359, 0.11403023451566696, 0.10923459380865097, 0.11030180752277374, 0.0943119153380394, 0.10467293113470078, 0.10864602029323578, 0.11008479446172714, 0.11054521054029465, 0.11026768386363983, 0.10444547981023788]

2022-04-28 17:49:34.256237