2022-04-20 10:17:47.850581

reference phi, theta, psi, translation: 175.36684180812657, -0.0, 39.4597479484966, 0.2069414258003235, 2.553555727005005, 3.112318754196167

phi,theta,psi,rot_x,rot_y,rot_z,phi_err,theta_err,psi_err
-174.60268024378553,2.426304892454245,32.24175771288345,-0.3459881842136383,2.1274664402008057,3.6064906120300293,10.030477948087878,2.426304892454245,7.217990235613151
-174.59691556412605,2.3912712301697874,32.350091343309025,-0.34426647424697876,2.1343119144439697,3.6013784408569336,10.036242627747356,2.3912712301697874,7.109656605187574
-174.53545752197428,2.108352040688451,32.50238748632738,-0.3269842267036438,2.143385887145996,3.5946338176727295,10.097700669899154,2.108352040688451,6.95736046216922
-174.76876312364357,1.8519660807460996,32.665967101854605,-0.29661354422569275,2.15917706489563,3.5871245861053467,9.864395068229896,1.8519660807460996,6.793780846641994
-175.5573221236999,1.4365526865573586,32.965805576228995,-0.22769758105278015,2.1838889122009277,3.5830276012420654,9.075836068173544,1.4365526865573586,6.493942372267604
-175.83406772849045,1.1844003220271988,32.917884969012185,-0.2099974900484085,2.1803829669952393,3.5937888622283936,8.799090463382981,1.1844003220271988,6.541862979484414
-175.34340059889507,1.8952194458867235,32.65742936539208,-0.2820476293563843,2.1580686569213867,3.5968215465545654,9.28975759297839,1.8952194458867235,6.802318583104515
-176.2096734913278,1.6302892061222167,33.05904448858884,-0.22216272354125977,2.1875901222229004,3.5863447189331055,8.4234847005456,1.6302892061222167,6.40070345990776
-177.08735279967445,2.088734170523671,33.096634434686,-0.21657462418079376,2.192871332168579,3.586294651031494,7.545805392198986,2.088734170523671,6.363113513810596
-176.37893923933905,2.201709945391547,33.18908787529129,-0.26470622420310974,2.1925747394561768,3.573519468307495,8.254218952534416,2.201709945391547,6.270660073205306
-176.67344333597165,1.8238580095709396,33.48673385894211,-0.23129498958587646,2.2126264572143555,3.5601484775543213,7.95971485590178,1.8238580095709396,5.973014089554489
-176.95408214858915,1.7759450800021004,33.63707656785785,-0.21664774417877197,2.2196671962738037,3.5544941425323486,7.679076043284283,1.7759450800021004,5.822671380638752
-177.01929679478442,1.65028266498677,33.84364880911571,-0.2061704695224762,2.2320451736450195,3.5431149005889893,7.6138613970890106,1.65028266498677,5.616099139380886
-176.92437082569958,1.6226148531310625,33.93583928743796,-0.20466195046901703,2.2394216060638428,3.534856081008911,7.708787366173851,1.6226148531310625,5.523908661058641
-176.27229266563847,1.859823704976398,33.6553541540768,-0.24182172119617462,2.216376781463623,3.546570062637329,8.360865526234988,1.859823704976398,5.804393794419802
-176.50614468244137,1.8960018091410464,33.91599417280449,-0.2365775853395462,2.2297306060791016,3.5349855422973633,8.12701350943206,1.8960018091410464,5.54375377569211
-176.12866744777145,1.8932896108539916,33.679946250183434,-0.25251317024230957,2.2174174785614014,3.545119285583496,8.504490744101986,1.8932896108539916,5.779801698313165
-176.1909041314886,1.937444997574387,33.651413134925704,-0.2531822919845581,2.2148218154907227,3.5475451946258545,8.442254060384812,1.937444997574387,5.8083348135708945
-176.0233322703915,2.032876101146443,33.59600322528397,-0.2653236985206604,2.210711717605591,3.549095392227173,8.609825921481956,2.032876101146443,5.863744723212626
-176.0952405019734,2.06849519001648,33.54143342891016,-0.26476040482521057,2.207515239715576,3.551023006439209,8.537917689900041,2.06849519001648,5.918314519586438
-176.13379008964895,2.1395388941197413,33.55305158068835,-0.2666820287704468,2.205700635910034,3.5519981384277344,8.49936810222448,2.1395388941197413,5.906696367808252
-176.19053530127343,2.0857616292289207,33.53807980602768,-0.26134607195854187,2.2040698528289795,3.550506591796875,8.442622890599978,2.0857616292289207,5.921668142468917
-176.23303273828924,1.9442096313258694,33.525693257967866,-0.24963203072547913,2.2053821086883545,3.551016330718994,8.400125453584224,1.9442096313258694,5.934054690528733
-176.46876988730307,1.8309319893297484,33.697151496702695,-0.234634667634964,2.2175984382629395,3.541752338409424,8.164388304570366,1.8309319893297484,5.762596451793904
-176.36958188017613,1.6867648099426538,33.65718805986895,-0.2290373295545578,2.2142386436462402,3.5435709953308105,8.263576311697307,1.6867648099426538,5.802559888627648
-176.4534975843189,1.4919025048448717,33.656651890019106,-0.21410074830055237,2.211947202682495,3.5440990924835205,8.179660607554524,1.4919025048448717,5.803096058477493
-176.4600818866788,1.4254118225284564,33.57343969536084,-0.20686419308185577,2.2105746269226074,3.5453391075134277,8.173076305194627,1.4254118225284564,5.886308253135759
-176.54286377941935,1.5545399621269513,33.50265161480282,-0.2126130759716034,2.2058286666870117,3.5471906661987305,8.090294412454114,1.5545399621269513,5.957096333693777
-176.431886865785,1.5305997193624825,33.34176650890318,-0.215614914894104,2.194328784942627,3.554725170135498,8.201271326088431,1.5305997193624825,6.1179814395934216
-176.44353916850903,1.4644313180692379,33.26947578672776,-0.21047498285770416,2.1910862922668457,3.5559027194976807,8.1896190233644,1.4644313180692379,6.1902721617688385
-176.47588694441822,1.4767775466115958,33.338341169034415,-0.21086980402469635,2.1944355964660645,3.5539371967315674,8.157271247455242,1.4767775466115958,6.121406779462184
-176.28669070440887,1.4551658736620188,33.30373601560454,-0.21656173467636108,2.192391872406006,3.556572914123535,8.346467487464565,1.4551658736620188,6.156011932892056
-176.3001461770738,1.4712115854516334,33.260408710604565,-0.21824027597904205,2.1907944679260254,3.5582163333892822,8.333012014799635,1.4712115854516334,6.199339237892033
-176.4925662663714,1.3179031859967731,33.29237058082564,-0.19927434623241425,2.1918821334838867,3.555407762527466,8.140591925502008,1.3179031859967731,6.167377367670959
-176.75999549313406,1.1619478771348313,33.44426374268297,-0.1776890605688095,2.2001588344573975,3.5476906299591064,7.8731626987394066,1.1619478771348313,6.015484205813628
-176.7332484723443,1.1613579028320684,33.359791378122836,-0.17867593467235565,2.194645881652832,3.549748420715332,7.899909719529148,1.1613579028320684,6.099956570373763

Errors:
rotation,[19.674773076155276, 19.537170463104715, 19.163413172756826, 18.51014199561799, 17.006331126998507, 16.525353764894593, 17.98729562196963, 16.454477366575578, 15.997653076533252, 16.72658897113127, 15.756586955027208, 15.277692503925136, 14.880243201456667, 14.855310880363556, 16.02508302563119, 15.566769094265217, 16.17758205326914, 16.188033871530095, 16.506446745841025, 16.524727399502957, 16.545603364152473, 16.450052662297814, 16.278389775438825, 15.757916745694018, 15.752901010267609, 15.474659170876889, 15.484796380858842, 15.60193070827484, 15.849852485044336, 15.844322503202477, 15.755455573529021, 15.95764529401864, 16.003562838143303, 15.62587247916974, 15.050594781687867, 15.16122419273498]
translation,[0.170370405351016, 0.16931560361560027, 0.1667770814127243, 0.16619031447984867, 0.17116860981961857, 0.17761055692879424, 0.17290928152763918, 0.17562470138395803, 0.178039565719458, 0.16976331046283288, 0.1669505410687746, 0.16509415367847868, 0.16150699137101743, 0.15839419407858202, 0.15801941321258806, 0.15501382475700964, 0.15797297546543465, 0.15869382345749017, 0.15858727955295837, 0.1584995556643083, 0.15849232080599496, 0.15603282869284918, 0.15644127559556686, 0.15417950982662632, 0.15362997791776412, 0.15207424269028724, 0.15203532826376698, 0.15138788381751755, 0.15188917800475465, 0.15092844139663608, 0.15103368139780216, 0.1524930473619488, 0.15314084416074003, 0.15037591376545922, 0.14719393363583588, 0.14608429575568227]
loss,
[0.11287795752286911, 0.11898383498191833, 0.12180754542350769, 0.12476756423711777, 0.12389339506626129, 0.11425995826721191, 0.12002778053283691, 0.12251150608062744, 0.11936642974615097, 0.12070386111736298, 0.12363272905349731, 0.11771940439939499, 0.118996262550354, 0.10386921465396881, 0.1227315291762352, 0.12061238288879395, 0.10609529912471771, 0.1392570585012436, 0.12172236293554306, 0.12693218886852264, 0.1236189603805542, 0.11702378839254379, 0.1072014793753624, 0.11205892264842987, 0.11962300539016724, 0.12602943181991577, 0.11374567449092865, 0.12406836450099945, 0.1275227963924408, 0.12482403218746185, 0.10789692401885986, 0.1125243529677391, 0.10418018698692322, 0.1169176921248436, 0.12310586869716644, 0.11305048316717148]

2022-04-20 10:21:31.382616