2022-04-20 10:02:33.750558

reference phi, theta, psi, translation: 164.57178246643477, -4.268868188959204e-07, 11.003265705708584, 0.2046843022108078, 0.7416750192642212, 3.957021951675415

phi,theta,psi,rot_x,rot_y,rot_z,phi_err,theta_err,psi_err
174.68706040079186,1.035587752499106,3.46078983121423,-0.0498787984251976,0.24902896583080292,4.223120212554932,10.115277934357096,1.035588179385925,7.542475874494354
174.4692593285385,1.1596243257092456,3.7301601123616623,-0.05563783273100853,0.2730415165424347,4.220585346221924,9.89747686210373,1.1596247525960646,7.273105593346921
174.47995540477874,0.5041411866158241,5.480506223977796,-0.0023369300179183483,0.4231535792350769,4.194319248199463,9.908172938343967,0.504141613502643,5.5227594817307875
175.58822189950502,-1.5800452660890532,8.487462001356414,0.16373680531978607,0.6578364968299866,4.167208671569824,11.016439433070246,1.5800448392022342,2.5158037043521695
175.58113216314655,-2.5341283241015713,11.173036033944774,0.24221307039260864,0.8602073788642883,4.128503322601318,11.00934969671178,2.5341278972147525,0.16977032823618998
174.67861828697775,-2.6192006654147724,11.313857459157513,0.2575889825820923,0.8791791796684265,4.118060111999512,10.106835820542983,2.6192002385279536,0.31059175344892864
174.14811749414284,-2.062191422367297,10.160775531965852,0.2263101041316986,0.7742542624473572,4.145843505859375,9.576335027708069,2.0621909954804782,0.8424901737427319
174.24301614247102,-1.569031824824282,8.950575294066311,0.18443991243839264,0.6738621592521667,4.170496463775635,9.671233676036252,1.569031397937463,2.0526904116422724
174.02632156086318,-2.1058159752993064,10.05795386420048,0.24146877229213715,0.7541020512580872,4.154526233673096,9.454539094428412,2.1058155484124876,0.9453118415081043
173.72057497285672,-2.127986976944673,10.543503474560223,0.242484450340271,0.7902501225471497,4.1521525382995605,9.148792506421955,2.1279865500578543,0.45976223114836046
173.74676191813455,-1.948883039863349,10.202833275553852,0.2234443873167038,0.7596208453178406,4.161506652832031,9.174979451699784,1.94888261297653,0.8004324301547321
173.19445916146898,-2.3918752990912364,11.062345134481902,0.2670877277851105,0.8163695335388184,4.153713226318359,8.622676695034215,2.3918748722044176,0.059079428773317844
173.19551101060117,-2.092797286282516,10.30834091521033,0.23626448214054108,0.7526098489761353,4.169209003448486,8.623728544166397,2.092796859395697,0.6949247904982538
172.56896409765756,-3.2214991225320526,11.688913391766668,0.34021979570388794,0.8458360433578491,4.145276069641113,7.997181631222787,3.221498695645234,0.6856476860580845
172.27697351063952,-3.5279737941193114,12.15677451972337,0.3652999997138977,0.8660503625869751,4.138151168823242,7.705191044204753,3.5279733672324927,1.1535088140147867
171.52102183368083,-4.579031590728296,13.511375201960735,0.46059712767601013,0.9502413272857666,4.114251136779785,6.949239367246065,4.579031163841477,2.5081094962521515
170.3648483921161,-4.78502221098971,14.372598023275874,0.5023563504219055,1.0157119035720825,4.093423843383789,5.793065925681333,4.785021784102891,3.36933231756729
167.1266693669914,-5.967534378177305,16.759376892885566,0.6743996739387512,1.1509273052215576,4.025574207305908,2.5548869005566246,5.967533951290486,5.756111187176982
164.53198978433028,-6.4973468814507145,17.254365824678267,0.7673442959785461,1.1346865892410278,4.007122993469238,0.039792682104490495,6.497346454563895,6.251100118969683
165.47334011611977,-4.295732606417852,13.696078885043512,0.5486021041870117,0.9090182781219482,4.083322048187256,0.9015576496850031,4.295732179531033,2.6928131793349284
164.0361726921007,-4.19204623705923,12.838395809265732,0.5432621240615845,0.8086786270141602,4.081425666809082,0.5356097743340626,4.192045810172411,1.8351301035571481
164.43382630557886,-3.823378106501686,11.57627161952211,0.484937846660614,0.7299371361732483,4.068778038024902,0.13795616085590723,3.8233776796148673,0.5730059138135264
164.3945253970946,-3.133630599054541,11.380218723359711,0.43145111203193665,0.7286681532859802,4.040281295776367,0.1772570693401576,3.1336301721677224,0.3769530176511271
164.32761686398516,-2.1636603265251364,11.15220310320259,0.36210882663726807,0.7190566062927246,4.0105085372924805,0.2441656024496126,2.1636598996383176,0.1489373974940058
164.50555695224233,-0.579934564664501,11.200952724629909,0.25144925713539124,0.7482223510742188,3.9759955406188965,0.06622551419243905,0.5799341377776821,0.19768701892132512
164.54637416272232,-0.24058805101631606,11.042278038700404,0.22519074380397797,0.7408794164657593,3.9551591873168945,0.025408303712453062,0.24058762412949716,0.039012332991820386
164.54787680433972,-0.49403616187774047,11.08209974910887,0.24123172461986542,0.7384122014045715,3.95548939704895,0.02390566209504641,0.49403573499092157,0.07883404340028655
164.47118744033884,-0.4641883407635508,11.307662477580312,0.2445034235715866,0.754104733467102,3.9520747661590576,0.10059502609593096,0.4641879138767319,0.304396771871728
164.5493384648221,-0.4341707172589254,11.112705826779699,0.23861843347549438,0.7414027452468872,3.956738233566284,0.02244400161265503,0.4341702903721065,0.10944012107111512
164.62347333807344,-0.3947783164044285,11.088522688249622,0.23507529497146606,0.7421583533287048,3.9604716300964355,0.05169087163866948,0.3947778895176096,0.08525698254103808
164.56181039024656,-0.43492745911194874,11.232357934433628,0.24039597809314728,0.7513204216957092,3.956721544265747,0.009972076188205392,0.43492703222512985,0.22909222872504387
164.64217439602092,-0.3914001152252304,11.016460777411403,0.2323799431324005,0.7367792725563049,3.9563093185424805,0.07039192958615104,0.3913996883384115,0.013195071702819305
164.60486790277432,-0.3503729185668418,11.04068233575556,0.23113656044006348,0.7380486726760864,3.957195281982422,0.033085436339547414,0.3503724916800229,0.03741663004697671
164.57883122165822,-0.3763085514897129,11.22807796714497,0.23628254234790802,0.7516730427742004,3.9568018913269043,0.007048755223451053,0.376308124602894,0.22481226143638544
164.65388134025832,-0.4589284245605791,11.048403010838614,0.2369411587715149,0.738652765750885,3.960392951965332,0.08209887382355419,0.4589279976737602,0.045137305130030114
164.54201650203186,-0.5309236410289224,10.99823527138487,0.24277372658252716,0.7326117753982544,3.959134817123413,0.02976596440291246,0.5309232141421035,0.005030434323714417

Errors:
rotation,[18.693341988237375, 18.330207208046716, 15.935074033577397, 15.11228797662465, 13.713247922162722, 13.036627812519866, 12.481016196931279, 13.292955485615987, 12.505666484349003, 11.736541287628171, 11.924294494831045, 11.073630996011952, 11.411450194060349, 11.904328012926106, 12.386673225452032, 14.036380027339694, 13.947420027351514, 14.278532039024093, 12.788239255638068, 7.890103008550964, 6.562785688063622, 4.534339754284301, 3.687840259159007, 2.556762899581936, 0.8438466708914463, 0.30500826083377064, 0.5967754404862545, 0.8691797118443909, 0.5660544130558767, 0.5317257436973172, 0.6739913371383791, 0.47498668962738183, 0.420874558066547, 0.6081691412627305, 0.5861641766273444, 0.5657196128687304]
translation,[0.19962134480110283, 0.19864507584944757, 0.18448236677676277, 0.19085957632931905, 0.19298799879867445, 0.18760635879936327, 0.19246012890577102, 0.19748186822932556, 0.19818136076674442, 0.2025060216693868, 0.20503550052186714, 0.21046615609787445, 0.212047526749771, 0.21322049642801666, 0.21242885265893285, 0.21647874364766295, 0.21624102964188996, 0.20970784107372342, 0.20365156573706145, 0.18797022561607868, 0.16495621768878088, 0.1309532285390551, 0.09694332234772052, 0.059389883412787725, 0.022462586459694123, 0.0008810958990874695, 8.168135877006932e-05, 0.00032863019126949666, 0.0015369950395678345, 0.0051311180244342225, 0.003461285605704134, 9.583848496941272e-05, 0.0009343977612541465, 0.0033627649869449883, 0.0045199127230324265, 0.0025304287636620515]
loss,
[0.11800359189510345, 0.12571001052856445, 0.11446096748113632, 0.10973937809467316, 0.10748682916164398, 0.09790530055761337, 0.11653517186641693, 0.10873697698116302, 0.10528431832790375, 0.09958742558956146, 0.08857443183660507, 0.11337073147296906, 0.09443019330501556, 0.10905526578426361, 0.10794800519943237, 0.09456613659858704, 0.09832334518432617, 0.0845310389995575, 0.06903545558452606, 0.07274344563484192, 0.03692270815372467, 0.04363216087222099, 0.030796729028224945, 0.01498053502291441, 0.005036717280745506, 0.0038815406151115894, 0.0035693696700036526, 0.0043737743981182575, 0.004843543283641338, 0.004734972957521677, 0.0032103429548442364, 0.0034927669912576675, 0.003094141837209463, 0.003504915861412883, 0.004944351501762867, 0.003134451573714614]

2022-04-20 10:06:17.338767