2022-04-20 10:06:21.255334

reference phi, theta, psi, translation: 16.672973292337613, -0.0, 55.56417970941693, 0.9538894295692444, -3.184936285018921, 2.279534101486206

phi,theta,psi,rot_x,rot_y,rot_z,phi_err,theta_err,psi_err
26.607018987257597,-4.879078348390559,61.415046110949504,1.4386786222457886,-3.2383759021759033,2.121750593185425,9.934045694919984,4.879078348390559,5.850866401532571
26.69373677650737,-5.120137104123865,60.77597946125726,1.4273440837860107,-3.2284722328186035,2.1487481594085693,10.020763484169759,5.120137104123865,5.211799751840324
26.59431312785408,-5.442086166915288,57.73605350698134,1.3635485172271729,-3.1797702312469482,2.285670042037964,9.921339835516466,5.442086166915288,2.171873797564409
24.38746534664462,-3.4632368840261947,52.730983090749795,1.2432760000228882,-3.0572311878204346,2.5108888149261475,7.714492054307009,3.4632368840261947,2.833196618667138
20.87402286777923,-0.8014479115946262,50.90170133666947,1.1116178035736084,-3.0125808715820312,2.6142640113830566,4.201049575441619,0.8014479115946262,4.662478372747465
17.125601390897895,1.0220362337950544,54.86812537638469,1.0436322689056396,-3.2223012447357178,2.391895055770874,0.4526280985602824,1.0220362337950544,0.6960543330322437
16.841880455417442,-0.15072429891347097,54.113836850488916,0.9658054113388062,-3.195441484451294,2.415677785873413,0.16890716307982956,0.15072429891347097,1.4503428589280176
16.721226871276457,0.02403315842994504,54.68471772169693,0.9672172665596008,-3.202512741088867,2.3708133697509766,0.0482535789388443,0.02403315842994504,0.8794619877200063
17.109465068983738,-0.033589351830586575,54.901873341073724,0.9858856797218323,-3.1912972927093506,2.351804733276367,0.4364917766461254,0.033589351830586575,0.6623063683432093
16.66027084802868,-0.14841366318671578,55.002055140724885,0.9525726437568665,-3.192354202270508,2.333824634552002,0.01270244430893186,0.14841366318671578,0.5621245686920489
16.83297730383433,-0.1354874541101432,55.09957658169433,0.9604342579841614,-3.1799254417419434,2.320720672607422,0.16000401149671717,0.1354874541101432,0.46460312772260437
16.755808119044232,0.007980892760529027,55.36053420421842,0.9619537591934204,-3.183671712875366,2.298560619354248,0.08283482670661968,0.007980892760529027,0.20364550519851576
16.579338229005906,-0.03664983809522237,55.37026722378569,0.9485707879066467,-3.182762622833252,2.294278860092163,0.0936350633317069,0.03664983809522237,0.19391248563124464
16.690161463383948,-0.10617796836506535,55.37180060125436,0.9512748718261719,-3.178755044937134,2.2928054332733154,0.0171881710463353,0.10617796836506535,0.19237910816257653
16.699776662188032,0.06275234765641076,55.55071740656284,0.9597357511520386,-3.1816470623016357,2.2799060344696045,0.026803369850419756,0.06275234765641076,0.013462302854094332
16.63788831811855,0.0027213583149394713,55.539929122768804,0.9544705748558044,-3.182908773422241,2.2801592350006104,0.03508497421906398,0.0027213583149394713,0.024250586648129513
16.682557755290432,0.06774267531425732,55.51096229049878,0.957787811756134,-3.1796975135803223,2.281471014022827,0.00958446295281945,0.06774267531425732,0.05321741891815179
16.65776758369787,0.10437467532599656,55.38409835685496,0.9578695893287659,-3.172088146209717,2.2890100479125977,0.015205708639744131,0.10437467532599656,0.18008135256197022
16.629632326959296,0.11806883548037657,55.53268229205942,0.9579285383224487,-3.1804208755493164,2.2794861793518066,0.043340965378316554,0.11806883548037657,0.03149741735751377
16.674865254737703,-0.0358619389672197,55.52268631020911,0.9529993534088135,-3.1792843341827393,2.2789533138275146,0.0018919624000908186,0.0358619389672197,0.041493399207823245
16.7022440680257,0.1136541658860907,55.6293977707068,0.9617646336555481,-3.1809020042419434,2.273261547088623,0.02927077568808656,0.1136541658860907,0.06521806128986896
16.681391500489653,0.010091593302158954,55.62182309091726,0.9557600021362305,-3.1805946826934814,2.2727489471435547,0.008418208152040307,0.010091593302158954,0.057643381500326996
16.66821265048611,0.027762445620300547,55.52299025362717,0.9558135867118835,-3.1775641441345215,2.2777414321899414,0.004760641851500935,0.027762445620300547,0.04118945578976252
16.6640240369776,-0.075466000612657,55.51585612103909,0.9508728981018066,-3.1791791915893555,2.2801153659820557,0.008949255360011676,0.075466000612657,0.048323588377840565
16.657057244024188,0.03940318499466096,55.580626804938326,0.9564464092254639,-3.1809425354003906,2.2749521732330322,0.01591604831342508,0.03940318499466096,0.016447095521392896
16.595484796203817,-0.03423241400128795,55.52615604630748,0.9497182965278625,-3.1798434257507324,2.278611898422241,0.07748849613379605,0.03423241400128795,0.03802366310945615
16.709781181774808,0.09243993563689634,55.476377627636424,0.9586197137832642,-3.173895835876465,2.2815489768981934,0.036807889437195485,0.09243993563689634,0.08780208178050941
16.661372216032344,-0.09023860751031264,55.602292164985606,0.9517788887023926,-3.183204412460327,2.2735626697540283,0.01160107630526852,0.09023860751031264,0.03811245556867249
16.645281997895086,-0.016872544836563478,55.5789465784025,0.9530744552612305,-3.1806957721710205,2.2757372856140137,0.02769129444252627,0.016872544836563478,0.014766868985567783
16.68472634035191,0.007622643640960775,55.52536032926917,0.95509934425354,-3.176616907119751,2.277824878692627,0.011753048014298884,0.007622643640960775,0.03881938014776409
16.68232552885865,-0.08739584701230813,55.596568466461136,0.9522854685783386,-3.1800103187561035,2.274827003479004,0.009352236521039003,0.08739584701230813,0.03238875704420252
16.641931790107197,0.048796747124175595,55.51782321552006,0.9546474814414978,-3.1779286861419678,2.279170036315918,0.031041502230415574,0.048796747124175595,0.04635649389687302
16.692145633337837,0.004548130563803645,55.514449102070074,0.9562349319458008,-3.1783881187438965,2.279508352279663,0.01917234100022469,0.004548130563803645,0.0497306073468593
16.651480394566875,-0.03673594931296496,55.540666783199164,0.9519785046577454,-3.1796112060546875,2.2775228023529053,0.02149289777073804,0.03673594931296496,0.023512926217769348
16.657216045922393,0.06827320668334705,55.55681335039708,0.9564759731292725,-3.1784117221832275,2.2773358821868896,0.015757246415219583,0.06827320668334705,0.00736635901985494
16.624980968134516,0.05676621647720121,55.652114979886264,0.9555512070655823,-3.183168888092041,2.2705888748168945,0.04799232420309707,0.05676621647720121,0.08793527046933036

Errors:
rotation,[20.663990444843115, 20.35270034013395, 17.535299799996164, 14.010925557000341, 9.66497585978371, 2.1707186653875805, 1.7699743209213181, 0.9517487250887956, 1.1323874968199212, 0.7232406761876965, 0.7600945933294647, 0.2944612246656645, 0.3241973870581739, 0.31574524757397715, 0.10301802036092485, 0.062056919182132964, 0.13054455718522856, 0.2996617365277109, 0.19290721821620688, 0.07924730057513377, 0.20814300286404622, 0.07615318295452625, 0.073712543261564, 0.13273884435050926, 0.07176632882947893, 0.14974457324454016, 0.21704990685460124, 0.13995213938425366, 0.05933070826465753, 0.05819507180302375, 0.12913684057754965, 0.12619474325146418, 0.07345107891088765, 0.08174177330147235, 0.09139681211842157, 0.19269381114962864]
translation,[0.09908907901583852, 0.10135982435673885, 0.11549516510049873, 0.11579293466275242, 0.10960947420996536, 0.1153823921808339, 0.08944458559132773, 0.06915809508881932, 0.0538845389713698, 0.03645732859944495, 0.021043915405345892, 0.011704492192139426, 0.0053894322203014156, 0.0020292394218879295, 0.0009995506949582733, 0.0011104409639886015, 0.0021161098755637653, 0.003819045799126286, 0.0026351893282887673, 0.005003572031839099, 0.0048592695172624545, 0.006821779688487517, 0.006380480636774877, 0.004931439927265302, 0.005139227577690697, 0.0055306160966770435, 0.006450953723126318, 0.005242550077618979, 0.005690164882561355, 0.007250644568118858, 0.006933149120589732, 0.005560752874844255, 0.004629811298910269, 0.005796501936422338, 0.0057834008103752055, 0.00605543203346226]
loss,
[0.15858744084835052, 0.15102750062942505, 0.1353003978729248, 0.10151537507772446, 0.07464703917503357, 0.02265178970992565, 0.013132947497069836, 0.009596331976354122, 0.00683945044875145, 0.005416002124547958, 0.004640109837055206, 0.002270383294671774, 0.0024799276143312454, 0.0016826189821586013, 0.0015517731662839651, 0.0012206966057419777, 0.0017586046596989036, 0.002344155451282859, 0.002175905741751194, 0.0025904811918735504, 0.0022258483804762363, 0.001324548153206706, 0.002361021703109145, 0.0020432788878679276, 0.003317375434562564, 0.0027184803038835526, 0.0026771833654493093, 0.0014758051838725805, 0.001580280251801014, 0.0022805982735008, 0.002400843193754554, 0.0011474858038127422, 0.0021191872656345367, 0.0016878204187378287, 0.0017486236756667495, 0.0026077982038259506]

2022-04-20 10:10:07.424252