2022-04-19 21:00:07.675036

reference phi, theta, psi, translation: 175.36684180812657, -0.0, 39.4597479484966, 0.2069414258003235, 2.553555727005005, 3.112318754196167

phi,theta,psi,rot_x,rot_y,rot_z,phi_err,theta_err,psi_err
-174.60268024378553,2.426304892454245,32.24175771288345,-0.3459881842136383,2.1274664402008057,3.6064906120300293,10.030477948087878,2.426304892454245,7.217990235613151
-174.76988327466745,2.241408366491996,32.43504523620564,-0.3299159109592438,2.1422276496887207,3.597658395767212,9.863274917206013,2.241408366491996,7.02470271229096
-174.64144839751452,2.146314900176756,32.82971405701649,-0.33081385493278503,2.1654579639434814,3.581509828567505,9.99170979435894,2.146314900176756,6.63003389148011
-174.77827074696822,1.5599633540213844,33.733552989884274,-0.2946038842201233,2.2223751544952393,3.5445804595947266,9.854887444905216,1.5599633540213844,5.726194958612325
-175.26587795181544,-0.118744946763515,34.77568276287731,-0.18884746730327606,2.2860653400421143,3.501786947250366,9.367280240057994,0.118744946763515,4.684065185619289
-174.97885974251315,0.07448620843215877,33.630055133391075,-0.19299601018428802,2.217381238937378,3.545696496963501,9.654298449360283,0.07448620843215877,5.829692815105524
-175.16776911457737,-0.5574459488109795,33.953160647173114,-0.15017057955265045,2.2443413734436035,3.5249381065368652,9.465389077296095,0.5574459488109795,5.506587301323485
-175.02397997217025,0.026968430396315416,33.841681714634746,-0.19105751812458038,2.2346887588500977,3.5351526737213135,9.609178219703153,0.026968430396315416,5.618066233861853
-174.94567868352524,-0.0755116039563452,33.921144135438674,-0.18848595023155212,2.2408902645111084,3.5293731689453125,9.68747950834819,0.0755116039563452,5.538603813057925
-174.8584981489592,-0.03754778485846521,33.84064011078632,-0.19369535148143768,2.232717752456665,3.5319161415100098,9.774660042914206,0.03754778485846521,5.619107837710281
-174.73233089461073,-0.8630166936586319,34.52835819793656,-0.1572207510471344,2.2763941287994385,3.499873638153076,9.900827297262708,0.8630166936586319,4.931389750560037
-174.70958636467458,-0.7216575353708801,33.948540024199595,-0.16195939481258392,2.233769655227661,3.523591995239258,9.923571827198884,0.7216575353708801,5.511207924297004
-174.79005965347568,-1.2395133243876955,34.43120900227689,-0.12778030335903168,2.265974998474121,3.498157501220703,9.843098538397726,1.2395133243876955,5.028538946219712
-174.682566136318,-0.34899614151388697,34.23963585643637,-0.18539069592952728,2.2550508975982666,3.51096773147583,9.950592055555433,0.34899614151388697,5.220112092060226
-174.81086440968753,-0.57905346096948,34.37106918663493,-0.16802069544792175,2.2628695964813232,3.5053036212921143,9.822293782185909,0.57905346096948,5.088678761861672
-174.6570348892005,-1.2466780744254473,34.37526975297448,-0.13414905965328217,2.261535882949829,3.499544143676758,9.976123302672931,1.2466780744254473,5.0844781955221166
-174.78964984212547,-0.8594892786960485,34.0627202965547,-0.14968015253543854,2.2413904666900635,3.517429828643799,9.843508349747935,0.8594892786960485,5.397027651941897
-174.79404848395095,-0.6118070399309733,34.196547608057344,-0.16438895463943481,2.2467381954193115,3.5101513862609863,9.83910970792249,0.6118070399309733,5.263200340439255
-174.8057281074317,-0.4391356791954488,34.019085633042074,-0.17449454963207245,2.235989570617676,3.5175163745880127,9.827430084441744,0.4391356791954488,5.440662315454524
-174.83967414760664,-0.4901426638631493,34.07342661807869,-0.17059080302715302,2.237941026687622,3.5151970386505127,9.79348404426679,0.4901426638631493,5.386321330417907
-174.7586681040503,-0.6223729530946321,34.29204389793788,-0.16655108332633972,2.2520976066589355,3.504631519317627,9.87449008782312,0.6223729530946321,5.167704050558719
-174.84538418575278,-0.4109673917229008,34.004772971636314,-0.17452417314052582,2.234815835952759,3.519073009490967,9.787774006120685,0.4109673917229008,5.454974976860285
-174.74712508435297,-0.6790232795652481,34.28385450112303,-0.16411229968070984,2.2522683143615723,3.506049394607544,9.886033107520461,0.6790232795652481,5.175893447373568
-174.66136522913428,-0.40655965717520226,34.13433483000228,-0.18300576508045197,2.2438220977783203,3.513531446456909,9.971792962739187,0.40655965717520226,5.325413118494318
-174.79721769172585,-0.7016308330620631,34.31475427692817,-0.16091381013393402,2.2548129558563232,3.5048887729644775,9.835940500147558,0.7016308330620631,5.144993671568429
-174.72367021474315,-0.6397794495928334,34.32223674916392,-0.16746479272842407,2.2549962997436523,3.503734588623047,9.909487977130311,0.6397794495928334,5.137511199332678
-174.75432410373816,-0.6182563953076095,34.23073270485326,-0.16688117384910583,2.248438596725464,3.5083205699920654,9.87883408813525,0.6182563953076095,5.229015243643339
-174.7697603312624,-0.5625601217870558,34.297350954922976,-0.16979999840259552,2.2531416416168213,3.5050506591796875,9.86339786061103,0.5625601217870558,5.162396993573623
-174.7760031241638,-0.4252083498520818,34.19936506108998,-0.17763356864452362,2.2452750205993652,3.510648250579834,9.857155067709641,0.4252083498520818,5.260382887406621
-174.78562003051516,-0.5151331774998574,34.260942631552226,-0.17162556946277618,2.248878240585327,3.5070254802703857,9.847538161358273,0.5151331774998574,5.198805316944373
-174.73499466838703,-0.43573631693284526,34.18278477687977,-0.17789040505886078,2.245340585708618,3.51016902923584,9.898163523486403,0.43573631693284526,5.276963171616828
-174.76731512353953,-0.7011502134325445,34.33384807075294,-0.1622304767370224,2.2550909519195557,3.5032448768615723,9.865843068333902,0.7011502134325445,5.125899877743656
-174.7911661441212,-0.4705526157696282,34.15831220908361,-0.17363911867141724,2.2445597648620605,3.5138330459594727,9.841992047752228,0.4705526157696282,5.301435739412987
-174.7838168605743,-0.4990942154545787,34.12030220635249,-0.1725197732448578,2.241734266281128,3.5146753787994385,9.849341331299115,0.4990942154545787,5.3394457421441075
-174.69827557140903,-0.5943661892276746,34.197664343986645,-0.1697915941476822,2.247480869293213,3.510530710220337,9.934882620464407,0.5943661892276746,5.262083604509954
-174.7565507454076,-0.799815286630085,34.34111880712442,-0.15670214593410492,2.2570090293884277,3.5026047229766846,9.876607446465869,0.799815286630085,5.118629141372182

Errors:
rotation,[19.674773076155276, 19.12938599598897, 18.768058586015805, 17.141045757538926, 14.170090372440798, 15.558477472897966, 15.52942232743056, 15.254212883961323, 15.30159492536246, 15.431315665482952, 15.695233741481378, 16.15643728686677, 16.11115080900513, 15.519700289129545, 15.49002600501706, 16.307279572620494, 16.100025280385882, 15.714117088292717, 15.707228079091717, 15.669948038547847, 15.66456709147647, 15.65371637470387, 15.740949834459277, 15.703765738408707, 15.68256500477805, 15.686778626055823, 15.726105727086198, 15.58835497597171, 15.542746304968343, 15.561476655802503, 15.610863012036075, 15.692893159510103, 15.613980402934844, 15.6878812888978, 15.791332414202035, 15.795051874468136]
translation,[0.170370405351016, 0.16900566263515504, 0.16718734014922187, 0.1628899375584698, 0.15507111039172106, 0.1552766304722928, 0.15035512555570474, 0.1554737619397839, 0.15379543560345343, 0.15181010024079722, 0.14688554160780232, 0.14399491418050747, 0.13877241764238857, 0.14577417156556205, 0.14451043295665222, 0.13772589830624504, 0.14242457013548115, 0.13972468142217842, 0.1405637719745112, 0.13949360479976036, 0.13805873972808147, 0.14124883338057792, 0.13924618626885632, 0.14177566853430523, 0.1395210046361468, 0.1389082020036252, 0.13919953637203886, 0.13910610728695705, 0.13989799252775015, 0.1385397909389816, 0.13954089654963298, 0.13834099341567363, 0.14202606390981565, 0.1411701313919016, 0.1406603931984023, 0.1386295777265154]
loss,
[0.1190834641456604, 0.1209208071231842, 0.12038034200668335, 0.11402781307697296, 0.10757856070995331, 0.11433001607656479, 0.11440473794937134, 0.11767081916332245, 0.1145574077963829, 0.11852765083312988, 0.10919680446386337, 0.11455494165420532, 0.11209613084793091, 0.11165770143270493, 0.11098077148199081, 0.11655016243457794, 0.11749317497015, 0.1164623498916626, 0.11392431706190109, 0.11927454173564911, 0.1159762293100357, 0.12068047374486923, 0.11182656139135361, 0.10990795493125916, 0.11087177693843842, 0.11004103720188141, 0.11310744285583496, 0.116410993039608, 0.11134064197540283, 0.11318987607955933, 0.11458490788936615, 0.11444749683141708, 0.11672158539295197, 0.11558042466640472, 0.10755237936973572, 0.1116088256239891]

2022-04-19 21:09:04.803182