2022-04-28 15:52:48.052282

reference phi, theta, psi, translation: 164.57178246643477, -4.268868188959204e-07, 11.003265705708584, 0.2046843022108078, 0.7416750192642212, 3.957021951675415

phi,theta,psi,rot_x,rot_y,rot_z,phi_err,theta_err,psi_err
174.68706040079186,1.035587752499106,3.46078983121423,-0.0498787984251976,0.24902896583080292,4.223120212554932,10.115277934357096,1.035588179385925,7.542475874494354
174.71827436529884,1.1762302881132827,3.45022758399304,-0.06142263859510422,0.24893160164356232,4.22361946105957,10.14649189886407,1.1762307150001017,7.553038121715543
174.70449104355376,0.9979178150943476,3.4600709538040864,-0.047249261289834976,0.2487947940826416,4.223583221435547,10.13270857711899,0.9979182419811665,7.5431947519044975
173.6324108910502,1.5688756269986812,3.2452822084181068,-0.07809773087501526,0.23663489520549774,4.211884498596191,9.06062842461543,1.5688760538855002,7.757983497290477
166.81280851425097,5.1641443240122396,3.3710584344365992,-0.2790565490722656,0.35551226139068604,4.130510330200195,2.241026047816206,5.164144750899059,7.632207271271985
165.2993205564462,4.609658893262266,5.898389150230224,-0.229327991604805,0.49557462334632874,4.131583213806152,0.7275380900114214,4.609659320149086,5.10487655547836
164.94098151183064,3.131890373433344,10.225676843232959,-0.02505931816995144,0.7647570967674255,4.054712295532227,0.3691990453958738,3.131890800320163,0.7775888624756249
164.5371534073428,0.4804423381465343,11.39162343172634,0.18108288943767548,0.7826590538024902,3.977038860321045,0.03462905909196934,0.4804427650333532,0.3883577260177553
164.43728238129887,-0.09000302829774182,11.287207768563416,0.22017502784729004,0.7563066482543945,3.9371132850646973,0.1345000851358975,0.09000260141092292,0.28394206285483214
164.70839991021336,0.04750553222478712,11.064979879954235,0.2029130756855011,0.7463768124580383,3.954662561416626,0.1366174437785901,0.047505959111606016,0.061714174245651066
164.63481145209565,0.19249200461862362,11.136301569041153,0.19523882865905762,0.7553902268409729,3.9582197666168213,0.06302898566087833,0.1924924315054425,0.13303586333256945
164.49569415908084,-0.006545009828422867,11.236293830942849,0.2129218876361847,0.7568836212158203,3.9499411582946777,0.07608830735392758,0.006544582941603971,0.23302812523426475
164.5681078246613,-0.10087497022985253,11.294592910603491,0.21770328283309937,0.7582266330718994,3.9472875595092773,0.003674641773471876,0.10087454334303364,0.29132720489490715
164.52458585927,-0.014958289667048116,11.239683312318467,0.21201267838478088,0.75667804479599,3.949765205383301,0.04719660716477847,0.01495786278022922,0.23641760660988353
164.47122842147385,0.21331824482469264,11.242043996450352,0.1977459043264389,0.7626646161079407,3.957010507583618,0.10055404496091569,0.21331867171151153,0.23877829074176837
164.55320435189233,0.1381322587632678,11.134827955727724,0.20107756555080414,0.7543069124221802,3.957313060760498,0.018578114542435742,0.13813268565008668,0.13156225001914024
164.4625404208496,-0.011662960264371657,11.3894685070432,0.21563075482845306,0.7663877606391907,3.9471302032470703,0.10924204558517658,0.01166253337755276,0.3862028013346155
164.59471824166766,-0.08416083691068715,11.189920261573047,0.21554866433143616,0.7519705295562744,3.9469590187072754,0.02293577523289514,0.08416041002386826,0.18665455586446278
164.57709635360905,-0.039467829673638946,11.247141025118474,0.21287384629249573,0.7562086582183838,3.9516186714172363,0.005313887174281717,0.03946740278682005,0.2438753194098897
164.57959620284527,-0.038455595682824514,11.2835783767932,0.21399293839931488,0.7582071423530579,3.9438700675964355,0.00781373641049754,0.03845516879600562,0.28031267108461577
164.47699310113333,0.013452939519375318,11.254620082259638,0.21049576997756958,0.7575578689575195,3.945685863494873,0.09478936530143756,0.013453366406194213,0.2513543765510544
164.55726148425933,-0.12001367972024983,11.288501235637487,0.21863260865211487,0.7577878832817078,3.947463035583496,0.014520982175440622,0.12001325283343094,0.28523552992890266
164.594690920911,0.014998705832688742,11.250878846141763,0.21057093143463135,0.7574647068977356,3.9485676288604736,0.02290845447623724,0.014999132719507638,0.24761314043317917
164.49432812124684,-0.002508610531126167,11.28080873508476,0.2134338915348053,0.7597333788871765,3.949521541595459,0.07745434518793104,0.002508183644307271,0.2775430293761758
164.47973883717967,0.07948394968763804,11.22790208977384,0.20765292644500732,0.7579655647277832,3.9536848068237305,0.09204362925510168,0.07948437657445694,0.22463638406525632
164.48577672440598,0.08335836233371557,11.26151430445312,0.2070489525794983,0.7604219317436218,3.951319932937622,0.08600574202878875,0.08335878922053447,0.25824859874453665
164.6434994527199,-0.0020019019276276764,11.161096009501946,0.20898549258708954,0.7521949410438538,3.951097249984741,0.07171698628513923,0.0020014750408087804,0.1578303037933626
164.53630646388572,-0.002209728721245956,11.203522583305126,0.2105429321527481,0.7546095252037048,3.9509756565093994,0.03547600254904637,0.00220930183442706,0.20025687759654254
164.49906827253082,-0.013545507575826425,11.212039829200133,0.2126552313566208,0.7548363208770752,3.9510793685913086,0.0727141939039484,0.013545080689007529,0.20877412349154945
164.51582955675403,-0.06536710320598418,11.248108350659678,0.21566441655158997,0.7563027143478394,3.947416067123413,0.05595290968074096,0.06536667631916529,0.24484264495109365
164.53062374649627,-0.04900785476131047,11.253483709536477,0.21378286182880402,0.7559688091278076,3.9480955600738525,0.04115871993849396,0.049007427874491576,0.25021800382789294
164.49774321583183,0.031365183599918196,11.191677327737032,0.208567813038826,0.7541500926017761,3.9501543045043945,0.07403925060293659,0.03136561048673709,0.18841162202844863
164.5777247310127,-0.006928595399982426,11.245630699538255,0.21082454919815063,0.7577418088912964,3.9503982067108154,0.005942264577925016,0.00692816851316353,0.24236499382967125
164.51500993405364,0.09721786563790251,11.249328393200171,0.20516760647296906,0.7588627338409424,3.9480650424957275,0.05677253238113167,0.0972182925247214,0.24606268749158744
164.48240261095597,-0.010628634068802609,11.223730551738255,0.2127256542444229,0.7558813095092773,3.949618339538574,0.08937985547879634,0.010628207181983713,0.22046484602967098
164.5668783906107,0.07181659137065226,11.185704327307857,0.20501090586185455,0.7548468708992004,3.951267719268799,0.004904075824072152,0.07181701825747115,0.18243862159927282

Errors:
rotation,[18.693341988237375, 18.875760735579718, 18.673821571004652, 18.38748797579141, 15.037378069987248, 10.442073965638867, 4.278678708191661, 0.9034295501430778, 0.5084447494016526, 0.24583757713584717, 0.38855728049889027, 0.3156610155297963, 0.39587639001141267, 0.2985720765548912, 0.5526510074141956, 0.28827305021166266, 0.5071073802973448, 0.2937507411212262, 0.28865660937099147, 0.32658157629111895, 0.3595971082586862, 0.41976976493777424, 0.28552072762892405, 0.3575055582084141, 0.39616438989481495, 0.42761312999385986, 0.2315487651193106, 0.23794218198001596, 0.29503339808450535, 0.36616223095099987, 0.3403841516408785, 0.2938164831181223, 0.2552354269207598, 0.4000535123974405, 0.32047290869045103, 0.25915971568081614]
translation,[0.19962134480110283, 0.2002657895210529, 0.200039562078155, 0.18812059992235586, 0.1240338041065403, 0.13638419196793716, 0.09514946800451973, 0.026232839893499893, 0.01599032291734126, 0.0015373547267891752, 0.00325287425596521, 0.0036925336615167836, 0.005786503565050616, 0.003951699832884792, 0.003557320892093152, 0.002447397896691683, 0.004507034454402259, 0.00739849352379629, 0.0021765649501750417, 0.009340474048089575, 0.007866627662633796, 0.005646680993657505, 0.005053987176464325, 0.0035403876028983206, 9.242392025310409e-05, 0.001980108992065688, 0.003643129833116987, 0.003229635525794805, 0.002974449105667354, 0.006132188460233223, 0.005628870378314943, 0.004224144630214255, 0.003193248120159531, 0.005562609407031793, 0.004207772056632031, 0.00318403394505129]
loss,
[0.12909692525863647, 0.14027608931064606, 0.14376318454742432, 0.1374904215335846, 0.09344939887523651, 0.04042922332882881, 0.020267417654395103, 0.00671627651900053, 0.004223233088850975, 0.0038341868203133345, 0.0038823969662189484, 0.003326868172734976, 0.0029059797525405884, 0.0034275283105671406, 0.0026425279211252928, 0.0029736049473285675, 0.003317676018923521, 0.003027555299922824, 0.0031755995005369186, 0.002737264847382903, 0.003455229103565216, 0.0034178635105490685, 0.003965913318097591, 0.0030627259984612465, 0.004305137321352959, 0.003831962589174509, 0.004388085100799799, 0.002151459688320756, 0.003228774992749095, 0.004664100240916014, 0.004515990614891052, 0.002913445234298706, 0.0026397816836833954, 0.002138125477358699, 0.0032961294054985046, 0.0034425780177116394]

2022-04-28 15:55:18.173303