2022-04-28 15:55:21.712887

reference phi, theta, psi, translation: 16.672973292337613, -0.0, 55.56417970941693, 0.9538894295692444, -3.184936285018921, 2.279534101486206

phi,theta,psi,rot_x,rot_y,rot_z,phi_err,theta_err,psi_err
26.607018987257597,-4.879078348390559,61.415046110949504,1.4386786222457886,-3.2383759021759033,2.121750593185425,9.934045694919984,4.879078348390559,5.850866401532571
27.16314494231108,-5.4754297586790495,61.94866830023509,1.4747265577316284,-3.247215747833252,2.077587842941284,10.490171649973469,5.4754297586790495,6.384488590818158
28.048711411601793,-6.455508229145857,63.8192248874698,1.5939583778381348,-3.2917444705963135,1.920575737953186,11.37573811926418,6.455508229145857,8.255045178052868
26.151293397908713,-3.666444662351236,63.63514445914879,1.571225881576538,-3.288038492202759,1.930950403213501,9.4783201055711,3.666444662351236,8.070964749731857
23.895053103716307,-1.2017045415653087,65.39899983116956,1.5388870239257812,-3.3880774974823,1.7742154598236084,7.222079811378695,1.2017045415653087,9.834820121752628
20.259343408518518,2.9311668000861832,67.32891759248085,1.4157204627990723,-3.5356903076171875,1.5870016813278198,3.5863701161809054,2.9311668000861832,11.764737883063916
20.878161962416257,2.854548395240564,64.11818226744126,1.375659465789795,-3.4253249168395996,1.8085848093032837,4.205188670078645,2.854548395240564,8.554002558024322
20.938972844144175,2.236911878238634,61.38443320308951,1.3353312015533447,-3.3291115760803223,1.9784921407699585,4.265999551806562,2.236911878238634,5.820253493672574
20.13510397506328,2.1740227350364627,58.26121309188529,1.2650429010391235,-3.222524404525757,2.148109197616577,3.462130682725668,2.1740227350364627,2.697033382468355
18.094151243509675,1.4524133160088544,54.69698132635168,1.078726887702942,-3.1173958778381348,2.3401880264282227,1.4211779511720621,1.4524133160088544,0.8671983830652508
16.566897039432728,0.003775722732011548,55.62127326068907,0.9516705274581909,-3.189141035079956,2.2796807289123535,0.10607625290488443,0.003775722732011548,0.05709355127213911
16.734171787300927,0.08208638730482445,55.64455737556965,0.9641426801681519,-3.1815216541290283,2.2720372676849365,0.061198494963313976,0.08208638730482445,0.0803776661527138
16.702336275579494,0.0055976639337902015,55.59937225911543,0.954794704914093,-3.1786396503448486,2.274200677871704,0.02936298324188158,0.0055976639337902015,0.03519254969849328
16.715781502960667,0.04543174282121723,55.5674445398402,0.9602386355400085,-3.1773762702941895,2.2752416133880615,0.042808210623054066,0.04543174282121723,0.003264830423269416
16.733072126844554,0.031594233432022716,55.54567331186079,0.9581965208053589,-3.1757097244262695,2.2766406536102295,0.060098834506941756,0.031594233432022716,0.018506397556144805
16.743237155876823,0.03283609402564458,55.698495379445234,0.960378885269165,-3.1820850372314453,2.268540859222412,0.07026386353921055,0.03283609402564458,0.13431567002830036
16.65330576262256,-0.005600233533124495,55.61455235454578,0.9541513323783875,-3.179996967315674,2.2705562114715576,0.019667529715054144,0.005600233533124495,0.05037264512884576
16.796849018219547,0.011199162112890546,55.618141618954624,0.9615663290023804,-3.1770002841949463,2.2725467681884766,0.12387572588193407,0.011199162112890546,0.053961909537690644
16.75643478890058,-0.026958758958521754,55.69021035998201,0.959672212600708,-3.1815505027770996,2.2679057121276855,0.08346149656296831,0.026958758958521754,0.12603065056507745
16.71450255003858,0.0077773636091438714,55.60756507102486,0.9575388431549072,-3.1797704696655273,2.2735931873321533,0.041529257700968714,0.0077773636091438714,0.04338536160792472
16.731395315403315,-0.02383671886080145,55.666004169563486,0.9587834477424622,-3.182793140411377,2.269684076309204,0.05842202306570243,0.02383671886080145,0.10182446014655255
16.74569090133615,0.033249507744797666,55.585633333599944,0.9591118097305298,-3.1779391765594482,2.2748289108276367,0.07271760899853774,0.033249507744797666,0.021453624183010334
16.70107610567763,0.02419166034623531,55.56608874728995,0.9565473794937134,-3.177900552749634,2.27504825592041,0.028102813340016297,0.02419166034623531,0.00190903787301977
16.715050672719475,0.07834814158627325,55.59999722142448,0.9597728252410889,-3.1784839630126953,2.273622512817383,0.04207738038186193,0.07834814158627325,0.035817512007547236
16.75062912810607,-0.029039028833400662,55.583177880593325,0.9576177597045898,-3.1783580780029297,2.274923086166382,0.07765583576845714,0.029039028833400662,0.01899817117639202
16.709641162896826,0.02752544549171091,55.56260535081325,0.957639753818512,-3.17811918258667,2.2765703201293945,0.03666787055921361,0.02752544549171091,0.001574358603683379
16.750594977160222,0.024239042291112223,55.54862053848765,0.9595199823379517,-3.1771771907806396,2.2769150733947754,0.0776216848226099,0.024239042291112223,0.015559170929286381
16.70286220014559,-0.003195912207222524,55.5972822212294,0.9565119743347168,-3.1790852546691895,2.2738211154937744,0.02988890780797604,0.003195912207222524,0.03310251181246571
16.74501300506103,-0.013377093611960336,55.6836533783788,0.9593759775161743,-3.1818034648895264,2.2692675590515137,0.07203971272341647,0.013377093611960336,0.11947366896186651
16.72510129608315,-0.03640136497361594,55.57951006900903,0.9565432071685791,-3.1779606342315674,2.2747836112976074,0.052128003745536944,0.03640136497361594,0.01533035959209883
16.745310118289925,0.045605701458477796,55.62674424221425,0.9606364965438843,-3.1788523197174072,2.2724318504333496,0.07233682595231272,0.045605701458477796,0.06256453279731744
16.726448550896933,0.009718814768369853,55.605679938813935,0.9587274193763733,-3.179189920425415,2.273642063140869,0.05347525855932034,0.009718814768369853,0.04150022939700193
16.655226753326627,-0.023975965737080822,55.59240205106743,0.9531354904174805,-3.1811296939849854,2.273340940475464,0.017746539010985884,0.023975965737080822,0.02822234165049764
16.68042844381668,-0.01029991591076028,55.60824125975269,0.9550210237503052,-3.1812777519226074,2.273679733276367,0.007455151479067723,0.01029991591076028,0.04406155033575487
16.689283784075602,0.06714624037759867,55.60212824044552,0.9586688280105591,-3.1794168949127197,2.2742605209350586,0.016310491737989707,0.06714624037759867,0.03794853102859008
16.71379904055407,-0.004982364478228841,55.64443784725917,0.9573311805725098,-3.1809303760528564,2.2716050148010254,0.04082574821645579,0.004982364478228841,0.08025813784223601

Errors:
rotation,[20.663990444843115, 22.350089999470676, 26.086291526462904, 21.215729517654193, 18.258604474696632, 18.282274799331006, 15.61373962334353, 12.32316492371777, 8.333186800230486, 3.7407896502461675, 0.16694552690903508, 0.22366254842085223, 0.07015319687416506, 0.09150478386754071, 0.11019946549510928, 0.2374156275931555, 0.0756404083770244, 0.18903679753251526, 0.23645090608656752, 0.0926919829180373, 0.18408320207305645, 0.12742074092634575, 0.054203511559271375, 0.1562430339756824, 0.1256930357782498, 0.0657676746546079, 0.1174198980430085, 0.06618733182766427, 0.2048904752972433, 0.10385972831125172, 0.18050706020810797, 0.10469430272469213, 0.06994484639856435, 0.061816617725582876, 0.12140526314417846, 0.12606625053692064]
translation,[0.09908907901583852, 0.09629161293338306, 0.09983907952432869, 0.0930095153487791, 0.09138043428283105, 0.09487946511357492, 0.07937825548487609, 0.06527498206112625, 0.04310360594311202, 0.013409276673699289, 0.0028817427175544807, 0.004491991371956772, 0.007775574349536463, 0.006889480670399628, 0.0079006195671667, 0.006918328722242961, 0.008914175361800503, 0.008392302990793965, 0.007867663022256721, 0.006573376467537528, 0.006094243601676652, 0.00694702642743561, 0.007463943311021737, 0.007040951835858067, 0.006918766537800991, 0.006170743205252016, 0.0062716287165995865, 0.0072301707423276795, 0.006970464431542034, 0.007567109413960438, 0.007216454570151853, 0.006721446637952155, 0.006686984742090729, 0.0059316222447582945, 0.006206672779672573, 0.0068288745984323995]
loss,
[0.14592868089675903, 0.16133716702461243, 0.145841583609581, 0.12165912985801697, 0.11622975766658783, 0.07989735901355743, 0.05840098112821579, 0.0453522764146328, 0.032688651233911514, 0.01433059573173523, 0.0036544883623719215, 0.0032173963263630867, 0.001990515273064375, 0.0014546001330018044, 0.0015097071882337332, 0.001447776099666953, 0.002020420739427209, 0.0017563265282660723, 0.001970622455701232, 0.002731630578637123, 0.002362772822380066, 0.0019662254489958286, 0.0016430405667051673, 0.0016974161844700575, 0.0011675853747874498, 0.0016252304194495082, 0.00215333653613925, 0.0021964614279568195, 0.0022436061408370733, 0.001410009223036468, 0.0016916943714022636, 0.001698568812571466, 0.002998974174261093, 0.0011866106651723385, 0.0022685842122882605, 0.0023101423867046833]

2022-04-28 15:57:53.054931