2022-04-20 10:36:46.842773

reference phi, theta, psi, translation: -86.91639066027085, -0.0, 34.793557367935236, -2.296917200088501, -0.12373751401901245, 3.3104169368743896

phi,theta,psi,rot_x,rot_y,rot_z,phi_err,theta_err,psi_err
-76.53055527251121,6.8177051513072,38.18892636661862,-2.336111545562744,-0.9462913274765015,3.345968008041382,10.385835387759641,6.8177051513072,3.395368998683381
-76.21738426887694,6.4316180573630914,38.52613280594214,-2.376171827316284,-0.9567592144012451,3.312429904937744,10.699006391393908,6.4316180573630914,3.7325754380069043
-75.58859705388558,5.6087861322011054,38.85836003736073,-2.4732067584991455,-0.9657796025276184,3.213198661804199,11.32779360638527,5.6087861322011054,4.064802669425497
-77.14115369374284,6.836569242927239,38.57985224376429,-2.4364330768585205,-0.9407528042793274,3.238550901412964,9.775236966528013,6.836569242927239,3.786294875829057
-79.11909451510849,7.011820600448413,39.09478362038614,-2.503814458847046,-0.8723797798156738,3.196169853210449,7.797296145162363,7.011820600448413,4.301226252450903
-80.91331007798996,5.976550367793311,39.30035865402518,-2.550917625427246,-0.740570068359375,3.184332847595215,6.003080582280887,5.976550367793311,4.506801286089946
-82.28516040297619,5.1720155318699375,40.11384784455204,-2.6163434982299805,-0.6356721520423889,3.142082452774048,4.631230257294661,5.1720155318699375,5.320290476616805
-83.26452073749681,3.165898774716262,40.02327612106309,-2.6211116313934326,-0.4825190305709839,3.1462361812591553,3.65186992277404,3.165898774716262,5.229718753127855
-84.17297004805435,2.818779352956923,39.03350657824737,-2.564229965209961,-0.4163088798522949,3.168687343597412,2.7434206122164966,2.818779352956923,4.239949210312133
-84.95016361333177,1.7019629372980893,38.173100818311696,-2.507596492767334,-0.3132529854774475,3.1902902126312256,1.966227046939082,1.7019629372980893,3.3795434503764596
-87.0965232392516,-0.36865507000486997,37.005438998562994,-2.4312849044799805,-0.10190744698047638,3.2157692909240723,0.18013257898074642,0.36865507000486997,2.211881630627758
-86.79242955702429,0.025669337416211496,34.34098220334102,-2.257922649383545,-0.1305493861436844,3.317028045654297,0.12396110324655751,0.025669337416211496,0.4525751645942151
-86.99448704324078,-0.24857937865768137,34.90102014924163,-2.2989583015441895,-0.10773048549890518,3.300260066986084,0.07809638296993171,0.24857937865768137,0.10746278130639553
-86.90680107467615,-0.08300651374054724,34.88149946859373,-2.294659376144409,-0.11906493455171585,3.3000402450561523,0.00958958559469636,0.08300651374054724,0.08794210065849484
-86.9881281371235,0.018253166680079775,34.83437457841523,-2.2924089431762695,-0.12281900644302368,3.298349380493164,0.07173747685264686,0.018253166680079775,0.040817210479993093
-87.02247032827032,-0.07948338243496077,34.80273714217973,-2.2904508113861084,-0.11655421555042267,3.3001601696014404,0.10607966799946666,0.07948338243496077,0.009179774244493899
-87.04197734853987,-0.011839080303587043,34.88910488423454,-2.2973334789276123,-0.11908145248889923,3.300367832183838,0.1255866882690242,0.011839080303587043,0.09554751629930536
-87.02054421492437,-0.11550849580756262,34.865359731584995,-2.296553611755371,-0.11356422305107117,3.3014066219329834,0.1041535546535215,0.11550849580756262,0.07180236364975912
-86.93552202013606,-0.04897035520451298,34.868218165752644,-2.2962725162506104,-0.12010201811790466,3.3011298179626465,0.01913135986521297,0.04897035520451298,0.07466079781740831
-86.9007973383957,-0.04683626339259371,34.88846967664173,-2.297015905380249,-0.1219213604927063,3.301142692565918,0.015593321875144284,0.04683626339259371,0.09491230870649758
-87.06267282172502,-0.054183826345046954,34.80027485898394,-2.292431116104126,-0.11555053293704987,3.302422523498535,0.14628216145416673,0.054183826345046954,0.006717491048704005
-87.00430885526725,-0.0965112932498974,34.75979915796245,-2.288231372833252,-0.11512426286935806,3.3039536476135254,0.08791819499640496,0.0965112932498974,0.03375820997278822
-86.76312121529577,-0.09859265153727785,34.83068627626342,-2.295073986053467,-0.1245814859867096,3.3053159713745117,0.15326944497508066,0.09859265153727785,0.03712890832818516
-86.9763733815619,-0.22122202359274112,34.679336114445114,-2.2818188667297363,-0.10839702188968658,3.3051722049713135,0.059982721291049756,0.22122202359274112,0.11422125349012191
-86.91747666034888,-0.12127047171475229,34.98497341942484,-2.3033294677734375,-0.11793795228004456,3.295842170715332,0.0010860000780326118,0.12127047171475229,0.19141605148960394
-86.91618575459574,-0.0154819543620858,34.85272388162047,-2.295365333557129,-0.12423747777938843,3.3025217056274414,0.00020490567510478286,0.0154819543620858,0.05916651368523418
-87.01027161041267,-0.06495342553748859,34.90356439470746,-2.2952027320861816,-0.11742395907640457,3.299654245376587,0.0938809501418234,0.06495342553748859,0.11000702677222307
-87.02805059282223,-0.03249645976819604,34.84115012607188,-2.294773817062378,-0.11845336109399796,3.298797607421875,0.11165993255137607,0.03249645976819604,0.047592758136644875
-86.94498183213652,-0.0794965880179446,34.814235765647446,-2.291642665863037,-0.11761616170406342,3.3038265705108643,0.028591171865670617,0.0794965880179446,0.020678397712210028
-86.97181081519633,-0.0714739171957775,34.806138576386395,-2.2920727729797363,-0.11803802102804184,3.3023197650909424,0.055420154925485576,0.0714739171957775,0.012581208451159398
-87.03617851793453,0.031778105038082725,34.818941765985585,-2.291306495666504,-0.12109369039535522,3.3017749786376953,0.11978785766368105,0.031778105038082725,0.025384398050348977
-86.85406518409448,-0.0740591037397616,34.778285064951085,-2.2898001670837402,-0.12216173112392426,3.305553674697876,0.062325476176368966,0.0740591037397616,0.015272302984151054
-86.87708292159742,-0.009184514625935478,34.95227047367882,-2.3014326095581055,-0.12489096820354462,3.2995243072509766,0.03930773867342907,0.009184514625935478,0.15871310574358688
-87.03389040456258,-0.11143340131170064,34.694355700429966,-2.2845749855041504,-0.1140914261341095,3.3067467212677,0.11749974429173449,0.11143340131170064,0.0992016675052696
-86.89558590405899,-0.11889960660820681,34.775050970379084,-2.287292957305908,-0.11822642385959625,3.301302433013916,0.0208047562118594,0.11889960660820681,0.01850639755615191
-87.01198598789435,-0.07463773378792664,34.84078812604587,-2.2930939197540283,-0.11664175987243652,3.2995219230651855,0.09559532762349932,0.07463773378792664,0.04723075811063637

Errors:
rotation,[20.598909537750224, 20.863199886763905, 21.00138240801187, 20.39810108528431, 19.11034299806168, 16.486432236164145, 15.123536265781404, 12.047487450618156, 9.802149175485553, 7.047733434613631, 2.7606692796133743, 0.6022056052569841, 0.4341385429340086, 0.18053819999373844, 0.13080785401271972, 0.19474282467892134, 0.2329732848719166, 0.29146441411084323, 0.14276251288713426, 0.1573418939742356, 0.20718347884791768, 0.2181876982190906, 0.2889910048405437, 0.3954259983739128, 0.31377252328238886, 0.07485337372242476, 0.2688414024515351, 0.191749150456217, 0.12876615759582524, 0.13947528057242248, 0.17695036075211276, 0.15165688290028162, 0.20720535904295143, 0.32813481310870474, 0.15821076037621812, 0.21746381952206234]
translation,[0.1579505536533441, 0.15620592667409738, 0.13709948601068778, 0.12933192110914327, 0.1216575598007168, 0.11562896214200258, 0.10674674458433042, 0.09220145671580582, 0.06632984910675521, 0.0387752221302069, 0.0015753865933660904, 0.016414314475344582, 0.007631422068409499, 0.009946978548287078, 0.012505725086755959, 0.012322203400620069, 0.00815119078562887, 0.007903661067987677, 0.008101389022320937, 0.007611747081270437, 0.00936471164271957, 0.010511231990940395, 0.005212962681246047, 0.013342087036964934, 0.008466606526229548, 0.007351210194403102, 0.010001891085577697, 0.01091944772787734, 0.00860108867668874, 0.00958109881265301, 0.010374311155500138, 0.008096001124546781, 0.006324460036132962, 0.010323767722844046, 0.013133799322777584, 0.011336584358502044]
loss,
[0.14110851287841797, 0.13186269998550415, 0.07719818502664566, 0.07110671699047089, 0.046607427299022675, 0.04676967114210129, 0.048862606287002563, 0.04215051978826523, 0.03809463977813721, 0.03061080351471901, 0.012375595048069954, 0.0036165923811495304, 0.002804611576721072, 0.001976820407435298, 0.0026869825087487698, 0.0031127403490245342, 0.002673913724720478, 0.001970787765458226, 0.0029046840500086546, 0.001965485280379653, 0.0025951319839805365, 0.0017994818044826388, 0.003854108974337578, 0.002411761786788702, 0.0017829127609729767, 0.0026643271557986736, 0.0034558563493192196, 0.004675110802054405, 0.002717377617955208, 0.002041785977780819, 0.0023525948636233807, 0.0029674088582396507, 0.004026399925351143, 0.0032616015523672104, 0.0031542163342237473, 0.003085650270804763]

2022-04-20 10:39:41.085421