2022-04-20 10:29:10.257740

reference phi, theta, psi, translation: 164.57178246643477, -4.268868188959204e-07, 11.003265705708584, 0.2046843022108078, 0.7416750192642212, 3.957021951675415

phi,theta,psi,rot_x,rot_y,rot_z,phi_err,theta_err,psi_err
174.68706040079186,1.035587752499106,3.46078983121423,-0.0498787984251976,0.24902896583080292,4.223120212554932,10.115277934357096,1.035588179385925,7.542475874494354
174.5431756357364,1.5682108915084552,3.4526362928925276,-0.08283277601003647,0.25559893250465393,4.207526206970215,9.97139316930162,1.5682113183952742,7.550629412816056
175.0442656340052,2.7924945054568706,2.34099952669768,-0.17445290088653564,0.1845322847366333,4.14431619644165,10.47248316757043,2.7924949323436894,8.662266179010903
175.2278474585168,2.7083389791099495,3.163464439567582,-0.17645320296287537,0.22950194776058197,4.031445026397705,10.656064992082037,2.7083394059967683,7.839801266141002
175.47236823080326,1.935252801194481,3.6835782222221756,-0.12176712602376938,0.2538006007671356,4.033271789550781,10.900585764368486,1.9352532280813,7.319687483486408
175.2559741775189,1.7911660241707823,5.89891165970173,-0.09345965832471848,0.41421183943748474,4.012054443359375,10.68419171108414,1.7911664510576013,5.104354046006854
174.8728278858379,1.867453304626977,6.297115957181704,-0.09498481452465057,0.43921545147895813,3.988504648208618,10.301045419403124,1.867453731513796,4.7061497485268795
175.32881131482793,1.6845991223452093,6.262058303719321,-0.08713354170322418,0.4456740915775299,4.0188822746276855,10.757028848393162,1.6845995492320283,4.7412074019892625
175.29263863298354,2.048703384169878,7.6609988665011155,-0.10254261642694473,0.5423562526702881,3.985743284225464,10.72085616654877,2.0487038110566966,3.3422668392074684
175.84443595565054,1.9782103235248252,7.945401967124923,-0.10107817500829697,0.5571423172950745,3.975477695465088,11.27265348921577,1.9782107504116442,3.057863738583661
176.35842135107234,1.0639253302410265,8.12401056014711,-0.03896870091557503,0.5678999423980713,3.9855620861053467,11.786638884637568,1.0639257571278455,2.8792551455614745
177.04831143837865,0.44319985850458504,8.562804964317179,0.0005498677492141724,0.5987557768821716,3.98614239692688,12.476528971943878,0.44320028539140394,2.440460741391405
177.40527078478186,0.21763164119307696,8.349728675422167,0.012916353531181812,0.5804799795150757,3.982304573059082,12.833488318347094,0.21763206807989585,2.653537030286417
177.28008707767387,0.12562637570452548,8.832405337462275,0.02190810814499855,0.6142612099647522,3.970029354095459,12.7083046112391,0.12562680259134437,2.1708603682463092
177.44485856121125,0.343779512011475,8.448818498579774,0.0012799403630197048,0.5866647362709045,3.9782555103302,12.87307609477648,0.3437799388982939,2.55444720712881
177.95290169205512,-0.19496246608138157,8.518237979982844,0.03572232276201248,0.5917611122131348,3.984968900680542,13.381119225620353,0.19496203919456268,2.4850277257257396
178.38010270388276,-0.4824802204800411,8.644273753189797,0.0524306520819664,0.6024165749549866,3.9841020107269287,13.808320237447987,0.4824797935932222,2.358991952518787
178.24288420345718,-0.39620516326073285,9.495510837938378,0.04593304544687271,0.6557297110557556,3.9625699520111084,13.671101737022411,0.39620473637391396,1.5077548677702062
178.6184080040245,-0.25152918154887066,9.00111100996159,0.032542839646339417,0.6258759498596191,3.9754981994628906,14.046625537589733,0.25152875466205177,2.0021546957469933
178.95837383977272,0.04087239834413698,8.900479271598853,0.007838750258088112,0.6161018013954163,3.9663331508636475,14.38659137333795,0.040872825230955874,2.1027864341097313
179.2737919756439,0.25894691639712675,8.584610343242444,-0.013904323801398277,0.5944089889526367,3.9750075340270996,14.70200950920912,0.25894734328394564,2.41865536246614
179.37337613374268,0.3613969359466544,8.627837756725809,-0.01932946965098381,0.5986018180847168,3.9745290279388428,14.801593667307912,0.3613973628334733,2.375427948982775
179.27189318305463,0.4822278349217604,8.957878473836349,-0.02711174637079239,0.6239893436431885,3.9790854454040527,14.70011071661986,0.4822282618085793,2.045387231872235
179.26287733335022,0.7919057118604144,9.664655350091866,-0.04846915230154991,0.671278178691864,3.9574575424194336,14.69109486691545,0.7919061387472333,1.3386103556167175
179.0074828999051,0.658064516165107,9.313855980546364,-0.035084258764982224,0.6501035690307617,3.9725818634033203,14.435700433470345,0.6580649430519259,1.6894097251622195
179.00669059796138,0.6575927496932875,9.146012619429765,-0.036407988518476486,0.637542724609375,3.9751784801483154,14.434908131526612,0.6575931765801064,1.8572530862788188
179.5285307109287,0.538076619197508,9.145210925975935,-0.03394511714577675,0.6366076469421387,3.972991943359375,14.956748244493923,0.5380770460843269,1.8580547797326492
179.4792167451212,0.7197779025433767,8.962642530782432,-0.04569332301616669,0.6260902881622314,3.9817705154418945,14.907434278686424,0.7197783294301956,2.040623174926152
179.45947749841986,0.6809942634447997,8.882976911850696,-0.043496906757354736,0.6186791062355042,3.9777867794036865,14.88769503198509,0.6809946903316186,2.1202887938578883
179.3050879024209,0.5463985127965383,9.153033200122891,-0.03111894801259041,0.6369579434394836,3.970153331756592,14.733305435986125,0.5463989396833572,1.8502325055856925
179.65579079554436,0.17317768641801973,9.179968904888483,-0.009101008996367455,0.6408268213272095,3.972263813018799,15.084008329109594,0.17317811330483862,1.823296800820101
179.91363043671237,0.0868165294092304,9.236090861751185,-0.005528004840016365,0.642493724822998,3.9760751724243164,15.341847970277598,0.0868169562960493,1.7671748439573989
179.97760198847868,0.49221793708085204,9.380725240068083,-0.035246592015028,0.6520432829856873,3.9683170318603516,15.405819522043913,0.49221836396767094,1.6225404656405011
-179.7898947297084,0.4824207466800845,9.540304072288968,-0.03772946447134018,0.6617988348007202,3.9600048065185547,15.638322803856795,0.4824211735669034,1.4629616334196154
-179.85329254558445,0.8236380926009281,9.748069889104293,-0.061445772647857666,0.6759445667266846,3.957409620285034,15.574924987980808,0.823638519487747,1.2551958166042905
-179.73004861220076,0.8902177103448358,9.556057903609602,-0.06761972606182098,0.6611961722373962,3.9578590393066406,15.69816892136447,0.8902181372316547,1.4472078020989816

Errors:
rotation,[18.693341988237375, 19.09023390051295, 21.927244278925023, 21.204205664219806, 20.155526475936195, 17.579712208148592, 16.874648899443798, 17.182835799614452, 16.111826816812936, 16.308727978211074, 15.729819787326889, 15.360189998726687, 15.704657416713406, 15.004791782076754, 15.771303240803583, 16.061108990540653, 16.649791983559997, 15.575061341166531, 16.30030898799878, 16.530250632678637, 17.379612214959206, 17.53841897912416, 17.227726210300673, 16.821611361279402, 16.783175101684492, 16.949754394385536, 17.3528800703109, 17.66783578304277, 17.688978516174597, 17.129936881255176, 17.080483243234532, 17.195839770531045, 17.520578351652084, 17.58370561084331, 17.653759324072844, 18.035594860695106]
translation,[0.19962134480110283, 0.18496749943344604, 0.12096005605168703, 0.01069690800925649, 0.011954489057457884, 0.003333517315759593, 0.01738979023485232, 0.013328093449291423, 0.007347742261337942, 0.015528415516310012, 0.005121692971088443, 0.00026795277231084214, 0.006719187254377701, 0.013800203427591029, 0.00984875045267497, 0.002303460461434703, 0.0013989438436414758, 0.014407362743075858, 0.006533807374585976, 0.017222881668726764, 0.011900086335900895, 0.011728603489761902, 0.0033232053056062583, 0.016850155738271866, 0.005551649251504642, 0.0049855591605796334, 0.007313977100131375, 0.0001769837717242595, 0.005281974890857022, 0.010084101327080042, 0.007496010664000963, 0.003474184578286632, 0.009444823008565528, 0.01602749872180187, 0.01593680899725136, 0.017850817780239225]
loss,
[0.07224155962467194, 0.06856761872768402, 0.06486350297927856, 0.045304253697395325, 0.03665205463767052, 0.04107626527547836, 0.03457251936197281, 0.04016081988811493, 0.04701488837599754, 0.037658028304576874, 0.03135443106293678, 0.037111081182956696, 0.03501959145069122, 0.03520461544394493, 0.02916441485285759, 0.03264399990439415, 0.0325198732316494, 0.03673920780420303, 0.033807605504989624, 0.036699987947940826, 0.03275230526924133, 0.030730679631233215, 0.033730581402778625, 0.03506280481815338, 0.035363346338272095, 0.03734501451253891, 0.03985683247447014, 0.03265602886676788, 0.033125173300504684, 0.03454649820923805, 0.030322140082716942, 0.03609512746334076, 0.03380335867404938, 0.039292849600315094, 0.0292513370513916, 0.03217616677284241]

2022-04-20 10:32:55.613795