2022-04-20 16:45:40.763803

reference phi, theta, psi, translation: 175.36684180812657, -0.0, 39.4597479484966, 0.2069414258003235, 2.553555727005005, 3.112318754196167

phi,theta,psi,rot_x,rot_y,rot_z,phi_err,theta_err,psi_err
-174.60268024378553,2.426304892454245,32.24175771288345,-0.3459881842136383,2.1274664402008057,3.6064906120300293,10.030477948087878,2.426304892454245,7.217990235613151
-174.5633520145446,2.328389992829339,31.873975931740357,-0.3417195677757263,2.104710102081299,3.6162807941436768,10.069806177328815,2.328389992829339,7.585772016756241
-174.58138371395344,2.223236351823363,28.9235049650241,-0.34675878286361694,1.9443594217300415,3.6652204990386963,10.051774477919992,2.223236351823363,10.536242983472498
-174.76159142501504,2.8508975540797,27.617075899455546,-0.37637850642204285,1.8487657308578491,3.684338331222534,9.871566766858393,2.8508975540797,11.842672049041052
-174.36873260433427,3.2075221739821678,27.030063828975262,-0.4050680994987488,1.8035181760787964,3.672574520111084,10.264425587539165,3.2075221739821678,12.429684119521337
-174.71684002557313,3.9785382565241596,28.214188112170984,-0.4434148967266083,1.8784940242767334,3.606846332550049,9.9163181663003,3.9785382565241596,11.245559836325615
-176.58876265064185,5.588762543778736,30.964181073916322,-0.4857431650161743,2.056213617324829,3.4747793674468994,8.044395541231552,5.588762543778736,8.495566874580277
-177.44220844781327,5.6567562999774434,34.07520929745207,-0.45455148816108704,2.238008499145508,3.3350038528442383,7.190949744060163,5.6567562999774434,5.3845386510445294
-179.4238239109524,6.02634574095693,36.75103494254753,-0.38317614793777466,2.389486312866211,3.185906171798706,5.209334280921041,6.02634574095693,2.708713005949072
179.24414895464605,3.9680413864579536,38.29488992140219,-0.19779925048351288,2.473926067352295,3.130946159362793,3.8773071465194846,3.9680413864579536,1.1648580270944109
176.63524891813296,1.3835269251226212,39.431399248346466,0.07862257957458496,2.53480863571167,3.0798556804656982,1.2684071100063932,1.3835269251226212,0.0283487001501328
175.56442552043669,0.42703276937585094,38.953344063053514,0.17276033759117126,2.5195436477661133,3.123727798461914,0.19758371231012006,0.42703276937585094,0.5064038854430848
175.28621825516373,-0.1789129493201304,39.58095307041306,0.22295525670051575,2.5580058097839355,3.106987953186035,0.08062355296283386,0.1789129493201304,0.12120512191646071
175.3233061823569,0.07299875922854189,39.44064390938807,0.20576074719429016,2.549689531326294,3.109854221343994,0.043535625769663966,0.07299875922854189,0.01910403910852665
175.39017373433134,0.09241965526294717,39.36757113055269,0.20054826140403748,2.5435469150543213,3.1147372722625732,0.023331926204775755,0.09241965526294717,0.09217681794390842
175.30965946439522,0.03375569816057256,39.49997776270798,0.20911583304405212,2.5507566928863525,3.106468677520752,0.057182343731341234,0.03375569816057256,0.04022981421137928
175.32871569217954,0.1635412435914824,39.40867520897783,0.20034384727478027,2.5474276542663574,3.111570358276367,0.038126115947022754,0.1635412435914824,0.051072739518765786
175.40421660326487,0.07955326879438444,39.42830858774703,0.201100155711174,2.5477309226989746,3.1094517707824707,0.03737479513830522,0.07955326879438444,0.03143936074956599
175.38312497910786,0.09948340874792513,39.35793373363381,0.20108507573604584,2.545135736465454,3.114560842514038,0.01628317098129628,0.09948340874792513,0.10181421486279163
175.38458663959025,0.04873808595102836,39.47578864776238,0.20382994413375854,2.54974102973938,3.106818914413452,0.01774483146368766,0.04873808595102836,0.01604069926577978
175.290125123369,0.06089608929655773,39.45818725027125,0.20768821239471436,2.548517942428589,3.1070687770843506,0.07671668475757087,0.06089608929655773,0.0015606982253473234
175.3939166779965,0.04568539155214699,39.46404413748454,0.20376047492027283,2.5500292778015137,3.1086432933807373,0.027074869869920803,0.04568539155214699,0.004296188987943594
175.3634676946766,0.21097418631966083,39.49724910213455,0.196620911359787,2.553429126739502,3.105772018432617,0.003374113449979177,0.21097418631966083,0.03750115363795459
175.29486527465298,-0.005602846370777562,39.489039214752204,0.2124837040901184,2.5518624782562256,3.1068668365478516,0.07197653347358823,0.005602846370777562,0.029291266255604853
175.34598241040135,0.10865329854472176,39.413388039505136,0.20339228212833405,2.5475270748138428,3.110830545425415,0.020859397725217832,0.10865329854472176,0.04635990899146236
175.31849772918122,-0.005164785451249608,39.50699919717475,0.21138843894004822,2.550595760345459,3.105905055999756,0.0483440789453482,0.005164785451249608,0.047251248678151114
175.354766033674,0.08514884224582739,39.42060413436326,0.20349496603012085,2.5482017993927,3.1098945140838623,0.012075774452569021,0.08514884224582739,0.03914381413333956
175.3605033925768,0.11769157090361086,39.40124737825544,0.20105886459350586,2.546957492828369,3.11323881149292,0.00633841554977721,0.11769157090361086,0.058500570241157845
175.31349803070876,0.07826192927442534,39.39804060444012,0.20548740029335022,2.54591703414917,3.1124677658081055,0.05334377741780827,0.07826192927442534,0.061707344056479485
175.3538507883252,0.1145788664360244,39.45331732539304,0.20121058821678162,2.5493788719177246,3.1086020469665527,0.01299101980137607,0.1145788664360244,0.006430623103561572
175.36505229856402,0.07479689676404369,39.44824932502888,0.20315136015415192,2.5485260486602783,3.1097042560577393,0.00178950956254198,0.07479689676404369,0.01149862346771613
175.3496160710398,0.12180336141680902,39.43346538057039,0.20124275982379913,2.5481910705566406,3.109710693359375,0.017225737086761228,0.12180336141680902,0.02628256792620931
175.3570882979918,0.028464379782583742,39.42863643682719,0.2068370282649994,2.546984910964966,3.1089742183685303,0.009753510134771659,0.028464379782583742,0.031111511669408287
175.41399743415633,0.09921442178709308,39.431884191777534,0.20052070915699005,2.5479087829589844,3.110079050064087,0.0471556260297632,0.09921442178709308,0.02786375671906427
175.38636248877447,0.1718279967245907,39.47150953424736,0.19793516397476196,2.5510220527648926,3.1083569526672363,0.01952068064790069,0.1718279967245907,0.011761585750761583
175.37367199729658,0.02570189019801184,39.44695500418117,0.20583635568618774,2.549001932144165,3.1099185943603516,0.00683018917001732,0.02570189019801184,0.012792944315428656

Errors:
rotation,[19.674773076155276, 19.983968186914396, 22.811253813215853, 24.565136369979147, 25.90163188104267, 25.140416259150076, 22.128724959590564, 18.232244695082137, 13.944393027827044, 9.010206560071849, 2.680282735279147, 1.1310203671290557, 0.380741624199425, 0.1356384241067325, 0.20792839941163133, 0.13116785610329307, 0.2527400990572709, 0.14836742468225567, 0.21758079459201304, 0.08252361668049579, 0.13917347227947593, 0.07705645041001138, 0.25184945340759457, 0.10687064609997064, 0.17587260526140197, 0.10076011307474891, 0.13636843083173597, 0.18253055669454593, 0.19331305074871308, 0.13400050934096203, 0.0880850297943018, 0.16531166642977957, 0.06932940158676369, 0.17423380453592055, 0.20311026312325298, 0.04532502368345782]
translation,[0.170370405351016, 0.16697355930457203, 0.13235727337837488, 0.10818807724740864, 0.08038689955574618, 0.0596775756355834, 0.03557161712831025, 0.010844674101436524, 0.030320543310408787, 0.035849291013368756, 0.04152391800967248, 0.014211890631039559, 0.00043696354279099126, 0.0044121177215270535, 0.004785724755987708, 0.006177054632066081, 0.004791112289807664, 0.006198463694077283, 0.003891516638464765, 0.0068214680427853835, 0.00720605568345789, 0.005233800822743717, 0.005649985162795801, 0.0049925948278870536, 0.005147047703979446, 0.006595312512651219, 0.005438018220664809, 0.0037633081749968156, 0.004793744424723911, 0.0058058576805768425, 0.005397086867572121, 0.005700034389915842, 0.006748828669485896, 0.005630173881083778, 0.005116559810790733, 0.004793879870432782]
loss,
[0.106151282787323, 0.12262140214443207, 0.08081625401973724, 0.07768607884645462, 0.08938077092170715, 0.09123095870018005, 0.07063037157058716, 0.053457699716091156, 0.03697153180837631, 0.03145712986588478, 0.008386732079088688, 0.004713071510195732, 0.0020677545107901096, 0.0016093760496005416, 0.0020950529724359512, 0.001174211036413908, 0.0012406168971210718, 0.0019807966891676188, 0.001363456598483026, 0.0019840954337269068, 0.001894447486847639, 0.0015681488439440727, 0.0031924888025969267, 0.0026215407997369766, 0.001214697491377592, 0.0014052953338250518, 0.0009620622731745243, 0.001676109037362039, 0.0018440382555127144, 0.0011356971226632595, 0.0014111204072833061, 0.0009310618042945862, 0.002854157704859972, 0.0008844089461490512, 0.001782878302037716, 0.0015853055519983172]

2022-04-20 16:48:16.107653