2022-04-19 19:41:41.938772

reference phi, theta, psi, translation: -86.91639066027085, -0.0, 34.793557367935236, -2.296917200088501, -0.12373751401901245, 3.3104169368743896

phi,theta,psi,rot_x,rot_y,rot_z,phi_err,theta_err,psi_err
-76.53055527251121,6.8177051513072,38.18892636661862,-2.336111545562744,-0.9462913274765015,3.345968008041382,10.385835387759641,6.8177051513072,3.395368998683381
-76.77762370535807,5.574538311821153,39.4190229455704,-2.458338975906372,-0.9071609973907471,3.268174886703491,10.138766954912782,5.574538311821153,4.625465577635161
-80.11688953019896,6.86048154891324,40.67822296057561,-2.623039960861206,-0.8680907487869263,3.1434404850006104,6.799501130071889,6.86048154891324,5.884665592640374
-82.7823367028506,7.8833689581626585,38.83446803564403,-2.5246238708496094,-0.7847012877464294,3.216651201248169,4.1340539574202495,7.8833689581626585,4.040910667708793
-83.28180794628612,5.434696248213332,37.68137159430038,-2.4625041484832764,-0.6180146336555481,3.2654550075531006,3.6345827139847273,5.434696248213332,2.887814226365144
-85.06659101792381,3.308822427212029,35.95889692336613,-2.3795316219329834,-0.40056461095809937,3.317574977874756,1.8497996423470369,3.308822427212029,1.1653395554308972
-86.58469618360752,0.23645760453127276,34.433329776014176,-2.2843565940856934,-0.15164032578468323,3.3444855213165283,0.33169447666332985,0.23645760453127276,0.3602275919210598
-87.16072018726055,-0.37796812424271664,35.08011112437395,-2.3079986572265625,-0.0939880907535553,3.293665885925293,0.24432952698970212,0.37796812424271664,0.28655375643871395
-86.78656925471641,0.3200047768912873,34.872613392483544,-2.2969284057617188,-0.149228036403656,3.3050737380981445,0.12982140555443777,0.3200047768912873,0.07905602454830785
-86.90492960284357,0.05649039264887189,34.82544752117003,-2.2941677570343018,-0.12779958546161652,3.306180238723755,0.011461057427283095,0.05649039264887189,0.03189015323479083
-86.83938027737895,0.0995314128381968,34.80230684026202,-2.2934350967407227,-0.13339810073375702,3.308006763458252,0.0770103828918991,0.0995314128381968,0.008749472326783803
-86.81141748291692,0.18130464515008732,34.767735837778,-2.2916197776794434,-0.13955587148666382,3.3105552196502686,0.10497317735392642,0.18130464515008732,0.02582153015723776
-86.84827318367832,0.00953597627333391,34.81296876555641,-2.293750286102295,-0.12831059098243713,3.3077049255371094,0.06811747659253342,0.00953597627333391,0.019411397621176718
-86.88329156355297,0.06255679479461479,34.758590214479355,-2.290036916732788,-0.12922607362270355,3.309203624725342,0.033099096717876364,0.06255679479461479,0.03496715345588086
-86.95672975750895,0.096175531064047,34.892748790156745,-2.2974207401275635,-0.12882733345031738,3.3007729053497314,0.04033909723810325,0.096175531064047,0.09919142222150867
-86.87413227987598,0.11322577078341187,34.79330123584136,-2.2930333614349365,-0.13268131017684937,3.309253692626953,0.04225838039486973,0.11322577078341187,0.00025613209387387315
-86.83992669251256,0.06908249833041832,34.776133555362534,-2.2917819023132324,-0.13149650394916534,3.3088443279266357,0.07646396775828634,0.06908249833041832,0.017423812572701536
-86.89791499856597,0.005981014893072004,34.84322308848498,-2.295516014099121,-0.12686730921268463,3.304503917694092,0.01847566170488335,0.005981014893072004,0.04966572054974705
-86.9538679082467,0.04342161498847222,34.807494368936645,-2.2930564880371094,-0.12559103965759277,3.3065788745880127,0.03747724797585761,0.04342161498847222,0.013937001001409044
-86.82972238989255,0.16278983683768683,34.79742325500546,-2.2924089431762695,-0.13741080462932587,3.3080859184265137,0.08666827037829705,0.16278983683768683,0.0038658870702263926
-86.84191427756103,0.18519759473934772,34.79686317949352,-2.291194200515747,-0.13828037679195404,3.30722713470459,0.07447638270981827,0.18519759473934772,0.003305811558284688
-86.8660863170337,0.12406084951066691,34.80797931236771,-2.2922203540802,-0.1340351551771164,3.3046274185180664,0.05030434323714417,0.12406084951066691,0.014421944432477574
-86.80533861455561,0.05617596882227404,34.85930476888578,-2.2953648567199707,-0.13163119554519653,3.3042330741882324,0.11105204571524041,0.05617596882227404,0.0657474009505421
-86.85597763706208,0.046309532297085614,34.83779650318941,-2.293802499771118,-0.1304134726524353,3.3060004711151123,0.06041302320876696,0.046309532297085614,0.044239135254173334
-86.72787060898933,0.1369766696954324,34.88714120484816,-2.297891616821289,-0.13957086205482483,3.304903745651245,0.1885200512815146,0.1369766696954324,0.09358383691292715
-86.90986782961349,0.057011572915649976,34.776440913875184,-2.291757583618164,-0.1292545199394226,3.308091402053833,0.006522830657360146,0.057011572915649976,0.017116454060051467
-86.89857752691546,0.06949131052641536,34.8453370320331,-2.2952895164489746,-0.12940984964370728,3.305487632751465,0.017813133355389255,0.06949131052641536,0.0517796640978645
-86.90151450825856,0.09508456732361448,34.808911633189425,-2.2936959266662598,-0.13070230185985565,3.307706594467163,0.014876152012291755,0.09508456732361448,0.015354265254188704
-86.86191307145083,0.05826289228176566,34.814266501498714,-2.2940738201141357,-0.13057217001914978,3.3074703216552734,0.05447758882002063,0.05826289228176566,0.020709133563478588
-86.89960205529096,0.05756045875127722,34.81839876594657,-2.294698715209961,-0.1286371499300003,3.3081650733947754,0.016788604979893762,0.05756045875127722,0.02484139801133267
-86.91711466032287,0.06585132713736984,34.829873483752195,-2.2951390743255615,-0.12905444204807281,3.307185411453247,0.0007240000520170042,0.06585132713736984,0.03631611581695893
-86.90539405570713,-0.025115710498005955,34.815987709169555,-2.293926477432251,-0.1236504465341568,3.305755615234375,0.010996604563715096,0.025115710498005955,0.022430341234318973
-86.8995679043451,0.018514677305638147,34.91148741414467,-2.298529863357544,-0.12677517533302307,3.30148983001709,0.01682275592574456,0.018514677305638147,0.11793004620943748
-86.9138498298996,0.07760336747741858,34.79126583946869,-2.2924654483795166,-0.12955768406391144,3.30692458152771,0.002540830371245306,0.07760336747741858,0.0022915284665430136
-86.87049861923754,0.11246046161768321,34.832141106556634,-2.2935190200805664,-0.13283467292785645,3.3053905963897705,0.045892041033312125,0.11246046161768321,0.038583738621397856
-86.87800499713538,0.10305130693038142,34.81876759616175,-2.2932305335998535,-0.13175778090953827,3.3067288398742676,0.03838566313547176,0.10305130693038142,0.025210228226512754

Errors:
rotation,[20.598909537750224, 20.338770844369098, 19.544648271625505, 16.058333583291702, 11.957093188563203, 6.323961624989963, 0.9283796731156624, 0.9088514076711327, 0.5288822069940329, 0.09984160331094581, 0.1852912680568797, 0.3120993526612515, 0.09706485048704405, 0.13062304496837202, 0.23570605052365892, 0.15574028327215547, 0.1629702786614062, 0.07412239714770241, 0.09483586396573887, 0.2533239942862103, 0.26297978900745067, 0.18878713718028867, 0.23297541548805656, 0.1509616907600259, 0.4190805578898742, 0.0806508576330616, 0.1390841079796691, 0.12531498459009494, 0.1334496146652649, 0.09919046174250365, 0.10289144300634577, 0.058542656296040024, 0.1532674794408202, 0.0824357263152069, 0.19693624127239318, 0.16664719829236593]
translation,[0.1579505536533441, 0.15782550583116617, 0.15398024974140334, 0.13256262041441325, 0.10518171446572122, 0.07117859734394827, 0.0218778304891476, 0.008203739565071366, 0.003516475986647727, 0.004918955395250002, 0.0036546717680039364, 0.0023855196248003807, 0.0038883841004810904, 0.004741262966156512, 0.007468796667468247, 0.0028827996859490668, 0.003970258911383695, 0.0055562025090232225, 0.005294162202083008, 0.004038976570060804, 0.0054061123235298325, 0.007100785637478069, 0.0057117636960164475, 0.005190871112287887, 0.0034527720108572524, 0.0046752999936012785, 0.00479686209818464, 0.0038410624436036045, 0.0038240905673188053, 0.002959814850052034, 0.0035000589825573414, 0.005534705344394375, 0.006312520204402539, 0.005221110563040199, 0.005774026689472578, 0.004874768779354888]
loss,
[0.2386743426322937, 0.1677471399307251, 0.09548494219779968, 0.0784711241722107, 0.05843345820903778, 0.035391271114349365, 0.006766475737094879, 0.002436526119709015, 0.0027564670890569687, 0.0022323010489344597, 0.002138169016689062, 0.0021576755680143833, 0.002234922256320715, 0.0015331536997109652, 0.0031345654278993607, 0.0019508355762809515, 0.002182063413783908, 0.002853718353435397, 0.0019625434651970863, 0.002534338505938649, 0.001982254907488823, 0.0020631635561585426, 0.002829480916261673, 0.0019523855298757553, 0.0017870829906314611, 0.002529838588088751, 0.001998450141400099, 0.0019643320702016354, 0.002428388223052025, 0.0019280738197267056, 0.0020242976024746895, 0.001817862968891859, 0.0026909986045211554, 0.002037473488599062, 0.0017696209251880646, 0.0019083989318460226]

2022-04-19 19:46:15.002698