2022-04-21 13:17:43.511151

reference phi, theta, psi, translation: 132.9853677440357, -8.537735924097414e-07, 76.34363348549546, 2.865516185760498, 2.6707684993743896, 0.9517420530319214

phi,theta,psi,rot_x,rot_y,rot_z,phi_err,theta_err,psi_err
143.3552887910292,-3.0579185397180266,69.36864430507845,2.3124754428863525,2.981729030609131,1.6183615922927856,10.369921046993511,3.0579176859444344,6.974989180417012
142.98742846271068,-2.502486545465271,68.73699524082483,2.3017537593841553,2.974540948867798,1.6497162580490112,10.002060718674983,2.5024856916916787,7.606638244670634
140.17658705319698,-1.2041975009224077,63.51315045038319,2.2986693382263184,2.819068670272827,1.9119023084640503,7.1912193091612835,1.2041966471488152,12.830483035112266
135.67561533356366,3.0018666610819715,60.76363730942705,2.3834476470947266,2.6709494590759277,2.0038392543792725,2.6902475895279565,3.001867514855564,15.579996176068413
131.79953762109477,7.749016753323608,61.80169628967475,2.502192735671997,2.6055235862731934,1.920017123222351,1.1858301229409278,7.7490176070972,14.541937195820708
131.54854182947514,7.548107529685557,64.30042537487554,2.5977022647857666,2.6057708263397217,1.7822928428649902,1.4368259145605577,7.548108383459149,12.043208110619915
132.582468545275,6.123526085826513,66.04559334932716,2.6288199424743652,2.646718978881836,1.6683471202850342,0.4028991987607071,6.123526939600105,10.298040136168296
133.30928263523438,4.5621980733442635,68.3411379670984,2.6833300590515137,2.6903672218322754,1.5293443202972412,0.3239148911986831,4.562198927117856,8.002495518397055
132.3835324555092,3.2964795314883135,70.111775716965,2.7916100025177,2.6543235778808594,1.4072842597961426,0.6018352885265017,3.296480385261906,6.23185776853046
130.91747333130098,1.7679254087254777,72.8246722137807,2.935661792755127,2.5867812633514404,1.2167707681655884,2.0678944127347165,1.7679262624990701,3.5189612717147583
130.91886668989167,0.23972219691905727,75.35846749018033,2.9984731674194336,2.595125198364258,1.033799648284912,2.0665010541440267,0.23972305069264968,0.9851659953151284
131.2229330513623,-0.009320797527182859,75.43558032590978,2.9747350215911865,2.59516978263855,1.0318913459777832,1.762434692673395,0.00931994375359045,0.9080531595856769
131.54466228202656,0.16010760907793978,75.32409797827682,2.9458348751068115,2.6113088130950928,1.0304253101348877,1.4407054620091344,0.16010846285153219,1.0195355072186345
132.08535371710312,0.26166614144203537,75.63638105731899,2.9192733764648438,2.63657546043396,1.0095030069351196,0.9000140269325811,0.2616669952156278,0.7072524281764743
132.23948376591363,0.16571984557308087,75.88627718848224,2.910645008087158,2.6427841186523438,0.9918957352638245,0.7458839781220661,0.16572069934667327,0.4573562970132201
132.27614822137826,0.29668784158176426,75.72434706363957,2.8995471000671387,2.6413800716400146,0.9989951848983765,0.7092195226574347,0.2966886953553567,0.6192864218558896
132.6312087751922,0.16668786181559217,75.89894035920344,2.882565975189209,2.6560089588165283,0.9853327870368958,0.3541589688435067,0.16668871558918458,0.44469312629202307
132.58862937590635,0.21745528259834024,75.98197496894329,2.882840394973755,2.6515378952026367,0.9767432808876038,0.3967383681293484,0.21745613637193265,0.3616585165521684
132.77084516258395,0.13045616229193321,76.0363637653041,2.873751640319824,2.6586496829986572,0.9755898714065552,0.21452258145174596,0.13045701606552562,0.307269720191357
132.7773201819171,0.04434762939697043,76.21373694786016,2.874445915222168,2.660569667816162,0.9615755677223206,0.208047562118594,0.044348483170562836,0.12989653763530384
132.5390558629104,0.034654856783428244,76.08794535391604,2.885608673095703,2.6468021869659424,0.9697781205177307,0.44631188112529685,0.03465571055702065,0.2556881315794186
132.53195246617358,0.11914146532004426,76.05453889868551,2.8860983848571777,2.6488497257232666,0.9729079008102417,0.45341527786212055,0.11914231909363666,0.28909458680995215
132.58953096087677,0.09207846094713691,76.08080780623337,2.884587287902832,2.6524393558502197,0.9721043705940247,0.3958367831589271,0.09207931472072932,0.2628256792620931
132.66520945688052,0.1223441678727973,76.02384402855546,2.8768184185028076,2.6524157524108887,0.9755472540855408,0.3201582871551807,0.1223450216463897,0.3197894569400006
132.70313066715244,0.032386861279095375,76.12690475294178,2.8759632110595703,2.6534547805786133,0.9672499895095825,0.2822370768832627,0.03238771505268778,0.2167287325536762
132.7379919526762,0.08160601950764615,76.09543807143554,2.8711955547332764,2.6532175540924072,0.9689133167266846,0.24737579135950227,0.08160687328123856,0.2481954140599214
132.901574983298,-0.08498685651371507,76.28244182072132,2.8659400939941406,2.659402370452881,0.9560045599937439,0.08379276073770825,0.08498600274012266,0.061191664774142396
132.94892185462453,0.16193890288836668,76.20808838141656,2.8574423789978027,2.661348819732666,0.9594076871871948,0.03644588941116922,0.1619397566619591,0.13554510407890064
133.11443099859227,0.005263228191257544,76.17875271893135,2.8478970527648926,2.666285276412964,0.9608458876609802,0.12906325455656997,0.005264081964849954,0.1648807665641101
133.14429258564357,0.06107557426798049,76.3015321994515,2.844590902328491,2.667159080505371,0.9502371549606323,0.15892484160787035,0.0610764280415729,0.04210128604395891
133.10380322424373,0.06645590521693152,76.31282933233871,2.8444318771362305,2.6634113788604736,0.9495517015457153,0.11843548020803496,0.06645675899052393,0.030804153156751113
133.0646799006779,0.0734960183534914,76.2977960859755,2.844691038131714,2.6610097885131836,0.951000988483429,0.07931215664220304,0.0734968721270838,0.04583739951995369
133.292835539713,0.06959165185240727,76.36577695878465,2.8366973400115967,2.6747095584869385,0.9453856945037842,0.3074677956772973,0.06959250562599968,0.02214347328919075
133.2249844404981,0.07779294093625604,76.28416985858134,2.8381412029266357,2.669433116912842,0.9511610269546509,0.2396166964624058,0.07779379470984844,0.059463626914123324
133.31698708861816,0.12150787415303611,76.35353042960281,2.8336026668548584,2.6754980087280273,0.9464704990386963,0.3316193445824638,0.12150872792662852,0.009896944107353534
133.28157938796082,0.091260485863348,76.2965461613574,2.834226131439209,2.6704885959625244,0.9496414065361023,0.296211643925119,0.09126133963694041,0.047087324138061604

Errors:
rotation,[20.402827913354958, 20.111184655037295, 21.225898991422365, 21.27211128045193, 23.476784925858837, 21.02814240863962, 16.824466274529108, 12.888609336713593, 10.130173442318867, 7.354781946948545, 3.291390100151805, 2.6798077960126623, 2.6203494320793013, 1.8689334503246833, 1.3689609744819595, 1.625194639868681, 0.9655408107247143, 0.9758530210534494, 0.6522493177086286, 0.38229258292446067, 0.7366557232617361, 0.8616521837657094, 0.7507417771417495, 0.762292765741571, 0.5313535244896267, 0.5771780787006622, 0.2299704282519733, 0.33393075015202894, 0.29920810308553003, 0.26210255569340213, 0.21569639235531002, 0.19864642828924053, 0.39920377459248774, 0.37687411808637755, 0.46302501661644585, 0.434560307700121]
translation,[0.07464079787699607, 0.07588069823970311, 0.07817751518633109, 0.07132955067711855, 0.059859645771290104, 0.05722851059517531, 0.055336276666270834, 0.06487280008391316, 0.06996472645155283, 0.06644092259384404, 0.06695086088802427, 0.04915960483641513, 0.038103586872826334, 0.030001904351484754, 0.02350046588125032, 0.01637073954871049, 0.010461229682002582, 0.005633326585314791, 0.0035510264674263325, 0.0019465684267387928, 0.002823097598253277, 0.005270290447803916, 0.00635362627055347, 0.0016227494797638187, 0.0003027947259974795, 0.003459573566502172, 0.006209249368487768, 0.01015669356669946, 0.013316123951450543, 0.017603579498969957, 0.020368224516793987, 0.021435275482190264, 0.019311728466080424, 0.02043995195101367, 0.02071745486658383, 0.02286670900500809]
loss,
[0.21353136003017426, 0.1965351104736328, 0.14653845131397247, 0.09797411412000656, 0.05240986868739128, 0.04426327347755432, 0.039665039628744125, 0.03307779133319855, 0.038011856377124786, 0.021124213933944702, 0.010522043332457542, 0.006940706633031368, 0.006601979024708271, 0.003495496464893222, 0.0041458988562226295, 0.0021627796813845634, 0.002892463468015194, 0.004924961365759373, 0.002962198108434677, 0.0027329749427735806, 0.001682724803686142, 0.0023610300850123167, 0.0021817865781486034, 0.003008851781487465, 0.002546168863773346, 0.0028482619673013687, 0.002533962018787861, 0.0017121308483183384, 0.002029057126492262, 0.001300205709412694, 0.0017732242122292519, 0.001412390498444438, 0.0026770583353936672, 0.002059921622276306, 0.0024498067796230316, 0.002388866152614355]

2022-04-21 13:20:55.836206