2022-04-28 16:09:40.977133

reference phi, theta, psi, translation: 175.36684180812657, -0.0, 39.4597479484966, 0.2069414258003235, 2.553555727005005, 3.112318754196167

phi,theta,psi,rot_x,rot_y,rot_z,phi_err,theta_err,psi_err
-174.60268024378553,2.426304892454245,32.24175771288345,-0.3459881842136383,2.1274664402008057,3.6064906120300293,10.030477948087878,2.426304892454245,7.217990235613151
-174.567545750695,2.241505893794634,32.175702953420256,-0.33987635374069214,2.1253302097320557,3.6083145141601562,10.065612441178473,2.241505893794634,7.284044995076343
-174.63907149168335,1.9072490796106574,31.88892721583352,-0.3214742839336395,2.1155636310577393,3.6107494831085205,9.99408670019011,1.9072490796106574,7.57082073266308
-174.3920918512957,1.1920365908760642,31.174028390881208,-0.29150980710983276,2.0826640129089355,3.624939441680908,10.241066340577731,1.1920365908760642,8.28571955761539
-174.0483830718823,1.3391844501169399,30.900035352326146,-0.31780439615249634,2.068046808242798,3.624654531478882,10.58477511999115,1.3391844501169399,8.559712596170453
-175.47437630641926,2.2545429395061114,31.436184711604636,-0.3286430239677429,2.1440377235412598,3.5492796897888184,9.158781885454175,2.2545429395061114,8.023563236891963
-177.74667096025576,3.6209817323185662,35.01815106331818,-0.33411872386932373,2.3892011642456055,3.3631277084350586,6.886487231617707,3.6209817323185662,4.44159688517842
-178.97669240712668,2.953048333109961,38.33059815038302,-0.2306840419769287,2.574584484100342,3.2401299476623535,5.656465784746729,2.953048333109961,1.1291497981135805
178.44054987803736,3.163488268593075,40.712469529074056,-0.09875128418207169,2.68534779548645,3.137113571166992,3.0737080699107935,3.163488268593075,1.2527215805774574
177.16568140907614,1.460245907580988,41.20362843228967,0.05465439707040787,2.693938732147217,3.084839344024658,1.7988396009495773,1.460245907580988,1.7438804837930704
175.5755177476488,-0.1994244012710831,40.50384140087601,0.21682438254356384,2.626830816268921,3.093188524246216,0.20867593952223729,0.1994244012710831,1.044093452379414
174.91158237918853,-0.14681922182192858,39.44058243768554,0.23637716472148895,2.5524730682373047,3.1171107292175293,0.45525942893803517,0.14681922182192858,0.019165510811056663
175.48798204324592,0.05637765922633598,39.635642395097356,0.20144346356391907,2.5595617294311523,3.099693775177002,0.12114023511935557,0.05637765922633598,0.1758944466007577
175.3115036154711,0.11653835847931321,39.457248099260376,0.20346054434776306,2.548489570617676,3.1034231185913086,0.05533819265545503,0.11653835847931321,0.0024998492362229285
175.38223705451577,0.079765399570568,39.5448213697037,0.20292407274246216,2.5522069931030273,3.103789806365967,0.015395246389203976,0.079765399570568,0.08507342120709893
175.3464468632649,0.18579001635106765,39.459307401295135,0.1981489509344101,2.5498147010803223,3.107700824737549,0.020394944861664044,0.18579001635106765,0.00044054720146391446
175.41219426421546,0.06530955728334319,39.48840400715939,0.20235028862953186,2.552097797393799,3.109585762023926,0.04535245608889227,0.06530955728334319,0.028656058662789974
175.30983704931364,0.06088380950905799,39.51583746196074,0.20741668343544006,2.553600311279297,3.1080431938171387,0.05700475881292277,0.06088380950905799,0.05608951346414415
175.43476120923316,-0.0034179710319654404,39.47458994956304,0.20445466041564941,2.551668643951416,3.111128091812134,0.06791940110659311,0.0034179710319654404,0.014842001066440957
175.41058233957133,0.044396855268475074,39.46459055261814,0.2031840682029724,2.552154779434204,3.111659526824951,0.04374053144476875,0.044396855268475074,0.004842604121542138
175.2275059490583,-0.05411646752979014,39.58796767469067,0.21828024089336395,2.5566210746765137,3.102038621902466,0.13933585906826806,0.05411646752979014,0.12821972619406807
175.37380860108,0.04028844047336313,39.53149225553842,0.2061956375837326,2.554636240005493,3.1067540645599365,0.006966792953420509,0.04028844047336313,0.07174430704181844
175.33786814566736,-0.03324405866284078,39.48175823309697,0.21093811094760895,2.5523836612701416,3.1099672317504883,0.02897366245920807,0.03324405866284078,0.0220102846003698
175.42160626489172,-0.006568027834854468,39.46800564720315,0.2059069126844406,2.551363945007324,3.110595941543579,0.054764456765155956,0.006568027834854468,0.008257698706550798
175.3805021864666,0.026394876056861576,39.46950145863138,0.20566654205322266,2.5508100986480713,3.10945725440979,0.01366037834003464,0.026394876056861576,0.009753510134778764
175.33195320184615,-0.03865078168806696,39.46440272241596,0.21103031933307648,2.550384044647217,3.1099467277526855,0.034888606280418344,0.03865078168806696,0.0046547739193627535
175.29793885977946,0.06992046482024478,39.5931756939328,0.20789417624473572,2.5578038692474365,3.1031904220581055,0.06890294834710176,0.06992046482024478,0.13342774543620095
175.35427426005373,0.05034929388489382,39.508276442549544,0.20547017455101013,2.5530998706817627,3.108487367630005,0.012567548072837553,0.05034929388489382,0.04852849405294535
175.3748467898338,0.10391133791804318,39.44237536234267,0.20105917751789093,2.551126480102539,3.111494302749634,0.008004981707244951,0.10391133791804318,0.01737258615392534
175.36174648700575,0.05449245741318777,39.5612206539009,0.20562632381916046,2.5569894313812256,3.10746693611145,0.0050953211208195626,0.05449245741318777,0.10147270540429787
175.37602158237107,0.03901026070981161,39.495603026544586,0.20518238842487335,2.552997589111328,3.108670949935913,0.009179774244501004,0.03901026070981161,0.035855078047987377
175.29900436929,0.043126316322564945,39.515847707244504,0.2084510773420334,2.553792953491211,3.1078436374664307,0.06783743883656257,0.043126316322564945,0.05609975874790507
175.35162414665578,0.054860583472689836,39.46681377919298,0.20580987632274628,2.550990104675293,3.110422134399414,0.015217661470785515,0.054860583472689836,0.007065830696383557
175.33905659858294,0.04652831396902387,39.52145870764767,0.20679235458374023,2.5533673763275146,3.1070685386657715,0.02778520954362307,0.04652831396902387,0.06171075915106883
175.36023018500998,0.0063238215629473574,39.50556144235446,0.20887558162212372,2.552734613418579,3.1071722507476807,0.006611623116583587,0.0063238215629473574,0.04581349385786382
175.3603394680367,0.08019403306648103,39.46566289231783,0.20424358546733856,2.5511722564697266,3.10972261428833,0.0065023400898667205,0.08019403306648103,0.005914943821231589

Errors:
rotation,[19.674773076155276, 19.59116333004945, 19.472156512463847, 19.718822489069186, 20.483672166278545, 19.43688806185225, 14.949065849114692, 9.738663915970271, 7.489917919081326, 5.002965992323635, 1.4521937931727344, 0.6212441615710205, 0.35341234094644924, 0.17437640037099117, 0.1802340671668709, 0.2066255084141956, 0.13931807203502544, 0.1739780817861249, 0.08617937320499951, 0.09297999083478596, 0.3216720527921263, 0.11899954046860209, 0.08422800572241865, 0.06959018330656122, 0.04980876453167498, 0.07819416188784806, 0.2722511586035475, 0.11144533601067672, 0.12928890577921348, 0.1610604839383052, 0.0840451130023, 0.16706351390703258, 0.07714407563985891, 0.13602428266371577, 0.05874893853739476, 0.09261131697757934]
translation,[0.170370405351016, 0.17035639329055385, 0.16606869147061865, 0.15965311688392703, 0.15407579104524327, 0.1284733535741358, 0.10777748932311759, 0.1137647129954571, 0.09952803897910734, 0.06478703656956686, 0.032744717305901005, 0.0046328376407780425, 0.006201845899800773, 0.010254503521461622, 0.007641550446957801, 0.006377602363524026, 0.003266812769664895, 0.0032474096177725897, 0.002241565251792643, 0.001587564999740998, 0.005386512550070499, 0.0036477575353863756, 0.002350673383834767, 0.002771502277250981, 0.004013818657663926, 0.003628211499528966, 0.004297392095257813, 0.0033216513090206234, 0.002472984921588761, 0.0016340840091997322, 0.0032594690105405277, 0.003225853564087444, 0.00314743912943527, 0.004179246001447368, 0.004392878556126689, 0.0036519431768500255]
loss,
[0.09011439979076385, 0.08691428601741791, 0.07896225154399872, 0.0822957307100296, 0.08741363883018494, 0.06906571984291077, 0.04867164418101311, 0.046101540327072144, 0.023657798767089844, 0.018249697983264923, 0.004283581860363483, 0.002067393157631159, 0.002377847908064723, 0.0019019730389118195, 0.0013402944896370173, 0.0011644982732832432, 0.0010284357704222202, 0.0014908326556906104, 0.0017786496318876743, 0.0012765962164849043, 0.0014765816740691662, 0.0013671799097210169, 0.0008507952443324029, 0.0020746029913425446, 0.0007678423426114023, 0.0018116082064807415, 0.0015209747944027185, 0.0011797151528298855, 0.0016595839988440275, 0.0008041110704652965, 0.0010691903298720717, 0.000800036359578371, 0.0011851495364680886, 0.0009905544575303793, 0.0009873862145468593, 0.0013566650450229645]

2022-04-28 16:12:16.832431