2022-04-21 13:14:26.782670

reference phi, theta, psi, translation: 16.672973292337613, -0.0, 55.56417970941693, 0.9538894295692444, -3.184936285018921, 2.279534101486206

phi,theta,psi,rot_x,rot_y,rot_z,phi_err,theta_err,psi_err
26.607018987257597,-4.879078348390559,61.415046110949504,1.4386786222457886,-3.2383759021759033,2.121750593185425,9.934045694919984,4.879078348390559,5.850866401532571
26.366613403946072,-5.409028928333181,61.70690692437332,1.4198522567749023,-3.265322208404541,2.0942299365997314,9.69364011160846,5.409028928333181,6.142727214956388
25.424477600402025,-5.511471839843256,62.278033682391445,1.3841578960418701,-3.33113694190979,2.0116007328033447,8.751504308064412,5.511471839843256,6.713853972974512
23.008246955091238,-3.140944011458645,61.26554693039626,1.3029268980026245,-3.3874363899230957,1.9630353450775146,6.335273662753625,3.140944011458645,5.7013672209793285
18.176024721090617,2.172508310767322,58.81988841504648,1.1617144346237183,-3.305182933807373,2.1230151653289795,1.503051428753004,2.172508310767322,3.2557087056295444
18.60285348760847,0.9940807786697862,55.04857214406726,1.1019755601882935,-3.158992290496826,2.3287765979766846,1.929880195270858,0.9940807786697862,0.5156075653496757
16.808567915288,0.32304553437727473,55.47787002397007,0.9785089492797852,-3.1991257667541504,2.300992727279663,0.1355946229503857,0.32304553437727473,0.08630968544686368
16.163671699139147,-0.2143570810874822,55.2118273256089,0.9194961786270142,-3.190931797027588,2.3053653240203857,0.5093015931984652,0.2143570810874822,0.35235238380803224
16.64712785651828,0.055307881540105325,55.465015607952104,0.9564088582992554,-3.1811509132385254,2.2865257263183594,0.025845435819331186,0.055307881540105325,0.09916410146482946
16.75663798702839,0.01035033594410254,55.55011293482129,0.9609948992729187,-3.1771626472473145,2.2773003578186035,0.08366469469077842,0.01035033594410254,0.014066774595640652
16.707334266504652,0.0017584295096073916,55.61057376935425,0.9583724737167358,-3.17913556098938,2.2727322578430176,0.03436097416703987,0.0017584295096073916,0.04639405993731316
16.68497222716203,0.002308841573395747,55.60444367457416,0.9557969570159912,-3.1810667514801025,2.2745983600616455,0.011998934824418939,0.002308841573395747,0.040263965157230075
16.620169099864242,0.05621656500903084,55.456952569636904,0.9541516304016113,-3.177274703979492,2.281255006790161,0.05280419247337065,0.05621656500903084,0.10722713978002929
16.82578169954372,0.034721590219433086,55.55114429338597,0.964219331741333,-3.1758291721343994,2.2776131629943848,0.1528084072061091,0.034721590219433086,0.013035416030966473
16.655933677905722,0.0732481540534423,55.53065372587593,0.9572288393974304,-3.176093578338623,2.277336835861206,0.017039614431890726,0.0732481540534423,0.03352598354100422
16.672662518730377,0.06014424461622194,55.607004995512916,0.957092821598053,-3.1806962490081787,2.271653175354004,0.0003107736072358591,0.06014424461622194,0.04282528609598302
16.75763519464721,-0.005751391504221537,55.60239461782316,0.9599530100822449,-3.1784050464630127,2.2738561630249023,0.08466190230959825,0.005751391504221537,0.03821490840622488
16.717956918211314,0.0047833392482282775,55.6436113943696,0.9593457579612732,-3.1816539764404297,2.273242473602295,0.04498362587370153,0.0047833392482282775,0.07943168495266661
16.755555402044944,0.05735013234510373,55.56053238840015,0.9618940949440002,-3.1775646209716797,2.277484655380249,0.0825821097073316,0.05735013234510373,0.003647321016785554
16.649682347267866,-0.02925393403564401,55.602445844241934,0.9537563323974609,-3.1820785999298096,2.274233818054199,0.02329094506974627,0.02925393403564401,0.038266134825001075
16.72286440912997,0.0531125278420794,55.54707008554605,0.9592178463935852,-3.176978826522827,2.2777206897735596,0.049891116792355916,0.0531125278420794,0.017109623870879886
16.698385011144644,0.03863564998147749,55.51162823394286,0.9583219885826111,-3.176898956298828,2.278884172439575,0.025411718807031747,0.03863564998147749,0.05255147547407546
16.626732911656624,0.06909772456087342,55.5606348412377,0.9554999470710754,-3.17861270904541,2.2762808799743652,0.046240380680988125,0.06909772456087342,0.0035448681792331627
16.741169316105605,0.04332655511706087,55.6283493366692,0.962386429309845,-3.1805334091186523,2.27211332321167,0.06819602376799239,0.04332655511706087,0.06416962725226938
16.727766777406746,-0.010065954727228882,55.460408645356935,0.957157552242279,-3.1743791103363037,2.2823259830474854,0.054793485069133396,0.010065954727228882,0.10377106405999825
16.75535732655901,0.016540581860176765,55.666123697873964,0.9613478779792786,-3.1811375617980957,2.2704994678497314,0.0823840342213984,0.016540581860176765,0.10194398845703034
16.680751170254965,-0.0032615070649803673,55.52255653661488,0.9547222256660461,-3.177544593811035,2.278777837753296,0.007777877917352072,0.0032615070649803673,0.04162317280205485
16.69027757659984,0.0493241247239492,55.53302038642334,0.9575755596160889,-3.17793607711792,2.2778260707855225,0.0173042842622273,0.0493241247239492,0.03115932299359514
16.695666595854977,0.08311830939580937,55.54979533102489,0.9597734212875366,-3.1772077083587646,2.2768707275390625,0.022693303517364427,0.08311830939580937,0.014384378392044539
16.669845065697746,0.021081550782449936,55.54481270802536,0.9559810757637024,-3.177354335784912,2.2761292457580566,0.0031282266398662273,0.021081550782449936,0.019367001391572103
16.713877587729524,0.030880942463958956,55.58623439024691,0.9589436650276184,-3.178394079208374,2.274671792984009,0.040904295391911205,0.030880942463958956,0.022054680829974416
16.669858726076086,0.05491192434425617,55.564186539606105,0.9571911096572876,-3.1786155700683594,2.2757856845855713,0.003114566261526619,0.05491192434425617,6.830189171580514e-06
16.686585859353446,-0.014656680921468667,55.57319555912135,0.9553731679916382,-3.179945230484009,2.275036334991455,0.013612567015833577,0.014656680921468667,0.0090158497044186
16.650623205826037,-0.0041915344049342764,55.51285766799346,0.9534607529640198,-3.1773340702056885,2.279446840286255,0.022350086511575995,0.0041915344049342764,0.051322041423475184
16.75432767554163,-0.0018318623969947976,55.63467750693522,0.9606325626373291,-3.1815247535705566,2.2731025218963623,0.08135438320401889,0.0018318623969947976,0.07049779751828567
16.701477379291365,0.01666195879687963,55.519500026961296,0.9572292566299438,-3.177412748336792,2.2791028022766113,0.028504086953752505,0.01666195879687963,0.04467968245563725

Errors:
rotation,[20.663990444843115, 21.24539625489803, 20.97683012088218, 15.177584895191599, 6.93126844514987, 3.43956853929032, 0.5449498427745241, 1.0760110580939797, 0.18031741882426597, 0.1080818052305216, 0.08251346361396042, 0.05457174155504476, 0.21624789726243077, 0.20056541345650866, 0.12381375202633725, 0.10328030431944082, 0.12862820222004467, 0.1291986500745964, 0.14357956306922087, 0.09081101393039136, 0.1201132685053152, 0.1165988442625847, 0.1188829734210947, 0.17569220613732264, 0.16863050385636053, 0.2008686045386055, 0.05266255778438729, 0.09778773197977164, 0.12019599130521834, 0.043576778813888266, 0.09383991868584457, 0.05803332079495437, 0.037285097641720846, 0.07786366233998546, 0.15368404311929934, 0.08984572820626938]
translation,[0.09908907901583852, 0.09974375547742298, 0.0991137354574283, 0.09511053508356948, 0.06533400790103272, 0.04523997173882144, 0.029222473174399966, 0.01142333082574698, 0.0015673741283332987, 0.005713280727491998, 0.007362886187720186, 0.005395239572052013, 0.005013577623557808, 0.005817498978810676, 0.007433976444253254, 0.007043444735080229, 0.006928286753677071, 0.004852958432869592, 0.005077008810582484, 0.005285494997332663, 0.006044405696559174, 0.0056622949462230565, 0.006453279268697543, 0.005650088227339367, 0.005977286271912519, 0.0063315053840522495, 0.0060682902305790876, 0.005620164939403871, 0.006212198151247961, 0.007418542595309496, 0.00671665150522216, 0.006329209397230251, 0.006134466567072394, 0.006154688472633119, 0.0047272735129224586, 0.005393003163121968]
loss,
[0.20376989245414734, 0.22320109605789185, 0.20755958557128906, 0.12891283631324768, 0.04520495980978012, 0.028975775465369225, 0.010700641199946404, 0.0026094219647347927, 0.0028180188965052366, 0.001625878969207406, 0.0016247034072875977, 0.002323929686099291, 0.0026164306327700615, 0.0017151515930891037, 0.0024012611247599125, 0.004145084880292416, 0.0013246427988633513, 0.0018535046838223934, 0.0016108916606754065, 0.0023612617515027523, 0.0013879988109692931, 0.0014777996111661196, 0.0016317237168550491, 0.0013390807434916496, 0.0026158872060477734, 0.0016342729795724154, 0.0020355279557406902, 0.001549233216792345, 0.0022657285444438457, 0.0012215158203616738, 0.0014089620672166348, 0.001671533565968275, 0.002509721787646413, 0.001957203261554241, 0.0019020544132217765, 0.0023804884403944016]

2022-04-21 13:17:03.895324