2022-04-19 22:10:32.362565

reference phi, theta, psi, translation: 175.36684180812657, -0.0, 39.4597479484966, 0.2069414258003235, 2.553555727005005, 3.112318754196167

phi,theta,psi,rot_x,rot_y,rot_z,phi_err,theta_err,psi_err
-174.60268024378553,2.426304892454245,32.24175771288345,-0.3459881842136383,2.1274664402008057,3.6064906120300293,10.030477948087878,2.426304892454245,7.217990235613151
-174.36600052866626,2.082444254770107,32.53782592283599,-0.3414453864097595,2.1477181911468506,3.59275221824646,10.267157663207172,2.082444254770107,6.921922025660606
-174.4116398527003,1.1094968472485898,34.4707694579496,-0.31787043809890747,2.2994089126586914,3.485696315765381,10.221518339173144,1.1094968472485898,4.988978490546998
-177.57349834403925,3.6607644898096297,35.12874207126444,-0.3524031639099121,2.382168769836426,3.4035227298736572,7.059659847834155,3.6607644898096297,4.331005877232158
179.09536011376647,6.12848217011265,36.14801803129461,-0.32737717032432556,2.4549784660339355,3.3458774089813232,3.728518305639909,6.12848217011265,3.311729917201987
178.64736800610535,3.86525430146402,38.02905554381071,-0.16886548697948456,2.561734676361084,3.2652268409729004,3.280526197978787,3.86525430146402,1.4306924046858853
176.97328864053523,2.6596198036663177,38.20536321685625,-0.02394416183233261,2.5600643157958984,3.2487475872039795,1.6064468324086647,2.6596198036663177,1.25438473164035
176.17799507395728,0.9798528192004452,38.755449577136154,0.11462854593992233,2.5733602046966553,3.2071638107299805,0.8111532658307112,0.9798528192004452,0.7042983713604443
175.77075187488444,0.4156181162086654,38.607220811768535,0.16394485533237457,2.5433199405670166,3.1972484588623047,0.40391006675787366,0.4156181162086654,0.8525271367280638
175.4482849837898,0.27816245364224895,39.115455187909184,0.18806283175945282,2.55381178855896,3.1504952907562256,0.08144317566322457,0.27816245364224895,0.34429276058741465
175.45934989024522,0.17339356301442432,39.36898497971089,0.19120557606220245,2.553034782409668,3.120610475540161,0.09250808211865547,0.17339356301442432,0.090762968785711
175.28643682121717,-0.006572861626788874,39.432997512612246,0.21133151650428772,2.546551465988159,3.1076881885528564,0.08040498690940012,0.006572861626788874,0.02675043588435244
175.35327705243492,0.09237950266893069,39.5079212727127,0.2028944194316864,2.550769329071045,3.1040704250335693,0.013564755691646724,0.09237950266893069,0.04817332421610132
175.41332807561767,0.025626840923395452,39.470389383223484,0.20207098126411438,2.550222873687744,3.107541561126709,0.04648626749110463,0.025626840923395452,0.01064143472688528
175.3347399190275,0.06991420109256931,39.523415556844874,0.20476877689361572,2.55517578125,3.1061344146728516,0.03210188909906719,0.06991420109256931,0.06366760834827545
175.3634403739199,-0.08332225692682009,39.39723464211806,0.21141038835048676,2.544773817062378,3.112114191055298,0.003401434206665499,0.08332225692682009,0.06251330637854124
175.33148874898257,0.04398446571691704,39.50483061211327,0.20738597214221954,2.5529770851135254,3.105177164077759,0.035353059144000554,0.04398446571691704,0.04508266361666813
175.35782595842215,-0.0020041436330396497,39.408528359910676,0.20745229721069336,2.5478014945983887,3.1119816303253174,0.009015849704411494,0.0020041436330396497,0.05121958858592279
175.3841221867267,0.008951813173564286,39.325917221899374,0.20476634800434113,2.5419087409973145,3.1144015789031982,0.017280378600133872,0.008951813173564286,0.13383072659722473
175.34053191944366,0.047649560199687135,39.549213181340015,0.20611856877803802,2.553410530090332,3.103152275085449,0.026309888682902738,0.047649560199687135,0.08946523284341623
175.3463785613732,0.04517836292783327,39.48163187459732,0.2042936086654663,2.5509941577911377,3.1068432331085205,0.020463246753365638,0.04517836292783327,0.02188392610072043
175.33053252249877,0.03176984157725867,39.507378272673684,0.20640787482261658,2.552987575531006,3.1077327728271484,0.03630928562779445,0.03176984157725867,0.047630324177085015
175.3211205218225,0.06787136649243707,39.41877705876028,0.20520813763141632,2.549090623855591,3.1116411685943604,0.04572128630405814,0.06787136649243707,0.04097088973632168
175.3661314684529,0.050351361748912526,39.45895906164746,0.20429256558418274,2.55165696144104,3.111185073852539,0.0007103396736738432,0.050351361748912526,0.000788886849136361
175.38413584710503,0.06646779740620055,39.49811312106456,0.20226114988327026,2.5534422397613525,3.109829902648926,0.017294038978462822,0.06646779740620055,0.03836517256796412
175.43850415289833,0.020123814979007625,39.44087955091444,0.2025216519832611,2.5506398677825928,3.111285924911499,0.07166234477176658,0.020123814979007625,0.018868397582160412
175.38495546980545,0.06863581767865545,39.441880173627844,0.20169231295585632,2.5503485202789307,3.111431360244751,0.018113661678881954,0.06863581767865545,0.017867774868754793
175.3219128237662,0.02486559931620527,39.417144643548646,0.20725102722644806,2.548057794570923,3.1118714809417725,0.04492898436035375,0.02486559931620527,0.042603304947952836
175.4204041515978,0.05697835390729697,39.52150310387727,0.2017163336277008,2.5543367862701416,3.107227087020874,0.053562343471242,0.05697835390729697,0.06175515538067344
175.3334421830852,-0.03857556367966047,39.476574119516926,0.21131083369255066,2.550844669342041,3.1085128784179688,0.03339962504136906,0.03857556367966047,0.016826171020326797
175.3553261091859,0.045634438192066945,39.446104645629504,0.20490868389606476,2.5495288372039795,3.1088500022888184,0.011515698940655739,0.045634438192066945,0.01364330286709503
175.34755335391046,0.03318309946285654,39.50379242335943,0.20620456337928772,2.5522186756134033,3.1063623428344727,0.019288454216109585,0.03318309946285654,0.044044474862829475
175.30903108699158,0.03995840215288328,39.43929153193241,0.2078714519739151,2.5490612983703613,3.1097593307495117,0.05781072113498453,0.03995840215288328,0.020456416564186952
175.33176195654937,0.03620336843073653,39.52603834948616,0.20706334710121155,2.554032564163208,3.106947660446167,0.03507985157719418,0.03620336843073653,0.0662904009895584
175.31618912524175,0.03040114672661377,39.442320720829315,0.20700660347938538,2.5492684841156006,3.1098310947418213,0.05065268288481661,0.03040114672661377,0.017427227667283773
175.31730927626563,0.009375181145819365,39.5138669523852,0.2094409167766571,2.552474021911621,3.106370449066162,0.049532531860933204,0.009375181145819365,0.05411900388860147

Errors:
rotation,[19.674773076155276, 19.271523943637884, 16.319993676968732, 15.051430214875943, 13.168730392954547, 8.576472904128693, 5.520451367715332, 2.495304456391601, 1.6720553196946029, 0.7038983898928881, 0.3566646139187908, 0.11372828442054143, 0.15411758257667874, 0.08275454314138536, 0.16568369853991194, 0.14923699751202685, 0.12442018847758572, 0.062239581923373935, 0.16006291837092287, 0.1634246817260061, 0.08752553578191934, 0.11570945138213815, 0.1545635425328169, 0.05185058827172273, 0.1221270089526275, 0.11065455733293462, 0.1046172542262922, 0.11239788862451186, 0.17229585275921241, 0.08880135974135633, 0.07079343999981771, 0.0965160285417956, 0.11822553985205476, 0.1375736209974891, 0.09848105727871416, 0.11302671689535404]
translation,[0.170370405351016, 0.16853150083527169, 0.15675867815139988, 0.1381496474813364, 0.13168160627468595, 0.12250890574837037, 0.10515736914894358, 0.08241248709646154, 0.057605932153697914, 0.02879024172255118, 0.00529978008105747, 0.007783049713841805, 0.008338314597339469, 0.006046973346008677, 0.0038562369434318455, 0.0054831821362641975, 0.0058554019515684175, 0.0038768400358257793, 0.005867781174105247, 0.007207328079015696, 0.005985111022432932, 0.00392722459201611, 0.003439149530116481, 0.0022131847322128806, 0.002230856650937696, 0.0028687995536333943, 0.0029825460123005243, 0.003810163895790808, 0.0036996153577089075, 0.004428801126764803, 0.005332857910747002, 0.005482607742498757, 0.004774753385676789, 0.003836768954107228, 0.004632712095197888, 0.005147395781238906]
loss,
[0.16691872477531433, 0.1549868881702423, 0.11964844167232513, 0.06995024532079697, 0.03933103382587433, 0.027676811441779137, 0.01876639574766159, 0.016798241063952446, 0.009076764807105064, 0.005885726772248745, 0.0038030967116355896, 0.002024418441578746, 0.001676467596553266, 0.0025769895873963833, 0.0025828657671809196, 0.0026889885775744915, 0.0028090341947972775, 0.001939044101163745, 0.0014690117677673697, 0.002056394936516881, 0.0026348517276346684, 0.0017328712856397033, 0.0020205536857247353, 0.002054693875834346, 0.0022399693261832, 0.003602048382163048, 0.003213943913578987, 0.0015917749842628837, 0.002385349478572607, 0.0034062888007611036, 0.002203981624916196, 0.0015451026847586036, 0.002430942840874195, 0.0018275560578331351, 0.001787396497093141, 0.0017878140788525343]

2022-04-19 22:15:10.171710