2022-04-28 18:56:07.081909

reference phi, theta, psi, translation: -86.91639066027085, -0.0, 34.793557367935236, -2.296917200088501, -0.12373751401901245, 3.3104169368743896

phi,theta,psi,rot_x,rot_y,rot_z,phi_err,theta_err,psi_err
-76.53055527251121,6.8177051513072,38.18892636661862,-2.336111545562744,-0.9462913274765015,3.345968008041382,10.385835387759641,6.8177051513072,3.395368998683381
-76.25212261099563,5.324673228873875,39.28744959649386,-2.447293996810913,-0.9086569547653198,3.273822546005249,10.664268049275222,5.324673228873875,4.493892228558622
-79.03082798046441,6.227785079400038,39.8653382417903,-2.569516181945801,-0.8558865785598755,3.1798617839813232,7.885562679806441,6.227785079400038,5.071780873855062
-82.45456958496003,7.559739859620703,37.565354001058544,-2.450749397277832,-0.7561174035072327,3.272306442260742,4.461821075310823,7.559739859620703,2.7717966331233086
-84.00739260219491,5.095496782623631,35.02665464883484,-2.3175711631774902,-0.535149335861206,3.3686013221740723,2.9089980580759374,5.095496782623631,0.23309728089960657
-85.82500839317285,1.7161129498165975,33.730141310393854,-2.2492358684539795,-0.26272115111351013,3.38698148727417,1.0913822670979982,1.7161129498165975,1.0634160575413816
-87.2322049471139,-0.48430712519830615,35.051718027994205,-2.308748483657837,-0.08473075926303864,3.296135425567627,0.31581428684305024,0.48430712519830615,0.2581606600589694
-86.89148096036782,0.052298768517446734,34.97724847547356,-2.3030567169189453,-0.1297079622745514,3.300339937210083,0.024909699903034266,0.052298768517446734,0.18369110753832274
-86.7847524243972,0.3376576388866487,34.90303847014137,-2.2953429222106934,-0.15038515627384186,3.302088975906372,0.13163823587365187,0.3376576388866487,0.10948110220613216
-86.85995963734821,0.11897419703638408,34.85370401376637,-2.2942659854888916,-0.13440954685211182,3.303088665008545,0.05643102292263791,0.11897419703638408,0.06014664583113216
-86.69363770086923,0.24183159802081208,34.9476976620295,-2.300743341445923,-0.14879316091537476,3.301172971725464,0.22275295940161755,0.24183159802081208,0.15414029409426178
-86.84509714571426,0.11725027300579921,34.886225959499384,-2.2963197231292725,-0.13506655395030975,3.301933526992798,0.0712935145565865,0.11725027300579921,0.09266859156414853
-86.87241107220514,0.13706660810350693,34.87379843030455,-2.2955543994903564,-0.13415281474590302,3.303753614425659,0.04397958806571012,0.13706660810350693,0.08024106236931061
-86.86442658106539,0.060387255481896204,34.91096148957858,-2.2973520755767822,-0.13062560558319092,3.301459312438965,0.051964079205461644,0.060387255481896204,0.11740412164334657
-86.77288155561972,0.23480120110680439,34.826362766518805,-2.2935256958007812,-0.14375731348991394,3.3047194480895996,0.14350910465113031,0.23480120110680439,0.032805398583569456
-86.74781476136576,0.19735970782897558,34.88892046912695,-2.295987367630005,-0.14355027675628662,3.3030481338500977,0.16857589890508962,0.19735970782897558,0.09536310119171532
-86.89077062069413,0.24717638948012996,34.903642941882914,-2.2969584465026855,-0.14019404351711273,3.3013150691986084,0.02562003957672232,0.24717638948012996,0.11008557394767848
-86.72023445749726,0.2713240863391436,34.84414857911752,-2.2941505908966064,-0.1473364233970642,3.3059518337249756,0.1961562027735937,0.2713240863391436,0.0505912111822866
-86.8103519734064,0.16389294982537878,34.944856303334774,-2.300262689590454,-0.13919392228126526,3.301576614379883,0.10603868686445139,0.16389294982537878,0.15129893539953798
-86.83056933334964,0.18094805409115822,34.85118367396263,-2.2946832180023193,-0.13812828063964844,3.3033807277679443,0.08582132692120581,0.18094805409115822,0.05762630602739449
-86.84044578688948,0.21296612937922552,34.906815564752385,-2.297624349594116,-0.14043250679969788,3.303339719772339,0.07594487338137412,0.21296612937922552,0.11325819681714933
-86.81343238872208,0.10386483649906857,34.83705542766446,-2.2941391468048096,-0.13389171659946442,3.3047807216644287,0.10295827154877202,0.10386483649906857,0.043498059729223826
-86.81983227597438,0.25441190126069163,34.856839070595406,-2.295234203338623,-0.14332115650177002,3.30432391166687,0.0965583842964719,0.25441190126069163,0.06328170266016997
-86.83347899393607,0.1514501773180505,34.96857755032222,-2.3017280101776123,-0.13713112473487854,3.2996737957000732,0.08291166633478042,0.1514501773180505,0.17502018238698724
-86.83493382422928,0.14122571030021702,34.873941864277114,-2.296097993850708,-0.13683128356933594,3.304234743118286,0.08145683604156773,0.14122571030021702,0.08038449634187828
-86.83910023962298,0.17791465857064445,34.93788951038136,-2.2997994422912598,-0.13898424804210663,3.300689220428467,0.07729042064786995,0.17791465857064445,0.14433214244612458
-86.8212392949434,0.2625149613220819,34.851422730583586,-2.2939131259918213,-0.1435215175151825,3.3040006160736084,0.09515136532745316,0.2625149613220819,0.05786536264835007
-86.78278532991624,0.2244522843540092,34.83493465392717,-2.293252468109131,-0.14252956211566925,3.3053224086761475,0.1336053303546123,0.2244522843540092,0.0413772859919348
-86.83610861676652,0.1658583057786844,34.9063101307538,-2.2980713844299316,-0.13834711909294128,3.3022611141204834,0.08028204350432588,0.1658583057786844,0.11275276281856605
-86.84421605131132,0.0501320975672138,34.87263729814564,-2.2952816486358643,-0.13098056614398956,3.303119421005249,0.07217460895952854,0.0501320975672138,0.07907993021040483
-86.9195462076674,0.12026114657930938,34.893674280789284,-2.2967629432678223,-0.13128963112831116,3.301536798477173,0.003155547396545444,0.12026114657930938,0.10011691285404822
-86.82605457830826,0.16814688710630044,34.88473356316573,-2.2966299057006836,-0.13732722401618958,3.302755117416382,0.09033608196259024,0.16814688710630044,0.0911761952304957
-86.78434261304699,0.20975905001506076,34.91967681095952,-2.298279285430908,-0.14251546561717987,3.3014330863952637,0.13204804722386143,0.20975905001506076,0.12611944302428668
-86.76029351697937,0.2426748195596769,34.937411397139456,-2.2988698482513428,-0.14500713348388672,3.3003838062286377,0.1560971432914755,0.2426748195596769,0.14385402920422052
-86.75773219604062,0.2884259907930575,34.927497377559185,-2.297861099243164,-0.14784717559814453,3.2998461723327637,0.15865846423022845,0.2884259907930575,0.1339400096239487
-86.76451457388644,0.24880886946461533,34.91353647089568,-2.296956777572632,-0.145155131816864,3.300724744796753,0.15187608638440508,0.24880886946461533,0.11997910296044267

Errors:
rotation,[20.598909537750224, 20.48283350670772, 19.185128633061538, 14.793357568054834, 8.237592121599175, 3.8709112744559775, 1.0582820721003259, 0.26089957595880375, 0.5787769769664327, 0.23555186579015414, 0.6187248515166914, 0.28121237912653424, 0.26128725853852763, 0.22975545633070443, 0.41111570434150413, 0.46129870792578054, 0.3828820030045308, 0.5180715002950239, 0.42123057208936815, 0.3243956870397585, 0.402169199577749, 0.2503211677770644, 0.4142519882173335, 0.40938202603981816, 0.303067042683663, 0.399537221664639, 0.41553168929788514, 0.3994349007005563, 0.3588931121015764, 0.20138663673714716, 0.22353360682990303, 0.34965916429938637, 0.4679265402632089, 0.5426259920553729, 0.5810244646472347, 0.5206640588094631]
translation,[0.1579505536533441, 0.15609210673849194, 0.14576905629789483, 0.1264997407223829, 0.09258254711995306, 0.04314751547985196, 0.0059571121622559176, 0.004574738730033445, 0.006826880261694868, 0.0071858856379343194, 0.0045543467514193026, 0.006940462936461778, 0.005913969201504443, 0.006886919803809732, 0.005946018610862858, 0.005921829006991786, 0.006907984542407597, 0.004448778862509606, 0.00484129907095987, 0.006582336596991034, 0.004858596022519812, 0.005886379289971266, 0.005312482066137214, 0.005634613353002749, 0.0051189210270807806, 0.005840867896685253, 0.006323781470801926, 0.005650282561868281, 0.005560518426320549, 0.006694532265624886, 0.007138028740254931, 0.006012830692704085, 0.005975602137898051, 0.0064098747876233375, 0.0073235499284063366, 0.007217294769366056]
loss,
[0.15581470727920532, 0.10998710244894028, 0.05889897793531418, 0.04175039753317833, 0.027251755818724632, 0.011222964152693748, 0.0018032935913652182, 0.001797073520720005, 0.0017017399659380317, 0.0018433141522109509, 0.002032897900789976, 0.0018362465780228376, 0.001323708682321012, 0.0019131101435050368, 0.001585381105542183, 0.001681801280938089, 0.0014802132500335574, 0.0015685716643929482, 0.0011674512643367052, 0.0018752994947135448, 0.001393200596794486, 0.001632009050808847, 0.0016564643010497093, 0.0019765160977840424, 0.0015047956258058548, 0.0013306504115462303, 0.0015954853734001517, 0.001554280985146761, 0.0014765560626983643, 0.0016662285197526217, 0.0014060083776712418, 0.001770497066900134, 0.001758672297000885, 0.0012237334158271551, 0.0014057642547413707, 0.00185168138705194]

2022-04-28 19:00:37.165152