2022-04-26 23:07:22.189116

reference phi, theta, psi, translation: 175.36684180812657, -0.0, 39.4597479484966, 0.2069414258003235, 2.553555727005005, 3.112318754196167

phi,theta,psi,rot_x,rot_y,rot_z,phi_err,theta_err,psi_err
-174.60268024378553,2.426304892454245,32.24175771288345,-0.3459881842136383,2.1274664402008057,3.6064906120300293,10.030477948087878,2.426304892454245,7.217990235613151
-174.95137506129302,2.038462540675849,32.33498637995954,-0.3073408305644989,2.135408401489258,3.6066653728485107,9.681783130580413,2.038462540675849,7.12476156853706
-175.72751677743827,1.102036931774356,32.7355735596862,-0.2187885046005249,2.1791341304779053,3.5848894119262695,8.905641414435195,1.102036931774356,6.724174388810397
-177.12797876485766,-1.1146820556507206,33.17985345953344,-0.019545238465070724,2.2199840545654297,3.573155164718628,7.505179427015776,1.1146820556507206,6.2798944889631585
-177.3378841384305,-2.0137679911844697,33.078824716425196,0.043844111263751984,2.2100131511688232,3.5853495597839355,7.295274053442938,2.0137679911844697,6.380923232071403
-179.26735793744575,-4.798109527770583,33.356338717497394,0.2990099787712097,2.23178768157959,3.565154552459717,5.365800254427654,4.798109527770583,6.103409230999205
178.73047774792607,-6.891155252912822,34.121060357350366,0.5030733942985535,2.2674996852874756,3.5191526412963867,3.363635939799508,6.891155252912822,5.338687591146233
177.4805394694354,-6.701479558490189,34.195471853263065,0.5419362783432007,2.257632255554199,3.5258538722991943,2.1136976613088336,6.701479558490189,5.264276095233534
176.83019617742346,-6.005710304457004,35.257132552187755,0.5065692067146301,2.311790943145752,3.487464427947998,1.4633543692968942,6.005710304457004,4.202615396308843
174.8076542207776,-5.282484580168493,36.27888445579206,0.5386109352111816,2.3606605529785156,3.4261226654052734,0.5591875873489585,5.282484580168493,3.180863492704539
174.98838102621616,-3.6419469373659275,36.18436488296284,0.4215939939022064,2.385056495666504,3.4066078662872314,0.37846078191040533,3.6419469373659275,3.2753830655337595
175.26471681965654,-4.150425254987039,36.09774783900332,0.4441918730735779,2.4373722076416016,3.35548996925354,0.10212498847002394,4.150425254987039,3.3620001094932803
174.90206109548555,-3.6426644617263095,36.31196306194243,0.43346717953681946,2.436338424682617,3.353353261947632,0.4647807126410157,3.6426644617263095,3.14778488655417
174.91188290751202,-3.0439419257637517,37.36574855275409,0.39961951971054077,2.4924232959747314,3.2955379486083984,0.45495890061454247,3.0439419257637517,2.0939993957425074
174.9296277389757,-2.5581565542185807,37.83194311455331,0.37336212396621704,2.5114781856536865,3.2635018825531006,0.4372140691508548,2.5581565542185807,1.6278048339432871
174.9762096291152,-1.9745499564300262,37.740783994795734,0.33476680517196655,2.4967691898345947,3.2516438961029053,0.39063217901136227,1.9745499564300262,1.7189639537008645
175.45589381452518,-0.8016119353748482,38.35511169931419,0.24691316485404968,2.526334524154663,3.2111434936523438,0.08905200639861732,0.8016119353748482,1.1046362491824055
175.10434397794464,-0.3501920298294761,38.81978995911767,0.23964650928974152,2.5395946502685547,3.1699838638305664,0.2624978301819283,0.3501920298294761,0.639957989378928
175.10861967636507,-0.4909069816928565,39.17607994698221,0.24678179621696472,2.5493247509002686,3.1433732509613037,0.25822213176149944,0.4909069816928565,0.28366800151438554
175.24287387469084,-0.3418528906518003,39.16976543709454,0.23197777569293976,2.5455245971679688,3.139693260192871,0.12396793343572199,0.3418528906518003,0.28998251140205866
175.21772511816684,-0.4115448876477564,39.237893158970834,0.23866921663284302,2.545809030532837,3.131830930709839,0.14911668995972605,0.4115448876477564,0.22185478952576432
175.18610134230968,-0.2947652694523018,39.48832545998393,0.23266474902629852,2.555469274520874,3.1122307777404785,0.18074046581688208,0.2947652694523018,0.02857751148733456
175.31881191788304,-0.27472988346550503,39.51899300935729,0.22568702697753906,2.5537753105163574,3.1108591556549072,0.04802989024352655,0.27472988346550503,0.05924506086068959
175.32135274825427,-0.13336169149138052,39.39096794355457,0.21710868179798126,2.547152519226074,3.1147985458374023,0.045489059872295456,0.13336169149138052,0.06878000494202752
175.28892301007505,-0.03318320154206008,39.39675652887616,0.21196936070919037,2.547417163848877,3.1138155460357666,0.07791879805151325,0.03318320154206008,0.0629914196204382
175.33486286243257,-0.06592528961929817,39.525877840040664,0.21236200630664825,2.552422046661377,3.105185031890869,0.031978945693992955,0.06592528961929817,0.06612989154406534
175.37867169576901,-0.173117200268562,39.522370537901864,0.21658428013324738,2.551530122756958,3.1064107418060303,0.011829887642448966,0.173117200268562,0.06262258940526522
175.29136821779792,-0.15562351923452214,39.6197348845204,0.21967129409313202,2.556962490081787,3.1005282402038574,0.07547359032864165,0.15562351923452214,0.15998693602379888
175.3930697345394,-0.06976115527350842,39.492734347093176,0.21033728122711182,2.5516250133514404,3.109011650085449,0.02622792641284377,0.06976115527350842,0.03298639859657726
175.33598301345646,-0.18204019857203857,39.57207723958663,0.2195003479719162,2.555393934249878,3.1036295890808105,0.030858794670109546,0.18204019857203857,0.11232929109003464
175.33053252249877,-0.12232629980341321,39.54017001087892,0.21637243032455444,2.553250789642334,3.105526924133301,0.03630928562779445,0.12232629980341321,0.08042206238231842
175.33314165476173,-0.04943043546937669,39.42646102157654,0.21125324070453644,2.548008918762207,3.1113719940185547,0.03370015336483334,0.04943043546937669,0.03328692692005575
175.35742980745027,-0.17813897111353405,39.552167238156045,0.2184474617242813,2.5553009510040283,3.105189323425293,0.00941200067629211,0.17813897111353405,0.09241928965944624
175.32400286165225,-0.11649515805060459,39.5387390862478,0.21645687520503998,2.5538649559020996,3.1063318252563477,0.04283894647431907,0.11649515805060459,0.0789911377512027
175.37322120481136,-0.07480583671863093,39.461674061842544,0.21117496490478516,2.54935622215271,3.109037399291992,0.006379396684792482,0.07480583671863093,0.0019261133459451685
175.33998550431008,-0.11119759976916022,39.55120076638848,0.21485649049282074,2.553006887435913,3.1029984951019287,0.02685630381648707,0.11119759976916022,0.09145281789188431

Errors:
rotation,[19.674773076155276, 18.845007239793322, 16.73185273501995, 14.899755971629656, 15.68996527669881, 16.267319013197444, 15.593478783858561, 14.079453315032556, 11.671680070062742, 9.02253566022199, 7.295790784810093, 7.614550352950343, 7.2552300609214955, 5.592900222120802, 4.623175457312723, 4.084146089142253, 1.995300190955871, 1.2526478493903324, 1.0327971149687416, 0.755803335489581, 0.7825163671332467, 0.5040832467565184, 0.3820048345697212, 0.2476307563057035, 0.17409341921401153, 0.16403412685735647, 0.2475696773162762, 0.39108404558696264, 0.12897548028292943, 0.32522828433218276, 0.23905764781352606, 0.11641751575426579, 0.2799702614492724, 0.23832524227612636, 0.08311134674936858, 0.2295067214775316]
translation,[0.170370405351016, 0.17154443248296136, 0.16981464454197326, 0.17555027141006097, 0.1808554900685424, 0.18557725629791122, 0.18539497377665182, 0.1905111205603527, 0.18353579182240498, 0.16424201373981617, 0.14872919988581224, 0.13989054714981553, 0.13643842522638483, 0.1200685911812105, 0.10376735999793674, 0.08215613948093914, 0.0621308475215514, 0.03774928882425943, 0.02359105516197868, 0.017473761395891074, 0.011948167189131276, 0.0025464821794356496, 1.8360164922626154e-05, 0.00160129829586797, 0.00246745393699932, 0.005941875339242841, 0.005336681089051609, 0.006257647822746293, 0.003600377872690075, 0.004873100433348654, 0.004939054092769624, 0.004019062604168511, 0.0037869038975042457, 0.0039241900417748, 0.004973644824345591, 0.0071249593395972255]
loss,
[0.09564739465713501, 0.09450419992208481, 0.09432383626699448, 0.09351649135351181, 0.08474330604076385, 0.08538967370986938, 0.06722574681043625, 0.07667168974876404, 0.06759427487850189, 0.0701926127076149, 0.059555571526288986, 0.022094815969467163, 0.02545996755361557, 0.018314819782972336, 0.01894015073776245, 0.014408017508685589, 0.01346425712108612, 0.007401465903967619, 0.0044879368506371975, 0.0026771414559334517, 0.004638325423002243, 0.004570952150970697, 0.0035134158097207546, 0.002289843512699008, 0.0029145998414605856, 0.001963124144822359, 0.0034606903791427612, 0.002384931081905961, 0.003616980044171214, 0.002623502165079117, 0.0027454241644591093, 0.0029721693135797977, 0.0022248525638133287, 0.0029508075676858425, 0.002765506971627474, 0.0017945521976798773]

2022-04-26 23:09:57.518755