2022-04-28 21:46:27.875506

reference phi, theta, psi, translation: -86.91639066027085, -0.0, 34.793557367935236, -2.296917200088501, -0.12373751401901245, 3.3104169368743896

phi,theta,psi,rot_x,rot_y,rot_z,phi_err,theta_err,psi_err
-76.53055527251121,6.8177051513072,38.18892636661862,-2.336111545562744,-0.9462913274765015,3.345968008041382,10.385835387759641,6.8177051513072,3.395368998683381
-76.43412666180896,6.935213651149348,38.13791168370779,-2.332833766937256,-0.9595404267311096,3.344566583633423,10.482263998461889,6.935213651149348,3.3443543157725557
-74.88907639984954,6.284569269973833,37.50424429855444,-2.340723752975464,-1.0415148735046387,3.31298828125,12.027314260421306,6.284569269973833,2.710686930619204
-75.99448787550276,5.573170617472985,37.8643796829217,-2.3874435424804688,-0.932710587978363,3.305119037628174,10.921902784768093,5.573170617472985,3.070822314986465
-76.32347076706559,5.234189623413024,39.342907317459776,-2.4799904823303223,-0.9266219735145569,3.216076612472534,10.592919893205263,5.234189623413024,4.54934994952454
-76.90849696004469,5.293723574982522,40.51035057115504,-2.5430445671081543,-0.9046640992164612,3.158269166946411,10.007893700226163,5.293723574982522,5.716793203219801
-77.77876551314186,5.004808036790866,41.34373951782873,-2.613624095916748,-0.8520923852920532,3.099135637283325,9.137625147128986,5.004808036790866,6.5501821498934945
-78.71419407092095,4.293041199285892,42.579826172682615,-2.690840005874634,-0.7720310091972351,3.0413970947265625,8.202196589349896,4.293041199285892,7.78626880474738
-79.74267712595231,3.8886086724449904,42.901821780724525,-2.7232038974761963,-0.7114071249961853,3.006395101547241,7.173713534318537,3.8886086724449904,8.108264412789289
-80.61350575456143,4.015838958498195,42.28929041595778,-2.6898438930511475,-0.6635357141494751,3.039419651031494,6.302884905709419,4.015838958498195,7.495733048022544
-83.5557053621928,3.6155770492339467,40.432080018361276,-2.6311793327331543,-0.4904537796974182,3.1079165935516357,3.360685298078053,3.6155770492339467,5.63852265042604
-85.56568660095498,1.5258491515593633,38.468233292347946,-2.5328922271728516,-0.2822214961051941,3.199662923812866,1.3507040593158735,1.5258491515593633,3.6746759244127105
-87.67982139437069,-0.5679569127162172,35.70292533893615,-2.3661844730377197,-0.06680218875408173,3.3020787239074707,0.7634307340998419,0.5679569127162172,0.9093679710009113
-86.70329558835563,0.06871672439620258,34.903834187179676,-2.3019487857818604,-0.13651172816753387,3.310025453567505,0.2130950719152196,0.06871672439620258,0.1102768192444401
-86.96603930534768,0.08662362029436892,34.72965070296601,-2.283820629119873,-0.12593042850494385,3.30285382270813,0.04964864507682876,0.08662362029436892,0.06390666496922393
-86.97321100397619,-0.0023623371301648402,34.88005829867886,-2.294236660003662,-0.12268909811973572,3.2984349727630615,0.05682034370533984,0.0023623371301648402,0.0865009307436253
-87.00962274244152,-0.08167816704361132,34.819440369795,-2.2917044162750244,-0.11595503985881805,3.302435874938965,0.09323208217067247,0.08167816704361132,0.025883001859760668
-86.91121337687999,-0.049283899720102095,34.819344747146616,-2.2912800312042236,-0.12117139995098114,3.2997188568115234,0.005177283390864318,0.049283899720102095,0.025787379211379857
-86.93873903923513,-0.08115973739503653,34.82709701185458,-2.2929325103759766,-0.11794860661029816,3.302772045135498,0.022348378964281324,0.08115973739503653,0.033539643919347384
-86.93634164283645,-0.08408006373531876,34.757172950226575,-2.2872612476348877,-0.11857052147388458,3.302158832550049,0.01995098256560368,0.08408006373531876,0.03638441770866052
-86.88115371434276,-0.004475758822533636,34.79858097206978,-2.2891385555267334,-0.12515482306480408,3.301713466644287,0.03523694592809079,0.004475758822533636,0.005023604134542836
-86.9443261339762,-0.06667102611431347,34.855134938397484,-2.2942676544189453,-0.1188964694738388,3.2998485565185547,0.027935473705355207,0.06667102611431347,0.06157757046224788
-86.92106250966314,-0.06134344388404727,34.849472711575544,-2.294475793838501,-0.12033305317163467,3.300549030303955,0.0046718493922952575,0.06134344388404727,0.055915343640307924
-86.92844594415592,-0.07898398843544158,34.85782944802506,-2.2946181297302246,-0.11915566027164459,3.299323797225952,0.012055283885075596,0.07898398843544158,0.06427208008982177
-86.96342334289555,-0.10375660307121591,34.86901046769636,-2.29268217086792,-0.11588360369205475,3.296437978744507,0.04703268262470317,0.10375660307121591,0.07545309976112691
-87.06045301024476,-0.11041580076910718,34.77869487630129,-2.2895560264587402,-0.11133264005184174,3.301210641860962,0.14406234997390754,0.11041580076910718,0.014862491633948594
-86.944920360434,-0.13374029415733324,34.82810104966257,-2.2927489280700684,-0.11627848446369171,3.300640821456909,0.02852970016314771,0.13374029415733324,0.03454368172733524
-86.87155729855888,0.008170575793744047,34.848427692632534,-2.2935450077056885,-0.12592914700508118,3.301638126373291,0.044833361711965836,0.008170575793744047,0.05487032469729769
-86.99361277902702,-0.078908065576691,34.90974913100091,-2.29880690574646,-0.11659470200538635,3.2991299629211426,0.07722211875616836,0.078908065576691,0.1161917630656717
-87.00701361017857,-0.06689721699256794,34.78090785759237,-2.290426254272461,-0.11670249700546265,3.303027868270874,0.09062294990772557,0.06689721699256794,0.012649510342868098
-86.93425160495043,-0.07775491353050015,34.863197976712684,-2.2946321964263916,-0.11937366425991058,3.301089286804199,0.017860944679583213,0.07775491353050015,0.06964060877744771
-86.94504330383906,-0.01559351573767958,34.88350412911513,-2.2975378036499023,-0.12250474840402603,3.302351474761963,0.028652643568207736,0.01559351573767958,0.08994676117989542
-86.99437776021405,-0.0816939637532727,34.86233737287726,-2.295689821243286,-0.1166662648320198,3.3009650707244873,0.07798709994320063,0.0816939637532727,0.06878000494202752
-86.96516504113391,-0.051990007472897816,34.821923143558294,-2.292612075805664,-0.11921033263206482,3.302259922027588,0.0487743808630654,0.051990007472897816,0.028365775623058198
-86.93884832226185,-0.05323240024572779,34.813334180677,-2.293205738067627,-0.12072859704494476,3.303596019744873,0.02245766199099819,0.05323240024572779,0.019776812741767458
-86.95677073864397,-0.04965632750107837,34.81160272772241,-2.29125714302063,-0.1197071224451065,3.301781177520752,0.04038007837311852,0.04965632750107837,0.018045359787173254

Errors:
rotation,[20.598909537750224, 20.76183196538379, 21.022570461014343, 19.565895717227544, 20.376459466142826, 21.018410478428486, 20.692615333813347, 20.281506593383167, 19.170586619552815, 17.814456912230156, 12.61478499773804, 6.551229135287947, 2.24075561781697, 0.3920886155558623, 0.2001789303404216, 0.14568361157912998, 0.20079325107404444, 0.08024856232234627, 0.13704776027866522, 0.14041546400958296, 0.04473630888516726, 0.15618407028191655, 0.12193063691665046, 0.15531135241033894, 0.226242385457046, 0.2693406423769633, 0.1968136760478162, 0.10787426220300758, 0.27232194739853105, 0.17016967724316162, 0.16525646698753108, 0.13419292048578274, 0.22846106863850085, 0.1291301639590214, 0.09546687497849343, 0.10808176566137015]
translation,[0.1579505536533441, 0.15801864758913542, 0.1569055553869445, 0.15141194143282455, 0.1344599152955741, 0.12340564183509617, 0.11154347069093351, 0.10248313165651979, 0.0871658192009157, 0.08148729294016377, 0.07043122573864746, 0.05947437507499398, 0.03175378477830204, 0.0029599046520587535, 0.013599954496206657, 0.011396564186137326, 0.009756282821318685, 0.012075337450159651, 0.008722298422097374, 0.012438036803321673, 0.0115354893322408, 0.010332803236789978, 0.00959642730792254, 0.010555773341597963, 0.014124517521120872, 0.012117358332953465, 0.0106253891716932, 0.009062082394803994, 0.008397695698446839, 0.009976663029586774, 0.00909237811603436, 0.006304313638178627, 0.008670263021159919, 0.009288259016065226, 0.007807519803633589, 0.01043886593228116]
loss,
[0.09462866187095642, 0.08857735246419907, 0.05733103305101395, 0.054744988679885864, 0.04576091095805168, 0.04639613628387451, 0.045872535556554794, 0.046777188777923584, 0.04272878170013428, 0.0396309457719326, 0.026130571961402893, 0.021565502509474754, 0.009588937275111675, 0.003396989544853568, 0.0031917409505695105, 0.0024149620439857244, 0.0024278087075799704, 0.002061248756945133, 0.002686981577426195, 0.002628529444336891, 0.002577892504632473, 0.0020137247629463673, 0.002489974955096841, 0.002199043519794941, 0.002128631342202425, 0.0023034417536109686, 0.0023060841485857964, 0.0031912457197904587, 0.00200313376262784, 0.002517699496820569, 0.0019718564581125975, 0.002425865037366748, 0.0015123634366318583, 0.001994101097807288, 0.0017532225465402007, 0.0021936881821602583]

2022-04-28 21:51:09.598956