2022-04-28 21:51:13.120825

reference phi, theta, psi, translation: -33.091320547511735, -0.0, 74.32085247222868, -2.1190009117126465, -3.251617431640625, 1.089412808418274

phi,theta,psi,rot_x,rot_y,rot_z,phi_err,theta_err,psi_err
-22.822884158753556,1.294954214858955,81.82337814338081,-1.5357718467712402,-3.6827800273895264,0.7731812596321106,10.268436388758179,1.294954214858955,7.502525671152128
-23.52227333164806,0.3737268235248551,80.65567534249708,-1.6084643602371216,-3.6204535961151123,0.8370984792709351,9.569047215863677,0.3737268235248551,6.334822870268397
-23.30158479692307,-3.8671916543600067,76.7647283082051,-1.6920253038406372,-3.5158660411834717,1.0207443237304688,9.789735750588665,3.8671916543600067,2.4438758359764137
-22.129099156073046,-5.28803147218106,75.88729488666857,-1.6393336057662964,-3.529690980911255,1.0469529628753662,10.962221391438689,5.28803147218106,1.5664424144398907
-22.156372101428907,-6.0602123137787345,75.88762273574874,-1.6573619842529297,-3.51194167137146,1.0383503437042236,10.934948446082828,6.0602123137787345,1.5667702635200556
-21.70043136112117,-5.86964795671765,76.43562930342637,-1.6383100748062134,-3.521245002746582,1.0050466060638428,11.390889186390567,5.86964795671765,2.1147768311976876
-20.23342967080749,-6.26265966357879,75.95992028811331,-1.553224802017212,-3.535627841949463,1.042126178741455,12.857890876704246,6.26265966357879,1.63906781588463
-19.043830990992003,-6.595257764537585,75.62955086814897,-1.4794659614562988,-3.5596282482147217,1.044507622718811,14.047489556519732,6.595257764537585,1.3086983959202882
-17.84846421642244,-5.009842219163612,76.68093554746737,-1.362992525100708,-3.6278653144836426,0.9914166331291199,15.242856331089296,5.009842219163612,2.360083075238691
-14.552996979634251,-4.887723374320446,74.88947255082141,-1.13067626953125,-3.647691011428833,1.0874160528182983,18.538323567877484,4.887723374320446,0.5686200785927298
-13.137814227006167,-3.909885943016141,74.69412231036988,-1.0127356052398682,-3.6522347927093506,1.096193790435791,19.953506320505568,3.909885943016141,0.37326983814119785
-13.611869482766425,-3.608622957716907,75.80807835267477,-1.0208723545074463,-3.6644017696380615,1.012023687362671,19.479451064745312,3.608622957716907,1.4872258804460898
-13.627509762192108,-2.886737279413774,77.41388314730145,-0.9954341650009155,-3.6936795711517334,0.8991129398345947,19.463810785319627,2.886737279413774,3.093030675072768
-12.63726210613449,-1.9821034936234612,77.9133680511153,-0.8861680626869202,-3.711376667022705,0.850415825843811,20.454058441377246,1.9821034936234612,3.592515578886619
-13.14175353860997,0.13502285291985214,76.87050744788108,-0.8655903339385986,-3.6824584007263184,0.8908969163894653,19.949567008901766,0.13502285291985214,2.549654975652402
-14.687307527020675,0.9880297493182965,76.62160169414747,-0.9475165009498596,-3.6689822673797607,0.9069172143936157,18.40401302049106,0.9880297493182965,2.3007492219187924
-16.488617948902505,1.4280117655051916,76.65222143219664,-1.0456582307815552,-3.6576032638549805,0.9130290150642395,16.60270259860923,1.4280117655051916,2.3313689599679606
-18.719176731815665,2.237854195837809,76.51038572389216,-1.167799949645996,-3.6274759769439697,0.9174712300300598,14.37214381569607,2.237854195837809,2.1895332516634767
-21.082758571456697,1.9803726887102426,76.49355613777725,-1.3361316919326782,-3.570373773574829,0.9195351004600525,12.008561976055038,1.9803726887102426,2.1727036655485676
-22.527524580927402,1.6831952621588142,76.79393419709606,-1.4327247142791748,-3.552112340927124,0.9005374908447266,10.563795966584333,1.6831952621588142,2.4730817248673844
-23.874572781490023,1.3918248044719133,76.6850063402127,-1.5242879390716553,-3.5194544792175293,0.9093896150588989,9.216747766021712,1.3918248044719133,2.3641538679840153
-26.442223598058114,1.3152741109419521,76.0536304835259,-1.6914238929748535,-3.430659294128418,0.950822114944458,6.649096949453622,1.3152741109419521,1.7327780112972135
-28.714197233003645,1.1726164154522576,76.50787904446676,-1.8362464904785156,-3.3842358589172363,0.9237725734710693,4.37712331450809,1.1726164154522576,2.187026572238082
-30.68512003499711,1.091485964715035,76.46180258832585,-1.9616918563842773,-3.3328371047973633,0.9306509494781494,2.4062005125146264,1.091485964715035,2.140950116097173
-32.14186619627201,0.361187305072089,75.37128092506327,-2.0523569583892822,-3.2735612392425537,1.0090252161026,0.9494543512397229,0.361187305072089,1.0504284528345949
-33.0249789201034,0.027429238862482316,74.59456547302777,-2.1065921783447266,-3.2424087524414062,1.0674564838409424,0.0663416274083346,0.027429238862482316,0.27371300079909133
-32.94685521637679,0.036346264450970216,74.28448171489836,-2.106106758117676,-3.251490831375122,1.0912915468215942,0.14446533113494553,0.036346264450970216,0.03637075733031736
-33.075894565271255,-0.03485394952958585,74.21751171008638,-2.114633560180664,-3.2464401721954346,1.0955748558044434,0.015425982240479641,0.03485394952958585,0.10334076214229526
-33.079255018342906,-0.029119375643274447,74.30195333879526,-2.1148600578308105,-3.24769926071167,1.0890355110168457,0.012065529168829414,0.029119375643274447,0.018899133433421866
-32.98849546465178,-0.0075668969933574606,74.2886413001029,-2.110938787460327,-3.250662326812744,1.0903006792068481,0.10282508285995817,0.0075668969933574606,0.03221117212578406
-33.07979801838192,0.01783801345946323,74.23055054121194,-2.1134307384490967,-3.245750665664673,1.0937632322311401,0.011522529129813108,0.01783801345946323,0.09030193101673945
-32.952131537510624,0.03753458488518492,74.3383172659364,-2.106935739517212,-3.252448558807373,1.0873409509658813,0.13918901000111106,0.03753458488518492,0.017464793707716808
-33.13031751257792,0.04468013600004707,74.28738454529561,-2.116889238357544,-3.2449564933776855,1.091294527053833,0.038996965066182554,0.04468013600004707,0.03346792693307066
-32.88499760815857,0.019924529149220584,74.31497167935329,-2.103435516357422,-3.2539122104644775,1.0891661643981934,0.20632293935316426,0.019924529149220584,0.005880792875387897
-32.990148370430916,0.03520722599916227,74.29866801780447,-2.1093852519989014,-3.2501718997955322,1.0898348093032837,0.10117217708081938,0.03520722599916227,0.022184454424206024
-32.970569633175074,-0.013853085786197166,74.29816941399507,-2.1097099781036377,-3.2505931854248047,1.0908889770507812,0.12075091433666074,0.013853085786197166,0.02268305823361061

Errors:
rotation,[19.06591627476926, 16.27759690965693, 16.100803240925085, 17.81669527805964, 18.561931023381618, 19.375313974305904, 20.759618356167667, 21.951445716977606, 22.6127816254916, 23.994667020790658, 24.23666210166291, 24.57529990290831, 25.44357873980617, 26.028677513887327, 22.63424483747402, 21.69279199172815, 20.362083324082384, 18.799531263197355, 16.16163833031385, 14.720072953610533, 12.97272643847764, 9.697149071692788, 7.736766302198429, 5.638636593326835, 2.361070109146407, 0.36748386706990827, 0.2171823529162331, 0.15362069391236075, 0.06008403824552573, 0.14260315197909967, 0.11966247360601578, 0.19418838859401277, 0.11714502799930028, 0.23212826137777273, 0.15856385750418767, 0.15728705835646853]
translation,[0.03326186669987141, 0.018016053651490616, 0.002006577277331445, 0.0009623086445929019, 0.011333675826522338, 0.019477854520020266, 0.031229194131107363, 0.037287624485308424, 0.03087122503627704, 0.06041720288544905, 0.0857401502027475, 0.09486013213659161, 0.10142646766524477, 0.12180455199744422, 0.14481406446074496, 0.13475668785331685, 0.11895764425085353, 0.11142338521314521, 0.10960358950746407, 0.09651721168986249, 0.08942848027343198, 0.08975859934763886, 0.07155714780985312, 0.05342246749978585, 0.03782158374521627, 0.019843865437709773, 0.006356272846730349, 0.004799019470590693, 0.00543876620786321, 0.004762938599838229, 0.006479345678135573, 0.006217802997481314, 0.0059723076302384825, 0.0063720457826734744, 0.006099386058664891, 0.005303498186955302]
loss,
[0.15794578194618225, 0.12930379807949066, 0.09649477899074554, 0.08469682186841965, 0.0873829573392868, 0.08993449807167053, 0.08532825112342834, 0.08862066268920898, 0.08186161518096924, 0.07888558506965637, 0.07230103015899658, 0.0716833844780922, 0.07494030147790909, 0.06618563830852509, 0.05575287342071533, 0.0537627637386322, 0.04611554741859436, 0.04426342248916626, 0.03501812368631363, 0.037630125880241394, 0.040129803121089935, 0.030383676290512085, 0.02385430596768856, 0.013852342963218689, 0.0066800168715417385, 0.0035971850156784058, 0.002047654939815402, 0.002091234317049384, 0.0025257039815187454, 0.0029265189077705145, 0.0021562937181442976, 0.002513611689209938, 0.0023032452445477247, 0.00302170030772686, 0.001992541365325451, 0.002008223906159401]

2022-04-28 21:55:54.340123