2022-04-20 13:12:18.692261

reference phi, theta, psi, translation: -33.091320547511735, -0.0, 74.32085247222868, -2.1190009117126465, -3.251617431640625, 1.089412808418274

phi,theta,psi,rot_x,rot_y,rot_z,phi_err,theta_err,psi_err
-22.822884158753556,1.294954214858955,81.82337814338081,-1.5357718467712402,-3.6827800273895264,0.7731812596321106,10.268436388758179,1.294954214858955,7.502525671152128
-23.951829051192036,2.0784998311691596,81.59514054207565,-1.5970488786697388,-3.6748745441436768,0.7575502991676331,9.1394914963197,2.0784998311691596,7.274288069846975
-28.70818325143945,4.371975143385048,80.70067262874913,-1.9056986570358276,-3.577946662902832,0.705680251121521,4.3831372960722845,4.371975143385048,6.379820156520452
-29.686471246260375,0.12685899219050092,77.55289798747872,-2.008741855621338,-3.434220552444458,0.9061006307601929,3.4048493012513603,0.12685899219050092,3.232045515250036
-33.0567973563519,0.9425722312257417,73.34373243975583,-2.106170654296875,-3.272336006164551,1.1677753925323486,0.03452319115983471,0.9425722312257417,0.977120032472854
-33.127605927477425,-0.314049252277931,74.59685358639972,-2.1393868923187256,-3.267669916152954,1.082802176475525,0.03628537996569037,0.314049252277931,0.2760011141710379
-33.17887332738754,0.12107863918453751,74.23009974872672,-2.124140977859497,-3.2529842853546143,1.0978569984436035,0.08755277987580712,0.12107863918453751,0.09075272350196428
-33.10392566162499,0.01644711969758811,74.29696047051198,-2.1154751777648926,-3.2467761039733887,1.0909945964813232,0.012605114113256377,0.01644711969758811,0.02389200171670325
-33.164198665955766,0.03578744642213931,74.32498473667654,-2.11627197265625,-3.2407493591308594,1.0863691568374634,0.0728781184440308,0.03578744642213931,0.004132264447861189
-33.024712542725766,-0.025054537076151583,74.30699401840272,-2.107024669647217,-3.244056224822998,1.0881034135818481,0.0666080047859694,0.025054537076151583,0.013858453825960737
-33.120615228861915,-0.0017183378362455408,74.29878413102037,-2.1114766597747803,-3.238504409790039,1.087330937385559,0.029294681350179985,0.0017183378362455408,0.02206834120831047
-33.074760753869036,-0.02377230828861213,74.30713062218612,-2.108842372894287,-3.2407970428466797,1.0872507095336914,0.016559793642699105,0.02377230828861213,0.013721850042557548
-33.14352709843273,-0.0022587327875519796,74.275588808599,-2.114657163619995,-3.2395849227905273,1.0902342796325684,0.052206550920992356,0.0022587327875519796,0.04526366362968304
-33.0900979436503,0.05169461732355839,74.32602292543038,-2.1081840991973877,-3.240464925765991,1.0854785442352295,0.0012226038614358004,0.05169461732355839,0.005170453201699843
-33.08496847158362,-0.02643432205941748,74.3172734531036,-2.1097915172576904,-3.238877534866333,1.086530327796936,0.0063520759281132655,0.02643432205941748,0.00357901912508396
-33.036129203923444,0.03560367322304842,74.28710450753964,-2.1055002212524414,-3.2416646480560303,1.0873175859451294,0.05519134358829092,0.03560367322304842,0.03374796468904151
-33.058019960213336,0.022671800914328424,74.36434028667415,-2.1081461906433105,-3.2431249618530273,1.0843863487243652,0.03330058729839891,0.022671800914328424,0.04348781444547001
-33.11377820950273,0.008062583893639414,74.32393288754436,-2.1120426654815674,-3.240550994873047,1.0854727029800415,0.02245766199099819,0.008062583893639414,0.0030804153156793745
-33.054598035439156,0.02533972729309116,74.31198005649684,-2.107532501220703,-3.2435688972473145,1.0872737169265747,0.03672251207257915,0.02533972729309116,0.00887241573184383
-33.0674114703221,-0.01767760496034957,74.33367956748997,-2.108663320541382,-3.241023302078247,1.0844199657440186,0.023909077189635752,0.01767760496034957,0.012827095261286559
-33.065458036219475,0.018000894608566322,74.33794843572122,-2.108288526535034,-3.2411391735076904,1.0857442617416382,0.025862511292260137,0.018000894608566322,0.017095963492536725
-33.02770075048765,-0.027694992622431008,74.3198894155557,-2.1072909832000732,-3.242339611053467,1.0858651399612427,0.0636197970240886,0.027694992622431008,0.0009630566729725842
-33.108771680841116,0.019246857469090155,74.33078356728187,-2.1107728481292725,-3.2404308319091797,1.0854902267456055,0.017451133329380752,0.019246857469090155,0.00993109505319012
-33.07834318808871,-0.03339576611279246,74.2904854511788,-2.109802007675171,-3.23966646194458,1.0881016254425049,0.012977359423025803,0.03339576611279246,0.030367021049883647
-33.081041112810865,0.0652206420399989,74.30043703679951,-2.1085731983184814,-3.2439229488372803,1.0872089862823486,0.010279434700869672,0.0652206420399989,0.02041543542917168
-33.0733810556567,0.0005742319475299755,74.37183983438283,-2.110373020172119,-3.2422115802764893,1.0839897394180298,0.017939491855038625,0.0005742319475299755,0.0509873621541459
-33.0219258255444,-0.006970802326749707,74.29766397999649,-2.1058764457702637,-3.2421255111694336,1.0874813795089722,0.06939472196733476,0.006970802326749707,0.02318849223219388
-33.091440075822206,0.047628628175614106,74.29717220637625,-2.1087775230407715,-3.241774559020996,1.0874918699264526,0.00011952831047068457,0.047628628175614106,0.02368026585243399
-33.09918209524642,0.03794433715034959,74.26131371323368,-2.1091573238372803,-3.239698648452759,1.0896602869033813,0.007861547734684393,0.03794433715034959,0.059538758995003604
-33.1274966444507,-0.016526039920600276,74.29334730044104,-2.1124722957611084,-3.239204168319702,1.0877454280853271,0.036176096938966396,0.016526039920600276,0.027505171787638005
-33.059891432045916,-0.03200086826191111,74.32850911428827,-2.1086349487304688,-3.2415475845336914,1.0858198404312134,0.03142911546581928,0.03200086826191111,0.007656642059586716
-33.034623147211455,-0.006063243441242742,74.35578205964413,-2.1072309017181396,-3.2422714233398438,1.0836071968078613,0.05669740030027981,0.006063243441242742,0.03492958741544783
-33.11786607772099,-0.02683802215770249,74.31129703757983,-2.112151861190796,-3.239180564880371,1.0865983963012695,0.026545530209254764,0.02683802215770249,0.009555434648845562
-33.07407431985745,0.022351204943830964,74.3147667736782,-2.107773780822754,-3.241255521774292,1.0860129594802856,0.017246227654283075,0.022351204943830964,0.006085698550478469
-33.09045994367631,0.03420177859716989,74.309254811018,-2.1085119247436523,-3.2412109375,1.086306095123291,0.0008606038354272982,0.03420177859716989,0.011597661210686283
-33.10512435982433,0.03211234307300687,74.30916601855878,-2.1095900535583496,-3.2394402027130127,1.0865932703018188,0.013803812312595198,0.03211234307300687,0.011686453669895513

Errors:
rotation,[19.06591627476926, 18.492279397335835, 15.134932595977784, 6.763753808691897, 1.9542154548584305, 0.6263357464146593, 0.29938414256230894, 0.052944235527547734, 0.1127978293140313, 0.10552099568808172, 0.053081360394736, 0.05405395197386878, 0.09972894733822738, 0.05808767438669403, 0.036365417112614706, 0.12454298150038084, 0.09946020265819734, 0.033600661200316975, 0.07093465509751413, 0.05441377741127188, 0.06095936939336319, 0.0922778463194922, 0.04662908585166103, 0.07674014658570191, 0.09591551217004025, 0.0695010859567145, 0.09955401652627835, 0.07142842233851879, 0.10534464388003759, 0.08020730864720468, 0.07108662578731711, 0.09769023115697038, 0.06293898701580282, 0.04568313114859251, 0.04666004364328347, 0.057602609055497585]
translation,[0.03326186669987141, 0.04675653705098615, 0.08364611802834432, 0.04930393779742115, 0.03185476704514478, 0.02190732737684087, 0.006094254350319517, 0.005329766483649578, 0.011021864873331566, 0.012743410115587217, 0.015094509803408762, 0.01465097888932032, 0.011763858820962092, 0.01574399189939335, 0.01589599960835919, 0.01568626389840233, 0.013911854430652681, 0.013648953734933578, 0.013095086200636707, 0.01532775141125775, 0.015073196463435856, 0.01459510800921393, 0.014408573185262341, 0.014828661930590847, 0.012280859980731584, 0.013586973742112818, 0.015072582585792915, 0.013830969931583503, 0.014718730569905247, 0.013894513095261907, 0.014541296772017986, 0.015291531328325725, 0.01439248218880973, 0.015176836593949972, 0.014746078451785216, 0.015530922733723251]
loss,
[0.22357814013957977, 0.20289409160614014, 0.11125457286834717, 0.046306025236845016, 0.008319692686200142, 0.00564423855394125, 0.002683191327378154, 0.0015383835416287184, 0.0024103522300720215, 0.0016758254496380687, 0.0016292304499074817, 0.002042215783149004, 0.0018414915539324284, 0.0013611795147880912, 0.0015547157963737845, 0.0013675708323717117, 0.001573018147610128, 0.0015986630460247397, 0.001629525562748313, 0.001467609079554677, 0.0015535501297563314, 0.0017868876457214355, 0.0014299419708549976, 0.001287392107769847, 0.001592857763171196, 0.0019295106176286936, 0.0013867428060621023, 0.0016326550394296646, 0.0012690782314166427, 0.0013959849020466208, 0.00115999486297369, 0.0015658955089747906, 0.0015251480508595705, 0.0013415798312053084, 0.001946887350641191, 0.0018391789635643363]

2022-04-20 13:29:02.912466