2022-04-21 10:40:47.042343

reference phi, theta, psi, translation: 175.36684180812657, -0.0, 39.4597479484966, 0.2069414258003235, 2.553555727005005, 3.112318754196167

phi,theta,psi,rot_x,rot_y,rot_z,phi_err,theta_err,psi_err
-174.60268024378553,2.426304892454245,32.24175771288345,-0.3459881842136383,2.1274664402008057,3.6064906120300293,10.030477948087878,2.426304892454245,7.217990235613151
-174.69828923178738,2.282772188685205,32.21619914500926,-0.3319225609302521,2.128535032272339,3.606166362762451,9.934868960086078,2.282772188685205,7.243548803487336
-175.88379150564816,1.9192232427839155,32.07735164446666,-0.25788700580596924,2.1378133296966553,3.6064717769622803,8.749366686225244,1.9192232427839155,7.382396304029939
-176.6008247647161,1.9255578801594888,31.578771740717823,-0.2281375229358673,2.102661609649658,3.6374261379241943,8.032333427157369,1.9255578801594888,7.880976207778776
-176.6738668077002,1.8323768719668327,31.357910743716293,-0.21836088597774506,2.089567184448242,3.643780469894409,7.959291384173241,1.8323768719668327,8.101837204780306
-176.49424649290722,1.6586456349336856,31.41779442726438,-0.21136878430843353,2.094214677810669,3.6398165225982666,8.13891169896624,1.6586456349336856,8.04195352123222
-176.56926929075064,1.5120506969906666,31.297477229940018,-0.19490651786327362,2.0872576236724854,3.644003391265869,8.063888901122823,1.5120506969906666,8.16227071855658
-176.56243910158062,1.0522130952878677,30.958255884811333,-0.1660086214542389,2.071011543273926,3.655268669128418,8.070719090292812,1.0522130952878677,8.501492063685266
-176.54548657206064,1.086465614680396,31.07807789342087,-0.1691131740808487,2.0769906044006348,3.6521997451782227,8.087671619812795,1.086465614680396,8.38167005507573
-176.55858687488873,1.13120231273834,30.948557016189916,-0.1712704598903656,2.0716617107391357,3.658709764480591,8.074571316984702,1.13120231273834,8.511190932306683
-176.5567290634345,1.1169914384062343,31.06197230735798,-0.17142823338508606,2.079875946044922,3.6564762592315674,8.076429128438917,1.1169914384062343,8.397775641138619
-176.4221333556502,0.9563351873551982,31.30518168332379,-0.16806581616401672,2.0931077003479004,3.6454949378967285,8.21102483622326,0.9563351873551982,8.154566265172807
-176.89125806860338,0.5621252278647562,31.195867920752324,-0.11970436573028564,2.0919008255004883,3.6517581939697266,7.741900123270057,0.5621252278647562,8.263880027744275
-177.82711692830017,-0.16163479390419513,31.08691957330145,-0.02999611385166645,2.087261199951172,3.6703145503997803,6.806041263573263,0.16163479390419513,8.372828375195148
-177.32452428841395,0.12797733348053666,31.103438385809127,-0.07776953279972076,2.0866854190826416,3.6637487411499023,7.3086339034595085,0.12797733348053666,8.356309562687471
-176.91954871214557,0.3196996465847909,31.267506359862,-0.10747693479061127,2.099599599838257,3.6526589393615723,7.713609479727893,0.3196996465847909,8.192241588634598
-176.76209919139842,0.17208042227264378,31.054561552108513,-0.10409215092658997,2.0838470458984375,3.661067485809326,7.871059000475043,0.17208042227264378,8.405186396388086
-176.58771080150967,0.43868135806749275,31.05316819351783,-0.12768948078155518,2.0822339057922363,3.6605916023254395,8.045447390363734,0.43868135806749275,8.406579754978768
-176.50678672022335,0.6323143553940146,31.186510561589404,-0.14343079924583435,2.090751886367798,3.6529862880706787,8.126371471650089,0.6323143553940146,8.273237386907194
-176.60967668988042,0.435340775079788,31.27232164322686,-0.12498046457767487,2.0976457595825195,3.651618719100952,8.023481501993047,0.435340775079788,8.187426305269739
-176.30341100749706,0.8212209009918593,31.51800354767222,-0.1658494770526886,2.1102118492126465,3.642793655395508,8.329747184376401,0.8212209009918593,7.94174440082438
-176.29207289347482,0.8519110528676392,31.31004477801284,-0.1671929955482483,2.0966999530792236,3.6508848667144775,8.341085298398639,0.8519110528676392,8.149703170483757
-176.29141719531452,0.8535078843342521,31.11721487736504,-0.165834441781044,2.085169792175293,3.657331943511963,8.341740996558883,0.8535078843342521,8.342533071131559
-176.22685824727955,0.9594756181445886,31.112061499636265,-0.17647875845432281,2.0823490619659424,3.6555895805358887,8.406299944593911,0.9594756181445886,8.347686448860333
-176.23685764422444,0.9445129184903489,31.007300058146612,-0.17410336434841156,2.074988603591919,3.6587283611297607,8.396300547648991,0.9445129184903489,8.452447890349987
-176.32835485834593,0.8073973646691693,30.952002846626186,-0.16143715381622314,2.072218418121338,3.6608357429504395,8.304803333527502,0.8073973646691693,8.507745101870412
-176.6947535261821,0.6390640422525807,30.95954337546988,-0.134729266166687,2.074826955795288,3.661973476409912,7.938404665691337,0.6390640422525807,8.500204573026718
-176.55476196895353,0.7050201101825422,31.22088007349291,-0.14565522968769073,2.09098219871521,3.652825117111206,8.078396222919878,0.7050201101825422,8.238867875003688
-176.3851000699704,0.8098964525028992,31.228017621175574,-0.15860967338085175,2.0909430980682373,3.652949810028076,8.248058121903,0.8098964525028992,8.231730327321024
-176.53503638263052,0.7243254659946906,31.11359146201035,-0.14710290729999542,2.087303638458252,3.6561625003814697,8.098121809242912,0.7243254659946906,8.346156486486247
-176.40754407158306,0.8339584960535168,31.14398238872232,-0.15972791612148285,2.0869510173797607,3.656071186065674,8.225614120290402,0.8339584960535168,8.315765559774277
-176.21319786893952,0.9945874149532377,31.21082603503465,-0.1789628565311432,2.088787078857422,3.6527092456817627,8.419960322933889,0.9945874149532377,8.248921913461949
-176.17993484768155,0.9462022987688173,31.176179900469762,-0.17745183408260345,2.086076498031616,3.6538753509521484,8.453223344191883,0.9462022987688173,8.283568048026837
-176.31062368726057,0.7821582534120265,31.096311083410217,-0.16083332896232605,2.0825138092041016,3.6566803455352783,8.322534504612861,0.7821582534120265,8.363436865086381
-176.21945432221926,0.8386426144158331,31.12743967055255,-0.16886043548583984,2.0840485095977783,3.6551618576049805,8.41370386965417,0.8386426144158331,8.332308277944048
-176.1992642830327,0.8502119616333025,31.109950971182734,-0.17019954323768616,2.081803560256958,3.656367540359497,8.43389390884073,0.8502119616333025,8.349796977313865

Errors:
rotation,[19.674773076155276, 19.461189952258618, 18.050986233039097, 17.838867515095632, 17.89350546092038, 17.839510855132147, 17.73821031667007, 17.624424249265946, 17.55580728956892, 17.716964562029723, 17.59119620798377, 17.321926288751264, 16.56790537887909, 15.340504432672606, 15.792920799627517, 16.225550714947282, 16.448325819135775, 16.890708503409996, 17.031923213951295, 16.646248582342572, 17.09271248619264, 17.342699521750035, 17.537781952024694, 17.713462011598835, 17.793261356489324, 17.619945800067086, 17.077673280970636, 17.022284208106107, 17.289684901726922, 17.16860376172385, 17.3753381761182, 17.663469651349075, 17.682993690987537, 17.468129623111267, 17.584654762014054, 17.633902847787898]
translation,[0.170370405351016, 0.1694984824594421, 0.16927474949243404, 0.17649538030395728, 0.1749511288029062, 0.1734729597209137, 0.17284472677305995, 0.17334934576566408, 0.1737554998364601, 0.17687223548185838, 0.17898877366443777, 0.17588665823670713, 0.1790631036715622, 0.1912837498887967, 0.18590318184967014, 0.18334469710714352, 0.18273742730677256, 0.1821755185109346, 0.18029903683831527, 0.181952836801746, 0.18199895415489475, 0.1823097317023734, 0.1821253851579936, 0.17964990576893314, 0.17864348204626523, 0.1786062538407025, 0.17994094213775647, 0.18034993044804892, 0.18090659181950564, 0.18147131550198914, 0.18167713348107561, 0.18044379914176556, 0.18004789409757826, 0.1800517986220127, 0.17980696321095468, 0.1797971430416876]
loss,
[0.1149858832359314, 0.1113738864660263, 0.10692143440246582, 0.10558615624904633, 0.10981415212154388, 0.10870346426963806, 0.11383821815252304, 0.10252875089645386, 0.10456247627735138, 0.10347636789083481, 0.10312408208847046, 0.10898071527481079, 0.10632216930389404, 0.11075269430875778, 0.108759805560112, 0.10362204909324646, 0.1031133159995079, 0.10926204174757004, 0.10882248729467392, 0.10100919008255005, 0.10506536811590195, 0.10703681409358978, 0.1059994325041771, 0.10521934926509857, 0.0992201566696167, 0.10192303359508514, 0.11321806907653809, 0.09780721366405487, 0.10927678644657135, 0.10965804755687714, 0.1130206510424614, 0.10825826227664948, 0.10468010604381561, 0.10777413845062256, 0.11168931424617767, 0.1042487621307373]

2022-04-21 10:46:51.659275