2022-04-21 10:16:59.940434

reference phi, theta, psi, translation: 164.57178246643477, -4.268868188959204e-07, 11.003265705708584, 0.2046843022108078, 0.7416750192642212, 3.957021951675415

phi,theta,psi,rot_x,rot_y,rot_z,phi_err,theta_err,psi_err
174.68706040079186,1.035587752499106,3.46078983121423,-0.0498787984251976,0.24902896583080292,4.223120212554932,10.115277934357096,1.035588179385925,7.542475874494354
174.43387894863784,0.6952535523438,3.768269579722572,-0.021926414221525192,0.27230289578437805,4.221195220947266,9.862096482203071,0.6952539792306189,7.234996125986012
172.1786324469697,-1.8398193730335344,6.971332041003302,0.21925313770771027,0.5065514445304871,4.191239833831787,7.606849980534918,1.8398189461467154,4.0319336647052815
170.4880103632298,-1.5065441061933789,9.404945090864947,0.20755645632743835,0.6769233345985413,4.166496276855469,5.9162278967950215,1.5065436793065599,1.5983206148436366
166.7814169648256,-1.92102003554039,11.86459183363492,0.30845364928245544,0.8114249110221863,4.125474452972412,2.209634498390841,1.921019608653571,0.8613261279263362
163.51614940945262,-4.658526765763911,10.9394410030094,0.551760733127594,0.6718406081199646,4.091416358947754,1.0556330569821455,4.658526338877092,0.0638247026991845
164.7311444401495,-3.1677621542274066,11.259757238289135,0.42895764112472534,0.7196146845817566,4.036144256591797,0.15936197371473781,3.167761727340588,0.2564915325805508
164.5553763520484,-0.5417554001456163,10.946196913872189,0.24245449900627136,0.7280024886131287,3.955965042114258,0.01640611438637052,0.5417549732587974,0.057068791836394794
164.55823137112148,-0.09421935479079077,11.180142845776173,0.21750563383102417,0.7520512342453003,3.9579994678497314,0.013551095313289352,0.09421892790397188,0.1768771400675888
164.43949536258995,-0.5040365826765202,11.015863135859027,0.24302257597446442,0.7350888252258301,3.9585883617401123,0.132287103844817,0.5040361557897013,0.01259743015044279
164.4945876684353,-0.5675314816980233,11.202336691710483,0.2507492005825043,0.7446166276931763,3.9490859508514404,0.07719479799948203,0.5675310548112044,0.19907098600189954
164.57538880631654,-0.36622527932909993,10.934333729057522,0.23075926303863525,0.7322371602058411,3.963628053665161,0.003606339881770282,0.36622485244228103,0.06893197665106143
164.55403763497108,-0.15946246075131115,11.127792007108964,0.22068779170513153,0.7490965723991394,3.956352472305298,0.01774483146368766,0.15946203386449226,0.12452630140037968
164.54119687933147,-0.3716765778270901,10.983155067471127,0.23191744089126587,0.7358894348144531,3.9633283615112305,0.03058558710330317,0.37167615094027123,0.020110638237456513
164.50477831067695,-0.4476434903388224,11.048365444798177,0.23973959684371948,0.7382580041885376,3.9602324962615967,0.06700415575781449,0.4476430634520035,0.04509973908959353
164.5851013353163,-0.3673822364054494,10.954921626763234,0.23093128204345703,0.734083890914917,3.9603214263916016,0.013318868881526669,0.36738180951863053,0.04834407894534998
164.48027159193495,-0.39346008315224257,11.164645146549415,0.23784717917442322,0.7456329464912415,3.9523849487304688,0.09151087449981787,0.3934596562654237,0.16137944084083067
164.510324424283,-0.3941609208893729,11.207510560006767,0.23875945806503296,0.7492848634719849,3.953190565109253,0.06145804215177009,0.394160494002554,0.2042448542981834
164.52067899106473,-0.4358703740950084,11.027296018755981,0.23794569075107574,0.7362328171730042,3.955949544906616,0.05110347537004145,0.4358699472081895,0.024030313047397556
164.53235861454547,-0.31484362994269816,11.120328317893433,0.23097354173660278,0.7455887794494629,3.956993579864502,0.0394238518892962,0.31484320305587926,0.11706261218484926
164.5658811829919,-0.25040970389197476,10.968709217376551,0.22304165363311768,0.7363079190254211,3.9568252563476562,0.005901283442881322,0.25040927700515586,0.03455648833203284
164.55812208809473,-0.3802452987770557,11.073316125836234,0.23455989360809326,0.7401838302612305,3.955091714859009,0.01366037834003464,0.3802448718902368,0.07005042012765017
164.53674359599262,-0.3572660482615037,10.879804913818726,0.2288132756948471,0.7279505133628845,3.9562630653381348,0.03503887044215048,0.3572656213746848,0.12346079188985826
164.62615077222807,-0.29038935972232316,11.026252707360262,0.22666779160499573,0.7387375235557556,3.956235885620117,0.05436830579330376,0.29038893283550427,0.02298700165167844
164.6063978651484,-0.3400834723515783,11.081294640560456,0.23046107590198517,0.7423658967018127,3.9549944400787354,0.03461539871364039,0.3400830454647594,0.07802893485187212
164.57215129664996,-0.40695538466436937,10.987349657395162,0.23394648730754852,0.7344014048576355,3.957763433456421,0.0003688302151942935,0.4069549577775505,0.015916048313421527
164.49023000774483,-0.31699466309021684,11.107514029236842,0.2312014251947403,0.7440265417098999,3.954336404800415,0.08155245868994143,0.31699423620339795,0.10424832352825852
164.60157575159437,-0.3421181582467803,10.926533653025368,0.22782045602798462,0.7316875457763672,3.959498882293701,0.02979328515959878,0.34211773135996143,0.07673205268321581
164.57936397641348,-0.35207950716278874,11.075541059958367,0.23250161111354828,0.7426742911338806,3.9610912799835205,0.0075815099787064355,0.35207908027596985,0.07227535424978271
164.53555514307703,-0.3857600907638061,10.92123769509767,0.23274165391921997,0.7312458753585815,3.9599311351776123,0.036227323357735486,0.3857596638769872,0.08202801061091414
164.54686593634256,-0.3475530291096151,11.062086441067088,0.23231744766235352,0.7406724095344543,3.9562554359436035,0.024916530092212952,0.3475526022227962,0.05882073535850374
164.59135778859604,-0.3702135421403978,10.985300600644157,0.23161680996418,0.7353662848472595,3.957404136657715,0.019575322161273334,0.3702131152535789,0.017965105064426723
164.54347816251425,-0.376146691025296,11.077743795965695,0.2341257482767105,0.7417709827423096,3.958852767944336,0.02830430392052108,0.3761462641384771,0.07447809025711116
164.51872555696212,-0.35529787485053643,11.058706351201577,0.23246705532073975,0.740317165851593,3.956817626953125,0.05305690947264452,0.35529744796371754,0.05544064549299321
164.5553763520484,-0.3761240696114464,11.004389271827051,0.23224294185638428,0.7358226180076599,3.955862045288086,0.01640611438637052,0.3761236427246275,0.0011235661184674228
164.53569174686044,-0.3526824934757694,11.053879115005671,0.23206186294555664,0.7394077181816101,3.9554765224456787,0.0360907195743323,0.3526820665889505,0.05061340929708713

Errors:
rotation,[18.693341988237375, 17.7923465874197, 13.478602591386915, 9.021092190945218, 4.9919802349707485, 5.777984098558422, 3.5836152336358764, 0.6152298794815627, 0.28464716328485007, 0.6489206897849611, 0.8437968388125859, 0.43876316897511275, 0.3017331667285596, 0.4223723762810309, 0.5597469582994115, 0.4290447573455072, 0.6463499716060722, 0.6598633904525075, 0.5110037356256285, 0.4713296671300247, 0.29086704878007, 0.4639556703579216, 0.5157652837066935, 0.36774424028048647, 0.45272737903027194, 0.4232398363061663, 0.5027950184215979, 0.448643069202776, 0.431935944504459, 0.5040149978456367, 0.4312898676735129, 0.407753542479279, 0.47892865831610937, 0.46379500292935527, 0.39365332322946545, 0.43938619546036994]
translation,[0.19962134480110283, 0.198896952389493, 0.19630029904060287, 0.1950982699938768, 0.1846857882906967, 0.1516330482381001, 0.09104411873880114, 0.0014352135577135883, 0.0035519463328661516, 0.0024597448300625047, 0.004640490025141553, 0.0061682687311241935, 0.0015592414138767552, 0.006604454915495772, 0.004455489413082603, 0.0032674861838044578, 0.001999150402053118, 0.00047764814052264626, 0.00022407610757557705, 0.0021141599588334614, 0.00020307275529596325, 0.0005407414529052801, 0.0019497166169095692, 0.00013475664884943228, 0.0004713310977138008, 0.000988132302433442, 0.0007683726134395386, 0.0018476940690810295, 0.005684969231942283, 0.002472938015198878, 0.0005610773875330821, 0.000676825104204859, 0.003416214346113833, 0.001056134869920733, 0.0007174799127991349, 0.00045017475248076977]
loss,
[0.10961847007274628, 0.11349885165691376, 0.10632555186748505, 0.0774608850479126, 0.06871787458658218, 0.045905452221632004, 0.030912738293409348, 0.0035222009755671024, 0.0035219478886574507, 0.0038527837023139, 0.0047162724658846855, 0.003443122608587146, 0.0032601829152554274, 0.0036271088756620884, 0.0037884186021983624, 0.002607818692922592, 0.002942886669188738, 0.003534297924488783, 0.002966817934066057, 0.002804301679134369, 0.0032309256494045258, 0.003059879643842578, 0.0037585669197142124, 0.002878932049497962, 0.003215146716684103, 0.0028461467009037733, 0.003697264939546585, 0.0028257917147129774, 0.002471265848726034, 0.003456073347479105, 0.0034883643966168165, 0.0042036185041069984, 0.003240711521357298, 0.002394311595708132, 0.00271212006919086, 0.0026951495092362165]

2022-04-21 10:23:00.384278