2022-04-21 10:35:17.995100

reference phi, theta, psi, translation: -33.091320547511735, -0.0, 74.32085247222868, -2.1190009117126465, -3.251617431640625, 1.089412808418274

phi,theta,psi,rot_x,rot_y,rot_z,phi_err,theta_err,psi_err
-22.822884158753556,1.294954214858955,81.82337814338081,-1.5357718467712402,-3.6827800273895264,0.7731812596321106,10.268436388758179,1.294954214858955,7.502525671152128
-24.22447312738602,2.278486205749941,81.84819222063545,-1.6420880556106567,-3.6349003314971924,0.7403441071510315,8.866847420125715,2.278486205749941,7.527339748406774
-28.05055727022499,4.4331235274636995,82.38665701404258,-1.9428247213363647,-3.5465853214263916,0.5995362401008606,5.040763277286747,4.4331235274636995,8.065804541813904
-25.84434981925022,2.3562967818228238,78.98150035427858,-1.7897775173187256,-3.5567092895507812,0.8264080286026001,7.246970728261516,2.3562967818228238,4.660647882049901
-27.653190524691986,2.6509496236020125,75.72103442189211,-1.8388609886169434,-3.47096586227417,1.0218546390533447,5.438130022819749,2.6509496236020125,1.400181949663434
-32.20028480424313,1.3446783107020046,73.32660232531742,-2.0517165660858154,-3.303445816040039,1.1699813604354858,0.8910357432686027,1.3446783107020046,0.9942501469112557
-33.37636824723846,-0.37842950577938916,74.42218515875498,-2.158339023590088,-3.270519971847534,1.0952955484390259,0.28504769972672506,0.37842950577938916,0.10133268652630534
-33.2351199352026,0.1475401707376626,74.09513521072726,-2.1318609714508057,-3.261352062225342,1.1107072830200195,0.1437993876908621,0.1475401707376626,0.22571726150141558
-33.302202638135874,0.036648246978967194,74.0335132440354,-2.1300079822540283,-3.2472410202026367,1.1117693185806274,0.2108820906241391,0.036648246978967194,0.2873392281932752
-33.176943798947015,0.005065668037034627,74.2370733718693,-2.121891498565674,-3.249225378036499,1.0963246822357178,0.08562325143527971,0.005065668037034627,0.0837791003593793
-33.248093879531034,0.002922009103685138,74.20207548256215,-2.1245102882385254,-3.2455971240997314,1.096924901008606,0.15677333201929855,0.002922009103685138,0.11877698966652872
-33.19975321568027,0.03675932008779487,74.19417295369244,-2.120279550552368,-3.2457563877105713,1.0975028276443481,0.10843266816853259,0.03675932008779487,0.1266795185362355
-33.19517698893636,0.013704549682853041,74.22014133291684,-2.1189987659454346,-3.242886543273926,1.0954806804656982,0.10385644142462525,0.013704549682853041,0.10071113931184072
-33.18292362956536,0.046706817845196626,74.28774654532162,-2.1195950508117676,-3.243610143661499,1.0914863348007202,0.09160308205362355,0.046706817845196626,0.03310592690705505
-33.12634917267014,-0.029240776818176988,74.34292081343699,-2.114943742752075,-3.2429769039154053,1.085723638534546,0.03502862515840377,0.029240776818176988,0.02206834120831047
-33.06153067744672,0.11687988322624336,74.23257227720626,-2.1079154014587402,-3.2466561794281006,1.0931251049041748,0.029789870065016544,0.11687988322624336,0.08828019502242057
-33.016345560992505,0.0332148731204432,74.32993662382479,-2.1082000732421875,-3.2473716735839844,1.0872355699539185,0.07497498651922996,0.0332148731204432,0.009084151596113088
-33.20259457437499,-0.054335705092425704,74.28447488470918,-2.119413375854492,-3.241260290145874,1.0901577472686768,0.11127402686325638,0.054335705092425704,0.036377587519496046
-33.12456990839135,0.05258109256062482,74.23377439050019,-2.112795829772949,-3.241844654083252,1.0930302143096924,0.03324936087961561,0.05258109256062482,0.0870780817284924
-33.147239306246625,0.03766498678586871,74.28940628128994,-2.1148550510406494,-3.2420947551727295,1.0891724824905396,0.05591875873489016,0.03766498678586871,0.03144619093873757
-33.088636283167915,-0.012065948892501297,74.31758081161624,-2.111023426055908,-3.2414326667785645,1.0873507261276245,0.0026842643438200753,0.012065948892501297,0.0032716606124409964
-33.05664026200099,-0.011995749045753824,74.38390194845707,-2.110189437866211,-3.245440721511841,1.0835286378860474,0.034680285510745534,0.011995749045753824,0.06304947622838597
-33.146467494870414,0.0643870008851912,74.29657797991845,-2.115172863006592,-3.2446367740631104,1.0893609523773193,0.0551469473586792,0.0643870008851912,0.024274492310226492
-33.202396498889065,0.0016340431410909254,74.23174582431669,-2.1193759441375732,-3.2415308952331543,1.0936967134475708,0.11107595137733028,0.0016340431410909254,0.08910664791198997
-33.17236415710852,0.019024374093190934,74.30035507452946,-2.11735463142395,-3.24554705619812,1.089659333229065,0.08104360959678303,0.019024374093190934,0.020497397699216435
-33.09289490611542,-0.031280906078730394,74.33788013382951,-2.115006923675537,-3.2473926544189453,1.087295413017273,0.001574358603683379,0.031280906078730394,0.01702766160083513
-33.115321832255155,-0.000923929122084384,74.28125103542094,-2.1156301498413086,-3.2460005283355713,1.0910892486572266,0.024001284743420115,0.000923929122084384,0.039601436807743085
-33.17295838356631,-0.0036749094730977815,74.23518823965837,-2.1193556785583496,-3.2442800998687744,1.0943336486816406,0.08163783605457553,0.0036749094730977815,0.0856642325703092
-33.18396523341379,0.033551752588793976,74.2431317496631,-2.1184797286987305,-3.2440237998962402,1.0937758684158325,0.09264468590205155,0.033551752588793976,0.07772072256557294
-33.12814551242185,-0.012202460608045789,74.31221911311778,-2.116802930831909,-3.2455930709838867,1.0886777639389038,0.03682496491011733,0.012202460608045789,0.008633359110902461
-33.16735079825773,-0.06407537869490337,74.25713363746162,-2.1187820434570312,-3.244023084640503,1.092328667640686,0.07603025074599401,0.06407537869490337,0.06371883476705875
-33.17686183667697,0.04725921175880405,74.28185209206791,-2.1185927391052246,-3.2439422607421875,1.090919017791748,0.08554128916523496,0.04725921175880405,0.0390003801607719
-33.13888256979712,-0.046554662122145964,74.30975341482741,-2.117666244506836,-3.245025634765625,1.090034008026123,0.04756202228538342,0.046554662122145964,0.011099057401267487
-33.18517759199146,0.050543105324181506,74.20925401137984,-2.1173810958862305,-3.24282169342041,1.0957481861114502,0.09385704447972643,0.050543105324181506,0.11159846084883895
-33.192701045362234,-0.01513722346908584,74.31491703783993,-2.1203267574310303,-3.243173599243164,1.0889960527420044,0.1013804978504993,0.01513722346908584,0.00593543438874633
-33.127394191613156,0.0023413706444937628,74.24223016469266,-2.115394353866577,-3.245123863220215,1.094017505645752,0.03607364410142111,0.0023413706444937628,0.07862230753602262

Errors:
rotation,[19.06591627476926, 18.672673374282432, 17.53969134656435, 14.26391539213424, 9.489261596085196, 3.229964200881863, 0.7648098920324196, 0.5170568199299402, 0.5348695657963815, 0.17446801983169363, 0.2784723307895124, 0.27187150679256294, 0.218272130419319, 0.17141582680587522, 0.08633774318489124, 0.2349499483136805, 0.11727401123578625, 0.20198731947517812, 0.17290853516873284, 0.12502993645949645, 0.018021873848762367, 0.10972551078488532, 0.1438084405540969, 0.20181664243041117, 0.1205653813891904, 0.049882926283248905, 0.06452665067324759, 0.1709769780979825, 0.20391716105641847, 0.057660784629065584, 0.20382446420795614, 0.1718008810848109, 0.10521574180879686, 0.25599861065274687, 0.12245315570833147, 0.11703732228193749]
translation,[0.03326186669987141, 0.025601575347089067, 0.056936435454295165, 0.035372533651251814, 0.027590085811566745, 0.02980087780573193, 0.037580933994759036, 0.020403932810070913, 0.008368397859998211, 0.0014653088456242358, 8.531545815149144e-05, 0.0018570658329322143, 0.005393441638404717, 0.005581543503434538, 0.010099030500887451, 0.00881546869892702, 0.009685045176613727, 0.00793062033497094, 0.01016170457082044, 0.009924336339362405, 0.0129655884081048, 0.011201238004585612, 0.007656459700271512, 0.006771982995035231, 0.005694395679273434, 0.006079358529420986, 0.005848131368591858, 0.004394844977163359, 0.005213900611319211, 0.00621306720613557, 0.005448312033727198, 0.005995356186184075, 0.005849407968470999, 0.006224120395173394, 0.006222427424765975, 0.005884109979785279]
loss,
[0.22328698635101318, 0.18790332973003387, 0.11185304820537567, 0.07576176524162292, 0.062359657138586044, 0.018200572580099106, 0.005474712699651718, 0.0016781578306108713, 0.0020488016307353973, 0.0015288996510207653, 0.001610895385965705, 0.0015585271175950766, 0.00122267275582999, 0.002612417098134756, 0.001442819251678884, 0.001975931692868471, 0.0015956091228872538, 0.0015679685166105628, 0.0012965495698153973, 0.0012830097693949938, 0.001431778771802783, 0.0014459574595093727, 0.0014731304254382849, 0.0015567939262837172, 0.002023917157202959, 0.0013778144493699074, 0.0014306375524029136, 0.001664734329096973, 0.0014849113067612052, 0.0017784209921956062, 0.0013514631427824497, 0.001307202852331102, 0.0013278434053063393, 0.00128932052757591, 0.0016398219158872962, 0.0016008492093533278]

2022-04-21 10:40:42.437198