2022-04-28 13:59:45.102300

reference phi, theta, psi, translation: 175.36684180812657, -0.0, 39.4597479484966, 0.2069414258003235, 2.553555727005005, 3.112318754196167

phi,theta,psi,rot_x,rot_y,rot_z,phi_err,theta_err,psi_err
-174.60268024378553,2.426304892454245,32.24175771288345,-0.3459881842136383,2.1274664402008057,3.6064906120300293,10.030477948087878,2.426304892454245,7.217990235613151
-174.50039133077541,2.2051111364005784,31.99218601570577,-0.3376463055610657,2.1185765266418457,3.6051218509674072,10.132766861098048,2.2051111364005784,7.467561932790829
-174.34352920629692,1.6181409227509451,31.65584359531225,-0.3163697421550751,2.113342046737671,3.582444190979004,10.289628985576542,1.6181409227509451,7.80390435318435
-174.86173565862578,2.081838372679156,33.270875975507614,-0.3431705832481384,2.2312533855438232,3.4646389484405518,9.771422533247687,2.081838372679156,6.188871972988984
-176.8978833520983,4.35462046879098,36.95824239139821,-0.40634042024612427,2.4615728855133057,3.246098041534424,7.735274839775116,4.35462046879098,2.5015055570983904
179.97630425253638,5.483076840770703,39.54660746417165,-0.2937985360622406,2.59733510017395,3.1292073726654053,4.6094624444098145,5.483076840770703,0.08685951567505157
178.44664240677702,2.9304474863785286,40.407173733552824,-0.08283243328332901,2.623885154724121,3.0785655975341797,3.0798005986504506,2.9304474863785286,0.9474257850562253
175.43840853024997,0.19460536051224575,39.56000146513405,0.1952264904975891,2.549619674682617,3.1006243228912354,0.07156672212340709,0.19460536051224575,0.10025351663745141
175.33114723952409,-0.05359137766649229,39.50923608412793,0.21217088401317596,2.55594539642334,3.1094281673431396,0.0356945686024801,0.05359137766649229,0.04948813563132859
175.37365833691823,0.07767455075069885,39.40599094463401,0.20262818038463593,2.5468599796295166,3.1124610900878906,0.006816528791659948,0.07767455075069885,0.05375700386258586
175.3221723709547,-0.06454463504054796,39.551364690928565,0.2142729014158249,2.5525078773498535,3.1043858528137207,0.044669437171876325,0.06454463504054796,0.09161674243196671
175.2959307841635,0.09040353062224454,39.51545838646181,0.20603299140930176,2.5537428855895996,3.107131242752075,0.07091102396307747,0.09040353062224454,0.05571043796521025
175.30196867138977,0.09796741076805406,39.552993691045614,0.2056303322315216,2.5542328357696533,3.103759765625,0.06487313673679296,0.09796741076805406,0.09324574254901563
175.38188188467893,0.07511825996314789,39.393785396587205,0.2034313976764679,2.5448122024536133,3.1127099990844727,0.015040076552367054,0.07511825996314789,0.0659625519093936
175.35176075043918,0.025326032048632305,39.60764203459489,0.207675963640213,2.557189702987671,3.1033847332000732,0.015081057687382327,0.025326032048632305,0.14789408609829024
175.27625983935386,0.0397084844760106,39.49773404556563,0.20999562740325928,2.5519495010375977,3.106976270675659,0.0905819687727103,0.0397084844760106,0.03798609706903022
175.35777131690878,0.09119469494033343,39.468661345363465,0.20363517105579376,2.550349473953247,3.1087138652801514,0.009070491217784138,0.09119469494033343,0.008913396866866208
175.399039319874,0.052195624774690336,39.476485327057716,0.2032933533191681,2.5513675212860107,3.1097023487091064,0.03219751174742669,0.052195624774690336,0.016737378561117566
175.35908271322944,0.051804814705985004,39.49875857394113,0.20509326457977295,2.5528955459594727,3.1078598499298096,0.007759094897124896,0.051804814705985004,0.03901062544453282
175.37328950670306,0.00867752840241856,39.53341495378977,0.2076614648103714,2.553819179534912,3.105769395828247,0.006447698576494076,0.00867752840241856,0.07366700529317427
175.3876738850951,0.06371195952605051,39.46603855272218,0.20362403988838196,2.5505402088165283,3.109473466873169,0.02083207696853151,0.06371195952605051,0.006290604225583252
175.40659350909604,0.034577938547160576,39.50583464992126,0.20360702276229858,2.553067207336426,3.1064341068267822,0.03975170096947522,0.034577938547160576,0.04608670142466309
175.33151606973925,0.02571902174831076,39.555736011997375,0.208781898021698,2.554661989212036,3.1034562587738037,0.03532573838731423,0.02571902174831076,0.09598806350077638
175.36379554375674,0.1113281749390963,39.50056857407118,0.20176857709884644,2.551985263824463,3.105374336242676,0.0030462643698285774,0.1113281749390963,0.040820625574582436
175.28011206604575,0.017646010770822004,39.4858051201802,0.21118369698524475,2.5495665073394775,3.106313943862915,0.08672974208081996,0.017646010770822004,0.026057171683603997
175.3721147141658,0.034626530351431775,39.49206157345993,0.20546498894691467,2.552116632461548,3.1082603931427,0.005272906039238023,0.034626530351431775,0.032313624963329346
175.41752181176807,-0.005320969183045745,39.487686837296536,0.20602186024188995,2.5516319274902344,3.1084625720977783,0.050680003641502935,0.005320969183045745,0.027938888799937445
175.39942181046752,0.028391908490625766,39.527844934521625,0.20528113842010498,2.5540852546691895,3.1066582202911377,0.03258000234094993,0.028391908490625766,0.06809698602502579
175.34860520304264,0.046969461854634915,39.49006715822229,0.20602968335151672,2.5516695976257324,3.1079463958740234,0.01823660508392777,0.046969461854634915,0.03031920972568969
175.38679962088133,-0.0006822786887820259,39.44342379638027,0.2070101499557495,2.5476951599121094,3.1099069118499756,0.019957812754768156,0.0006822786887820259,0.016324152116325763
175.4204724534895,0.006821084789579916,39.48207242179879,0.2049892246723175,2.5505123138427734,3.10870099067688,0.053630645362943596,0.006821084789579916,0.02232447330219145
175.33983524014835,0.10098648189414011,39.491190724340754,0.2027662694454193,2.5525078773498535,3.107656955718994,0.02700656797821921,0.10098648189414011,0.031442775844155335
175.40648422606932,0.07473961196857118,39.46721676035401,0.20153023302555084,2.550682306289673,3.1087405681610107,0.03964241794275836,0.07473961196857118,0.007468811857414437
175.35223886368107,0.0064357520180275485,39.45036668367159,0.208286315202713,2.5491812229156494,3.108771800994873,0.014602944445499588,0.0064357520180275485,0.009381264825009339
175.34543599526774,0.028732582872075575,39.47476753448146,0.20780642330646515,2.550323009490967,3.1077616214752197,0.021405812858830586,0.028732582872075575,0.015019585984859418
175.38095297895183,0.014159655945936192,39.49764183801183,0.20707225799560547,2.5512397289276123,3.107027053833008,0.014111170825259478,0.014159655945936192,0.03789388951523165

Errors:
rotation,[19.674773076155276, 19.805439930289456, 19.71167426151184, 18.04213287891583, 14.591400865664486, 10.17939880085557, 6.9576738700852045, 0.36642559927310425, 0.138774081900301, 0.13824808340494465, 0.200830814644391, 0.21702499255053226, 0.25608629005386263, 0.15612088842490854, 0.1883011758343049, 0.16827655031775113, 0.10917858302498377, 0.10113051508323459, 0.09857453504764271, 0.08879223227208691, 0.09083464072016527, 0.12041634094129888, 0.15703282363640136, 0.15519506488350732, 0.13043292453524596, 0.07221306135399914, 0.08393986162448613, 0.1290688968566015, 0.09552527666425237, 0.036964243559875945, 0.08277620345471495, 0.15943582571651466, 0.12185084176874397, 0.030419961288536475, 0.06515798171576558, 0.06616471628642731]
translation,[0.170370405351016, 0.1640201660905305, 0.14022716222250864, 0.10408347105114846, 0.06296522301834617, 0.04617493540296369, 0.01475805265660135, 0.012105929904263846, 0.0004444100670930595, 0.004347487000782024, 0.006402643655238016, 0.003931679297434876, 0.006242010814196064, 0.005409387539333288, 0.004548978949011406, 0.004983529889067917, 0.004982827920744448, 0.0035919741243102266, 0.0039546626397628515, 0.004850245813295295, 0.004276044102580201, 0.0050214225106604005, 0.006041436927056054, 0.006617788226007448, 0.006942668955725928, 0.004120281382163249, 0.004242927207479319, 0.004117885974166846, 0.004617091883994284, 0.005569882215974431, 0.0048209050617629146, 0.004474835667090282, 0.004857280009595399, 0.005440041889918312, 0.005521637301188598, 0.005545617665691616]
loss,
[0.0789920836687088, 0.0857815369963646, 0.07512502372264862, 0.0705997496843338, 0.03882184624671936, 0.03188323602080345, 0.01575855165719986, 0.0027991298120468855, 0.001475434168241918, 0.0022776550613343716, 0.0013225525617599487, 0.0016848724335432053, 0.0011204732581973076, 0.0025546355172991753, 0.0007168208248913288, 0.0019365798216313124, 0.0016069202683866024, 0.0011118976399302483, 0.0010460857301950455, 0.0006692594615742564, 0.0015152770793065429, 0.001287558814510703, 0.0014102658024057746, 0.001343780430033803, 0.000757464615162462, 0.001189946080558002, 0.0014400080544874072, 0.000716832815669477, 0.00120533665176481, 0.0020248328801244497, 0.0014594377717003226, 0.0013048883993178606, 0.0011765421368181705, 0.0011757157044485211, 0.000882781925611198, 0.0012451475486159325]

2022-04-28 14:02:20.196880