2022-04-28 14:02:23.784303

reference phi, theta, psi, translation: -139.02455270626928, -8.537736090602699e-07, 56.38966954231551, -2.2014424800872803, 2.5346622467041016, 2.231398344039917

phi,theta,psi,rot_x,rot_y,rot_z,phi_err,theta_err,psi_err
-129.04008655489625,6.852725648450977,53.065809209147574,-2.6847352981567383,1.8050535917282104,2.604990243911743,9.984466151373027,6.852726502224586,3.3238603331679357
-129.43410650773595,6.373147651374258,53.36508760801002,-2.677854061126709,1.8494516611099243,2.579829216003418,9.590446198533328,6.373148505147867,3.0245819343054876
-130.60563421455487,3.910284428047306,54.30245593951341,-2.646669387817383,2.0002100467681885,2.490847587585449,8.418918491714408,3.910285281820915,2.0872136028021018
-131.78120539336246,1.808196827476866,55.661171810725705,-2.6117794513702393,2.199312925338745,2.3433423042297363,7.24334731290682,1.8081976812504752,0.7284977315898047
-134.36624074891552,1.5392389669676672,56.25322626836075,-2.487652540206909,2.360696315765381,2.2993674278259277,4.65831195735376,1.5392398207412763,0.13644327395476097
-139.166880188194,0.06563301124637266,56.40672452467303,-2.2272145748138428,2.58587384223938,2.2704291343688965,0.142327481924724,0.06563386501998172,0.017054982357521453
-139.8864542776332,-0.26935923203748946,57.07979868624277,-2.189744710922241,2.616091728210449,2.2083144187927246,0.8619015713639158,0.2693583782638804,0.6901291439272583
-139.2807940831715,-0.03131244806463833,56.55741898833102,-2.1965677738189697,2.5527467727661133,2.2212305068969727,0.25624137690221005,0.03131159429102927,0.16774944601551312
-139.14345263934086,0.10167989033664411,56.32324936773172,-2.191965103149414,2.530285596847534,2.2313480377197266,0.11889993307158875,0.10168074411025317,0.06642017458379001
-139.17901060415994,-0.1168814391615768,56.247359135863704,-2.1803815364837646,2.5324864387512207,2.232147693634033,0.15445789789066566,0.11688058538796774,0.1423104064518057
-138.88136462050915,-0.015053340882087584,56.3256228584683,-2.1991569995880127,2.522491216659546,2.230360746383667,0.14318808576012998,0.015052487108478523,0.06404668384720935
-139.0934966357514,0.04130128525598452,56.30277246060002,-2.1925361156463623,2.527160882949829,2.2318198680877686,0.06894392948211703,0.04130213902959358,0.08689708171549171
-139.14193633734513,-0.07489415925190182,56.23770807856648,-2.186168670654297,2.5316336154937744,2.2367489337921143,0.11738363107585315,0.07489330547829276,0.15196146374903208
-139.0625422184329,0.143896272556442,56.278600421127344,-2.1969852447509766,2.524146318435669,2.2346291542053223,0.037989512163619565,0.14389712633005106,0.11106912118816581
-139.21485543692418,0.018924219613622152,56.33225497215238,-2.186394691467285,2.5327224731445312,2.2287580966949463,0.19030273065490633,0.018925073387231213,0.05741457016313234
-139.14095279010465,-0.004244940771012056,56.32330742433966,-2.190922498703003,2.5318763256073,2.231166124343872,0.11640008383537293,0.004244086997402996,0.06636211797584934
-139.05726931239363,-0.03522122880792233,56.3352568402926,-2.1934475898742676,2.5314102172851562,2.2314565181732178,0.03271660612435312,0.03522037503431327,0.05441270202290838
-139.00986779955375,-0.019810576738699476,56.35509853983149,-2.1973938941955566,2.5293281078338623,2.230337142944336,0.014684906715530133,0.019809722965090416,0.03457100248402156
-139.18935151056334,0.05400473253821375,56.336219896965574,-2.1904726028442383,2.533362865447998,2.230919122695923,0.16479880429406535,0.05400558631182281,0.05344964534993579
-139.07467263439884,0.019703751006404154,56.26707789199753,-2.19274640083313,2.527960777282715,2.2356064319610596,0.05011992812956123,0.019704604780013214,0.12259165031797892
-139.16051445188756,0.03476167739244076,56.30556259287597,-2.1900594234466553,2.531245231628418,2.2326173782348633,0.1359617456182889,0.03476253116604982,0.084106949439537
-139.09770403228012,-0.049222975558685954,56.35474678508923,-2.190990447998047,2.532835006713867,2.2286930084228516,0.07315132601084429,0.04922212178507689,0.034922757226276246
-139.03754372607065,-0.024856102781636077,56.362048257311976,-2.1951751708984375,2.529393434524536,2.228893995285034,0.01299101980137607,0.024855249008027016,0.027621285003533558
-139.07355248337495,-0.06892937735651913,56.33460114213228,-2.192117691040039,2.532318115234375,2.230388641357422,0.04899977710567782,0.06892852358291007,0.05506840018323089
-139.06777414333712,-0.11006533157367397,56.397377410793865,-2.1924428939819336,2.5352425575256348,2.227296829223633,0.04322143706784232,0.11006447780006491,0.007707868478355806
-139.10581829701408,-0.0064318653968960735,56.36164869124553,-2.193687915802002,2.5322341918945312,2.23016357421875,0.0812655907448061,0.0064310116232870135,0.0280208510699822
-139.14163580902164,0.007540684260905834,56.30806585720678,-2.1909570693969727,2.531923770904541,2.2338268756866455,0.11708310275236045,0.007541538034514894,0.08160368510873184
-139.0808744461652,-0.07624967525070522,56.39954258076076,-2.1932101249694824,2.5355639457702637,2.2283737659454346,0.05632173989593525,0.07624882147709616,0.009873038445249449
-139.041655499951,-0.12118976754835063,56.331353387181935,-2.191582441329956,2.5321383476257324,2.2323203086853027,0.01710279368171541,0.12118891377474157,0.05831615513357491
-139.07969965362796,-0.008151271038858824,56.33587497241248,-2.1940462589263916,2.5307888984680176,2.2308895587921143,0.0551469473586792,0.008150417265249763,0.053794569903026
-139.07013738878993,-0.0749651945379,56.29548123366103,-2.1903598308563232,2.5306196212768555,2.2344274520874023,0.04558468252065495,0.07496434076429094,0.09418830865448058
-139.20466479468251,-0.011257464338833293,56.30999197055272,-2.186976909637451,2.534047842025757,2.232146978378296,0.18011208841323878,0.011256610565224232,0.07967757176278667
-139.0984143719538,-0.015888337682632512,56.30549770607885,-2.1919243335723877,2.530082941055298,2.2344448566436768,0.07386166568451813,0.01588748390902345,0.08417183623665636
-139.1034687119396,0.020634579242653033,56.34852106766076,-2.1939969062805176,2.5312488079071045,2.228839635848999,0.07891600567032242,0.020635433016262094,0.04114847465474725
-139.02538598934802,0.02175187503879483,56.253960513696526,-2.1945674419403076,2.5243988037109375,2.2362687587738037,0.0008332830787480816,0.02175272881240389,0.13570902861898304
-139.16252252750354,-0.1131132395603496,56.31509753695731,-2.1860768795013428,2.5358030796051025,2.231346607208252,0.1379698212342646,0.11311238578674054,0.07457200535819908

Errors:
rotation,[20.161052986765547, 18.988176637986683, 14.416417376337424, 9.7800427257471, 6.333995052049797, 0.22501632930222717, 1.8213890935550545, 0.4553024172087524, 0.28700085176563195, 0.4136488897304391, 0.22228725671581787, 0.1971431502272023, 0.344238400303178, 0.2929557596818364, 0.26664237420526987, 0.18700628880862527, 0.12234968318157477, 0.06906563216464211, 0.272254035955824, 0.19241618322755336, 0.2548312262238757, 0.15729620502219743, 0.06546755381293665, 0.1729967008718188, 0.16099378334626302, 0.11571745343807532, 0.2062283258956072, 0.14244359981828086, 0.19660786259003188, 0.11709193452695496, 0.21473733193942646, 0.27104627074124965, 0.17392098583019794, 0.14069991334133175, 0.15829504051013502, 0.3256542123792042]
translation,[0.12242333873291766, 0.12180892063458426, 0.11736730020134001, 0.11008135063502422, 0.09784103975533753, 0.06790472807177839, 0.032806426972976865, 0.003135714053302152, 0.007949781290162328, 0.012418351315512943, 0.009467247555670966, 0.009341161806265319, 0.007256641440256395, 0.007246918618316833, 0.010884197594130285, 0.007617828975492458, 0.006374478805615702, 0.006151345373733186, 0.007064076393440644, 0.006621659454785878, 0.0076797578820428924, 0.008348172567671952, 0.008120876081417094, 0.007119898972895555, 0.00681383094014798, 0.006441808680513361, 0.006093084895624656, 0.005597288296248948, 0.006453495702451129, 0.00675322181385507, 0.006905020095322456, 0.007853301337513052, 0.006380991020812132, 0.007626816568869543, 0.007497023248476786, 0.007680502931989075]
loss,
[0.09507852047681808, 0.09784923493862152, 0.06752750277519226, 0.046319689601659775, 0.03293460234999657, 0.014996007084846497, 0.009530134499073029, 0.006760021205991507, 0.002359977690503001, 0.0020736921578645706, 0.0016522519290447235, 0.0007733457605354488, 0.0008887105504982173, 0.0012830736814066768, 0.0015463087474927306, 0.0016492269933223724, 0.0015363506972789764, 0.0014735914301127195, 0.0012766511645168066, 0.0013939046766608953, 0.0015449491329491138, 0.00126891047693789, 0.0016167433932423592, 0.001105183968320489, 0.0011768718250095844, 0.001046155346557498, 0.0012125567300245166, 0.000816177751403302, 0.0009658181807026267, 0.002046569949015975, 0.0008358473423868418, 0.0012860838323831558, 0.0015963976038619876, 0.0015967914368957281, 0.0013269738992676139, 0.0016562718665227294]

2022-04-28 14:04:59.279074