2022-04-26 23:55:35.109583

reference phi, theta, psi, translation: 16.672973292337613, -0.0, 55.56417970941693, 0.9538894295692444, -3.184936285018921, 2.279534101486206

phi,theta,psi,rot_x,rot_y,rot_z,phi_err,theta_err,psi_err
26.607018987257597,-4.879078348390559,61.415046110949504,1.4386786222457886,-3.2383759021759033,2.121750593185425,9.934045694919984,4.879078348390559,5.850866401532571
26.322956542318643,-4.832247190577642,60.9111284143643,1.4172744750976562,-3.2321512699127197,2.147838830947876,9.64998324998103,4.832247190577642,5.346948704947366
24.050615784705226,-5.282215802960763,56.98934990615887,1.2502893209457397,-3.212190628051758,2.3166723251342773,7.377642492367613,5.282215802960763,1.425170196741938
22.48147373799588,-2.845435434087603,53.14426076195434,1.2102656364440918,-3.0785880088806152,2.5057010650634766,5.808500445658268,2.845435434087603,2.419918947462591
22.005962798168763,1.6470159932085677,51.55675745920871,1.3148783445358276,-2.9570417404174805,2.5886144638061523,5.332989505831151,1.6470159932085677,4.007422250208222
19.44448818015766,3.095613920349115,52.26871930281792,1.2444918155670166,-3.0336222648620605,2.5484275817871094,2.7715148878200466,3.095613920349115,3.2954604065990125
17.22107377511633,0.02599334107544269,54.43532702453225,0.999152660369873,-3.2274129390716553,2.421308994293213,0.5481004827787181,0.02599334107544269,1.1288526848846843
17.429650676895598,-0.7445611638499035,54.03499597689946,0.9694356322288513,-3.193875789642334,2.424001455307007,0.7566773845579853,0.7445611638499035,1.529183732517474
16.903434120217597,-0.3417338110830959,54.839336129033086,0.9658857583999634,-3.2094805240631104,2.3601558208465576,0.230460827879984,0.3417338110830959,0.7248435803838476
16.921532413970837,-0.569413766696872,54.90616269987249,0.9522477388381958,-3.199298620223999,2.345907688140869,0.24855912163322458,0.569413766696872,0.6580170095444444
16.78676082881544,0.0006618340655076315,55.227383081443605,0.965511679649353,-3.1919941902160645,2.3158109188079834,0.11378753647782602,0.0006618340655076315,0.3367966279733281
16.633383808360925,-0.1478103574343717,55.196083739572025,0.9489079713821411,-3.1847822666168213,2.311382293701172,0.03958948397668749,0.1478103574343717,0.36809596984490867
16.59085051285196,-0.15277703668828788,55.2447624977867,0.9449864029884338,-3.1839420795440674,2.301927089691162,0.08212277948565117,0.15277703668828788,0.3194172116302312
16.673738273524652,-0.12629472800131364,55.27123289591509,0.9486983418464661,-3.177534341812134,2.2980570793151855,0.0007649811870393819,0.12629472800131364,0.2929468135018425
16.613876788091368,-0.1581038205665172,55.34580490127329,0.9447802901268005,-3.176758289337158,2.2907159328460693,0.05909650424624502,0.1581038205665172,0.2183748081436434
16.621309741455633,-0.1935290475958637,55.5850288618584,0.9451358318328857,-3.1848645210266113,2.2751641273498535,0.0516635508819796,0.1935290475958637,0.020849152441464014
16.60300312693271,-0.2234582265618058,55.49202900611951,0.9412814974784851,-3.1810872554779053,2.2809455394744873,0.06997016540490364,0.2234582265618058,0.07215070329742446
16.589043927816494,-0.01623604743447099,55.35827682669773,0.9465093016624451,-3.174832582473755,2.2882063388824463,0.08392936452111854,0.01623604743447099,0.20590288271920087
16.64456141293765,-0.16430941909169772,55.44089820999279,0.9466808438301086,-3.17732310295105,2.2822115421295166,0.028411879399961038,0.16430941909169772,0.12328149942414512
16.614848382500803,-0.23749243697158823,55.37043114832577,0.9390223622322083,-3.1759989261627197,2.2876083850860596,0.058124909836809735,0.23749243697158823,0.19374856109116223
16.617421656270604,-0.11088135543986412,55.47885015611597,0.9467750191688538,-3.177565336227417,2.2809839248657227,0.0555516360670083,0.11088135543986412,0.0853295533009657
16.624060600143856,-0.16401257804510755,55.536647216872616,0.9447594285011292,-3.178534746170044,2.2768707275390625,0.04891269219375616,0.16401257804510755,0.027532492544317222
16.563497312773354,-0.03885873119612699,55.5344649714328,0.9463753700256348,-3.178860902786255,2.2767064571380615,0.10947597956425881,0.03885873119612699,0.029714737984136264
16.670164377041445,-0.21238884445475634,55.38916635721911,0.9451078176498413,-3.1736695766448975,2.2864747047424316,0.002808915296167669,0.21238884445475634,0.17501335219782277
16.543867349098736,-0.06295900025237067,55.48938913800529,0.9439012408256531,-3.180677890777588,2.2797324657440186,0.12910594323887636,0.06295900025237067,0.07479057141163992
16.602306447637368,-0.15956219004770558,55.421654152006276,0.9436379075050354,-3.177900791168213,2.2848472595214844,0.07066684470024498,0.15956219004770558,0.1425255574106572
16.663644961478667,-0.13666839633674718,55.49973004440869,0.9484805464744568,-3.1802902221679688,2.279463291168213,0.009328330858945577,0.13666839633674718,0.06444966500824023
16.62775231739025,-0.19170309962484924,55.43084417153453,0.9430367946624756,-3.17777943611145,2.2848753929138184,0.045220974947362436,0.19170309962484924,0.13333553788240238
16.63224145922224,-0.07264787664126161,55.548214142232034,0.9505070447921753,-3.1800997257232666,2.2777938842773438,0.040731833115373206,0.07264787664126161,0.0159655671848995
16.608537287707712,-0.07708971026350744,55.505125893853005,0.9474499821662903,-3.1787140369415283,2.278841495513916,0.06443600462990062,0.07708971026350744,0.05905381556392797
16.600464004108755,-0.09968406628133554,55.46352662671304,0.9456341862678528,-3.177578926086426,2.2809927463531494,0.07250928822885783,0.09968406628133554,0.10065308270389295
16.595790447169176,-0.14663210985975852,55.55191610476218,0.944477379322052,-3.1816251277923584,2.2766568660736084,0.0771828451684371,0.14663210985975852,0.012263604654755511
16.672840103648795,-0.0881835596339593,55.429836718631954,0.9492552280426025,-3.1737096309661865,2.2837014198303223,0.00013318868881739832,0.0881835596339593,0.13434299078497958
16.604357211935664,-0.08144199224726514,55.53528117903861,0.9473072290420532,-3.1791460514068604,2.2761292457580566,0.06861608040194866,0.08144199224726514,0.028898530378320686
16.638736969122924,-0.1845302547695387,55.490048251260205,0.9443753957748413,-3.1776647567749023,2.280280113220215,0.034236323214688724,0.1845302547695387,0.07413145815672806
16.645464705455385,-0.1563450068652878,55.45093175788354,0.9448432922363281,-3.1764075756073,2.2808496952056885,0.02750858688222735,0.1563450068652878,0.11324795153339551

Errors:
rotation,[20.663990444843115, 19.82917914550604, 14.085028492070315, 11.073854827208462, 10.98742774924794, 9.162589214768174, 1.7029465087388451, 3.0304222809253627, 1.2970382193469274, 1.4759898978745412, 0.45124599851666175, 0.5554958112559678, 0.5543170278041702, 0.4200065226901955, 0.4355751329564056, 0.2660417509193073, 0.3655790952641339, 0.3060682946747904, 0.3160027979158039, 0.4893659078995602, 0.2517625448078381, 0.24045776278318093, 0.17804944874452205, 0.3902111119487468, 0.26685551490288695, 0.37275459215860773, 0.210446392203933, 0.37025961245461403, 0.1293452769415343, 0.20057953045733604, 0.2728464372140863, 0.23607855968295113, 0.22265973910775627, 0.1789566030275345, 0.29289803614095544, 0.29710154528091065]
translation,[0.09908907901583852, 0.10029709180755653, 0.12198595434642101, 0.11868858764050305, 0.11301468720631913, 0.12171438849622973, 0.12546079330085202, 0.0939688409321695, 0.06814376006499856, 0.04876945750376205, 0.02892285248720139, 0.016803021107273608, 0.009830775599983355, 0.00344910548855637, 0.0022602231366279923, 0.004589955814392255, 0.005207906833802234, 0.004799263853489499, 0.006197031224560945, 0.005972430503994985, 0.006679574563146495, 0.008717418721744252, 0.008172825580047949, 0.007029715250473245, 0.005605105838641045, 0.004960343784542687, 0.004987515899557593, 0.005181010805003439, 0.005604935138478595, 0.006827312939457819, 0.006932078367058558, 0.00646211077329184, 0.007596771494448262, 0.008054795504871315, 0.007563827347150998, 0.008123857762659448]
loss,
[0.11203944683074951, 0.09441974014043808, 0.07185064256191254, 0.06059987097978592, 0.04742920398712158, 0.03534155339002609, 0.0226069837808609, 0.01751403696835041, 0.00618579238653183, 0.005514880176633596, 0.002993237227201462, 0.0018662556540220976, 0.004239448346197605, 0.0016168899601325393, 0.0025344202294945717, 0.001563195837661624, 0.0019531146390363574, 0.002087067347019911, 0.002485604491084814, 0.0020681230816990137, 0.001381630776450038, 0.0024125073105096817, 0.0019696904346346855, 0.002015226986259222, 0.0024481676518917084, 0.0019387205829843879, 0.0017389552667737007, 0.001780291902832687, 0.0018439110135659575, 0.001239849952980876, 0.0017276284052059054, 0.0016360851004719734, 0.0023745119106024504, 0.0014268613886088133, 0.002308731433004141, 0.0020526754669845104]

2022-04-26 23:58:01.497184