2022-04-27 00:03:14.570082

reference phi, theta, psi, translation: 175.36684180812657, -0.0, 39.4597479484966, 0.2069414258003235, 2.553555727005005, 3.112318754196167

phi,theta,psi,rot_x,rot_y,rot_z,phi_err,theta_err,psi_err
-174.60268024378553,2.426304892454245,32.24175771288345,-0.3459881842136383,2.1274664402008057,3.6064906120300293,10.030477948087878,2.426304892454245,7.217990235613151
-174.66398802177557,2.24615189728203,32.4540502375712,-0.3335040509700775,2.1439085006713867,3.5960657596588135,9.969170170097868,2.24615189728203,7.005697710925396
-175.03567325602933,1.5779554130228266,33.00423563559407,-0.28458285331726074,2.1915526390075684,3.5645384788513184,9.597484935844136,1.5779554130228266,6.455512312902528
-175.35913735474278,1.3369249143394537,32.81433930119479,-0.25493353605270386,2.1738486289978027,3.5799150466918945,9.27402083713065,1.3369249143394537,6.645408647301807
-175.73970183491755,1.023079036985311,32.91082255341039,-0.21803271770477295,2.1802151203155518,3.576537609100342,8.89345635695588,1.023079036985311,6.548925395086208
-175.7842893098194,0.6298954349113178,33.3175261675388,-0.1916324347257614,2.207570791244507,3.5614373683929443,8.848868882054035,0.6298954349113178,6.142221780957797
-177.03155015415544,-0.3346741424216144,34.34629950560988,-0.09224928170442581,2.2799246311187744,3.5169363021850586,7.601608037717995,0.3346741424216144,5.113448442886721
-177.09978374396385,-1.1613147966863957,34.41530149169993,-0.04267041012644768,2.287551164627075,3.514620542526245,7.53337444790958,1.1613147966863957,5.0444464567966705
-177.47212467637794,-2.2150790810951504,34.566347710100175,0.033124908804893494,2.2962584495544434,3.511139392852783,7.16103351549549,2.2150790810951504,4.893400238396424
-178.16314857508647,-3.450106808490392,34.69766492708284,0.13436950743198395,2.310173511505127,3.505777359008789,6.470009616786967,3.450106808490392,4.762083021413758
-178.08915030561855,-4.0480280030654106,34.43907738020074,0.1686040461063385,2.2962822914123535,3.5130670070648193,6.544007886254917,4.0480280030654106,5.020670568295856
-179.69462725116506,-7.340168177448566,35.41186707273981,0.43886950612068176,2.348611831665039,3.4462714195251465,4.938530940708347,7.340168177448566,4.047880875756789
-179.48667531169485,-5.602494473674577,35.00556643977243,0.3260006904602051,2.3229618072509766,3.469999074935913,5.14648288017861,5.602494473674577,4.454181508724169
179.7964790320683,-6.204480751067265,35.049747518418656,0.39626362919807434,2.3227429389953613,3.470489501953125,4.429637223941739,6.204480751067265,4.410000430077943
177.03470570155199,-8.24346667216217,35.83069427264499,0.6269773840904236,2.347555637359619,3.4205663204193115,1.6678638934254195,8.24346667216217,3.6290536758516083
173.8795681163563,-10.444407671506598,36.74321096085328,0.8830231428146362,2.346836566925049,3.3639719486236572,1.4872736917702696,10.444407671506598,2.716536987643316
174.04280963751958,-11.377774443559021,36.3332903276258,0.9315245151519775,2.3041069507598877,3.3645663261413574,1.3240321706069835,11.377774443559021,3.126457620870802
174.46103578077782,-11.649375741875689,35.20039075565787,0.9334478378295898,2.2448503971099854,3.3959739208221436,0.9058060273487456,11.649375741875689,4.259357192838728
173.87220517243102,-11.362831175100915,35.215857719033366,0.9347749352455139,2.22902512550354,3.391361713409424,1.4946366356955423,11.362831175100915,4.243890229463233
173.97823702910628,-10.356529650724264,34.50729047944166,0.8653480410575867,2.1972274780273438,3.4207539558410645,1.3886047790202838,10.356529650724264,4.952457469054941
174.4336877033411,-8.477277006887325,33.21514163188031,0.7329659461975098,2.1390607357025146,3.468449354171753,0.9331541047854728,8.477277006887325,6.2446063166162915
173.5423070355194,-7.1312452882051485,31.679281389449145,0.6757887601852417,2.068376302719116,3.5018136501312256,1.8245347726071657,7.1312452882051485,7.780466559047454
174.92483294617836,-5.0342358251655135,31.939139351516864,0.49779173731803894,2.129517078399658,3.4980108737945557,0.4420088619482101,5.0342358251655135,7.520608596979734
175.32233629549475,-3.5229926176676067,34.25313231023632,0.3974985182285309,2.288299083709717,3.407304286956787,0.044505512631815236,3.5229926176676067,5.206615638260281
174.90117317089343,-2.5641026658290698,37.04531364293753,0.3701481521129608,2.4592337608337402,3.2840042114257812,0.46566863723313645,2.5641026658290698,2.4144343055590696
175.19735749406186,-1.1260878452999048,38.05811458363453,0.2766219973564148,2.512671709060669,3.2328991889953613,0.16948431406470377,1.1260878452999048,1.4016333648620716
175.13581748964006,-0.681952731208355,38.48014514226045,0.2564791738986969,2.5256361961364746,3.1977322101593018,0.2310243184865044,0.681952731208355,0.9796028062361515
175.26456655549478,-0.2601456064374538,38.872679528955665,0.22592538595199585,2.5340378284454346,3.1604981422424316,0.1022752526317845,0.2601456064374538,0.5870684195409339
175.39925788592745,-0.23454498790609749,39.21077047777671,0.21929864585399628,2.5442159175872803,3.132974147796631,0.03241607780088884,0.23454498790609749,0.24897747071988618
175.28788482132123,-0.22065723153470296,39.314343466350785,0.22313502430915833,2.546137571334839,3.1209073066711426,0.07895698680533769,0.22065723153470296,0.14540448214581403
175.2884585572115,-0.2997346346469497,39.46017483531973,0.22760231792926788,2.550624132156372,3.1118292808532715,0.07838325091506704,0.2997346346469497,0.00042688682312785886
175.29523410486814,-0.312510584745501,39.55939016320333,0.22848215699195862,2.5549488067626953,3.106621742248535,0.07160770325842236,0.312510584745501,0.09964221470673351
175.25016851672441,-0.07603876996745756,39.56428057864906,0.21732844412326813,2.554403305053711,3.1034369468688965,0.11667329140215088,0.07603876996745756,0.1045326301524625
175.2959307841635,-0.10366599778107419,39.48613979944953,0.21633832156658173,2.5497641563415527,3.1067821979522705,0.07091102396307747,0.10366599778107419,0.026391850952933282
175.26815923499822,-0.09214505972348731,39.57190989995196,0.21773932874202728,2.5534446239471436,3.1018080711364746,0.09868257312834317,0.09214505972348731,0.1121619514553629
175.34445244802725,-0.030955216247440947,39.49292559238994,0.21061499416828156,2.5503573417663574,3.1055898666381836,0.022389360099310807,0.030955216247440947,0.03317764389333888

Errors:
rotation,[19.674773076155276, 19.221019778305294, 17.63095266176949, 17.25635439877191, 16.4654607890274, 15.620986097923149, 13.049730623026331, 13.739135701392646, 14.269512834987065, 14.682199446691119, 15.612706457616184, 16.326579993913704, 15.203158862577355, 15.044118405086948, 13.540384241439197, 14.648218350920184, 15.828264235036807, 16.81453896206316, 17.10135804025969, 16.697591898799487, 15.65503742828909, 16.73624661985977, 12.996853284093458, 8.774113768559703, 5.444205608621276, 2.69720552422668, 1.892579855931011, 0.9494892786101723, 0.5159385364268725, 0.4450187004858547, 0.3785447723851446, 0.48376050271065685, 0.29724469152207095, 0.20096887269708494, 0.30298958430719336, 0.08652222024009064]
translation,[0.170370405351016, 0.16878278469484886, 0.16289369608775228, 0.1648693496127267, 0.16321230041953072, 0.16338281375049668, 0.16117450102887165, 0.1625889317014515, 0.1643449185720156, 0.16951775367279254, 0.1692258567544096, 0.1623626375542786, 0.15734602373182494, 0.1636842790459525, 0.16462998995478095, 0.16454501646507236, 0.15180714106361481, 0.14539089991670284, 0.1334469554744011, 0.1255758095950652, 0.10927704911194613, 0.09168208371626285, 0.09424626641246547, 0.09246672295943448, 0.08827938205659702, 0.07273228181372726, 0.05177590335133697, 0.02610403426935548, 0.010733804216398468, 0.0028107084390009973, 0.0011204226214971413, 0.002349093857804796, 0.005768126613008739, 0.006182226684466663, 0.007610073402171125, 0.007030213176713929]
loss,
[0.09195567667484283, 0.09579315781593323, 0.10056936740875244, 0.10659214109182358, 0.09687148034572601, 0.10014637559652328, 0.09689462184906006, 0.09895595163106918, 0.09346046298742294, 0.09377294778823853, 0.08705680072307587, 0.09260251373052597, 0.09511396288871765, 0.09074573218822479, 0.08672243356704712, 0.08340533822774887, 0.08156202733516693, 0.08319152146577835, 0.0687432512640953, 0.07800737023353577, 0.08200298249721527, 0.05519243702292442, 0.04524093121290207, 0.02716015838086605, 0.01589188165962696, 0.01405651681125164, 0.008206774480640888, 0.005288100801408291, 0.005209825932979584, 0.0038500442169606686, 0.002103156875818968, 0.0026079765520989895, 0.0031853222753852606, 0.00285877357237041, 0.002535410225391388, 0.004154648166149855]

2022-04-27 00:05:42.550096