2022-04-26 23:58:04.921770

reference phi, theta, psi, translation: -86.91639066027085, -0.0, 34.793557367935236, -2.296917200088501, -0.12373751401901245, 3.3104169368743896

phi,theta,psi,rot_x,rot_y,rot_z,phi_err,theta_err,psi_err
-76.53055527251121,6.8177051513072,38.18892636661862,-2.336111545562744,-0.9462913274765015,3.345968008041382,10.385835387759641,6.8177051513072,3.395368998683381
-76.47711587244503,6.370390865488721,38.61366168015586,-2.3756377696990967,-0.9324900507926941,3.320373773574829,10.439274787825823,6.370390865488721,3.8201043122206215
-77.89080110609758,5.408305600463887,40.65858616671182,-2.6065118312835693,-0.864775538444519,3.1486425399780273,9.025589554173266,5.408305600463887,5.865028798776585
-81.26044078217753,7.987114498392883,38.59765513183593,-2.494536876678467,-0.8200500011444092,3.2321455478668213,5.655949878093324,7.987114498392883,3.8040977639006925
-83.22401771571863,6.76650272768464,35.89056088072015,-2.3604636192321777,-0.659348726272583,3.3311517238616943,3.6923729445522184,6.76650272768464,1.0970035127849158
-84.70579310520705,4.264492836215053,33.474845914691706,-2.2253856658935547,-0.461468905210495,3.410292625427246,2.2105975550637993,4.264492836215053,1.3187114532435302
-86.0545437304203,1.506161583697562,33.80578224035716,-2.2401509284973145,-0.24066174030303955,3.365139961242676,0.8618469298505431,1.506161583697562,0.9877751275780753
-87.03014746089741,-0.18773267085753007,35.046151423820646,-2.3057332038879395,-0.11052431166172028,3.295788288116455,0.11375680062656102,0.18773267085753007,0.2525940558854103
-86.96351896554394,-0.06953798721902782,34.95302862467669,-2.3030776977539062,-0.11998207867145538,3.3022241592407227,0.04712830527309109,0.06953798721902782,0.15947125674145468
-86.85397639163527,-0.004954245968726206,34.861883165297456,-2.2970945835113525,-0.12711922824382782,3.3050410747528076,0.062414268635578196,0.004954245968726206,0.06832579736222044
-86.93195666138931,-0.013481929629891089,34.836485106868764,-2.2942771911621094,-0.12268434464931488,3.3033571243286133,0.015566001118457962,0.013481929629891089,0.0429277389335283
-86.90839250875277,0.00039367539004316466,34.90406982870604,-2.2981367111206055,-0.12530097365379333,3.3010048866271973,0.007998151518080476,0.00039367539004316466,0.11051246077080634
-87.0072594969887,-0.012510487820471018,34.901938809685,-2.297758102416992,-0.12053239345550537,3.3023908138275146,0.09086883671784562,0.012510487820471018,0.1083814417497635
-86.96728239977662,-0.14169152076199285,34.845849296220855,-2.296219825744629,-0.11384481191635132,3.304938554763794,0.05089173950577219,0.14169152076199285,0.05229192828561935
-87.00127625127577,-0.0185279056165279,34.79837606639468,-2.2917511463165283,-0.11999286711215973,3.3076562881469727,0.08488559100491955,0.0185279056165279,0.004818698459445159
-86.86473393957804,0.07593964684022249,34.794045726460894,-2.2920615673065186,-0.13016903400421143,3.307426929473877,0.05165672069280447,0.07593964684022249,0.0004883585256578726
-86.96164066352219,-0.015378053528574196,34.960917493168054,-2.3023629188537598,-0.1222003847360611,3.2989771366119385,0.045250003251339876,0.015378053528574196,0.1673601252328183
-86.86348401495994,-0.018012937818494255,34.88387978951948,-2.296687364578247,-0.12590768933296204,3.303277015686035,0.05290664531091238,0.018012937818494255,0.09032242158424708
-86.89047009237065,0.08708996285161165,34.84493405087207,-2.2951223850250244,-0.13110223412513733,3.305302619934082,0.025920567900200808,0.08708996285161165,0.05137668293683362
-86.89232107363573,0.09199862650798728,34.765799479148306,-2.2902069091796875,-0.13083717226982117,3.308272123336792,0.02406958663512171,0.09199862650798728,0.02775788878692964
-86.8873828468658,0.041935555658928994,34.862026599270024,-2.295511245727539,-0.12912577390670776,3.304178476333618,0.029007813405044658,0.041935555658928994,0.0684692313347881
-86.87343560058063,0.019176838225245293,34.890744129635344,-2.29687762260437,-0.12696394324302673,3.302295684814453,0.042955059690214625,0.019176838225245293,0.09718676170010809
-86.87896805380835,0.01732116764419096,34.917006206994046,-2.2986764907836914,-0.1277364194393158,3.3020179271698,0.037422606462499175,0.01732116764419096,0.12344883905880977
-86.91882903780454,0.09920961758594085,34.83037208756161,-2.2931456565856934,-0.1307096779346466,3.3054709434509277,0.0024383775336929148,0.09920961758594085,0.03681471962637062
-86.89545613046477,0.21156804667935986,34.846614277407895,-2.2934885025024414,-0.13805699348449707,3.306255340576172,0.0209345298060839,0.21156804667935986,0.05305690947265873
-86.91072160325974,0.17857651663037014,34.867422448714336,-2.2946317195892334,-0.13558177649974823,3.3040993213653564,0.005669057011104428,0.17857651663037014,0.07386508077910037
-86.93222303876694,0.10733928409834403,34.85219795705438,-2.2954254150390625,-0.1314903348684311,3.303260087966919,0.015832378496085653,0.10733928409834403,0.05864058911914327
-86.91725809429545,-0.03257072006818049,34.91912356563675,-2.299154281616211,-0.1239883303642273,3.3010880947113037,0.0008674340245988788,0.03257072006818049,0.12556619770151656
-86.88530646935813,-0.019478724305662345,34.890136242799215,-2.2975127696990967,-0.12511934340000153,3.302201747894287,0.031084190912721965,0.019478724305662345,0.09657887486397954
-86.88987586591286,0.06935619608852697,34.95295690769041,-2.3004310131073,-0.12945638597011566,3.2993032932281494,0.02651479435799331,0.06935619608852697,0.15939953975517085
-86.85198197639762,0.06842511939488974,34.814143558093654,-2.29192852973938,-0.13058039546012878,3.3053879737854004,0.06440868387322496,0.06842511939488974,0.02058619015841856
-86.90143937617769,0.12119938458711657,34.8782722042109,-2.2958850860595703,-0.1319674849510193,3.303039073944092,0.014951284093157824,0.12119938458711657,0.08471483627566556
-86.91855583023775,0.07322028787213519,34.88210394033528,-2.296947717666626,-0.12824144959449768,3.3032538890838623,0.0021651699669007485,0.07322028787213519,0.08854657240004116
-86.89489605495282,0.09147079905866112,34.82355214367534,-2.2934012413024902,-0.13116057217121124,3.307149887084961,0.021494605318025606,0.09147079905866112,0.029994775740107116
-86.92966171782818,-0.006086127172914619,34.84875212661811,-2.295260429382324,-0.12433211505413055,3.3049845695495605,0.01327105755733271,0.006086127172914619,0.05519475868287316
-86.95654534240136,0.039187402765853904,34.86352241069826,-2.296210527420044,-0.1253143846988678,3.304427146911621,0.0401546821305061,0.039187402765853904,0.06996504276302318

Errors:
rotation,[20.598909537750224, 20.629769965535168, 20.298923953413738, 17.4471621403869, 11.555879185021773, 7.793801844522383, 3.3557836411261803, 0.5540835273695014, 0.2761375492335736, 0.13569431196652484, 0.07197566968187735, 0.11890428767892998, 0.21176076628808013, 0.2448751885533844, 0.1082321950808926, 0.12808472605868482, 0.22798818201273235, 0.1612420047136537, 0.16438721368864606, 0.14382610193003864, 0.13941260039876174, 0.15931865961556801, 0.1781926131654999, 0.13846271474600438, 0.2855594859581025, 0.2581106544205749, 0.18181225171357296, 0.15900435179429592, 0.14714179008236383, 0.2552705302016911, 0.15341999342653326, 0.22086550495593996, 0.1639320302390771, 0.14296018011679384, 0.07455194341312049, 0.1493071276593832]
translation,[0.1579505536533441, 0.15671957292863503, 0.14687191745077843, 0.13323916761351207, 0.10446070393371087, 0.06708913040982356, 0.018607082991554336, 0.0073443646997013445, 0.003319657404343701, 0.004207042638938674, 0.007333690919550051, 0.0069810083314356675, 0.00620582522040003, 0.00518735848044205, 0.0053231370583510795, 0.005018690978749518, 0.006323512460449265, 0.005925184065358913, 0.004989274624358941, 0.005358065717254057, 0.005754251126155907, 0.006588707435819963, 0.005765201020247801, 0.0059903314803104735, 0.004905615419631637, 0.006108429534740445, 0.006480459645163528, 0.006372206568930672, 0.0063610214319647085, 0.006934031690413178, 0.00675595532157125, 0.006384040383629497, 0.005721931950746217, 0.004451232166432284, 0.0053864549231956715, 0.005271778080164324]
loss,
[0.14578920602798462, 0.11827829480171204, 0.06522562354803085, 0.03981601446866989, 0.03439440205693245, 0.018737487494945526, 0.006641414947807789, 0.0014615540858358145, 0.0027103896718472242, 0.0009058408322744071, 0.00226513366214931, 0.0015915551921352744, 0.0018725490663200617, 0.0013740032445639372, 0.0013541169464588165, 0.001242906553670764, 0.0019284207373857498, 0.0014447555877268314, 0.0015149092068895698, 0.0010906846728175879, 0.0013201669789850712, 0.0013102348893880844, 0.0012500572483986616, 0.0015915546100586653, 0.0027500218711793423, 0.0013397041475400329, 0.0017522902926430106, 0.001254931092262268, 0.0014126956230029464, 0.0009863097220659256, 0.000762819079682231, 0.0011596884578466415, 0.0009633232839405537, 0.0008628458599559963, 0.0013040539342910051, 0.0015198722248896956]

2022-04-27 00:00:35.876852