2022-04-27 00:08:18.698148

reference phi, theta, psi, translation: 132.9853677440357, -8.537735924097414e-07, 76.34363348549546, 2.865516185760498, 2.6707684993743896, 0.9517420530319214

phi,theta,psi,rot_x,rot_y,rot_z,phi_err,theta_err,psi_err
143.3552887910292,-3.0579185397180266,69.36864430507845,2.3124754428863525,2.981729030609131,1.6183615922927856,10.369921046993511,3.0579176859444344,6.974989180417012
143.32843248721272,-3.066928472784257,69.39421653333098,2.314784049987793,2.9815664291381836,1.616524577140808,10.343064743177024,3.0669276190106647,6.9494169521644835
142.45435951874785,-1.1329629455921428,69.93262668522473,2.3511204719543457,2.985283136367798,1.5531442165374756,9.468991774712151,1.1329620918185503,6.411006800270727
140.38367838883178,4.639504085383156,69.2767031286609,2.432044267654419,2.9515957832336426,1.488380789756775,7.398310644796084,4.639504939156748,7.066930356834561
137.00946931619708,4.458522793905507,70.07810288435684,2.581831932067871,2.8742001056671143,1.4119346141815186,4.024101572161385,4.458523647679099,6.265530601138622
135.14307914435608,2.6206840460851812,71.37752588338425,2.717419147491455,2.7941365242004395,1.3185501098632812,2.1577114003203803,2.6206848998587735,4.966107602111208
133.68305790737418,1.5741495393480964,73.53198611365971,2.8464255332946777,2.7420952320098877,1.1684114933013916,0.6976901633384784,1.574150393121689,2.811647371835747
132.39991124913888,0.33656798888383677,74.75297805044788,2.939638137817383,2.668605327606201,1.0880457162857056,0.5854564948968175,0.3365688426574292,1.5906554350475801
131.28144045179263,0.15326777275914014,74.9966655396556,2.9880013465881348,2.6030924320220947,1.0658543109893799,1.7039272922430655,0.15326862653273254,1.3469679458398645
132.1902517623762,0.19854904209768565,75.4883708580048,2.9374752044677734,2.6525206565856934,1.027116298675537,0.7951159816595066,0.19854989587127805,0.8552626274906601
131.80553452718604,0.41605802781623397,75.58447844981606,2.943279266357422,2.631526470184326,1.0152941942214966,1.1798332168496586,0.4160588815898264,0.7591550356793988
132.0817610375997,0.21135801455877842,75.48171825375321,2.9223523139953613,2.6327357292175293,1.0191315412521362,0.9036067064359941,0.21135886833237083,0.8619152317422447
132.4287892889497,-0.17827020492231607,76.009282065245,2.9133784770965576,2.6505331993103027,0.9822614192962646,0.5565784550859973,0.17826935114872366,0.3343514202504565
132.20149425375,-0.0032825464236010894,75.95849960876595,2.9200079441070557,2.6387317180633545,0.9835596084594727,0.7838734902856856,0.00328169265000868,0.3851338767295118
132.3324426405175,0.026025219199718824,76.03693067100521,2.911868095397949,2.645294666290283,0.9791686534881592,0.6529251035181858,0.026026072973311234,0.30670281449025083
132.23408791646932,-0.08084000478033665,75.9863462900121,2.9150235652923584,2.638404369354248,0.9833635687828064,0.7512798275663783,0.08083915100674424,0.35728719548336585
132.48241993431265,-0.05233409915085053,75.79503952154921,2.9007227420806885,2.6512670516967773,0.9973413348197937,0.5029478097230538,0.05233324537725812,0.5485939639462458
132.28852452415433,0.06260335652228706,75.97319134567066,2.908757209777832,2.6431398391723633,0.9829044342041016,0.696843219881373,0.06260421029587947,0.370442139824803
132.2700556926386,-0.06669730458886722,76.06573357873515,2.910909652709961,2.6400952339172363,0.9758957624435425,0.7153120513970919,0.06669645081527481,0.27789990676031096
132.53972522144906,-0.0025872490580872965,76.0381191239208,2.894888162612915,2.6516623497009277,0.9763259291648865,0.4456425225866383,0.002586395284494887,0.3055143615746658
132.57541979005154,0.014116961412577785,76.15130218865707,2.888549327850342,2.650906562805176,0.9665800929069519,0.4099479539841582,0.014117815186170194,0.19233129683838968
132.49139480288204,-0.10533614546598,76.30229035044938,2.8928585052490234,2.6459062099456787,0.9564428925514221,0.49397294115365753,0.10533529169238759,0.041343135046076895
132.48873102910574,-0.07065697836670583,76.21686517450003,2.8913261890411377,2.644777774810791,0.962618887424469,0.49663671492996286,0.07065612459311342,0.1267683109954305
132.49224174633912,-0.03973593618807908,76.1407495463894,2.891033411026001,2.6454660892486572,0.9679740071296692,0.4931259976965805,0.03973508241448667,0.20288393910605862
132.5530440903306,-0.03210394833795092,76.16391071786492,2.888477087020874,2.6488144397735596,0.9675551056861877,0.4323236537051116,0.03210309456435851,0.17972276763053685
132.65843390922387,-0.008333381830778147,76.2654073289313,2.8841359615325928,2.654808521270752,0.9586714506149292,0.32693383481182536,0.008332528057185738,0.07822615656415621
132.68546779795878,-0.13960741347919237,76.31054121896675,2.882549285888672,2.6548385620117188,0.9545397162437439,0.29989994607691983,0.13960655970559996,0.03309226652871189
132.669567117571,-0.10269371042929884,76.27604193346902,2.8810131549835205,2.651090621948242,0.956625759601593,0.31580062646469287,0.10269285665570643,0.06759155202644251
132.68248983548065,-0.0811501948461824,76.30561665257517,2.8800923824310303,2.652484893798828,0.9555399417877197,0.3028779085550468,0.08114934107258999,0.03801683292029168
132.6126033398931,-0.12850731411672758,76.33384582441484,2.8850529193878174,2.649430751800537,0.952721118927002,0.37276440414260037,0.12850646034313518,0.009787661080622456
132.79848010796582,-0.03436806802190038,76.28059766964542,2.8711366653442383,2.6572771072387695,0.9557548761367798,0.18688763606988346,0.03436721424830797,0.06303581585004281
132.7069009315743,-0.16600368879066438,76.45939153154885,2.877709150314331,2.6517207622528076,0.9429742097854614,0.2784668124614029,0.16600283501707197,0.11575804605338647
132.80689490102327,-0.14089319989266924,76.40347960300312,2.869459629058838,2.6553471088409424,0.9462521076202393,0.17847284301242894,0.14089234611907683,0.05984611750766078
132.79095323950045,-0.0528274477235988,76.33746582467494,2.8681812286376953,2.653960704803467,0.9505590200424194,0.19441450453524567,0.05282659395000639,0.006167660820523224
132.89919807746682,-0.09871309531210995,76.41328092446209,2.8647477626800537,2.6587913036346436,0.9446347951889038,0.08616966656887826,0.09871224153851754,0.0696474389666264
132.8758798116404,-0.08613614000202843,76.36358446806106,2.863248825073242,2.6574642658233643,0.9482544660568237,0.10948793239529664,0.08613528622843603,0.01995098256560368

Errors:
rotation,[20.402827913354958, 20.35940931435217, 17.012960666801426, 19.104745940787392, 14.748155820979106, 9.744503902290361, 5.083487928295915, 2.5126807726018265, 3.2041638646156625, 1.8489285050214446, 2.355047134118884, 1.9768808065106096, 1.0691992264851775, 1.1722890596652062, 0.9856539909817479, 1.1894061740564883, 1.1038750190465576, 1.1298895700020555, 1.0599084089726776, 0.753743279445799, 0.616397066008718, 0.640651367892122, 0.6940611505185068, 0.7357450192171258, 0.644149515900007, 0.41349251943316734, 0.4725987723112317, 0.4860850351468418, 0.42204408254792847, 0.511058525566358, 0.28429066616823423, 0.5602276935318613, 0.3792113066391666, 0.2534087593057753, 0.2545293470740222, 0.21557420118933635]
translation,[0.07464079787699607, 0.07509992467546756, 0.07398251358845709, 0.0727758558965661, 0.08231753942686026, 0.0834962364684877, 0.090328351737611, 0.08551659590104244, 0.07256304163548943, 0.0578311370545217, 0.045468527680421644, 0.032129576797808035, 0.028173721299403987, 0.0255619757045098, 0.02292226058232849, 0.021715014466226812, 0.02326365969525135, 0.020186654959363892, 0.018052532565324242, 0.014226819242846744, 0.006853242699030204, 0.0042438082651790054, 0.003874398224642306, 0.005396657476074651, 0.0056619771417656395, 0.004375946251120588, 0.0022820796229652274, 0.0007875976131010987, 0.0007858986734081697, 8.569010823045176e-05, 0.003969275163679953, 0.005953972117239914, 0.0086843985242826, 0.009495734405977174, 0.010148208497608557, 0.011241267748415495]
loss,
[0.11324599385261536, 0.11886191368103027, 0.10739214718341827, 0.06925766915082932, 0.025828316807746887, 0.016835946589708328, 0.013048619031906128, 0.007752998732030392, 0.006376402452588081, 0.0019038394093513489, 0.003822274273261428, 0.0024571081157773733, 0.001367555232718587, 0.0035158093087375164, 0.0022482220083475113, 0.0017485566204413772, 0.0022719302214682102, 0.00246228720061481, 0.0012513374676927924, 0.0015384245198220015, 0.0013478565961122513, 0.001027268124744296, 0.0011157559929415584, 0.0008407223504036665, 0.0014973757788538933, 0.0007499243947677314, 0.0012350725010037422, 0.0009874815586954355, 0.0010665764566510916, 0.0009003240847960114, 0.0010515607427805662, 0.0006698979996144772, 0.0010254036169499159, 0.001380381640046835, 0.0006713055772706866, 0.0011979887494817376]

2022-04-27 00:10:50.556947