2022-04-26 23:52:58.841895

reference phi, theta, psi, translation: 164.57178246643477, -4.268868188959204e-07, 11.003265705708584, 0.2046843022108078, 0.7416750192642212, 3.957021951675415

phi,theta,psi,rot_x,rot_y,rot_z,phi_err,theta_err,psi_err
174.68706040079186,1.035587752499106,3.46078983121423,-0.0498787984251976,0.24902896583080292,4.223120212554932,10.115277934357096,1.035588179385925,7.542475874494354
173.55983330092965,0.3137941462690008,4.011321861337476,0.02091427892446518,0.2981477677822113,4.223666667938232,8.988050834494885,0.3137945731558197,6.991943844371108
170.59609127665607,-1.8910778580824799,5.4731390111842915,0.21765826642513275,0.3914530873298645,4.202884197235107,6.024308810221299,1.8910774311956609,5.530126694524292
163.68519659141043,-5.444947005906806,8.27335691521767,0.5516126751899719,0.4923691749572754,4.180911540985107,0.8865858750243376,5.4449465790199865,2.7299087904909136
164.5557451822636,-5.2441642072228705,7.6216638070710125,0.5174327492713928,0.42875343561172485,4.152209281921387,0.016037284171176225,5.244163780336051,3.3816018986375713
163.46783265126396,-4.8988122068286195,7.356791632378856,0.49435698986053467,0.38513845205307007,4.096311569213867,1.1039498151708074,4.8988117799418,3.6464740733297276
163.96964664958477,-2.682321654273718,6.42467486257357,0.31332331895828247,0.3832038342952728,4.0631537437438965,0.6021358168499944,2.682321227386899,4.5785908431350135
164.32130576919207,-1.2687802773060308,7.841860568175761,0.23874624073505402,0.5061442852020264,4.016552925109863,0.2504766972427035,1.2687798504192118,3.1614051375328227
164.4557512128146,-0.26326392898676726,10.890896287257181,0.22672441601753235,0.7283015251159668,3.960588216781616,0.11603125362017863,0.26326350209994837,0.11236941845140258
164.6989879095371,-0.31048829307888137,11.065148927136192,0.22725260257720947,0.739658534526825,3.956591844558716,0.1272054431023264,0.3104878661920625,0.0618832214276086
164.6342103954487,-0.40461186639485014,10.771139165444762,0.22920891642570496,0.7179590463638306,3.9602463245391846,0.06242792901392136,0.40461143950803125,0.23212654026382218
164.6251672249876,-0.16192542064733748,11.335305106924999,0.22351934015750885,0.7620183825492859,3.948930263519287,0.05338475855282354,0.16192499376051858,0.33203940121641473
164.51017416012127,-0.2008133107603814,11.503402038814537,0.23111480474472046,0.770866870880127,3.944040536880493,0.061608306313502226,0.2008128838735625,0.500136333105953
164.5578352201496,-0.2726995422705765,10.820998692612209,0.22269870340824127,0.7244506478309631,3.9566287994384766,0.013947246285169967,0.27269911538375763,0.18226701309637505
164.59842020419782,-0.294657677381485,10.830205787613385,0.22383743524551392,0.7280998229980469,3.967373847961426,0.026637737763053337,0.2946572504946661,0.17305991809519838
164.5555129558318,-0.3046862421116676,10.95223736241942,0.22729070484638214,0.7320466041564941,3.9531071186065674,0.01626951060296733,0.3046858152248487,0.051028343289164724
164.55439280480792,-0.29027715001570226,10.742540309616272,0.22318050265312195,0.7213613986968994,3.9681127071380615,0.01738966162685074,0.29027672312888336,0.2607253960923117
164.56470639045463,-0.19950937295012422,10.968487236228526,0.22087937593460083,0.7382285594940186,3.9635772705078125,0.007076075980137375,0.19950894606330533,0.034778469480057694
164.5764269950704,-0.24052350750729967,10.839143943915994,0.2197302281856537,0.7267967462539673,3.960785388946533,0.004644528635623146,0.24052308062048078,0.16412176179258964
164.61187567686275,-0.4508622889109727,10.966219613424082,0.23798517882823944,0.7329805493354797,3.9604415893554688,0.040093210427983195,0.4508618620241538,0.03704609228450195
164.5541878991328,-0.43192372610389695,10.935791120671674,0.2358362227678299,0.7308990359306335,3.9578826427459717,0.01759456730195552,0.43192329921707806,0.06747458503691028
164.57999235381712,-0.2591068809386489,11.024078999656906,0.22450369596481323,0.7380931973457336,3.953538656234741,0.008209887382349734,0.25910645405183,0.020813293948322098
164.52709936888454,-0.4366954978200861,10.94365437595365,0.23738181591033936,0.7290836572647095,3.9602341651916504,0.0446830975502337,0.4366950709332672,0.059611329754932996
164.55735710690772,-0.32915876351700024,10.968130358844393,0.2291528880596161,0.7339657545089722,3.9600276947021484,0.014425359527052706,0.32915833663018135,0.035135346864191064
164.46722593062023,-0.22825795616775094,10.944777088298473,0.22273573279380798,0.7316389679908752,3.9524106979370117,0.10455653581453817,0.22825752928093204,0.05848861741011113
164.57818918387625,-0.33334639261249444,11.037998925185391,0.23151910305023193,0.7377818822860718,3.9567408561706543,0.006406717441478804,0.33334596572567554,0.03473321947680752
164.48624117726953,-0.3131677882872674,11.120839728307537,0.2319728434085846,0.7432363629341125,3.956251621246338,0.08554128916523496,0.3131673614004485,0.11757402259895322
164.59134412821768,-0.2611368860988041,11.05275213379262,0.22561199963092804,0.7394271492958069,3.9551024436950684,0.019561661782915962,0.2611364592119852,0.049486428084035694
164.4789328748576,-0.23791946372938153,11.023281575071307,0.2258729189634323,0.7385009527206421,3.9560153484344482,0.09284959157716344,0.23791903684256263,0.020015869362723038
164.52331544408437,-0.1314939024450077,10.923920251894192,0.21552668511867523,0.7336636781692505,3.9558217525482178,0.04846702235039402,0.1314934755581888,0.07934545381439229
164.56467906969795,-0.15284129165434457,11.224356367820958,0.22189749777317047,0.7530466914176941,3.9533536434173584,0.007103396736823697,0.15284086476752567,0.22109066211237405
164.51887582112386,-0.18505415448386076,11.169239302539895,0.2233184278011322,0.7488569021224976,3.9513869285583496,0.05290664531091238,0.18505372759704186,0.16597359683131074
164.5962618644201,-0.24146898756511467,10.980508369167747,0.22246907651424408,0.7362375259399414,3.955644369125366,0.024479397985317064,0.24146856067829578,0.022757336540836448
164.50917695250243,-0.2651092660735345,11.005529913418444,0.226257786154747,0.7384548783302307,3.956580638885498,0.06260551393233982,0.26510883918671563,0.0022642077098602442
164.5002840462031,-0.3142298960370841,10.86845399319181,0.22731848061084747,0.7282435297966003,3.9596474170684814,0.07149842023167707,0.31422946915026523,0.1348117125167736
164.52040578349795,-0.4487228142278273,10.822242640814798,0.23499718308448792,0.7221342921257019,3.960574150085449,0.05137668293681941,0.4487223873410084,0.18102306489378606

Errors:
rotation,[18.693341988237375, 16.293789252021813, 13.445512935941252, 9.061441244535239, 8.641802963144798, 9.649235668442335, 7.863047887371907, 4.680661685194738, 0.4916641741715296, 0.4995765307219975, 0.6991659087857748, 0.5473491535297569, 0.7625575232930177, 0.46891337476530265, 0.49435490635291784, 0.3719836691169808, 0.5683917808480459, 0.2413634915235004, 0.40928937104869356, 0.5280011647366389, 0.5169924515559439, 0.28812963538250186, 0.5409894982384339, 0.3787190430214251, 0.3913026825055813, 0.37448590264396187, 0.5162826731646366, 0.33018454907893685, 0.35078449778244913, 0.2593059517229751, 0.3810349236167234, 0.403933969739265, 0.2887052952044493, 0.3299785608289157, 0.5205396018987158, 0.6811221351716139]
translation,[0.19962134480110283, 0.20309943632943028, 0.19555374715330753, 0.21466021925720202, 0.17510552800976775, 0.1128412877450975, 0.06206484211465746, 0.024223019331521378, 0.0022426524121428315, 0.0004163995229298223, 0.00019257753712143, 0.0031414221743828463, 0.005820771822294901, 0.0025640321096789265, 0.008708693731219519, 0.0043921106178945735, 0.008189142122421167, 0.006656863092018739, 0.001777715014958936, 0.003594758236184603, 0.0005788179581536212, 0.003021234057362321, 0.0026494446241134284, 0.0028562390773716473, 0.005404481223235891, 0.0004615291479153072, 0.001009312720269051, 0.0011799414867050828, 0.00043917560506034903, 0.0020794007748214938, 0.0005801987065101599, 0.0032117678027496765, 0.0014067576919414293, 0.00012878585071174342, 0.0013418044703747967, 0.001593405694072736]
loss,
[0.08803719282150269, 0.07712163776159286, 0.07538531720638275, 0.04322372004389763, 0.03644232451915741, 0.03261718899011612, 0.008678278885781765, 0.006272284314036369, 0.003150646574795246, 0.003049093298614025, 0.0029637119732797146, 0.002983102574944496, 0.002777333138510585, 0.0023476500064134598, 0.0035396392922848463, 0.003923599608242512, 0.0029469658620655537, 0.002582577522844076, 0.0031544645316898823, 0.004390185698866844, 0.0023998632095754147, 0.002385171130299568, 0.002232891507446766, 0.002648691413924098, 0.0026957287918776274, 0.0031424439512193203, 0.0023952145129442215, 0.0021306504495441914, 0.0022138534113764763, 0.0037618258502334356, 0.0029844739474356174, 0.0017723729833960533, 0.0020797704346477985, 0.0017924405401572585, 0.0032110633328557014, 0.002513846382498741]

2022-04-26 23:55:31.694789