2022-04-28 17:48:00.172994

reference phi, theta, psi, translation: 16.672973292337613, -0.0, 55.56417970941693, 0.9538894295692444, -3.184936285018921, 2.279534101486206

phi,theta,psi,rot_x,rot_y,rot_z,phi_err,theta_err,psi_err
26.607018987257597,-4.879078348390559,61.415046110949504,1.4386786222457886,-3.2383759021759033,2.121750593185425,9.934045694919984,4.879078348390559,5.850866401532571
25.93331815583151,-5.0018366751792165,60.39941064174695,1.3799002170562744,-3.2398593425750732,2.1721384525299072,9.260344863493899,5.0018366751792165,4.835230932330013
22.837721037178113,-4.6085087649486365,56.8498569527397,1.180031657218933,-3.260589599609375,2.313772678375244,6.164747744840501,4.6085087649486365,1.2856772433227661
17.515629098167718,0.7854850823150741,53.884537154767834,1.0521681308746338,-3.2055602073669434,2.4586870670318604,0.8426558058301055,0.7854850823150741,1.6796425546490994
17.06733475463581,-0.05870221758956157,53.95241557473942,0.9807466864585876,-3.209728240966797,2.4441001415252686,0.39436146229819613,0.05870221758956157,1.6117641346775144
16.886623317122904,-0.30062543451955576,54.1918068749592,0.9600937962532043,-3.1998772621154785,2.4148001670837402,0.2136500247852915,0.30062543451955576,1.3723728344577353
16.868410617701063,-0.0748098932201709,54.57606990256953,0.9651427865028381,-3.1914150714874268,2.3732173442840576,0.19543732536345004,0.0748098932201709,0.9881098068474046
16.90142433705432,-0.19296517728734852,55.05845201270168,0.9641933441162109,-3.187295913696289,2.3293888568878174,0.22845104471670652,0.19296517728734852,0.5057276967152546
16.770795261630532,-0.11982317461900092,55.365202638516124,0.9579979181289673,-3.1842458248138428,2.2961838245391846,0.09782196929291942,0.11982317461900092,0.19897707090080985
16.679511490920607,-0.0858020182110511,55.53486453749924,0.9523671269416809,-3.181217670440674,2.27937388420105,0.006538198582994426,0.0858020182110511,0.029315171917694727
16.59826980583789,-0.03141123306278295,55.442247172353866,0.9480825662612915,-3.17512845993042,2.281339406967163,0.0747034864997218,0.03141123306278295,0.12193253706306706
16.640623808881138,-0.07225851542979174,55.49941585570687,0.9490402340888977,-3.1753692626953125,2.277656078338623,0.032349483456474815,0.07225851542979174,0.06476385371006188
16.637032836925005,-0.024054270339769448,55.54728182141032,0.9502241611480713,-3.176248788833618,2.2747788429260254,0.035940455412607264,0.024054270339769448,0.01689788800661063
16.61743873174353,-0.08263574642838557,55.554620859673506,0.9472908973693848,-3.176771640777588,2.2734975814819336,0.055534560594082905,0.08263574642838557,0.0095588497434278
16.563715878826795,-0.05328195271277771,55.58220116354202,0.9458579421043396,-3.1796162128448486,2.2722487449645996,0.10925741351081797,0.05328195271277771,0.01802145412508338
16.62276798684343,-0.021401266498032104,55.5783557670393,0.9495881199836731,-3.178520441055298,2.2730860710144043,0.05020530549418112,0.021401266498032104,0.014176057622364624
16.579816342247806,-0.06876559454157988,55.49673842155223,0.9452639222145081,-3.1758923530578613,2.277606248855591,0.0931569500898064,0.06876559454157988,0.06744128786470327
16.59007699392846,-0.08707549179281426,55.564743200023464,0.9458780288696289,-3.178842782974243,2.273625373840332,0.08289629840915325,0.08707549179281426,0.0005634906065310474
16.61693329774495,-0.0026384408613126954,55.540704349239604,0.9506089687347412,-3.1785125732421875,2.2754833698272705,0.05603999459266262,0.0026384408613126954,0.023475360177329208
16.678080566289488,-0.09584778786715636,55.506047969390956,0.9497712850570679,-3.1767842769622803,2.2787551879882812,0.0051072739518751575,0.09584778786715636,0.05813174002597776
16.621289250888125,0.01164563213515607,55.480800175124,0.9507768154144287,-3.17521071434021,2.2795629501342773,0.05168404144948724,0.01164563213515607,0.08337953429293066
16.618663043152253,-0.08663501206402806,55.45999200381756,0.9476704597473145,-3.177696466445923,2.2816431522369385,0.05431024918535954,0.08663501206402806,0.1041877055993723
16.64058453529341,0.012796337188810377,55.54327933055669,0.9531888961791992,-3.1787848472595215,2.2773656845092773,0.03238875704420252,0.012796337188810377,0.02090037886024021
16.659429027213477,-0.04869841072806865,55.56533742648125,0.9514676928520203,-3.178192377090454,2.2748382091522217,0.013544265124135535,0.04869841072806865,0.0011577170643164436
16.572772709666232,-0.017205094552416367,55.603214240523556,0.948566198348999,-3.1786725521087646,2.271287441253662,0.10020058267138054,0.017205094552416367,0.039034531106622694
16.579853908288243,-0.06145136612556081,55.553995897364445,0.945885956287384,-3.1775197982788086,2.2730395793914795,0.09311938404936981,0.06145136612556081,0.010183812052488861
16.614973033453154,-0.05632250992631701,55.572775502487396,0.9486349821090698,-3.178767681121826,2.273310899734497,0.05800025888445859,0.05632250992631701,0.008595793070462321
16.625394194579304,-0.027908263510411823,55.58996367353373,0.9506142735481262,-3.1785805225372314,2.2722129821777344,0.04757909775830882,0.027908263510411823,0.02578396411679762
16.581766361255845,-0.04896020097194754,55.54677297231716,0.9470287561416626,-3.1786835193634033,2.275404930114746,0.0912069310817678,0.04896020097194754,0.017406737099776137
16.638795025730868,-0.08250822517948792,55.52877883894876,0.9486934542655945,-3.177882194519043,2.2767982482910156,0.0341782666067445,0.08250822517948792,0.035400870468173196
16.572344115295813,-0.07900528758510784,55.52329078195066,0.9449692964553833,-3.177936315536499,2.275716781616211,0.10062917704179952,0.07900528758510784,0.040888927466276925
16.614629816447362,-0.026703693124076187,55.59831016469949,0.9500969648361206,-3.1788721084594727,2.2711939811706543,0.05834347589025057,0.026703693124076187,0.03413045528255765
16.63556946889533,-0.1089739587657626,55.54800582146235,0.9471534490585327,-3.177534580230713,2.2749202251434326,0.03740382344228266,0.1089739587657626,0.01617388795458652
16.640809931536023,-0.05229630280356062,55.5816342578409,0.949949324131012,-3.1782686710357666,2.2724504470825195,0.0321633608015901,0.05229630280356062,0.017454548423970095
16.6388786955482,-0.10966682335719839,55.50802530915568,0.9471749067306519,-3.1757967472076416,2.2767152786254883,0.03409459678941218,0.10966682335719839,0.0561544002612564
16.5628262466874,-0.022302669289697805,55.54341934943468,0.9465638995170593,-3.177100658416748,2.274233818054199,0.11014704565021205,0.022302669289697805,0.020760359982254784

Errors:
rotation,[20.663990444843115, 19.09741247100313, 12.058933753111903, 3.307783442794279, 2.0648278145652723, 1.8866482937625826, 1.2583570254310255, 0.9271439187193097, 0.4166222148127302, 0.12165538871174025, 0.22804725662557182, 0.16937185259632842, 0.07689261375898734, 0.14772915676589626, 0.18056082034867907, 0.08578262961457785, 0.22936383249608955, 0.17053528080849856, 0.08215379563130452, 0.15908680184500928, 0.14670920787757397, 0.2451329668487599, 0.0660854730932531, 0.06340039291652064, 0.1564402083304196, 0.1647545622274195, 0.12291856188123793, 0.10127132538551827, 0.15757386915349147, 0.1520873622544056, 0.22052339209318428, 0.11917762429688442, 0.16255167016263178, 0.10191421202912082, 0.19991582040786698, 0.15321007492216465]
translation,[0.09908907901583852, 0.10638230105025226, 0.13749960009747753, 0.14353473055020682, 0.12071951485122412, 0.09103736898383818, 0.06139985735968523, 0.03268418631100456, 0.009866267766052594, 0.0033882653479748726, 0.008093841268840052, 0.009765345688344418, 0.010419831497974208, 0.011423729327675325, 0.010218409706776121, 0.009732328853825578, 0.010269955694304223, 0.010047039445740147, 0.008141892744761847, 0.007852952769251687, 0.008400077262602501, 0.005991646198654443, 0.0062516419241811505, 0.00855674544380225, 0.010869707950753593, 0.011422250942906942, 0.00963476833068011, 0.00993582131624482, 0.008895654444545542, 0.008348135367235443, 0.00979412515967848, 0.010403277807729872, 0.010048448214163841, 0.01020527445322994, 0.010400353112378191, 0.010918510848868301]
loss,
[0.11707393825054169, 0.11190977692604065, 0.07509475946426392, 0.019156305119395256, 0.018514156341552734, 0.014671040698885918, 0.00969719234853983, 0.004346868023276329, 0.00238870270550251, 0.0015346547588706017, 0.001793562900274992, 0.0019050402333959937, 0.001837406656704843, 0.001717320061288774, 0.001813463750295341, 0.0017441813834011555, 0.0015149691607803106, 0.0016242191195487976, 0.0016613106708973646, 0.0019971763249486685, 0.0018469933420419693, 0.0014807572588324547, 0.0017610946670174599, 0.0019585425034165382, 0.0017052962211892009, 0.0018393717473372817, 0.0014195394469425082, 0.0020472032483667135, 0.0014993371441960335, 0.002071313327178359, 0.001569716027006507, 0.0014677636791020632, 0.001760335871949792, 0.0018767276778817177, 0.002027770970016718, 0.00227387435734272]

2022-04-28 17:52:30.283422