2022-04-28 17:52:33.727437

reference phi, theta, psi, translation: -86.91639066027085, -0.0, 34.793557367935236, -2.296917200088501, -0.12373751401901245, 3.3104169368743896

phi,theta,psi,rot_x,rot_y,rot_z,phi_err,theta_err,psi_err
-76.53055527251121,6.8177051513072,38.18892636661862,-2.336111545562744,-0.9462913274765015,3.345968008041382,10.385835387759641,6.8177051513072,3.395368998683381
-76.09916735472237,6.168434052356386,38.52450380582509,-2.365234136581421,-0.9363132119178772,3.3281097412109375,10.817223305548481,6.168434052356386,3.7309464378898554
-75.93087149357325,4.922965494067117,39.5292417082069,-2.496790885925293,-0.9261156916618347,3.2286250591278076,10.9855191666976,4.922965494067117,4.735684340271661
-79.32696449230865,7.516946209694004,38.699981610886475,-2.483276605606079,-0.8946753740310669,3.2320947647094727,7.589426167962202,7.516946209694004,3.906424242951239
-82.15452620491052,8.480310829558196,36.35457319707955,-2.365435838699341,-0.8062960505485535,3.3185300827026367,4.761864455360325,8.480310829558196,1.561015829144317
-83.36719214110045,6.087607230166619,34.70068728579057,-2.290825605392456,-0.6278706789016724,3.3751776218414307,3.549198519170403,6.087607230166619,0.09287008214466397
-85.17693272396536,2.9159312901341954,33.82892292126516,-2.2477831840515137,-0.3608105480670929,3.3875515460968018,1.7394579363054845,2.9159312901341954,0.9646344466700754
-87.18371743419598,-0.5368851047456129,34.66848635894855,-2.2859761714935303,-0.08224044740200043,3.3110599517822266,0.2673267739251344,0.5368851047456129,0.1250710089866871
-86.71108200400944,0.3727623618992945,34.90965350835253,-2.2959024906158447,-0.15417435765266418,3.3009073734283447,0.20530865626140837,0.3727623618992945,0.11609614041729088
-86.87263646844775,0.09689505216861077,34.94456943538963,-2.29897141456604,-0.13257716596126556,3.2978765964508057,0.0437541918230977,0.09689505216861077,0.15101206745439555
-86.7976888026852,0.2681302450410436,34.810786520116594,-2.2923009395599365,-0.14462922513484955,3.306572914123535,0.11870185758564844,0.2681302450410436,0.017229152181357676
-86.93347296338506,0.1161569536650188,34.76445051678723,-2.289487600326538,-0.13096652925014496,3.30722713470459,0.017082303114207775,0.1161569536650188,0.029106851148007706
-86.74861389349866,0.33946354746209917,34.89338058265497,-2.296687602996826,-0.15114277601242065,3.3020806312561035,0.16777676677219233,0.33946354746209917,0.09982321471973421
-86.81626008703846,0.14666264860277659,34.78100689533534,-2.2897932529449463,-0.13692380487918854,3.3051204681396484,0.10013057323239138,0.14666264860277659,0.012550472599897944
-86.86666688311315,0.1734961562512587,34.819382313187056,-2.292015790939331,-0.13692010939121246,3.3034915924072266,0.049723777157694826,0.1734961562512587,0.025824945251819997
-86.84912695732457,0.2624419046554963,34.78617393344245,-2.2899413108825684,-0.14211738109588623,3.305445671081543,0.0672637029462777,0.2624419046554963,0.007383434492787444
-86.78225257516097,0.20038618734388647,34.83677880500308,-2.2928173542022705,-0.1416311413049698,3.3036928176879883,0.1341380851098819,0.20038618734388647,0.04322143706784232
-86.83161435229265,0.21227074909115534,34.825071860765675,-2.2924108505249023,-0.1405993551015854,3.304368257522583,0.08477630797820268,0.21227074909115534,0.03151449283043917
-86.78956770776206,0.21102781447486996,34.905002149527746,-2.297630786895752,-0.14235851168632507,3.3015570640563965,0.12682295250878894,0.21102781447486996,0.11144478159251037
-86.83235884291219,0.1372482693730218,34.784326367271966,-2.2902724742889404,-0.13612619042396545,3.3070590496063232,0.08403181735866383,0.1372482693730218,0.009231000663270095
-86.74893491238964,0.12996233305065066,34.83931963537432,-2.2941832542419434,-0.13880687952041626,3.3048882484436035,0.1674557478812062,0.12996233305065066,0.04576226743908762
-86.87651601589631,0.2554323880546231,34.84385829607779,-2.294050931930542,-0.1408962607383728,3.3036673069000244,0.03987464437453525,0.2554323880546231,0.050300928142554824
-86.82360254039622,0.197854581169114,34.89079877114871,-2.2953877449035645,-0.13956835865974426,3.3015568256378174,0.09278811987462632,0.197854581169114,0.09724140321347363
-86.8607587694811,0.1893606866753151,34.808757953933096,-2.2904257774353027,-0.13810785114765167,3.303459882736206,0.055631890789754834,0.1893606866753151,0.015200585997860117
-86.77664498985239,0.11277692669651157,34.884043714059565,-2.295502185821533,-0.13751277327537537,3.301379442214966,0.13974567041846342,0.11277692669651157,0.09048634612432949
-86.79907533108671,0.2527260831470435,34.80381631206859,-2.290178060531616,-0.14424405992031097,3.3045809268951416,0.11731532918413734,0.2527260831470435,0.01025894413335493
-86.79340627407561,0.21203039616918998,34.8637170710896,-2.293649673461914,-0.141628697514534,3.3019416332244873,0.12298438619524177,0.21203039616918998,0.07015970315436704
-86.77422027269704,0.2258037482230477,34.84752610766209,-2.2928309440612793,-0.14385075867176056,3.3034322261810303,0.14217038757381317,0.2258037482230477,0.05396873972685512
-86.8023128407533,0.21323718767199346,34.90693509306286,-2.2965550422668457,-0.14206403493881226,3.3003337383270264,0.11407781951754714,0.21323718767199346,0.11337772512762712
-86.85597763706208,0.19754074732889934,34.884528657490634,-2.295567750930786,-0.13922443985939026,3.3010168075561523,0.06041302320876696,0.19754074732889934,0.09097128955539802
-86.83385465434041,0.24623316436406592,34.85774748575501,-2.295334815979004,-0.14190244674682617,3.3039090633392334,0.08253600593043586,0.24623316436406592,0.06419011781977702
-86.87482895917132,0.13058747795606365,34.85010450407377,-2.2952699661254883,-0.13362321257591248,3.304572105407715,0.04156170109952484,0.13058747795606365,0.05654713613853346
-86.83983106986418,0.1377925846346681,34.85324980618656,-2.294837474822998,-0.13613361120224,3.304042100906372,0.07655959040667426,0.1377925846346681,0.059692438251325086
-86.80681393541633,0.13845645657488942,34.90399469662517,-2.297297239303589,-0.13722991943359375,3.301290273666382,0.10957672485452008,0.13845645657488942,0.11043732868993317
-86.81246250185994,0.20856200248063386,34.887400752036626,-2.2961337566375732,-0.14113953709602356,3.3020362854003906,0.10392815841090908,0.20856200248063386,0.09384338410139037
-86.85330020290745,0.16777018531854843,34.78999200918849,-2.290409803390503,-0.13671883940696716,3.3054213523864746,0.06309045736340124,0.16777018531854843,0.003565358746747904

Errors:
rotation,[20.598909537750224, 20.71660379579472, 20.644169001036378, 19.012796620607446, 14.803191114062837, 9.729675831481686, 5.620023673109755, 0.9292828876574344, 0.6941671585779938, 0.291661311446104, 0.4040612548080497, 0.16234610792723428, 0.6070635289540257, 0.2593436944350659, 0.24904487866077352, 0.3370890420945615, 0.3777457095216107, 0.3285615498997972, 0.44929554857616927, 0.2305110873949557, 0.34318034837094447, 0.34560796057171317, 0.387884104257214, 0.2601931634629301, 0.3430089432393045, 0.38030035646453575, 0.40517448551879875, 0.421942875523716, 0.4406927323171677, 0.34892506009306434, 0.3929592881142788, 0.22869631519412195, 0.27404461329266744, 0.35847051011934267, 0.4063335449929333, 0.23442600142869757]
translation,[0.1579505536533441, 0.1578243976163236, 0.15404434646412746, 0.14182492433853966, 0.12315109340716202, 0.09608903055454121, 0.05031928557597176, 0.006757039992046465, 0.0073337036232379305, 0.008836440384006217, 0.005090405112103902, 0.006621807215545061, 0.0060382307882171915, 0.007980519204534353, 0.008052897887034227, 0.007448997570353555, 0.007267899788356402, 0.006981091697326747, 0.006249704110531162, 0.0061421647002593005, 0.0056064737626506655, 0.0066116090972068164, 0.007627686561323621, 0.008943979752368492, 0.007778730697373781, 0.007948899605906945, 0.008231141276832332, 0.0073953641853652385, 0.007877683391868118, 0.007980006043603716, 0.005645868580913316, 0.005421943975641774, 0.0060194709194405505, 0.006837106031740703, 0.006753850019448393, 0.007389378015305148]
loss,
[0.17238947749137878, 0.14776676893234253, 0.09746894240379333, 0.06492803990840912, 0.04965720698237419, 0.03745010122656822, 0.015494994819164276, 0.0024805059656500816, 0.0018396516097709537, 0.0014674868434667587, 0.0022752229124307632, 0.0016759855207055807, 0.0020036152563989162, 0.0012750121532008052, 0.0022228029556572437, 0.0014998973347246647, 0.0014345989329740405, 0.0015446601901203394, 0.0013794952537864447, 0.0017927661538124084, 0.0017716092988848686, 0.0025414968840777874, 0.0012777482625097036, 0.0018583269556984305, 0.002266030292958021, 0.0019095223397016525, 0.0017186985351145267, 0.002455922309309244, 0.001373383915051818, 0.0023475345224142075, 0.001616475055925548, 0.001649034908041358, 0.0014835866168141365, 0.0016161270905286074, 0.0016762735322117805, 0.001822963240556419]

2022-04-28 17:57:02.494315