2022-04-28 18:36:31.029688

reference phi, theta, psi, translation: 175.36684180812657, -0.0, 39.4597479484966, 0.2069414258003235, 2.553555727005005, 3.112318754196167

phi,theta,psi,rot_x,rot_y,rot_z,phi_err,theta_err,psi_err
-174.60268024378553,2.426304892454245,32.24175771288345,-0.3459881842136383,2.1274664402008057,3.6064906120300293,10.030477948087878,2.426304892454245,7.217990235613151
-174.7573430473513,1.939542464391554,32.306477170363905,-0.3122638463973999,2.1463940143585205,3.5959506034851074,9.875815144522107,1.939542464391554,7.153270778132693
-175.4010200747333,0.5734526464862856,33.59428201761313,-0.24514195322990417,2.285188913345337,3.4950673580169678,9.232138117140153,0.5734526464862856,5.865465930883467
-178.99671852177318,3.608505070244976,37.75274707112701,-0.27081725001335144,2.551170587539673,3.25950288772583,5.636439670100231,3.608505070244976,1.7070008773695875
178.66089178066198,4.612964645528913,40.198497794030594,-0.19346390664577484,2.646904945373535,3.1316041946411133,3.2940499725354186,4.612964645528913,0.7387498455339951
176.79926908086165,1.544462930554142,40.99123003966979,0.07466020435094833,2.657015562057495,3.0534768104553223,1.432427272735083,1.544462930554142,1.5314820911731886
175.07441408900164,-0.17002351420593598,39.070611580913464,0.22742687165737152,2.52470326423645,3.1269822120666504,0.29242771912493026,0.17002351420593598,0.3891363675831343
175.38759192282507,0.10341696850585501,39.685192002431215,0.2023436427116394,2.560718297958374,3.0974347591400146,0.020750114698500965,0.10341696850585501,0.2254440539346163
175.3057252754333,-0.036750239359302175,39.476232610058425,0.2130349576473236,2.549673557281494,3.1081972122192383,0.061116532693262116,0.036750239359302175,0.01648466156182593
175.39551494226228,0.06863811934304348,39.45651726901919,0.20280790328979492,2.5504539012908936,3.110501766204834,0.028673134135715372,0.06863811934304348,0.0032306794774115133
175.32561478629637,-0.007076133197658905,39.53590114264766,0.20962212979793549,2.55342698097229,3.1042120456695557,0.041227021830195554,0.007076133197658905,0.07615319415106114
175.34972535406652,0.03870595764448448,39.50552729140861,0.20603463053703308,2.5507826805114746,3.1053831577301025,0.01711645406004436,0.03870595764448448,0.04577934291201302
175.400405357708,0.06456683608465552,39.47867098759212,0.20238429307937622,2.5503575801849365,3.1079773902893066,0.03356354958143015,0.06456683608465552,0.018923039095518845
175.41293192464582,0.005400319115406601,39.48062100660016,0.20668214559555054,2.5505640506744385,3.107715129852295,0.04609011651925243,0.005400319115406601,0.020873058103560993
175.31437229492252,0.03911499346531117,39.57892108913499,0.20879718661308289,2.556694507598877,3.1033005714416504,0.052469513204044915,0.03911499346531117,0.11917314063838802
175.34719818407362,-0.015926427108676394,39.48875576190164,0.209941104054451,2.550973653793335,3.1073083877563477,0.019643624052946507,0.015926427108676394,0.029007813405044658
175.38479154526536,0.04899029090798113,39.5031606308612,0.20427219569683075,2.5526490211486816,3.1073529720306396,0.017949737138792443,0.04899029090798113,0.04341268236460394
175.38853448893053,0.015548757172707713,39.48518015787114,0.20528343319892883,2.5512497425079346,3.108858108520508,0.021692680803965914,0.015548757172707713,0.025432209374542936
175.37954595998278,0.09823895522314396,39.45703977849069,0.20163269340991974,2.550056219100952,3.1089301109313965,0.01270415185621232,0.09823895522314396,0.002708170005909949
175.43646875652567,-0.006853873461400386,39.50956393320809,0.20434515178203583,2.553248882293701,3.1080985069274902,0.06962694839910455,0.006853873461400386,0.0498159847114934
175.35171976930417,0.12393220795589704,39.49066479977466,0.20177672803401947,2.551663398742676,3.107290029525757,0.015122038822397599,0.12393220795589704,0.030916851278064428
175.33174829617104,0.05151602494667941,39.51845000931827,0.2064671814441681,2.552243947982788,3.1046600341796875,0.03509351195552313,0.05151602494667941,0.058702060821673285
175.31923538961158,0.007249230282311226,39.47609942136961,0.20949037373065948,2.550656795501709,3.1075923442840576,0.047606418514988036,0.007249230282311226,0.016351472873012085
175.35844067544744,0.08450146899630036,39.57336473024518,0.20414257049560547,2.556166648864746,3.103123903274536,0.008401132679125567,0.08450146899630036,0.1136167817485827
175.29564391621835,0.028956806808708924,39.48925095061647,0.20953583717346191,2.5504510402679443,3.1065094470977783,0.0711978919082128,0.028956806808708924,0.02950300211987411
175.36510694007737,0.08106642961763783,39.4553288161036,0.2033267319202423,2.5495293140411377,3.1093297004699707,0.0017348680491977575,0.08106642961763783,0.0044191323929965165
175.3674975062869,-0.04349584832973425,39.50840621614377,0.20971894264221191,2.5526742935180664,3.106992721557617,0.0006556981603296208,0.04349584832973425,0.04865826764716985
175.41239916989056,-0.0015662741501105467,39.4716597984091,0.20617714524269104,2.550741195678711,3.1091115474700928,0.04555736176399705,0.0015662741501105467,0.011911849912500827
175.3468566746151,0.048048396157081466,39.507016272647675,0.205842986702919,2.5527849197387695,3.1067988872528076,0.019985133511454478,0.048048396157081466,0.04726832415107651
175.36966950644296,0.037600444927319246,39.49547666804494,0.20596222579479218,2.5512399673461914,3.1070094108581543,0.0028276983163948444,0.037600444927319246,0.035728719548338006
175.3410236930639,-0.05866680231362565,39.4902003469111,0.21185477077960968,2.5507423877716064,3.1066701412200928,0.025818115062662628,0.05866680231362565,0.030452398414503534
175.34240339127626,0.053216170292825285,39.47001030772454,0.20588737726211548,2.5510733127593994,3.108067512512207,0.024438416850301792,0.053216170292825285,0.010262359227944273
175.38761924358175,0.06588813139933383,39.48429223327904,0.20333629846572876,2.550891399383545,3.1079227924346924,0.020777435455187288,0.06588813139933383,0.024544284782443526
175.3236750125721,0.01003296980213156,39.50455740454647,0.2096044421195984,2.5520577430725098,3.105851888656616,0.04316679555446967,0.01003296980213156,0.04480945604986886
175.35639161869645,0.014353929427580186,39.48048440281676,0.20798222720623016,2.5510547161102295,3.1074891090393066,0.010450189430116552,0.014353929427580186,0.020736454320157804
175.3531677694082,0.035505404118893656,39.52811131189926,0.20659105479717255,2.553072214126587,3.105931520462036,0.01367403871836359,0.035505404118893656,0.06836336340266058

Errors:
rotation,[19.674773076155276, 18.968628387046355, 15.671056694509906, 10.951945617714795, 8.645764463598326, 4.508372294462413, 0.8515876009140005, 0.3496111371389723, 0.11435143361439022, 0.10054193295617037, 0.1244563491789156, 0.10160175461654186, 0.11705342476160452, 0.07236349373822003, 0.2107576473077441, 0.06457786456666756, 0.11035271041137751, 0.06267364735121655, 0.11365127708526623, 0.12629680657199832, 0.16997109805635907, 0.1453115977238758, 0.07120712167031135, 0.2065193834240086, 0.12965770083679584, 0.0872204300598321, 0.09280981413723371, 0.059035485826608426, 0.11530185381961246, 0.0761568627920521, 0.1149373157907918, 0.08791694637107135, 0.11120985163696465, 0.09800922140647009, 0.045540573177854544, 0.11754280623991784]
translation,[0.170370405351016, 0.16832074459167945, 0.15189385654261223, 0.11690352724703601, 0.07380465506760459, 0.017207431585918975, 0.005726077396688289, 0.007160235433651074, 0.0053234368375445484, 0.0035777878028433463, 0.00619861686289358, 0.007157269442632952, 0.005609402754752857, 0.005462695569395493, 0.004870328770429033, 0.005348498458250361, 0.00454384274538544, 0.004217446917692769, 0.005102388212523401, 0.003584524042707926, 0.005343032452214125, 0.006766544302439392, 0.005353563661122607, 0.005580408155067218, 0.00631743908279514, 0.0050423082046551215, 0.004525811673826041, 0.004298278703368297, 0.0048052564225553596, 0.005616030332431521, 0.0058874023696136035, 0.004908725086172794, 0.005265360240238159, 0.005802916227141353, 0.005259315732529579, 0.005253991414544856]
loss,
[0.08212392777204514, 0.08665500581264496, 0.07675567269325256, 0.045035719871520996, 0.026265209540724754, 0.015639079734683037, 0.0033658756874501705, 0.0015220772475004196, 0.0012499589938670397, 0.001538310432806611, 0.0013047035317867994, 0.0012898034183308482, 0.0012528705410659313, 0.002026196103543043, 0.0010250649647787213, 0.001383466413244605, 0.0012798462994396687, 0.0013279805425554514, 0.0010148638393729925, 0.0014655308332294226, 0.0014567238977178931, 0.0009686776320450008, 0.0013719130074605346, 0.0010985627304762602, 0.0012785571161657572, 0.000995144946500659, 0.0012508898507803679, 0.0009459569118916988, 0.0007970542646944523, 0.0013596153585240245, 0.0010906903771683574, 0.0009794043144211173, 0.0012882568407803774, 0.0013548452407121658, 0.0008994470117613673, 0.00096299615688622]

2022-04-28 18:41:12.197243