2022-04-28 18:41:15.732844

reference phi, theta, psi, translation: -139.02455270626928, -8.537736090602699e-07, 56.38966954231551, -2.2014424800872803, 2.5346622467041016, 2.231398344039917

phi,theta,psi,rot_x,rot_y,rot_z,phi_err,theta_err,psi_err
-129.04008655489625,6.852725648450977,53.065809209147574,-2.6847352981567383,1.8050535917282104,2.604990243911743,9.984466151373027,6.852726502224586,3.3238603331679357
-129.16833018675243,6.437542346341028,53.071088945376,-2.673495054244995,1.8238295316696167,2.6020312309265137,9.856222519516848,6.4375432001146375,3.318580596939512
-131.06806534212143,4.229092541250407,53.48058952196953,-2.6238555908203125,1.9633702039718628,2.5327506065368652,7.956487364147847,4.229093395024016,2.909080020345982
-132.49291110487778,5.369123852305964,54.215500801189975,-2.6598055362701416,2.0592305660247803,2.405902147293091,6.531641601391499,5.369124706079573,2.174168741125534
-134.54386664847087,3.849755838403323,56.24546717346361,-2.551973581314087,2.2973811626434326,2.286308526992798,4.480686057798408,3.849756692176932,0.14420236885190008
-139.89456854236715,-0.9608770007667126,57.19516058132428,-2.1844401359558105,2.6462552547454834,2.2115533351898193,0.8700158360978776,0.9608761469931035,0.8054910390087713
-139.50825304291124,-0.35952392633749874,56.48539805862782,-2.1777994632720947,2.5722806453704834,2.2374250888824463,0.48370033664195944,0.3595230725638897,0.09572851631231316
-139.13593943125386,-0.04045227086985021,56.25703409882303,-2.184722900390625,2.5275332927703857,2.232801914215088,0.1113867249845839,0.04045141709624115,0.13263544349248235
-139.0183508945029,-0.0620397708141787,56.25095523046172,-2.191067934036255,2.5269346237182617,2.2355899810791016,0.006201811766374021,0.06203891704056964,0.13871431185378924
-139.04427829259228,0.12271594032929813,56.38104984358295,-2.2010881900787354,2.5280275344848633,2.228902816772461,0.019725586323005473,0.12271679410290719,0.0086196987325593
-139.09774501341514,-0.1525898514983895,56.27279134523825,-2.18540096282959,2.5334670543670654,2.235046148300171,0.07319230714585956,0.15258899772478043,0.11687819707726277
-139.10458886296348,-0.036678555248678565,56.2986777621926,-2.1886394023895264,2.530515193939209,2.232600450515747,0.08003615669420583,0.036677701475069505,0.09099178012291276
-139.11615920341748,3.4156830805632904e-05,56.285720893337086,-2.190401315689087,2.530012369155884,2.233778238296509,0.09160649714820579,3.501060441469317e-05,0.10394864897842382
-139.1015835797287,-0.013371124898845392,56.28080998732384,-2.1914451122283936,2.530198097229004,2.2338693141937256,0.07703087345942095,0.013370271125236331,0.10885955499166755
-139.15712667805923,-0.007528606150361843,56.33967938778018,-2.189821481704712,2.5329442024230957,2.2296600341796875,0.13257397178995234,0.007527752376752783,0.04999015453532962
-139.16265913128694,-0.016964855125889668,56.334928991212436,-2.1903469562530518,2.5331404209136963,2.230896234512329,0.1381064250176678,0.016964001352280607,0.05474055110307319
-139.10341407042625,-0.11670165708998449,56.30091806424036,-2.1878440380096436,2.532871961593628,2.232450246810913,0.0788613641569782,0.11670080331637543,0.08875147807514594
-139.0293338386883,-0.02398194653493106,56.32042166941533,-2.1936657428741455,2.529249429702759,2.2318856716156006,0.004781132419026335,0.023981092761321997,0.06924787290017775
-139.1853763404664,-0.0010656924095808504,56.27735391160382,-2.187974452972412,2.5320980548858643,2.2333567142486572,0.1608236341971292,0.00106483863597179,0.11231563071169148
-139.08912531468258,-0.0005866416019767205,56.2679965524409,-2.1912035942077637,2.529994487762451,2.235898971557617,0.06457260841330026,0.0005857878283676602,0.12167298987461095
-139.16506335787477,-0.016465720623790342,56.307072064682544,-2.1890029907226562,2.532512903213501,2.232099771499634,0.1405106516054957,0.01646486685018128,0.08259747763296588
-139.11316758056103,-0.06642527827380218,56.33190321741012,-2.1903743743896484,2.5335922241210938,2.231407642364502,0.08861487429174986,0.06642442450019312,0.05776632490538702
-139.09478071131534,0.03820261967846834,56.3644115027648,-2.1944451332092285,2.5309619903564453,2.22939395904541,0.07022800504606153,0.0382034734520774,0.025258039550706712
-139.09386546596656,-0.11868993201033022,56.31672312197977,-2.1895532608032227,2.5335495471954346,2.231370687484741,0.0693127596972829,0.11868907823672116,0.0729464203357395
-139.13283852537066,-0.12266409308411706,56.297509799844526,-2.186690330505371,2.5351622104644775,2.2347209453582764,0.10828581910138269,0.122663239310508,0.09215974247098302
-139.10617346685092,-0.09573304734754652,56.36260491772933,-2.190870761871338,2.5356364250183105,2.231358289718628,0.08162076058164303,0.09573219357393746,0.027064624586181196
-139.0771178421217,-0.024805019212066178,56.2654215711238,-2.1915857791900635,2.5287461280822754,2.236760139465332,0.05256513585243283,0.024804165438457117,0.12424797119170705
-139.0796040309796,0.022513954208896195,56.290662535201584,-2.1926283836364746,2.528834104537964,2.2341628074645996,0.055051324710319705,0.022514807982505256,0.09900700711392574
-139.06098493530212,0.0020886852103355904,56.33537978369766,-2.1945950984954834,2.529057502746582,2.2314395904541016,0.03643222903284027,0.0020895389839446507,0.05428975861784835
-139.11525761844706,-0.06808941435832272,56.2876299312101,-2.189207077026367,2.5327885150909424,2.234473943710327,0.09070491217778454,0.06808856058471366,0.10203961110541115
-139.0815574650822,-0.06393087698758884,56.35837020044392,-2.1919097900390625,2.5331175327301025,2.2307045459747314,0.05700475881292277,0.06393002321397978,0.03129934187158767
-139.1440127148528,-0.0335491913531278,56.25848892911624,-2.18887996673584,2.5315191745758057,2.2352213859558105,0.11946000858353045,0.033548337579518736,0.13118061319926966
-139.15995437637562,-0.11384565243792687,56.34211435021929,-2.1868736743927,2.5365476608276367,2.231644868850708,0.13540167010634718,0.1138447986643178,0.047555192096218946
-139.10774441036003,-0.05607179946399877,56.28589164806633,-2.189598321914673,2.531697988510132,2.2337467670440674,0.08319170409075127,0.05607094569038971,0.10377789424917694
-139.09737618319994,0.023042956736979415,56.286335610362386,-2.1924362182617188,2.5288748741149902,2.2339162826538086,0.07282347693066527,0.023043810510588476,0.10333393195312368
-139.16856041472982,-0.03740206654873842,56.276049345472344,-2.187324047088623,2.5323219299316406,2.2344446182250977,0.1440077084605491,0.03740121277512936,0.11362019684316493

Errors:
rotation,[20.161052986765547, 19.612346316571, 15.094660779517845, 14.074935048596606, 8.47464511882724, 2.6363830220997526, 0.9389519255181623, 0.2844735855733074, 0.2069550406607329, 0.15106207915847197, 0.34265950194790273, 0.20770563829218808, 0.1955901567310443, 0.19926069957632483, 0.19009187870203476, 0.20981097747302158, 0.2843136455484996, 0.09801009808052609, 0.27420410354479247, 0.18683138611627886, 0.23957299608864285, 0.21280562369733, 0.13368951804884563, 0.26094825826974355, 0.3231088008828737, 0.2044175787417617, 0.201617272482597, 0.1765731398067507, 0.09281152663463327, 0.2608330838679094, 0.15223412389849023, 0.28418895936231886, 0.2968016608668839, 0.2430405440303179, 0.1992012193943774, 0.2950291180788434]
translation,[0.12242333873291766, 0.12152042678177288, 0.11064201269400087, 0.10449210491157501, 0.09412696915997909, 0.05120054225586479, 0.014301755635690583, 0.012815444519399755, 0.008189702303726953, 0.005744428555102488, 0.007465903466565393, 0.00892126079800537, 0.007624746841362828, 0.006889078026166118, 0.008380055851638701, 0.007285198918456359, 0.007954040052206679, 0.007376216122154666, 0.007867173459787935, 0.006021516201437649, 0.0077441273229466034, 0.006702299198050987, 0.007255715534445706, 0.007196510447271542, 0.005878637068066794, 0.005172301512411437, 0.0061194503140100664, 0.006938975556308513, 0.007237489297799549, 0.006142063484760207, 0.006554925719765237, 0.006703546612686573, 0.006612871357764227, 0.007019051055491055, 0.007154919130063497, 0.007475891048896344]
loss,
[0.09381025284528732, 0.10327798128128052, 0.07410389184951782, 0.052039872854948044, 0.03329024836421013, 0.013885727152228355, 0.004851417150348425, 0.0015281382948160172, 0.0013573443284258246, 0.0013147675199434161, 0.0020240910816937685, 0.0012345449067652225, 0.0007900617783889174, 0.0014270565006881952, 0.0012827643658965826, 0.0017806277610361576, 0.0012263485696166754, 0.001431028125807643, 0.0011793181765824556, 0.0015314845368266106, 0.0014867729041725397, 0.0009255827171728015, 0.0013370922533795238, 0.0009061509044840932, 0.0011207349598407745, 0.001323492731899023, 0.0017734243301674724, 0.001049174927175045, 0.0010524869430810213, 0.001499668462201953, 0.0010516038164496422, 0.001374097540974617, 0.0012608123943209648, 0.0013355145929381251, 0.0015727055724710226, 0.0012425155146047473]

2022-04-28 18:45:57.077307