2022-04-28 18:17:37.666158

reference phi, theta, psi, translation: 164.57178246643477, -4.268868188959204e-07, 11.003265705708584, 0.2046843022108078, 0.7416750192642212, 3.957021951675415

phi,theta,psi,rot_x,rot_y,rot_z,phi_err,theta_err,psi_err
174.68706040079186,1.035587752499106,3.46078983121423,-0.0498787984251976,0.24902896583080292,4.223120212554932,10.115277934357096,1.035588179385925,7.542475874494354
174.40636694666102,1.4223999295273693,4.227111442880274,-0.07388116419315338,0.2842864692211151,4.193631172180176,9.834584480226255,1.4224003564141883,6.77615426282831
173.61660583331079,0.9040904895451822,4.14641916113892,-0.028516387566924095,0.2764267921447754,4.153834342956543,9.044823366876017,0.9040909164320011,6.856846544569664
173.04745983015198,0.6831186177365138,4.0479069158530026,-0.0049920715391635895,0.2735970616340637,4.094711780548096,8.47567736371721,0.6831190446233327,6.955358789855581
171.83344834669558,1.054115284165314,5.777287761811782,-0.012793831527233124,0.4115055203437805,4.0190277099609375,7.261665880260807,1.054115711052133,5.225977943896802
168.3150129995469,0.43885050017310595,10.086390503036181,0.12889762222766876,0.708365797996521,3.905869483947754,3.7432305331121256,0.43885092705992484,0.9168752026724025
164.60929386535648,0.4589331196503823,11.03715625059654,0.17618724703788757,0.7556741833686829,3.932502031326294,0.037511398921708405,0.4589335465372012,0.03389054488795651
164.72387711887262,-0.0747623411527149,10.964373754800885,0.20954746007919312,0.7362068891525269,3.9643359184265137,0.15209465243785303,0.07476191426589601,0.03889195090769881
164.66785590730018,0.09369126530663052,11.06046427113921,0.2007676213979721,0.746917724609375,3.9522576332092285,0.09607344086541048,0.09369169219344942,0.0571985654306264
164.63184714999588,0.07706988594320163,11.10142833068636,0.2032344937324524,0.7500883340835571,3.9550986289978027,0.06006468356110872,0.07707031283002053,0.0981626249777765
164.68385221033634,-0.02619187815833952,11.144461937552027,0.2110716551542282,0.7512310743331909,3.9531984329223633,0.11206974390157143,0.026191451271520623,0.141196231843443
164.70990255183077,0.025278332556684182,10.970012075960732,0.20311975479125977,0.7400158643722534,3.9550633430480957,0.13812008539599674,0.02527875944350308,0.03325362974785229
164.73010625139565,0.06317609119384156,11.04123814239927,0.20143572986125946,0.7455860376358032,3.9553945064544678,0.15832378496088495,0.06317651808066045,0.037972436690685285
164.64043952797175,0.0350514681289417,11.04353393973404,0.205213263630867,0.7448767423629761,3.959521532058716,0.0686570615369817,0.035051895015760594,0.040268234025456096
164.6721999076123,0.10693374834939563,11.027877438609078,0.1996980756521225,0.7450205087661743,3.9539151191711426,0.10041744117754092,0.10693417523621453,0.024611732900494232
164.73184111944485,0.04494709984335587,11.074864871230535,0.20351935923099518,0.7472659349441528,3.9546260833740234,0.1600586530100827,0.04494752673017476,0.07159916552195078
164.784515538324,0.012928475687430056,10.941198922947033,0.20178130269050598,0.7380834221839905,3.9607105255126953,0.2127330718892324,0.012928902574248951,0.06206678276155131
164.70173364558343,0.1718843447019293,11.013874697036906,0.19460409879684448,0.7452073097229004,3.9517295360565186,0.12995117914866228,0.17188477158874818,0.010608991328322048
164.65608066117107,0.09820203161260042,11.023925320400581,0.1996285319328308,0.7453729510307312,3.9569544792175293,0.08429819473630573,0.09820245849941932,0.020659614691997064
164.56747944725765,0.09957527615334574,11.151508131454541,0.20418578386306763,0.7540942430496216,3.9515247344970703,0.004303019177115175,0.09957570304016464,0.14824242574595736
164.76178466876618,0.056654821173815456,10.993375591790405,0.20117197930812836,0.7420921325683594,3.9510138034820557,0.19000220233141363,0.05665524806063435,0.0098901139181784
164.7043837589814,0.031154858973774624,10.97951030777528,0.20234397053718567,0.7409942150115967,3.954341173171997,0.13260129254663866,0.03115528586059352,0.023755397933303612
164.631450999024,0.1333014504652258,11.10937098691744,0.20001302659511566,0.7515036463737488,3.9518260955810547,0.05966853258922811,0.13330187735204468,0.10610528120885654
164.61557763939288,0.11461994873183746,10.962124061243012,0.1985749453306198,0.7400386333465576,3.9518251419067383,0.04379517295811297,0.11462037561865636,0.041141644465572114
164.67163983210037,-0.015246807441670144,11.051179482736224,0.2071731984615326,0.7447720170021057,3.957811117172241,0.09985736566559922,0.015246380554851249,0.04791377702763988
164.65747401976176,0.09520380433461703,11.104676939410348,0.20244748890399933,0.7509633302688599,3.954280376434326,0.08569155332699552,0.09520423122143593,0.1014112337017643
164.65867613305568,-0.10097298588524858,11.140708748603105,0.21595080196857452,0.7485244870185852,3.9502272605895996,0.08689366662090947,0.10097255899842969,0.13744304289452103
164.65562986868585,0.10400039015929427,11.052691515863735,0.20096033811569214,0.7475433945655823,3.9558260440826416,0.0838474022510809,0.10400081704611316,0.04942581015515124
164.6407673770519,-0.0941317422899989,11.12201878971301,0.21553131937980652,0.7493269443511963,3.954906702041626,0.0689849106171323,0.09413131540318001,0.11875308400442641
164.7057088156804,0.06762297783275012,10.994143134298385,0.20165002346038818,0.7410598397254944,3.9535348415374756,0.13392634924562685,0.06762340471956901,0.009122571410198788
164.62385582866696,0.1426952973779722,11.037071727005562,0.1973959356546402,0.7471758127212524,3.9509012699127197,0.05207336223219272,0.1426957242647911,0.03380602129697863
164.6837292669313,0.07771971197678698,11.049454859970796,0.20125718414783478,0.7464473843574524,3.9507594108581543,0.11194680049652561,0.07772013886360588,0.04618915426221193
164.68930270129403,0.10342937779599463,11.064623002570102,0.19959715008735657,0.7477534413337708,3.9503135681152344,0.11752023485925633,0.10342980468281353,0.061357296861517696
164.6906960598847,0.073450735732518,11.047322133402458,0.2010170966386795,0.7463890314102173,3.9501497745513916,0.1189135934499177,0.07345116261933689,0.04405642769387441
164.68143432337015,0.08310588570893422,10.995545884399178,0.20088404417037964,0.7429699301719666,3.95163631439209,0.10965185693538615,0.08310631259575312,0.007719821309406072
164.64791175492374,0.04592577265816719,11.094266877341603,0.20448386669158936,0.7486417293548584,3.94921875,0.07612928848897127,0.045926199544986085,0.09100117163301924

Errors:
rotation,[18.693341988237375, 18.033139099468755, 16.80576082787768, 16.114155198196123, 13.541759535209742, 5.098956662844453, 0.5303354903468661, 0.26574851761144785, 0.2469636984894863, 0.23529762136890575, 0.27945742701653503, 0.1966524745873521, 0.2594727397322307, 0.14397719057819838, 0.23196334931424967, 0.27660534526220826, 0.28772875722503266, 0.3124449420657325, 0.20316026792772213, 0.25212114796323715, 0.2565475643102264, 0.1875119763405358, 0.29907569115012933, 0.19955719304234143, 0.16301752324809035, 0.2823070182501958, 0.3253092685138602, 0.2372740294523453, 0.2818693100247387, 0.21067232537539465, 0.22857510779396245, 0.23585609362234342, 0.28230733640358757, 0.23642118376312898, 0.20047799084054535, 0.2130566596669766]
translation,[0.19962134480110283, 0.17277638142916718, 0.13199068615151344, 0.07271622658514332, 0.0089310244813543, 0.05945253966415631, 0.02280535660891747, 0.006428527500605519, 0.003904780458729107, 0.00040416143563515305, 0.0016528539958198252, 0.002306845547525249, 0.001039499120865095, 0.003070474387707911, 0.002682594769686908, 0.0013777971377928466, 0.0028159042476474383, 0.005042586904403734, 0.0003622784710870519, 0.0031147895867320585, 0.005997727179758883, 0.0028749845237596716, 0.003512679994475576, 0.005708285382378442, 0.0014726071264750118, 0.001083715485096448, 0.004813083839660948, 0.00027714635043452063, 9.53320896028842e-05, 0.0036892485735027236, 0.005354728520802432, 0.005437896098653638, 0.005715691097263331, 0.006059001803936148, 0.005239152107456846, 0.006379614560408697]
loss,
[0.04679090902209282, 0.042671553790569305, 0.03943351283669472, 0.03299697861075401, 0.034077197313308716, 0.02379799261689186, 0.005116596817970276, 0.00361345405690372, 0.001908737001940608, 0.0020036734640598297, 0.0020435755141079426, 0.0022089022677391768, 0.0015534175327047706, 0.0016655911458656192, 0.0021111685782670975, 0.0017739407485350966, 0.0023456276394426823, 0.002308348659425974, 0.0014456654898822308, 0.0021204533986747265, 0.0014854015316814184, 0.0014019545633345842, 0.0017338123871013522, 0.0018514106050133705, 0.0016806017374619842, 0.0019291720818728209, 0.0014823067467659712, 0.0019398161675781012, 0.001968703931197524, 0.0018468702910467982, 0.0021665378008037806, 0.0017111696070060134, 0.0016727258916944265, 0.0019661986734718084, 0.0019596631173044443, 0.0016619795933365822]

2022-04-28 18:22:18.823915