2022-04-28 18:22:22.347617

reference phi, theta, psi, translation: 16.672973292337613, -0.0, 55.56417970941693, 0.9538894295692444, -3.184936285018921, 2.279534101486206

phi,theta,psi,rot_x,rot_y,rot_z,phi_err,theta_err,psi_err
26.607018987257597,-4.879078348390559,61.415046110949504,1.4386786222457886,-3.2383759021759033,2.121750593185425,9.934045694919984,4.879078348390559,5.850866401532571
26.468869873557626,-4.8820807741478465,61.235828777317536,1.4292280673980713,-3.2411985397338867,2.1247565746307373,9.795896581220013,4.8820807741478465,5.671649067900603
25.996912339646208,-6.157145682799301,58.82522962297743,1.313664436340332,-3.2701523303985596,2.179830551147461,9.323939047308595,6.157145682799301,3.2610499135604982
24.639371260971153,-3.721239950243604,58.30381981192782,1.3284965753555298,-3.2580406665802,2.1726512908935547,7.96639796863354,3.721239950243604,2.73964010251089
20.12114136085248,1.9459997874805763,56.534551514989815,1.265717625617981,-3.1870579719543457,2.250349283218384,3.4481680685148675,1.9459997874805763,0.9703718055728814
18.13378170862138,1.4910956683349885,54.93888272109144,1.0932327508926392,-3.1322288513183594,2.32604718208313,1.4608084162837685,1.4910956683349885,0.6252969883254949
16.398681433006363,-0.42419400649817696,55.91229396084498,0.9234462976455688,-3.1984970569610596,2.2543938159942627,0.27429185933124955,0.42419400649817696,0.34811425142804353
16.753682222665066,0.15108764093167176,55.42756226563834,0.9639997482299805,-3.1711313724517822,2.2834360599517822,0.08070893032745374,0.15108764093167176,0.1366174437785901
16.53251728224547,-0.02055562658576272,55.48432796783032,0.9458210468292236,-3.17905855178833,2.2793211936950684,0.14045601009214437,0.02055562658576272,0.07985174158661579
16.555692114099323,0.02319597910181934,55.555966406939994,0.9486940503120422,-3.1822822093963623,2.2769978046417236,0.1172811782382901,0.02319597910181934,0.008213302476939077
16.62385910956334,-0.03190890708637263,55.50235966723915,0.9502037167549133,-3.177034378051758,2.279414176940918,0.0491141827742716,0.03190890708637263,0.061820042177785695
16.59023408827937,-0.054982166191605036,55.63240988413078,0.9486549496650696,-3.184002161026001,2.270199775695801,0.08273920405824242,0.054982166191605036,0.06823017471384674
16.700555303753415,-0.10146145678775102,55.60621952375836,0.9523029923439026,-3.1818137168884277,2.275305986404419,0.0275820114158023,0.10146145678775102,0.042039814341428894
16.636882572763263,-0.0199372276086542,55.58289101264818,0.9525938034057617,-3.182013750076294,2.275203227996826,0.03609071957435006,0.0199372276086542,0.018711303231249587
16.563138727841928,0.03220046629608876,55.616177939568246,0.9502071142196655,-3.1839210987091064,2.272066593170166,0.10983456449568507,0.03220046629608876,0.05199823015131244
16.580514729090442,0.03484405149413007,55.45506060723681,0.949592649936676,-3.176074743270874,2.282118082046509,0.09245856324717039,0.03484405149413007,0.10911910218012366
16.625752779510726,0.02834578360275975,55.52940038616323,0.952378511428833,-3.178694009780884,2.2776997089385986,0.04722051282688611,0.02834578360275975,0.03477932325370148
16.70392770965611,-0.05442902040707071,55.6135005054136,0.9540477991104126,-3.1820473670959473,2.2744061946868896,0.030954417318497462,0.05442902040707071,0.049320795996663946
16.592240456348062,0.006601916140337709,55.53146310329257,0.9505407810211182,-3.1797730922698975,2.2783641815185547,0.08073283598955072,0.006601916140337709,0.032716606124360226
16.584974842618458,0.013115040661421171,55.523280536666896,0.9492506980895996,-3.179137706756592,2.278064250946045,0.08799844971915505,0.013115040661421171,0.04089917275003785
16.561446548475057,-0.0027040471121557268,55.50417991265296,0.9466009140014648,-3.1785807609558105,2.279466152191162,0.11152674386255512,0.0027040471121557268,0.059999796763975155
16.623923996360457,-0.005733455933345559,55.473577250076715,0.9509785771369934,-3.1769659519195557,2.2814295291900635,0.049049295977155793,0.005733455933345559,0.09060245934021793
16.616240033544194,-0.08335412458645905,55.52985117864845,0.9484455585479736,-3.181786060333252,2.2790839672088623,0.05673325879341817,0.08335412458645905,0.034328530768483745
16.661507112268453,-0.032837472132934586,55.53547925452454,0.9523307681083679,-3.179359197616577,2.27786922454834,0.011466180069160004,0.032837472132934586,0.02870045489239459
16.632934723422995,0.0073448343030372365,55.626641789376706,0.9535675048828125,-3.1820616722106934,2.2721962928771973,0.040038568914617656,0.0073448343030372365,0.062462079959772154
16.611590382266705,-0.028875135252133127,55.540516519037425,0.9494672417640686,-3.1798348426818848,2.27718448638916,0.06138291007090757,0.028875135252133127,0.023663190379508592
16.685327396998872,-0.06439352107911743,55.534977235620545,0.9527927041053772,-3.17911958694458,2.277951240539551,0.012354104661259413,0.06439352107911743,0.029202473796388517
16.68893544442793,-0.041763397938785696,55.54527374579434,0.953125536441803,-3.1789662837982178,2.277108907699585,0.01596215209031726,0.041763397938785696,0.018905963622593447
16.637374346383506,-0.048298520260540115,55.61143437318967,0.9513471722602844,-3.1825783252716064,2.273730993270874,0.0355989459541064,0.048298520260540115,0.04725466377273335
16.65159992287735,-0.03976259773822444,55.511095479187595,0.9509555101394653,-3.1777219772338867,2.279592275619507,0.021373369460263802,0.03976259773822444,0.05308423022933795
16.60243963632618,-0.05022095829452476,55.51433640394877,0.9479233026504517,-3.179100751876831,2.2788734436035156,0.07053365601143113,0.05022095829452476,0.04984330546816551
16.61144182565226,-0.02426970811236046,55.5890825791308,0.9508802890777588,-3.182159185409546,2.274773597717285,0.06153146668535214,0.02426970811236046,0.02490286971386979
16.605731787506127,-0.018504763203802666,55.504200403220466,0.9492390751838684,-3.1784403324127197,2.279038906097412,0.06724150483148605,0.018504763203802666,0.05997930619646752
16.57060753969934,0.01398047589994117,55.599030749656926,0.9501206874847412,-3.1834771633148193,2.2736425399780273,0.10236575263827419,0.01398047589994117,0.034851040239992415
16.571403256737643,0.025230113651550402,55.490529779596685,0.9490259885787964,-3.178961992263794,2.28019118309021,0.1015700355999698,0.025230113651550402,0.07364992982024887
16.56984597360688,-0.002442736134905186,55.47156917446073,0.9474856853485107,-3.1777727603912354,2.2820088863372803,0.10312731873073133,0.002442736134905186,0.09261053495620075

Errors:
rotation,[20.663990444843115, 20.34962642326846, 18.742134643668393, 14.427278021388034, 6.364539661568325, 3.577201072944252, 1.0466001172574702, 0.3684140150377156, 0.24086337826452286, 0.1486904598170485, 0.1428431320384299, 0.2059515449636942, 0.17108328254498223, 0.07473925041425385, 0.19403326094308626, 0.2364217169214241, 0.11034561968334733, 0.13470423372223211, 0.12005135825424866, 0.14201266313061406, 0.174230587738686, 0.1453852112507193, 0.17441591414836097, 0.07300410709448918, 0.10984548317742704, 0.11392123570254929, 0.10595009953676536, 0.0766315136516964, 0.13115212998737985, 0.11422019742782619, 0.17059791977412142, 0.11070404451158239, 0.14572557423175625, 0.15119726877820777, 0.20045007907176907, 0.19818058982183728]
translation,[0.09908907901583852, 0.09956736778423281, 0.11269446262833771, 0.10410338859335244, 0.07051123917830715, 0.020600511571569058, 0.010503541933833738, 0.006274835508815357, 0.0066666828895947106, 0.004758354654755159, 0.007180113390508502, 0.00724727884541565, 0.005233079852533962, 0.005064259017673045, 0.005891760255901879, 0.006549391446657893, 0.006326208491873153, 0.005143741983011374, 0.005532255647946016, 0.00650836106797037, 0.0067786185406957244, 0.005909164986096727, 0.004028758999461424, 0.0057162120673162065, 0.006494286759101797, 0.006404417555748054, 0.005749732265084795, 0.006268628649416463, 0.0057445490237295616, 0.0063587705956731355, 0.00639230552928538, 0.005597179718369816, 0.006510109520659668, 0.005373458542197618, 0.005495805518494379, 0.005767586699879423]
loss,
[0.14085602760314941, 0.12854743003845215, 0.0757637545466423, 0.06363779306411743, 0.02650478482246399, 0.012376967817544937, 0.0036562196910381317, 0.0010379897430539131, 0.0014953998615965247, 0.0010984335094690323, 0.001114538055844605, 0.0018381141126155853, 0.0016514263115823269, 0.0011331446003168821, 0.0012981081381440163, 0.0012077710125595331, 0.0015197114553302526, 0.0014388773124665022, 0.001717688050121069, 0.0009311017347499728, 0.0013382103061303496, 0.0010245736921206117, 0.0015350531321018934, 0.0010111588053405285, 0.0010172430193051696, 0.0009786870796233416, 0.0011899033561348915, 0.0011036231881007552, 0.0014455480268225074, 0.0013889101101085544, 0.0015595618169754744, 0.0013039710465818644, 0.0013348283246159554, 0.0015059909783303738, 0.0014295795699581504, 0.0012399759143590927]

2022-04-28 18:26:57.351923