2022-04-28 16:38:53.281791

reference phi, theta, psi, translation: 16.672973292337613, -0.0, 55.56417970941693, 0.9538894295692444, -3.184936285018921, 2.279534101486206

phi,theta,psi,rot_x,rot_y,rot_z,phi_err,theta_err,psi_err
26.607018987257597,-4.879078348390559,61.415046110949504,1.4386786222457886,-3.2383759021759033,2.121750593185425,9.934045694919984,4.879078348390559,5.850866401532571
26.56736803157838,-5.17073821608396,61.41850218666953,1.4269077777862549,-3.2483973503112793,2.114078998565674,9.894394739240767,5.17073821608396,5.854322477252595
27.167458206771947,-8.243050307360297,60.8291319933783,1.3257839679718018,-3.325190305709839,2.0627403259277344,10.494484914434334,8.243050307360297,5.264952283961364
26.659025755145365,-7.190542555894048,59.7694554644075,1.2973198890686035,-3.3154642581939697,2.0913572311401367,9.986052462807752,7.190542555894048,4.205275754990566
24.10043689205859,-4.480298231414283,60.16224598319659,1.282845377922058,-3.3331170082092285,2.064617156982422,7.427463599720976,4.480298231414283,4.598066273779658
20.687150599634975,-0.8974717226272142,59.33743233902585,1.2364391088485718,-3.3203213214874268,2.0820302963256836,4.014177307297363,0.8974717226272142,3.773252629608919
18.3370839968141,1.8110787296952233,56.57492476317376,1.1345558166503906,-3.2107884883880615,2.242034673690796,1.6641107044764887,1.8110787296952233,1.0107450537568283
17.35797979438736,0.7961038586965756,55.17287475677232,1.0229021310806274,-3.151318073272705,2.3014211654663086,0.6850065020497489,0.7961038586965756,0.3913049526446102
16.63280153473418,-0.10032312771849501,55.587207692203634,0.947364866733551,-3.1797914505004883,2.274502754211426,0.0401717576034315,0.10032312771849501,0.023027982786700818
16.751913203670032,-0.02443212539050598,55.66069711257838,0.9604893922805786,-3.1856682300567627,2.2723166942596436,0.0789399113324194,0.02443212539050598,0.09651740316144952
16.596951579328078,-0.2195278989079792,55.512813271763854,0.9405820965766907,-3.181913375854492,2.279479742050171,0.07602171300953486,0.2195278989079792,0.0513664376530798
16.840463191164663,-0.000461975023273378,55.63601622401254,0.9638029932975769,-3.18072509765625,2.2734012603759766,0.1674898988270499,0.000461975023273378,0.07183651459560991
16.569526662263183,0.1009081329147784,55.2848966893497,0.9494185447692871,-3.169515371322632,2.2910473346710205,0.10344663007442989,0.1009081329147784,0.2792830200672327
16.6844326422176,0.02483817167895514,55.64582779075527,0.9571885466575623,-3.183135986328125,2.2728960514068604,0.011459349879988423,0.02483817167895514,0.08164808133833645
16.68205232129185,-0.036890269675513156,55.486749269891085,0.9516533613204956,-3.1770005226135254,2.2803778648376465,0.009079028954236179,0.036890269675513156,0.07743043952584827
16.51536155459769,0.011866637197730429,55.55038955748268,0.9469871520996094,-3.1817140579223633,2.2765893936157227,0.15761173773992354,0.011866637197730429,0.013790151934252037
16.66109730091825,-0.03519351789850895,55.46281628703936,0.9513970017433167,-3.176199436187744,2.2816033363342285,0.011875991419362464,0.03519351789850895,0.1013634223775739
16.63096762894203,-0.018178511245171586,55.46454090980479,0.950727641582489,-3.176971912384033,2.281075954437256,0.04200566339558165,0.018178511245171586,0.09963879961214417
16.594608824442762,-0.030797400008519788,55.5014375917012,0.9480626583099365,-3.1787471771240234,2.279857873916626,0.07836446789485052,0.030797400008519788,0.0627421177157359
16.57765629492279,-0.005819548019275201,55.450180437074835,0.9472886919975281,-3.1767938137054443,2.282093048095703,0.09531699741482313,0.005819548019275201,0.11399927234209883
16.575897521211512,-0.13076619249234966,55.51885798917932,0.9425280690193176,-3.1824419498443604,2.2787516117095947,0.09707577112610011,0.13076619249234966,0.0453217202376166
16.524204942025563,0.008736120896190242,55.47079736308452,0.9456570148468018,-3.1804771423339844,2.283224582672119,0.14876835031205005,0.008736120896190242,0.09338234633241171
16.478546834971322,0.06129307236456047,55.44191932327371,0.9444992542266846,-3.179137945175171,2.2842445373535156,0.1944264573662906,0.06129307236456047,0.12226038614322476
16.63569411984768,-0.07554618144232356,55.45459615437325,0.9488922953605652,-3.1781294345855713,2.283824920654297,0.03727917248993151,0.07554618144232356,0.10958355504368456
16.55037651937776,-0.009010663001936856,55.50651242225452,0.9466428756713867,-3.1790831089019775,2.2792606353759766,0.12259677295985227,0.009010663001936856,0.05766728716241687
16.63053732702432,-0.006503532469994754,55.50571670521621,0.9509645700454712,-3.1784584522247314,2.278972864151001,0.042435965313291746,0.006503532469994754,0.05846300420072481
16.62250673210768,-0.03849301910915381,55.50805604500694,0.9484589099884033,-3.1791508197784424,2.2784838676452637,0.0504665602299319,0.03849301910915381,0.056123664409994944
16.58370442743284,0.009133656466456136,55.44683705947612,0.9483732581138611,-3.176931619644165,2.28208065032959,0.08926886490477415,0.009133656466456136,0.11734264994081656
16.600293249379504,0.0073318322048749555,55.511027177295894,0.9494226574897766,-3.1796321868896484,2.279696226119995,0.07268004295810826,0.0073318322048749555,0.05315253212103954
16.653140130535185,-0.12301916976266623,55.52384744236801,0.9482109546661377,-3.1801748275756836,2.278925895690918,0.019833161802427668,0.12301916976266623,0.040332267048924564
16.67028561289921,-0.07175979416552128,55.47451640108759,0.9504024982452393,-3.1784067153930664,2.282588005065918,0.002687679438402313,0.07175979416552128,0.08966330832934233
16.600429853162904,-0.12952529975068547,55.42437939748511,0.9439238905906677,-3.1784989833831787,2.2839066982269287,0.07254343917470862,0.12952529975068547,0.13980031193182185
16.600805513567256,-0.04029424542681423,55.53469378276999,0.9480928778648376,-3.1817097663879395,2.278420925140381,0.07216777877035696,0.04029424542681423,0.029485926646941607
16.651762139870137,-0.06895810140876098,55.49794053484615,0.9500580430030823,-3.178978443145752,2.28002667427063,0.02121115246747607,0.06895810140876098,0.06623917457078221
16.593051541312,-0.0637530044284425,55.490871289055185,0.9466559290885925,-3.1786653995513916,2.280014753341675,0.07992175102561205,0.0637530044284425,0.073308420361748
16.578421276109832,-0.03911593079541553,55.466282608043144,0.9459279775619507,-3.1786670684814453,2.281670331954956,0.0945520162277802,0.03911593079541553,0.09789710137378904

Errors:
rotation,[20.663990444843115, 20.919455432577323, 24.002487505755994, 21.381870773692366, 16.50582810491492, 8.684901659533496, 4.4859344879285405, 1.8724153133909347, 0.16352286810862732, 0.1998894398843749, 0.34691604957059385, 0.2397883884459332, 0.483637783056441, 0.11794560289728001, 0.1233997381555976, 0.183268526871906, 0.1484329316954453, 0.1598229742528974, 0.1719039856191062, 0.21513581777619717, 0.2731636838560664, 0.250886817540652, 0.37797991587407587, 0.22240890897593962, 0.189274723124206, 0.10740250198401131, 0.14508324374908066, 0.21574517131204685, 0.13316440728402276, 0.18318459861401848, 0.16411078193326592, 0.341869050857216, 0.1419479508441128, 0.15640842844701924, 0.21698317581580256, 0.23156504839698477]
translation,[0.09908907901583852, 0.09894149608090252, 0.10039523327423261, 0.09792880396725323, 0.09415964399362675, 0.07839246065359351, 0.04601463498593894, 0.0029353105555989245, 0.008451067663009404, 0.0019297973687910641, 0.0055487416946036205, 0.004432741584775357, 0.00668838528222615, 0.004390593804680876, 0.006318351431890967, 0.00584026632331458, 0.00631670533034967, 0.006164130577293925, 0.006081241889894784, 0.006539009643715232, 0.0050880237041495135, 0.0033730928037014607, 0.004123768775648351, 0.004125067848128161, 0.006488357547631551, 0.006125873146952898, 0.006447138845621758, 0.006181850429800129, 0.005153314560126354, 0.005446412366884701, 0.004251392205879334, 0.004954759512635576, 0.004547302731365832, 0.005332560498355399, 0.006388069777683469, 0.005619754639181629]
loss,
[0.13121943175792694, 0.1283189058303833, 0.09124596416950226, 0.09180654585361481, 0.08968521654605865, 0.045603036880493164, 0.021503275260329247, 0.004164059646427631, 0.0024573474656790495, 0.0021546264179050922, 0.0022031941916793585, 0.0016998150385916233, 0.001587117905728519, 0.002212129533290863, 0.0019458539318293333, 0.0014280558098107576, 0.0011357595212757587, 0.002097463235259056, 0.0012783785350620747, 0.0009944478515535593, 0.0015013812808319926, 0.0012482376769185066, 0.0016868209931999445, 0.0010578874498605728, 0.0009864741005003452, 0.001748093287460506, 0.0009817422833293676, 0.0013514583697542548, 0.0023287858348339796, 0.002061573788523674, 0.0017783105140551925, 0.002124094869941473, 0.0011652837274596095, 0.0010672960197553039, 0.0012867501936852932, 0.0009801224805414677]

2022-04-28 16:41:30.033740