2022-04-28 16:41:33.783750

reference phi, theta, psi, translation: -86.91639066027085, -0.0, 34.793557367935236, -2.296917200088501, -0.12373751401901245, 3.3104169368743896

phi,theta,psi,rot_x,rot_y,rot_z,phi_err,theta_err,psi_err
-76.53055527251121,6.8177051513072,38.18892636661862,-2.336111545562744,-0.9462913274765015,3.345968008041382,10.385835387759641,6.8177051513072,3.395368998683381
-76.00782040476261,6.588461618270775,38.418369496312266,-2.369135618209839,-0.9739086031913757,3.3143627643585205,10.908570255508238,6.588461618270775,3.6248121283770303
-75.90284039721952,5.318192879582198,40.631272240220945,-2.5496788024902344,-0.9549323916435242,3.166404962539673,11.013550263051329,5.318192879582198,5.837714872285709
-77.28290060958811,5.834839029964412,41.00986962591475,-2.565762519836426,-0.9303939342498779,3.138731002807617,9.633490050682738,5.834839029964412,6.216312257979517
-77.44601918734635,4.998636750106372,40.18197898152292,-2.530231237411499,-0.8569015860557556,3.1785216331481934,9.470371472924498,4.998636750106372,5.388421613587681
-78.41182842655367,4.8138116881486175,39.860499052763345,-2.5344436168670654,-0.7866941690444946,3.1783230304718018,8.50456223371718,4.8138116881486175,5.066941684828109
-80.58359635618594,4.48465857172602,40.33335304900333,-2.6067967414855957,-0.6749157905578613,3.13678240776062,6.3327943040849135,4.48465857172602,5.539795681068092
-82.64349944759175,3.929592643860552,39.22203345971806,-2.56968092918396,-0.5431452393531799,3.1894915103912354,4.272891212679099,3.929592643860552,4.4284760917828265
-84.54673849000497,2.5854197993801735,38.82655526149057,-2.5587754249572754,-0.38979417085647583,3.193686008453369,2.36965217026588,2.5854197993801735,4.032997893555333
-86.24257200808158,0.7414838386371231,37.38823012040719,-2.4706344604492188,-0.2030193954706192,3.249932289123535,0.6738186521892686,0.7414838386371231,2.5946727524719506
-87.62831493783962,-0.2592513567236283,34.14218613245321,-2.267782211303711,-0.08259718120098114,3.3584508895874023,0.7119242775687695,0.2592513567236283,0.6513712354820242
-87.20416702057099,-0.06040318585201588,35.05271182051845,-2.3096959590911865,-0.11365006119012833,3.302581310272217,0.28777636030014264,0.06040318585201588,0.25915445258321057
-87.11775829738117,-0.012384216075394602,34.705717720114286,-2.283146858215332,-0.11528202146291733,3.3052732944488525,0.20136763711032302,0.012384216075394602,0.08783964782094955
-86.95545251213416,-0.06546777669677072,34.78254710299317,-2.2872605323791504,-0.11936257779598236,3.2997944355010986,0.039061851863309016,0.06546777669677072,0.011010264942065362
-86.99812753406839,-0.030301133024649277,34.89702107348259,-2.295227527618408,-0.11862830072641373,3.296633243560791,0.08173687379753858,0.030301133024649277,0.10346370554735529
-86.95659315372555,-0.07249214187481277,34.91325984823429,-2.298743724822998,-0.11832047253847122,3.300438404083252,0.04020249345470006,0.07249214187481277,0.11970248029905406
-86.88767654500012,-0.06748278077807356,34.79833508525966,-2.2899560928344727,-0.12038594484329224,3.3017477989196777,0.028714115270730645,0.06748278077807356,0.004777717324422781
-86.94493402081234,0.059893731535372634,34.90121139453839,-2.2970359325408936,-0.1265200674533844,3.3001043796539307,0.02854336054149087,0.059893731535372634,0.10765402660315715
-86.93886881282937,0.04561036468697391,34.712851852702364,-2.2840378284454346,-0.12567786872386932,3.305769205093384,0.022478152558520037,0.04561036468697391,0.0807055152328715
-86.98002753276786,0.04182834560774138,34.96930838056342,-2.3000893592834473,-0.12449148297309875,3.2953262329101562,0.063636872497014,0.04182834560774138,0.17575101262818293
-86.97713153255977,-0.028439034998756142,34.765939498026285,-2.2876553535461426,-0.11941193044185638,3.3022232055664062,0.06074087228891756,0.028439034998756142,0.02761786990895132
-87.06314410477775,-0.1573794981645739,34.78623540514498,-2.2883806228637695,-0.10927282273769379,3.2976291179656982,0.1467534445068992,0.1573794981645739,0.00732196279025743
-86.88541575238484,-0.04918572129435109,34.881082827054364,-2.2955880165100098,-0.1234927773475647,3.300947904586792,0.0309749078860051,0.04918572129435109,0.0875254591191279
-86.90517548965369,0.024750926893183475,34.88728122372615,-2.2967190742492676,-0.12689419090747833,3.3016324043273926,0.01121517061716304,0.024750926893183475,0.09372385579091258
-86.99148859019515,-0.13265827482891873,34.8482979190383,-2.291516065597534,-0.11306238919496536,3.2947990894317627,0.07509792992429709,0.13265827482891873,0.05474055110306608
-86.95601941783526,-0.01493961272502388,34.70178353115236,-2.2820937633514404,-0.12120774388313293,3.3042068481445312,0.039628757564415196,0.01493961272502388,0.09177383678287754
-86.96907873952833,-0.04755043696231313,34.937961227367644,-2.2994184494018555,-0.12034892290830612,3.2953548431396484,0.05268807925747865,0.04755043696231313,0.1444038594324084
-86.97276704168013,-0.0699508067413221,34.76980197000193,-2.2888004779815674,-0.11780288815498352,3.3030829429626465,0.056376381409279475,0.0699508067413221,0.023755397933307165
-86.88028628031816,-0.03012287526665041,34.84484184331828,-2.292573928833008,-0.12362220883369446,3.300149917602539,0.03610437995268967,0.03012287526665041,0.05128447538304215
-86.9448520585423,-0.07938276094509447,34.821530407681024,-2.2914016246795654,-0.11787716299295425,3.300407648086548,0.028461398271446114,0.07938276094509447,0.027973039745788242
-87.00907632730792,-0.11407681203686551,34.78962317897331,-2.287693500518799,-0.11256334185600281,3.2985680103302,0.09268566703707393,0.11407681203686551,0.003934188961927987
-86.9052847726804,0.006227892705264372,34.86260033516031,-2.292587995529175,-0.12483946233987808,3.2980127334594727,0.011105887590446173,0.006227892705264372,0.06904296722507297
-86.95890858785418,-0.13311991280459917,34.81176665226249,-2.2919921875,-0.11450247466564178,3.3025190830230713,0.04251792758333295,0.13311991280459917,0.01820928432725566
-86.94328111503319,-0.003376528046845279,34.85906912735941,-2.2940304279327393,-0.12268814444541931,3.300612449645996,0.026890454762337868,0.003376528046845279,0.06551175942417586
-86.91283213171327,-0.11887624592877935,34.849073145509095,-2.2929272651672363,-0.11716783046722412,3.299683094024658,0.0035585285575763237,0.11887624592877935,0.05551577757385928
-86.92462103822072,-0.0761451283429475,34.88482918581411,-2.2944512367248535,-0.11950773000717163,3.2985291481018066,0.008230377949871581,0.0761451283429475,0.0912718178788765

Errors:
rotation,[20.598909537750224, 21.121844002156042, 22.169458014919236, 21.68464133862667, 19.85742983661855, 18.385315606693908, 16.357248556879025, 12.630959948322477, 8.988069863201385, 4.009975243298342, 1.622546869774422, 0.6073339987353691, 0.3015915010066672, 0.1155398935021451, 0.21550171236954313, 0.2323971156285669, 0.10097461337322698, 0.19609111868002066, 0.14879403247836545, 0.28121623073293833, 0.11679777719662501, 0.3114549054617305, 0.1676860882994841, 0.1296899533012591, 0.2624967558562819, 0.1463422070723166, 0.2446423756522002, 0.15008258608390873, 0.11751173060238224, 0.13581719896232883, 0.21069666803586742, 0.08637674752078352, 0.19384712471518778, 0.09577874223335901, 0.17795055206021496, 0.1756473241716956]
translation,[0.1579505536533441, 0.1577017729925041, 0.14485943603052664, 0.128246391454077, 0.12090078930372972, 0.10940606221489269, 0.1029132833238906, 0.10059268399137355, 0.07969848799263879, 0.056328955003849046, 0.02212302256601628, 0.000577362475936205, 0.012312981509210452, 0.014357584698585057, 0.012430959761331017, 0.007310263276703921, 0.011187292755959533, 0.008310157520497796, 0.011087347856090446, 0.01054629463878154, 0.012135911675386524, 0.01578526099006794, 0.008538665864749717, 0.007225634453340568, 0.01621540937238919, 0.01361393771360131, 0.011032766066607635, 0.010825131409769817, 0.010909072240463225, 0.011538449491963476, 0.01531474943834521, 0.012617619226259258, 0.00956557048750728, 0.009727298182959032, 0.011284054737489058, 0.011292655665664064]
loss,
[0.08631150424480438, 0.08008552342653275, 0.051763758063316345, 0.057500533759593964, 0.03954336419701576, 0.0521872416138649, 0.044951796531677246, 0.037822674959897995, 0.034493349492549896, 0.01678994670510292, 0.007770596072077751, 0.003341377479955554, 0.003577473573386669, 0.0026326123625040054, 0.003152766264975071, 0.0017477002693340182, 0.003111310303211212, 0.002143765799701214, 0.0014203579630702734, 0.0018788089510053396, 0.003393332939594984, 0.0031113680452108383, 0.0025407217908650637, 0.0026571289636194706, 0.002510602818801999, 0.0024027214385569096, 0.001976105384528637, 0.002093331189826131, 0.0020766081288456917, 0.0022689541801810265, 0.0018978718435391784, 0.0021871093194931746, 0.0021492494270205498, 0.002647319808602333, 0.0015194047009572387, 0.0020786821842193604]

2022-04-28 16:44:09.702846