2022-04-19 16:04:15.183489

reference phi, theta, psi, translation: 132.9853677440357, -8.537735924097414e-07, 76.34363348549546, 2.865516185760498, 2.6707684993743896, 0.9517420530319214

phi,theta,psi,rot_x,rot_y,rot_z,phi_err,theta_err,psi_err
143.3552887910292,-3.0579185397180266,69.36864430507845,2.3124754428863525,2.981729030609131,1.6183615922927856,10.369921046993511,3.0579176859444344,6.974989180417012
143.4032367190027,-3.271448718800227,68.90637710205198,2.3085107803344727,2.969879388809204,1.6496026515960693,10.417868974967007,3.2714478650266345,7.437256383443483
143.50717853779196,-5.082557409098668,67.22165630175498,2.3243765830993652,2.89247727394104,1.7684967517852783,10.52181079375626,5.082556555325076,9.121977183740483
144.50174970359421,-8.042629530684883,64.73942895358894,2.311861276626587,2.8080501556396484,1.9239723682403564,11.516381959558515,8.04262867691129,11.604204531906518
146.4386820691831,-13.929716065471547,59.877748113698054,2.3367838859558105,2.597581386566162,2.159496307373047,13.453314325147403,13.929715211697955,16.465885371797405
147.14572959168447,-18.301681023676476,54.386586794615035,2.4523394107818604,2.3195693492889404,2.3632564544677734,14.160361847648772,18.301680169902884,21.957046690880425
147.35380447455975,-22.735202474378298,48.94589032821466,2.5563883781433105,2.008601665496826,2.5717873573303223,14.368436730524053,22.735201620604705,27.3977431572808
144.2220261363255,-25.573643819061978,46.9307113154941,2.7557060718536377,1.726212501525879,2.607867956161499,11.236658392289797,25.573642965288386,29.41292217000136
142.7058334236094,-24.037360528954366,49.52506987926423,2.782696485519409,1.8259353637695312,2.50579571723938,9.720465679573692,24.037359675180774,26.81856360623123
142.8236132056571,-22.305069707070174,51.08478114227708,2.718860626220703,1.9478418827056885,2.4886348247528076,9.838245461621398,22.305068853296582,25.25885234321838
143.73392715785806,-25.53717998028928,47.57239734273304,2.7713823318481445,1.7496951818466187,2.5970544815063477,10.748559413822363,25.53717912651569,28.77123614276242
142.60284783130393,-24.312995348491675,48.805717770973075,2.7841458320617676,1.7862756252288818,2.554699659347534,9.617480087268234,24.312994494718083,27.537915714522384
142.7780558438931,-26.23095986077905,42.65064840418648,2.7656989097595215,1.4597716331481934,2.761110305786133,9.7926880998574,26.230959007005456,33.69298508130898
140.90351042618312,-23.50844762591968,41.86431946089417,2.65982985496521,1.426588535308838,2.8723933696746826,7.918142682147419,23.508446772146087,34.47931402460129
140.46051801699443,-21.686800939560406,42.929828971416164,2.6085925102233887,1.508340835571289,2.868314504623413,7.475150272958729,21.686800085786814,33.413804514079295
140.67616074947006,-21.560238550783836,43.57458516868703,2.614025354385376,1.5601038932800293,2.833561658859253,7.690793005434358,21.560237697010244,32.76904831680843
140.41246080599421,-20.78561219481569,44.44585434449761,2.610687255859375,1.6218533515930176,2.814336061477661,7.427093061958516,20.7856113410421,31.897779140997848
139.78012189263444,-20.36880920968937,44.04422214582794,2.607151985168457,1.587805986404419,2.842951536178589,6.7947541485987415,20.368808355915778,32.29941133966752
139.42017092337477,-19.976512643578616,44.81094161601313,2.6247963905334473,1.6157481670379639,2.8097164630889893,6.43480317933907,19.976511789805024,31.532691869482328
140.05401247835195,-20.592764276313726,43.83130807392571,2.6190152168273926,1.5683398246765137,2.841365098953247,7.068644734316251,20.592763422540134,32.51232541156975
140.6208498775713,-20.248225082131633,43.593528698350056,2.585348129272461,1.5934758186340332,2.8497228622436523,7.635482133535589,20.24822422835804,32.7501047871454
140.40325371099303,-20.03031822937363,44.40642707751371,2.5889892578125,1.6267063617706299,2.8208537101745605,7.4178859669573285,20.03031737560004,31.937206407981748
140.27391724886968,-20.508247967622626,42.93264300935421,2.5734493732452393,1.5291328430175781,2.874873399734497,7.288549504833981,20.508247113849034,33.41099047614125
141.36553174239944,-20.1301804725375,43.71852799035046,2.5357649326324463,1.6291803121566772,2.846435070037842,8.380163998363741,20.130179618763908,32.625105495145
141.89830015803878,-20.77559103897913,42.17950878542817,2.5196211338043213,1.5548957586288452,2.896987199783325,8.91293241400308,20.775590185205537,34.16412470006729
141.90198846019058,-20.483514769535176,41.33923500807111,2.4921343326568604,1.52859365940094,2.935112237930298,8.916620716154881,20.483513915761584,35.00439847742435
141.75613660065414,-19.41473554597129,42.95400101088884,2.487903594970703,1.6214879751205444,2.889171600341797,8.770768856618446,19.414734692197698,33.38963247460662
141.82177471857796,-19.9630164896678,42.17958050241445,2.4909589290618896,1.575742483139038,2.912890672683716,8.836406974542257,19.96301563589421,34.16405298308101
141.5437723589801,-20.45376201512567,41.50895154856758,2.498412847518921,1.5184884071350098,2.934077262878418,8.558404614944408,20.453761161352077,34.83468193692788
141.4431226913708,-20.341563352378003,41.77810539809569,2.503267765045166,1.5265767574310303,2.9227311611175537,8.457754947335104,20.34156249860441,34.56552808739977
141.8042074720327,-19.833048737214874,42.5144134510014,2.4862401485443115,1.5985383987426758,2.8960607051849365,8.818839727996988,19.83304788344128,33.82922003449406
141.77306180941744,-20.291155066434378,41.7361919422539,2.4905667304992676,1.5374776124954224,2.9197142124176025,8.787694065381743,20.291154212660786,34.607441543241556
142.31346637654883,-20.205683560854194,41.414503692724644,2.4684340953826904,1.5439560413360596,2.930128812789917,9.328098632513132,20.2056827070806,34.929129792770816
142.12533564605002,-19.79342871654942,42.12749347980394,2.4688241481781006,1.5797866582870483,2.905431032180786,9.13996790201432,19.79342786277583,34.21614000569152
142.00191412774788,-19.741204324077817,41.78412279475447,2.4528274536132812,1.5611199140548706,2.9269297122955322,9.016546383712182,19.741203470304225,34.55951069074099
141.91013004568126,-20.189447901020838,41.071054460499724,2.458782434463501,1.506307601928711,2.9477310180664062,8.924762301645558,20.189447047247246,35.272579024995736

Errors:
rotation,[20.402827913354958, 21.126573223437124, 24.72634453282182, 31.163215168376325, 43.84891490864276, 54.41908870843208, 64.50138150840957, 66.22322352757953, 60.576388960985696, 57.40216665813636, 65.05697468310046, 61.4683902965087, 69.71663218817184, 65.9059034788948, 62.57575487282484, 62.02007901925303, 60.11048354399846, 59.462973844182045, 57.94400683862642, 60.17373356842613, 60.63381114903903, 59.38540975053911, 61.20778709482427, 61.13544911227265, 63.85264729927591, 64.40453310934082, 61.575136023422765, 62.96347559351747, 63.84684771322436, 63.364845533339285, 62.481107645932326, 63.686289821284085, 64.46291113236455, 63.14953577048167, 63.3172605447574, 64.38678837388854]
translation,[0.07464079787699607, 0.07625401345811866, 0.07943455577233127, 0.08366365796871733, 0.07635356176090458, 0.08947196682284808, 0.11419283460678464, 0.13716819983934858, 0.13497860469355594, 0.1377551565157562, 0.15057949718244856, 0.14843314087248327, 0.14065173683697552, 0.13546362357589992, 0.12904837256789925, 0.12773203382597842, 0.13619441236987306, 0.14029083937895948, 0.13956705089460186, 0.13927707760086783, 0.13349718245722464, 0.1289497650992475, 0.11926696957001326, 0.11453446942056189, 0.11118038292979815, 0.11160158102656315, 0.11208241118690054, 0.11287552953724234, 0.1109337583165999, 0.10881595732607252, 0.10697242528766893, 0.10305675282723303, 0.09956376374564613, 0.09589762343640018, 0.09444685691889543, 0.09242438432698918]
loss,
[0.22314104437828064, 0.1963910311460495, 0.20067362487316132, 0.1953427791595459, 0.1818666160106659, 0.1444108486175537, 0.12774530053138733, 0.10940057039260864, 0.11556823551654816, 0.11132045090198517, 0.12803128361701965, 0.11293025314807892, 0.09310804307460785, 0.06395330280065536, 0.07248705625534058, 0.0633438378572464, 0.06966805458068848, 0.08308488130569458, 0.0800001323223114, 0.07614593207836151, 0.0733383521437645, 0.06543829292058945, 0.07747854292392731, 0.06382276117801666, 0.07235680520534515, 0.07740059494972229, 0.0744011253118515, 0.08435021340847015, 0.06727777421474457, 0.07496120035648346, 0.07413198798894882, 0.07336600124835968, 0.06971680372953415, 0.07562007755041122, 0.06264029443264008, 0.07466813921928406]

2022-04-19 16:06:53.861542