2022-04-21 20:05:06.623868

reference phi, theta, psi, translation: 16.672973292337613, -0.0, 55.56417970941693, 0.9538894295692444, -3.184936285018921, 2.279534101486206

phi,theta,psi,rot_x,rot_y,rot_z,phi_err,theta_err,psi_err
26.607018987257597,-4.879078348390559,61.415046110949504,1.4386786222457886,-3.2383759021759033,2.121750593185425,9.934045694919984,4.879078348390559,5.850866401532571
25.677153618557476,-4.973928194995787,59.56161280796401,1.31960928440094,-3.233872175216675,2.203916072845459,9.004180326219863,4.973928194995787,3.997433098547077
22.707440301402,-3.574219537395071,54.61980018873054,1.12395179271698,-3.1434550285339355,2.405278205871582,6.034467009064386,3.574219537395071,0.9443795206863967
17.41425713805368,1.0005136021909784,52.86118698689775,1.0189197063446045,-3.0886638164520264,2.4678359031677246,0.7412838457160689,1.0005136021909784,2.702992722519184
16.18613619131932,-0.501940390773733,55.74625889231113,0.913943886756897,-3.2131550312042236,2.276081085205078,0.4868371010182919,0.501940390773733,0.18207918289419922
16.90746222428061,0.09691144971000512,55.514759875677306,0.9695960283279419,-3.1686415672302246,2.2772538661956787,0.23448893194299814,0.09691144971000512,0.049419833739626995
16.731712919199722,-0.014222569036905155,55.497035534781126,0.9565592408180237,-3.177957057952881,2.2819814682006836,0.05873962686210987,0.014222569036905155,0.06714417463580702
16.709880219517775,0.010286664594445485,55.57538121965575,0.9577915668487549,-3.181288003921509,2.278149127960205,0.036906927180162086,0.010286664594445485,0.011201510238819878
16.696964331797282,-0.011195700394411473,55.573817106335824,0.9559971690177917,-3.1811020374298096,2.2771265506744385,0.02399103945966985,0.011195700394411473,0.009637396918890317
16.680853623092514,-0.024621003199953966,55.62464054394989,0.954538106918335,-3.1842806339263916,2.274221420288086,0.00788033075490091,0.024621003199953966,0.06046083453295381
16.661712017943554,0.01770626467721562,55.53272327319444,0.9549545049667358,-3.180022716522217,2.278754711151123,0.011261274394058773,0.01770626467721562,0.03145643622249139
16.64147758252739,0.014761017031711385,55.47955366560048,0.9525700807571411,-3.179053783416748,2.2815613746643066,0.03149570981022265,0.014761017031711385,0.08462604381645633
16.6232307321597,0.01676730601290457,55.54331006640796,0.9522392749786377,-3.181610107421875,2.27919864654541,0.049742560177911344,0.01676730601290457,0.02086964300897165
16.677983236093816,0.04566886836768986,55.59850824018542,0.9571906924247742,-3.182581663131714,2.274689197540283,0.005009943756203228,0.04566886836768986,0.034328530768483745
16.68697688768343,-0.0651454240720076,55.607640203105724,0.9534472823143005,-3.1837050914764404,2.2751526832580566,0.014003595345815967,0.0651454240720076,0.04346049368879079
16.658121045987418,0.057390271209095615,55.516880649414595,0.9556295275688171,-3.1795272827148438,2.2805440425872803,0.014852246350194775,0.057390271209095615,0.04729906000233797
16.64943304536316,0.01246601022893067,55.46546640043733,0.9527250528335571,-3.1771860122680664,2.282460927963257,0.023540246974452117,0.01246601022893067,0.09871330897960462
16.67516066041931,0.053217893841848184,55.5155590078102,0.9568064212799072,-3.1794188022613525,2.280055284500122,0.0021873680816959507,0.053217893841848184,0.048620701606736816
16.65928900833549,0.03244761139136179,55.53881238683951,0.9548667073249817,-3.1803202629089355,2.277935028076172,0.013684284002120961,0.03244761139136179,0.02536732257742358
16.651693837978435,-0.0007911864658706227,55.495734383744235,0.952864944934845,-3.179108142852783,2.2805397510528564,0.021279454359177663,0.0007911864658706227,0.06844532567269823
16.67056565065518,0.026462224424922014,55.53147334857633,0.9557196497917175,-3.1800060272216797,2.2791588306427,0.0024076416824314606,0.026462224424922014,0.03270636084060641
16.68624605744224,0.016602521112851085,55.51125940372768,0.9555205702781677,-3.178804397583008,2.2801361083984375,0.013272765104627382,0.016602521112851085,0.05292030568925554
16.700008888619813,0.022131020893402305,55.48442017538411,0.9561551809310913,-3.1774637699127197,2.2819607257843018,0.027035596282200203,0.022131020893402305,0.07975953403282432
16.682115500541673,0.006013517790810038,55.55146872737154,0.9549376964569092,-3.1807734966278076,2.277406692504883,0.009142208204060864,0.006013517790810038,0.012710982045391006
16.688752736867634,0.01989447575829221,55.54990119895702,0.9563188552856445,-3.180551290512085,2.2779431343078613,0.01577944453002189,0.01989447575829221,0.01427851045990991
16.62750643058013,0.035746829322327714,55.512820101953025,0.9529731273651123,-3.1796209812164307,2.280116558074951,0.04546686175748249,0.035746829322327714,0.05135960746390822
16.716276691675493,0.007115104242503942,55.56688446432826,0.9578131437301636,-3.181161880493164,2.277087926864624,0.043303399337879966,0.007115104242503942,0.0027047549113277114
16.588369446635955,0.0460082791013251,55.52393964992181,0.9513183236122131,-3.17999005317688,2.2799439430236816,0.08460384570165758,0.0460082791013251,0.04024005949512599
16.720576295758015,-0.0041053680505675795,55.50402281830205,0.9568077325820923,-3.1780266761779785,2.2805705070495605,0.047603003420402246,0.0041053680505675795,0.06015689111488598
16.67456814150881,0.026008783028397122,55.51421687563829,0.9555033445358276,-3.1791834831237793,2.2800517082214355,0.0015948491711981205,0.026008783028397122,0.0499628337786433
16.685356425302846,-0.01027173256100222,55.54037650015944,0.9545062184333801,-3.1803090572357178,2.278242349624634,0.012383132965233301,0.01027173256100222,0.023803209257494018
16.668386820309948,0.05161716675266598,55.50127025206653,0.9556536078453064,-3.1783106327056885,2.28035569190979,0.004586472027664712,0.05161716675266598,0.06290945735040054
16.65900897057952,-0.009456202558672336,55.53403808460967,0.9528815746307373,-3.180142879486084,2.279170274734497,0.013964321758091813,0.009456202558672336,0.030141624807264122
16.692254916364558,0.039704436041384766,55.531989027858664,0.9571676254272461,-3.17977237701416,2.279181718826294,0.01928162402694511,0.039704436041384766,0.03219068155826932
16.641542469324506,0.04129362655026278,55.52883348046212,0.9544328451156616,-3.1798081398010254,2.2793900966644287,0.031430823013106846,0.04129362655026278,0.03534622895481476
16.65277471541459,0.018140903453576652,55.49523919502941,0.9533424973487854,-3.1783154010772705,2.281346321105957,0.02019857692302196,0.018140903453576652,0.06894051438752058

Errors:
rotation,[20.663990444843115, 17.97554161976273, 10.553066067145853, 4.444790170426232, 1.1708566746862241, 0.3808202153926302, 0.14010637053482206, 0.05839510201342745, 0.04482413677297164, 0.0929621684878087, 0.06042397529376578, 0.13088277065839038, 0.08737950919978757, 0.08500734289237682, 0.12260951310661436, 0.11954157756162836, 0.13471956618298742, 0.10402596353028096, 0.07149921797090633, 0.09051596649774651, 0.06157622694795988, 0.08279559190673401, 0.12892615120842682, 0.02786670804026191, 0.04995243074822401, 0.1325732985437184, 0.05312325849171162, 0.17085218429810867, 0.1118652625858558, 0.07756646597823855, 0.04645807478372954, 0.11911309613073123, 0.05356214912402827, 0.0911767416265992, 0.10807067851818439, 0.10727999476411919]
translation,[0.09908907901583852, 0.09882803413949848, 0.08347201720061648, 0.051548639679713126, 0.011172931267664055, 0.010396216129128, 0.003492326345851282, 0.0027394198798589287, 0.0038908399513122305, 0.0033665526782415967, 0.004069684823043929, 0.003810272453338648, 0.0032076882910185844, 0.0038157368120259605, 0.003553963811288696, 0.003287918714424798, 0.004737938447523682, 0.003370856969125313, 0.004319281910399653, 0.004276276902185572, 0.0036726727660569836, 0.004115374329730415, 0.003989245362725491, 0.004243305795490038, 0.003787656386640137, 0.004085420116433092, 0.003433943859402433, 0.004282990450805713, 0.004177604784417532, 0.003867999864580085, 0.00423973726303295, 0.004349208663930959, 0.0042306550436492785, 0.0035003365574883816, 0.004003203010652712, 0.004332152264325373]
loss,
[0.17982296645641327, 0.15595364570617676, 0.09951218962669373, 0.027565862983465195, 0.004488908685743809, 0.0018293767934665084, 0.001942337490618229, 0.0015951180830597878, 0.0015959646552801132, 0.001415825798176229, 0.0017443824326619506, 0.0017484532436355948, 0.00147001794539392, 0.0014752305578440428, 0.001820778357796371, 0.0015368562890216708, 0.0014076053630560637, 0.0012872668448835611, 0.001327349804341793, 0.0016530768480151892, 0.0014018029905855656, 0.001439542742446065, 0.0014411616139113903, 0.001597257680259645, 0.001369100995361805, 0.001221388578414917, 0.0015488574281334877, 0.0016125990077853203, 0.0016380955930799246, 0.0013688931940123439, 0.0017951763002201915, 0.0015310186427086592, 0.0013371221721172333, 0.001159685431048274, 0.001385195180773735, 0.0012502814643085003]

2022-04-21 20:14:02.420335