2022-04-21 20:14:06.270720

reference phi, theta, psi, translation: -86.91639066027085, -0.0, 34.793557367935236, -2.296917200088501, -0.12373751401901245, 3.3104169368743896

phi,theta,psi,rot_x,rot_y,rot_z,phi_err,theta_err,psi_err
-76.53055527251121,6.8177051513072,38.18892636661862,-2.336111545562744,-0.9462913274765015,3.345968008041382,10.385835387759641,6.8177051513072,3.395368998683381
-75.82302963676793,7.381760299938717,38.66404798566304,-2.357623338699341,-1.0248525142669678,3.3069264888763428,11.093361023502922,7.381760299938717,3.8704906177278033
-73.10993506446628,10.810764013430928,39.51514761285458,-2.382692575454712,-1.3791499137878418,3.1513376235961914,13.806455595804564,10.810764013430928,4.721590244919341
-74.43171327264716,10.04227598881744,39.667150057738624,-2.4074459075927734,-1.2481998205184937,3.1744539737701416,12.484677387623691,10.04227598881744,4.873592689803388
-76.13779207447878,9.6680993727411,38.401871174372104,-2.3854739665985107,-1.1499496698379517,3.2199971675872803,10.778598585792068,9.6680993727411,3.6083138064368683
-78.29987479586798,8.624518263161008,36.979651619351614,-2.358921527862549,-0.9896751046180725,3.295882225036621,8.61651586440287,8.624518263161008,2.186094251416378
-79.32962143589579,6.951733091965124,36.53005783233011,-2.3747353553771973,-0.8551985025405884,3.3145291805267334,7.586769224375061,6.951733091965124,1.7365004643948723
-80.92854139983909,5.326828965146558,36.68572467370387,-2.422168016433716,-0.6914563179016113,3.3091421127319336,5.987849260431759,5.326828965146558,1.8921673057686306
-82.26747021302586,3.426913993853424,36.786640718690805,-2.4387426376342773,-0.5300862789154053,3.3010571002960205,4.64892044724499,3.426913993853424,1.993083350755569
-84.35045251363714,1.8198217839374302,35.85113019864167,-2.3859643936157227,-0.34060975909233093,3.314830780029297,2.5659381466337123,1.8198217839374302,1.0575728307064338
-87.44673435875482,-0.18315495339764498,34.2383312903049,-2.268787384033203,-0.09587491303682327,3.3469626903533936,0.5303436984839749,0.18315495339764498,0.555226077630337
-87.25870608109355,-0.17366245947032605,35.004203817033016,-2.2993083000183105,-0.10080893337726593,3.2877204418182373,0.3423154208227004,0.17366245947032605,0.21064644909777996
-87.0848367855817,-0.06663756381398915,34.747115496673736,-2.287125825881958,-0.11410459876060486,3.3045904636383057,0.1684461253108509,0.06663756381398915,0.04644187126150001
-87.01995681865576,-0.08420353661969329,34.759109308856274,-2.288886308670044,-0.11498590558767319,3.3030169010162354,0.10356615838490768,0.08420353661969329,0.034448059078961535
-87.12381667517496,-0.11305107121547639,34.823401879513604,-2.2922308444976807,-0.11015256494283676,3.3003857135772705,0.20742601490411516,0.11305107121547639,0.02984451157836787
-87.02778421544458,-0.1272303317629945,34.834149182172624,-2.291900873184204,-0.11307287961244583,3.29752254486084,0.11139355517373417,0.1272303317629945,0.04059181423738778
-86.93311096335904,-0.11697769642861125,34.7504247233266,-2.287945032119751,-0.11714808642864227,3.3043277263641357,0.016720303088192168,0.11697769642861125,0.043132644608633086
-87.04325459391467,-0.06487707829868469,34.912450470817646,-2.2959887981414795,-0.11634610593318939,3.2955024242401123,0.12686393364381843,0.06487707829868469,0.11889310288241006
-86.9808608158466,-0.019778680635090296,34.85454412703428,-2.2935049533843994,-0.12073131650686264,3.298936367034912,0.06447015557574787,0.019778680635090296,0.06098675909904472
-86.91957352842408,0.01972360435160797,34.75516487461059,-2.287583827972412,-0.12531866133213043,3.303104877471924,0.003182868153231766,0.01972360435160797,0.03839249332464334
-87.0029769683791,-0.10670447832876545,34.76387336580236,-2.287816286087036,-0.11399631202220917,3.300828456878662,0.0865863081082523,0.10670447832876545,0.02968400213287481
-87.11553848590091,-0.12262785682830235,34.821407464275964,-2.2917330265045166,-0.10997026413679123,3.2982654571533203,0.19914782563006383,0.12262785682830235,0.027850096340728214
-87.07174331294279,-0.05354629963228934,34.83326125758052,-2.2914516925811768,-0.11583587527275085,3.2981433868408203,0.15535265267193665,0.05354629963228934,0.039703889645281265
-87.01251191246044,-0.04343520893051564,34.8405080882899,-2.2921886444091797,-0.11810344457626343,3.3008148670196533,0.09612125218959022,0.04343520893051564,0.04695072035466552
-86.94027583179839,-0.11377786567207977,34.73872802437296,-2.2883987426757812,-0.11646845936775208,3.3040788173675537,0.023885171527538773,0.11377786567207977,0.05482934356227531
-86.99980093041505,-0.03509094615709315,34.87390429823668,-2.2963790893554688,-0.11925965547561646,3.299978733062744,0.08341027014419922,0.03509094615709315,0.08034693030144524
-87.06412765201823,-0.07503230607207556,34.696575511910225,-2.28485107421875,-0.11429077386856079,3.3058533668518066,0.14773699174737942,0.07503230607207556,0.09698185602501042
-87.12852950570228,-0.10577634225056005,34.822944256839214,-2.291443347930908,-0.11032837629318237,3.298754930496216,0.2121388454314257,0.10577634225056005,0.02938688890397856
-87.02639768704307,-0.043556822872709115,34.85371425905012,-2.294391393661499,-0.11788111925125122,3.300415277481079,0.11000702677222307,0.043556822872709115,0.06015689111488598
-86.95610138010531,-0.11272104626452595,34.766687403740406,-2.2884418964385986,-0.11557427048683167,3.302309513092041,0.03971071983445995,0.11272104626452595,0.02686996419483023
-87.04972278305867,-0.04861359414336235,34.870188675328194,-2.2945098876953125,-0.11655491590499878,3.2980690002441406,0.13333212278782014,0.04861359414336235,0.07663130739295809
-87.02059202624856,-0.05323364123533745,34.81218329380186,-2.291188955307007,-0.11713097244501114,3.2997021675109863,0.10420136597771545,0.05323364123533745,0.018625925866622595
-87.01045602552027,-0.005248856531715088,34.83832925794467,-2.2919840812683105,-0.12056166678667068,3.297830581665039,0.09406536524942055,0.005248856531715088,0.04477189000943582
-87.0174637996087,-0.06685917524627173,34.84478378671033,-2.292325019836426,-0.11674491316080093,3.297899007797241,0.10107313933785633,0.06685917524627173,0.05122641877509437
-87.028282819254,-0.04316066073203188,34.84202097519106,-2.2917797565460205,-0.11791250854730606,3.2987728118896484,0.11189215898315297,0.04316066073203188,0.04846360725582599
-87.028965838171,-0.05272253512799967,34.80505257630836,-2.2899584770202637,-0.11682381480932236,3.300248622894287,0.1125751779001547,0.05272253512799967,0.011495208373126786

Errors:
rotation,[20.598909537750224, 22.345611941169444, 29.33880985415483, 27.40054606624452, 24.055011764970036, 19.427128378980257, 16.275002780735058, 13.206845531346946, 10.068917791853982, 5.443332761277576, 1.2687247295119568, 0.7266243293908063, 0.2815255603863401, 0.2222177540835625, 0.35032159769795945, 0.2792157011741164, 0.1768306441254365, 0.3106341148249132, 0.1452355953098829, 0.061298965829483076, 0.22297478856989256, 0.3496257787990944, 0.24860284194950727, 0.18650718147477138, 0.19249238076189384, 0.1988481466027376, 0.3197511538444654, 0.3473020765859643, 0.21372074075981817, 0.17930173029381613, 0.2585770243241406, 0.1760609330796755, 0.14408611179057146, 0.21915873335922242, 0.20351642697101086, 0.17679292140128117]
translation,[0.1579505536533441, 0.1574834733749757, 0.15339108917185929, 0.14391085416131233, 0.1379540176927465, 0.14101773641085646, 0.13502478199582946, 0.12764875547717836, 0.1071600482922852, 0.06727865869002336, 0.013465982136375843, 0.017889919106746532, 0.010645987408336666, 0.010912082951845647, 0.011302783665954053, 0.01376031628435026, 0.010308314273951957, 0.012990335845771916, 0.011461937319689142, 0.011272349872064602, 0.013347505403514148, 0.013332356544392354, 0.013428198781102019, 0.010748780321407914, 0.010274406971004346, 0.009010087552308477, 0.010895870603115476, 0.01308592189836233, 0.009826978398443487, 0.011729422373388587, 0.011723456574585178, 0.012260750511315699, 0.013242265879381598, 0.013104316706356478, 0.012663995127997651, 0.012522310876118325]
loss,
[0.12442275881767273, 0.11735453456640244, 0.06993862241506577, 0.0638047456741333, 0.0651988685131073, 0.05736038088798523, 0.05382310599088669, 0.05093161389231682, 0.04236184060573578, 0.03203076869249344, 0.006944836582988501, 0.0034276125952601433, 0.0030085365287959576, 0.0023739300668239594, 0.002455578651279211, 0.0028458579909056425, 0.002435168018564582, 0.0027742902748286724, 0.002896126126870513, 0.003012691391631961, 0.002748600672930479, 0.0025528701953589916, 0.002386550884693861, 0.0034796465188264847, 0.0031929556280374527, 0.002056607510894537, 0.0022864569909870625, 0.002338866703212261, 0.0030952550005167723, 0.0030728343408554792, 0.002422632183879614, 0.0026026254054158926, 0.002399270888417959, 0.002488645724952221, 0.0029233223758637905, 0.0026597329415380955]

2022-04-21 20:23:05.868945