2022-04-28 15:17:17.856322

reference phi, theta, psi, translation: -139.02455270626928, -8.537736090602699e-07, 56.38966954231551, -2.2014424800872803, 2.5346622467041016, 2.231398344039917

phi,theta,psi,rot_x,rot_y,rot_z,phi_err,theta_err,psi_err
-129.04008655489625,6.852725648450977,53.065809209147574,-2.6847352981567383,1.8050535917282104,2.604990243911743,9.984466151373027,6.852726502224586,3.3238603331679357
-130.77421694364915,7.4594951958342355,51.330958235437265,-2.626382827758789,1.7957231998443604,2.6648976802825928,8.250335762620125,7.459496049607845,5.058711306878244
-132.93190102321284,7.941708520883798,48.46313597277275,-2.5596110820770264,1.7718249559402466,2.747183322906494,6.092651683056431,7.941709374657407,7.926533569542762
-131.77481233629933,6.7447700190027655,49.21345274366615,-2.5697996616363525,1.816277027130127,2.714078426361084,7.249740369969942,6.744770872776375,7.176216798649357
-132.5876594890442,6.47482189379728,50.20094783348826,-2.5558061599731445,1.9022046327590942,2.6748850345611572,6.436893217225077,6.474822747570889,6.188721708827252
-132.6202804725202,6.140760263697437,51.50382349314111,-2.5909576416015625,1.9702694416046143,2.5987706184387207,6.404272233749083,6.140761117471047,4.885846049174397
-133.17793809749506,6.016415305775219,52.1431326145489,-2.581866979598999,2.0260581970214844,2.569432497024536,5.8466146087742175,6.016416159548828,4.246536927766613
-133.48268747788268,5.782593406296305,52.9567481635754,-2.5916924476623535,2.0864763259887695,2.519516706466675,5.541865228386598,5.7825942600699145,3.4329213787401116
-134.67907707328044,3.9383626707281145,53.75048786211716,-2.5147740840911865,2.2411375045776367,2.47973370552063,4.345475632988837,3.9383635245017237,2.639181680198348
-137.41163085452746,1.4644438576306622,54.574119883561494,-2.3475005626678467,2.4805667400360107,2.4349489212036133,1.6129218517418167,1.4644447114042713,1.8155496587540156
-137.2447556727257,1.1235627941569968,54.04598575127401,-2.325536012649536,2.4583091735839844,2.4562489986419678,1.7797970335435878,1.123563647930606,2.3436837910414994
-137.3665652663837,1.1068489677924247,54.22499134904171,-2.3195183277130127,2.462463617324829,2.439145565032959,1.6579874398855736,1.1068498215660338,2.164678193273801
-137.52180180583974,1.0669758797390196,54.56669888302827,-2.312072277069092,2.4698333740234375,2.413057804107666,1.5027509004295325,1.0669767335126288,1.8229706592872361
-137.67467509984297,0.8572943995138934,54.585475073056635,-2.294250965118408,2.475022792816162,2.4040725231170654,1.349877606426304,0.8572952532875024,1.8041944692588743
-137.83491133777147,0.6334060694210891,54.788826880120844,-2.2818877696990967,2.487954616546631,2.382580518722534,1.1896413684978029,0.6334069231946982,1.6008426621946654
-138.0042727084311,0.7111950479990219,55.11620809232331,-2.2805819511413574,2.493943929672241,2.357910633087158,1.0202799978381734,0.7111959017726309,1.2734614499921975
-138.31111212670476,0.38419981832039085,55.21186830674392,-2.251657009124756,2.5096209049224854,2.3443453311920166,0.7134405795645193,0.3842006720939999,1.177801235571586
-138.22203279954945,0.4703943811554812,55.43254147354328,-2.2583086490631104,2.503847122192383,2.3254053592681885,0.802519906719823,0.47039523492909024,0.9571280687722279
-138.44196489082387,0.18231334669714713,55.42477213336239,-2.233567476272583,2.5100390911102295,2.318321704864502,0.5825878154454074,0.1823142004707562,0.9648974089531208
-138.6609407556145,0.3033636253560561,55.7701133279874,-2.230335235595703,2.51861834526062,2.29062819480896,0.3636119506547857,0.30336447912966513,0.6195562143281066
-138.7020721547963,0.19258196897176605,55.94447439711949,-2.2211623191833496,2.518733501434326,2.272040367126465,0.32248055147297805,0.1925828227453751,0.445195145196017
-138.7942523878348,0.17903161421726257,56.10434863502198,-2.2163939476013184,2.5222625732421875,2.257392168045044,0.23030031843447318,0.17903246799087164,0.28532090729353143
-138.8479376747111,0.11892796459432842,56.154294393327696,-2.212336301803589,2.5241804122924805,2.252936363220215,0.17661503155818536,0.11892881836793748,0.23537514898781353
-138.91348016998654,0.1068000491894441,56.17497279103991,-2.208549976348877,2.527045249938965,2.2502996921539307,0.11107253628273384,0.10680090296305315,0.2146967512755964
-138.9203923214266,0.0874352915381334,56.1815570933998,-2.2069451808929443,2.527360200881958,2.248814582824707,0.10416038484268597,0.08743614531174246,0.20811244891570624
-138.9535050785228,0.11935601852834277,56.20853634062135,-2.2066261768341064,2.526909112930298,2.2457146644592285,0.07104762774648066,0.11935687230195183,0.18113320169415914
-138.96433775854643,0.021684922134176075,56.29936761129877,-2.2036309242248535,2.5307319164276123,2.2387185096740723,0.06021494772284086,0.021685775907785136,0.09030193101673945
-138.9576988146732,0.08370482024957589,56.23525945574903,-2.2025392055511475,2.5246572494506836,2.2425496578216553,0.06685389159608235,0.08370567402318495,0.1544100865664788
-138.9950053079198,0.02351581181338974,56.267183759929665,-2.1993746757507324,2.5288877487182617,2.239485502243042,0.029547398349478726,0.0235166655869988,0.12248578238584429
-138.972957457279,0.041911280101387456,56.261487382161874,-2.2006754875183105,2.526624917984009,2.239623546600342,0.05159524899028156,0.04191213387499652,0.12818216015363504
-139.02024968709216,0.0585270968546626,56.25506358924748,-2.19830584526062,2.527325391769409,2.2394392490386963,0.004303019177115175,0.05852795062827166,0.13460595306803214
-139.0033654594639,0.05086126060200643,56.31536391433494,-2.200460910797119,2.5282633304595947,2.235502243041992,0.02118724680536843,0.05086211437561549,0.07430562798057139
-139.04873157593113,0.0634993597566137,56.33353221752717,-2.1987502574920654,2.5304830074310303,2.2346205711364746,0.024178869661852787,0.06350021353022275,0.056137324788338105
-139.02306372503023,0.05615400460082729,56.3174915182614,-2.198995351791382,2.528813123703003,2.2362074851989746,0.0014889812390492807,0.05615485837443635,0.07217802405411078
-138.9918634209016,0.08244554387545494,56.2705237224338,-2.2005064487457275,2.52510666847229,2.237928628921509,0.0326892853676668,0.082446397649064,0.1191458198817088
-139.00348840286895,0.04966232467853861,56.332681858975505,-2.2004759311676025,2.5290756225585938,2.234273910522461,0.021064303400322615,0.04966317845214767,0.05698768334000448

Errors:
rotation,[20.161052986765547, 20.768543119106212, 21.9608946272566, 21.170728041395673, 19.10043767362322, 17.430879400394527, 16.10956769608966, 14.757380867196623, 10.92302083768891, 4.892916221900103, 5.247044472515693, 4.929515454725408, 4.392698293229397, 4.011367328972681, 3.4238909538871667, 3.0049373496030016, 2.275442487230105, 2.230043210421141, 1.7297994248692845, 1.2865326441125573, 0.9602585194143701, 0.6946536937188763, 0.5309189989139363, 0.4325701905213834, 0.3997089790701347, 0.3715377017425916, 0.17220265464736545, 0.3049696521857461, 0.17554984632232182, 0.2216895430189131, 0.19743692287341896, 0.14635498916155532, 0.14381640798041365, 0.1298218636675964, 0.2342815028984396, 0.12771516519247478]
translation,[0.12242333873291766, 0.1190744870231697, 0.120736790806097, 0.12446422053812256, 0.12886358546189403, 0.13403998481271273, 0.13695605756042895, 0.1423849163040236, 0.15167700000702578, 0.16326574411684458, 0.15032549061626188, 0.13940144580053904, 0.12442196776652636, 0.11240702373572109, 0.10089479727466788, 0.08961773782639959, 0.07546474249327595, 0.064810356182182, 0.05099498066434904, 0.03886017850324919, 0.023466994728021717, 0.014860467275389588, 0.011350643951086425, 0.009601150160191807, 0.008094241261910717, 0.005912472590952511, 0.002784062518274233, 0.0005087433917649875, 0.000270745048014831, 0.0009031434606905364, 0.0018596962878678625, 0.0022811854042608104, 0.00231071307096542, 0.0023449359063301145, 0.0028889857254021933, 0.002444539544765867]
loss,
[0.18423685431480408, 0.14226692914962769, 0.06358670443296432, 0.053940072655677795, 0.04120522737503052, 0.046196721494197845, 0.04438513517379761, 0.03868415206670761, 0.03190246969461441, 0.014841379597783089, 0.013004183769226074, 0.01224893145263195, 0.011991138570010662, 0.010966116562485695, 0.010726883076131344, 0.007127014454454184, 0.005926758050918579, 0.005420799367129803, 0.004868296906352043, 0.004586756229400635, 0.0023894335608929396, 0.001974258339032531, 0.0012279158690944314, 0.001673634396865964, 0.0018852725625038147, 0.0017395842587575316, 0.0016145799309015274, 0.001619459129869938, 0.0014232920948415995, 0.0017378181219100952, 0.0017205914482474327, 0.0011135049862787127, 0.001277971314266324, 0.0015726322308182716, 0.0016696576494723558, 0.0010929086711257696]

2022-04-28 15:21:50.199040