2022-04-28 15:21:54.014574

reference phi, theta, psi, translation: 132.9853677440357, -8.537735924097414e-07, 76.34363348549546, 2.865516185760498, 2.6707684993743896, 0.9517420530319214

phi,theta,psi,rot_x,rot_y,rot_z,phi_err,theta_err,psi_err
143.3552887910292,-3.0579185397180266,69.36864430507845,2.3124754428863525,2.981729030609131,1.6183615922927856,10.369921046993511,3.0579176859444344,6.974989180417012
143.07571548792225,-2.5008955489559206,70.13034700131827,2.3282883167266846,3.003540277481079,1.553717851638794,10.090347743886554,2.5008946951823283,6.213286484177189
142.9644380459644,-2.689045072489357,70.51220238724616,2.3452632427215576,3.0166165828704834,1.5275259017944336,9.979070301928715,2.6890442187157646,5.831431098249297
142.85458128335392,-2.754927289619467,70.8189325224931,2.3597593307495117,3.0177741050720215,1.5058634281158447,9.869213539318224,2.7549264358458747,5.52470096300236
142.87284520919454,-3.4961905326908345,70.49977144295674,2.3713772296905518,2.991839647293091,1.537752628326416,9.887477465158838,3.496189678917242,5.843862042538717
142.65348685381042,-3.7977794813086705,71.62389080674662,2.4070425033569336,3.014617443084717,1.4558590650558472,9.668119109774722,3.797778627535078,4.719742678748844
142.93650257225906,-3.9463594177271695,71.95627513251611,2.3930182456970215,3.0380616188049316,1.4341374635696411,9.95113482822336,3.946358563953577,4.387358352979348
141.79326550898233,-5.9688732863724425,74.03548716870554,2.527562141418457,3.0417234897613525,1.2967110872268677,8.807897764946631,5.96887243259885,2.308146316789916
141.93306582091415,-6.313813830581493,74.52754082670243,2.5300652980804443,3.0433287620544434,1.2606626749038696,8.947698076878453,6.313812976807901,1.8160926587930248
141.6678222546859,-7.363787596814186,75.70253143943056,2.572427272796631,3.048447847366333,1.1790252923965454,8.682454510650189,7.363786743040594,0.6411020460649013
141.5586211902357,-8.39876162047578,76.73641034390621,2.594977617263794,3.0579514503479004,1.10807204246521,8.573253446199999,8.398760766702187,0.3927768584107554
141.889871704603,-9.007178458257684,76.74084996686672,2.576856851577759,3.0587453842163086,1.1132785081863403,8.904503960567297,9.007177604484092,0.39721648137125953
141.58953462641918,-9.195177361229897,77.4414088096566,2.601086139678955,3.0545594692230225,1.0596307516098022,8.604166882383481,9.195176507456305,1.0977753241611339
141.00257548990498,-10.56676647150819,78.86656876111478,2.657620429992676,3.0513370037078857,0.9607484936714172,8.017207745869285,10.566765617734598,2.522935275619318
138.76551095180739,-14.001665929146533,82.54519936505692,2.8219590187072754,3.0278913974761963,0.7064931392669678,5.780143207771687,14.00166507537294,6.201565879561457
138.4140294171185,-15.237555974055958,83.300645608017,2.8453896045684814,3.0195505619049072,0.6593661308288574,5.428661673082814,15.237555120282366,6.957012122521547
132.61022643406193,-22.058257406509313,89.40858325443594,3.1086814403533936,2.8927342891693115,0.26660916209220886,0.3751413099737704,22.05825655273572,13.06494976894048
136.33532964511684,-24.15002036433283,85.29367431725922,3.0145058631896973,3.002201557159424,0.5455536246299744,3.3499619010811443,24.150019510559236,8.950040831763758
138.38748730200385,-25.19035382033353,82.32549950021429,2.953165054321289,3.0329599380493164,0.7267541289329529,5.402119557968149,25.19035296655994,5.9818660147188325
139.82822008476967,-24.648832079441114,80.51985703085138,2.88716197013855,3.0706119537353516,0.8309458494186401,6.84285234073397,24.64883122566752,4.176223545355924
140.5340245128421,-23.53064594571216,79.97984178450267,2.837207555770874,3.104177236557007,0.8697312474250793,7.54865676880641,23.530645091938567,3.636208299007208
140.97828733721641,-22.630165504644065,79.60728911622432,2.8061695098876953,3.117685556411743,0.9017782807350159,7.992919593180716,22.630164650870473,3.263655630728863
141.20532282522763,-22.14962694834311,79.26924939382205,2.789860248565674,3.1165809631347656,0.929031252861023,8.219955081191927,22.149626094569516,2.9256159083265914
141.49038760042728,-21.694708131441644,79.0695278323017,2.771399736404419,3.129988193511963,0.9467121958732605,8.505019856391584,21.69470727766805,2.7258943468062427
141.67862761395284,-21.32086599516806,78.99957303482243,2.7582733631134033,3.1455938816070557,0.9557515978813171,8.693259869917142,21.320865141394467,2.6559395493269733
142.01321126063507,-20.92801162710775,78.9433878987099,2.737168550491333,3.1719889640808105,0.9623809456825256,9.027843516599376,20.928010773334158,2.5997544132144412
142.31827482972452,-20.435489199479296,78.8275000790623,2.7175755500793457,3.1936991214752197,0.9713013768196106,9.332907085688817,20.435488345705703,2.4838665935668445
142.37059407876683,-20.182458908038335,78.66303595403757,2.712388515472412,3.1927664279937744,0.9835925698280334,9.38522633473113,20.182458054264742,2.3194024685421084
142.43531695134186,-20.173749720992408,78.52138466084067,2.7100627422332764,3.1922261714935303,0.9930233359336853,9.449949207306162,20.173748867218816,2.1777511753452075
142.44304872548233,-20.102502870832947,78.42626744645906,2.7094104290008545,3.1914217472076416,0.999578058719635,9.457680981446629,20.102502017059354,2.082633960963605
142.4799044262437,-19.986848687657716,78.31492170260952,2.7067923545837402,3.19030499458313,1.0076508522033691,9.494536682208008,19.986847833884124,1.9712882171140649
142.52324880671662,-19.920700494557117,78.24346426351285,2.7042829990386963,3.191725254058838,1.013269066810608,9.537881062680924,19.920699640783525,1.8998307780173889
142.52596722200627,-19.848350600182957,78.11117715966805,2.7037835121154785,3.1879382133483887,1.021907925605774,9.540599477970574,19.848349746409365,1.767543674172586
142.55779590353853,-19.774671706447368,78.01618971888068,2.701826333999634,3.187530279159546,1.028660774230957,9.572428159502834,19.774670852673776,1.6725562333852224
142.5860455659457,-19.692422323075032,77.93162514676675,2.6998918056488037,3.187326669692993,1.034837007522583,9.600677821910011,19.69242146930144,1.587991661271289
142.6065224730774,-19.610027912241637,77.85074887680463,2.6981449127197266,3.1868815422058105,1.0408251285552979,9.621154729041706,19.610027058468045,1.5071153913091706

Errors:
rotation,[20.402827913354958, 18.80452892324607, 18.499545618893777, 18.148840938166458, 19.227529186614795, 18.185640416058643, 18.284851745156285, 17.084916514335397, 17.07760371247938, 16.687343299755682, 17.364791071312943, 18.308898046422648, 18.897118714000918, 21.1069086392232, 25.983374162706085, 27.623228915886727, 35.49834763164997, 36.450022243404135, 36.574338539246924, 35.667907111757415, 34.715510159752185, 33.88673987478005, 33.29519708408803, 32.92562148086588, 32.67006456063858, 32.555608703147975, 32.25226202496137, 31.88708685753798, 31.801449249870185, 31.642816959469588, 31.452672733206196, 31.358411481481838, 31.156492898552525, 31.019655245561832, 30.88109095248274, 30.73829717881892]
translation,[0.07464079787699607, 0.07450378320838702, 0.08391308626997773, 0.08506463223440619, 0.08459916061293526, 0.09213406039794592, 0.09356561843823741, 0.13085520517090554, 0.12246600413961595, 0.12826010238792307, 0.12973632722981776, 0.12043748838107327, 0.11842527704392847, 0.12779420692938714, 0.16776517511198374, 0.1699056359345965, 0.22362048028720682, 0.2581703928664245, 0.2640080320491771, 0.26477995542697474, 0.26329717929221186, 0.2592970103120438, 0.25366935110168676, 0.2553319303103656, 0.2602920544017824, 0.2676828688277775, 0.2733289277061912, 0.27215625706709456, 0.27245602649230527, 0.27296610520159703, 0.2723732698910899, 0.27316787357815375, 0.27208978116814553, 0.2721672419261214, 0.2722830685085631, 0.27230191265839654]
loss,
[0.183821439743042, 0.17962348461151123, 0.17264632880687714, 0.17336009442806244, 0.17712154984474182, 0.17993108928203583, 0.17793670296669006, 0.17809844017028809, 0.17716841399669647, 0.17877808213233948, 0.17758122086524963, 0.1757889688014984, 0.17890994250774384, 0.1776701658964157, 0.17230670154094696, 0.17963634431362152, 0.14842672646045685, 0.12393422424793243, 0.1239742785692215, 0.12149444222450256, 0.12078280746936798, 0.1215105950832367, 0.11964583396911621, 0.12165158987045288, 0.11492349952459335, 0.11679016053676605, 0.1157609224319458, 0.11605915427207947, 0.11766517162322998, 0.11776068061590195, 0.11447133123874664, 0.1206604391336441, 0.11567263305187225, 0.11933101713657379, 0.1175568699836731, 0.11668460816144943]

2022-04-28 15:26:26.038035