2022-04-28 14:54:31.423397

reference phi, theta, psi, translation: 164.57178246643477, -4.268868188959204e-07, 11.003265705708584, 0.2046843022108078, 0.7416750192642212, 3.957021951675415

phi,theta,psi,rot_x,rot_y,rot_z,phi_err,theta_err,psi_err
174.68706040079186,1.035587752499106,3.46078983121423,-0.0498787984251976,0.24902896583080292,4.223120212554932,10.115277934357096,1.035588179385925,7.542475874494354
174.62008356579074,0.8076543552097274,3.5390226045241446,-0.031316354870796204,0.2521785795688629,4.221677780151367,10.048301099355967,0.8076547820965463,7.464243101184439
174.57907511001397,-0.09349712965003343,3.7639960157362595,0.036750052124261856,0.26319923996925354,4.221519470214844,10.007292643579206,0.09349670276321453,7.239269689972325
174.20812753619057,-2.402255637941383,4.223006499189095,0.2127491980791092,0.2869017422199249,4.220394134521484,9.636345069755805,2.4022552110545643,6.780259206519489
168.72735151974058,-6.399934491219606,8.643140795561221,0.6101028323173523,0.5344393849372864,4.170800685882568,4.155569053305811,6.399934064332787,2.3601249101473627
163.37364434260948,-3.398671987653196,12.258085008134877,0.48159000277519226,0.7828959822654724,4.085656642913818,1.198138123825288,3.398671560766377,1.2548193024262932
164.25700636834557,-0.8129402003662921,11.394813130068735,0.2788775861263275,0.7633882164955139,4.021430015563965,0.3147760980891974,0.8129397734794732,0.39154742436015155
164.63098654616044,0.020712683696605578,11.045202213438817,0.20522066950798035,0.7417899966239929,3.9446845054626465,0.05920407972567432,0.020713110583424475,0.04193650773023272
164.58758752417418,-0.5699596062804638,11.173581595304729,0.24822190403938293,0.7420921921730042,3.9475371837615967,0.01580505773941354,0.5699591793936449,0.17031588959614474
164.54932480444376,-0.11198204414424746,11.111733378596618,0.21712589263916016,0.7478172779083252,3.9554684162139893,0.0224576619910124,0.11198161725742857,0.10846767288803427
164.58454125980435,-0.15076156853337094,11.40909334807594,0.22520501911640167,0.7660935521125793,3.9475626945495605,0.012758793369584964,0.15076114164655205,0.40582764236735613
164.5010490273901,-0.20634405391205307,11.31337507704738,0.22837379574775696,0.7588186264038086,3.950826406478882,0.07073343904465901,0.20634362702523418,0.3101093713387968
164.5481090307715,-0.2614747942038613,11.033814580545112,0.2259216606616974,0.7388142347335815,3.9536361694335938,0.023673435663255304,0.26147436731704243,0.030548874836528128
164.54853250250005,-0.1441822227880546,11.413624324816597,0.2248484194278717,0.7660256624221802,3.944972038269043,0.02324996393471679,0.1441817959012357,0.4103586191080133
164.54447537013306,-0.18253397402833163,11.30754892568536,0.22513137757778168,0.758686363697052,3.9490973949432373,0.02730709630171191,0.18253354714151274,0.3042832199767762
164.60161673272938,-0.30282136083761807,11.049693062818099,0.22817544639110565,0.7405677437782288,3.955080270767212,0.029834266294614054,0.3028209339507992,0.046427357109514844
164.5556495596152,-0.2246284588449252,11.342459730080588,0.2290918380022049,0.7603979706764221,3.9499013423919678,0.01613290681956414,0.2246280319581063,0.33919402437200397
164.54816367228486,-0.1516180924808133,11.359802434156896,0.22439105808734894,0.7615514993667603,3.946631908416748,0.023618794149911082,0.1516176655939944,0.35653672844831164
164.56350427716072,-0.242190880548937,11.183748331884294,0.22655171155929565,0.7496309280395508,3.950775384902954,0.008278189274051329,0.2421904536621181,0.18048262617570998
164.5455135588869,-0.2672351635799769,11.28144650399851,0.23058393597602844,0.7561963796615601,3.9490294456481934,0.026268907547859044,0.267234736693158,0.2781807982899256
164.57492435345299,-0.2014044183457719,11.24327001540637,0.2252454310655594,0.7545492649078369,3.9512829780578613,0.0031418870182164937,0.20140399145895302,0.2400043096977864
164.64031658456668,-0.17770396288942245,11.191803686236677,0.2211686670780182,0.7520343065261841,3.9521749019622803,0.06853411813190746,0.17770353600260355,0.18853798052809267
164.58010163684384,-0.2701390410013956,11.195033511940448,0.22874993085861206,0.749805212020874,3.950620412826538,0.0083191704090666,0.2701386141145767,0.19176780623186396
164.54854616287838,-0.23860971339148715,11.323861124970643,0.22897201776504517,0.7586015462875366,3.945983648300171,0.02323630355638784,0.23860928650466826,0.3205954192620588
164.60750435579394,-0.21373522206052611,11.3607808587555,0.2281280905008316,0.7623092532157898,3.947054386138916,0.035721889359166425,0.21373479517370722,0.3575151530469167
164.56007552219737,-0.2175975464405282,11.187555308572929,0.22499440610408783,0.7510001063346863,3.9532203674316406,0.01170694423740315,0.2175971195537093,0.18428960286434481
164.5722059381633,-0.2527230475041655,11.194949842123114,0.2278224527835846,0.7499422430992126,3.952460765838623,0.0004234717285385159,0.2527226206173466,0.19168413641452986
164.57294359859367,-0.21379376464740685,11.300010958162604,0.2270643413066864,0.7582931518554688,3.9503114223480225,0.0011611321588986812,0.21379333776058795,0.29674525245401995
164.56808050390464,-0.24216408495097344,11.226871584982815,0.22785641252994537,0.7533382177352905,3.9515509605407715,0.0037019625301297765,0.24216365806415455,0.22360587927423126
164.56097710716782,-0.25515560478308585,11.32083705871562,0.2304098755121231,0.7585084438323975,3.949352502822876,0.010805359266953474,0.25515517789626696,0.3175713530070361
164.55540367280508,-0.20188555145683135,11.230115924838572,0.22480928897857666,0.7523723840713501,3.9486050605773926,0.016378793629684196,0.20188512457001245,0.2268502191299877
164.56134593738298,-0.23522784053767484,11.308821902191921,0.2286309450864792,0.7576922178268433,3.9494643211364746,0.010436529051787602,0.23522741365085595,0.3055561964833373
164.62911507432787,-0.267919793460397,11.221799315750435,0.22794710099697113,0.7527323961257935,3.950242519378662,0.057332607893101795,0.2679193665735781,0.21853361004185068
164.60631590287835,-0.2840461774948381,11.300361859131213,0.23118457198143005,0.7570480108261108,3.949829578399658,0.03453343644358142,0.28404575060801923,0.2970961534226291
164.5651708433182,-0.2106790261178541,11.257464856048948,0.22585780918598175,0.7553855776786804,3.9506030082702637,0.006611623116555165,0.2106785992310352,0.254199150340364
164.57176880605644,-0.23737758394038624,11.271737390093337,0.2282019704580307,0.75603848695755,3.9499988555908203,1.3660378328950173e-05,0.23737715705356735,0.2684716843847532

Errors:
rotation,[18.693341988237375, 18.320198982636953, 17.340059036314745, 18.81885948732986, 12.91562802778596, 5.851628987017959, 1.5192632959288221, 0.12185369803933152, 0.7560801267292032, 0.24290695213647523, 0.5693475773834932, 0.5871864374086899, 0.31569667781682587, 0.5777903789439658, 0.5141238634200008, 0.3790825573549281, 0.5799549631496744, 0.5317731881922171, 0.4309512691118794, 0.5716844425309426, 0.44455018817495595, 0.4347756346626037, 0.47022559075550724, 0.5824410093231149, 0.6069718375797903, 0.41359366665545727, 0.444830228760415, 0.5116997223735066, 0.46947149986851555, 0.5835318901702565, 0.44511413732968436, 0.5512201391859809, 0.5437855845085307, 0.6156753404742297, 0.4714893726879544, 0.5058625018166495]
translation,[0.19962134480110283, 0.1981899592661689, 0.19874710616109859, 0.20435235547698483, 0.2178038209667994, 0.15664440303466698, 0.07160599657022715, 0.012061376983016459, 0.006782401854318998, 0.00026102292484253553, 0.003615046114593845, 0.001614093338956124, 0.0027140734128714428, 0.0061870998544648614, 0.0035167842429713048, 0.0008479482203567201, 0.0021825435330580234, 0.005434495516061233, 0.0034871169147319137, 0.003743214054809485, 0.00214425685616515, 0.001965510684614813, 0.0034824386408969232, 0.0063691024185486, 0.0046669127247884745, 0.0009211013158294534, 0.00170430980363534, 0.0022919664188032485, 0.001961244839473686, 0.003001674319891734, 0.005202257627648699, 0.0031470213726265683, 0.003352604380780555, 0.002764259102731259, 0.0026200897202830475, 0.0029579407600532903]
loss,
[0.11147131770849228, 0.11458595097064972, 0.11403726786375046, 0.10542348027229309, 0.08489783853292465, 0.04447995871305466, 0.01998264715075493, 0.005045169964432716, 0.0031915283761918545, 0.0029414440505206585, 0.0024011260829865932, 0.0025735001545399427, 0.0024710511788725853, 0.0028710877522826195, 0.0027545203920453787, 0.0028761110734194517, 0.0029114314820617437, 0.0034261997789144516, 0.0035312706604599953, 0.0031466770451515913, 0.0018799200188368559, 0.0030457600951194763, 0.0020901381503790617, 0.0023940294049680233, 0.003081534756347537, 0.0026904575061053038, 0.0028292634524405003, 0.0020793755538761616, 0.0028497520834207535, 0.002534539205953479, 0.0028856198769062757, 0.0025299035478383303, 0.0027664657682180405, 0.0024314220063388348, 0.0025995855685323477, 0.002689903602004051]

2022-04-28 14:59:01.365403