2022-04-21 14:30:32.005108

reference phi, theta, psi, translation: -86.91639066027085, -0.0, 34.793557367935236, -2.296917200088501, -0.12373751401901245, 3.3104169368743896

phi,theta,psi,rot_x,rot_y,rot_z,phi_err,theta_err,psi_err
-76.53055527251121,6.8177051513072,38.18892636661862,-2.336111545562744,-0.9462913274765015,3.345968008041382,10.385835387759641,6.8177051513072,3.395368998683381
-75.98892127132919,6.483407378342521,38.50399957793672,-2.3504252433776855,-0.9561368823051453,3.328132390975952,10.92746938894166,6.483407378342521,3.7104422100014816
-73.70852601313703,5.235459909878739,39.07337439243273,-2.363341808319092,-0.9797154068946838,3.305403232574463,13.207864647133817,5.235459909878739,4.279817024497497
-69.28701671430763,3.9477776883880487,40.01767195084909,-2.371170997619629,-1.1250766515731812,3.2359297275543213,17.629373945963223,3.9477776883880487,5.224114582913856
-68.4531325789191,3.9941732250159814,41.03877840157683,-2.4128451347351074,-1.181451678276062,3.199254035949707,18.463258081351754,3.9941732250159814,6.245221033641592
-69.96925015955435,5.192113909238548,41.088997367449345,-2.414079189300537,-1.1663726568222046,3.2074358463287354,16.9471405007165,5.192113909238548,6.295439999514109
-70.88892147091822,6.272689553719866,41.63519393499693,-2.4282217025756836,-1.2080882787704468,3.192190647125244,16.02746918935263,6.272689553719866,6.841636567061691
-70.2135660261657,6.905230797484788,42.50365931815322,-2.4459550380706787,-1.2796550989151,3.1598260402679443,16.702824634105156,6.905230797484788,7.710101950217982
-69.98669446269456,6.906848152621771,42.83013211519607,-2.456031560897827,-1.286597490310669,3.1532206535339355,16.92969619757629,6.906848152621771,8.036574747260836
-69.47537284104907,7.153576322130908,43.26526639174466,-2.4659199714660645,-1.3261610269546509,3.1211798191070557,17.441017819221784,7.153576322130908,8.471709023809424
-70.30821878768374,7.690482147461366,41.536798229813726,-2.3831064701080322,-1.2901408672332764,3.19087815284729,16.608171872587107,7.690482147461366,6.7432408618784905
-70.89332011274371,7.7694081406586575,40.503725287660124,-2.3358962535858154,-1.2625848054885864,3.232595443725586,16.02307054752714,7.7694081406586575,5.7101679197248885
-71.07086405002902,8.212735290693665,40.422534828996184,-2.327373504638672,-1.2914773225784302,3.230839967727661,15.845526610241834,8.212735290693665,5.628977461060948
-71.05620646407017,8.548297314729517,40.3572074846796,-2.3190853595733643,-1.3077160120010376,3.2278695106506348,15.860184196200677,8.548297314729517,5.563650116744363
-71.63141767521196,8.58370203237255,40.05463351954262,-2.3118557929992676,-1.2726970911026,3.246994733810425,15.284972985058886,8.58370203237255,5.261076151607384
-71.11621650611791,8.772459787088781,40.37020191957554,-2.309405565261841,-1.3005070686340332,3.2358291149139404,15.800174154152941,8.772459787088781,5.576644551640307
-70.09635998000827,8.644986084822127,40.73522771938854,-2.313756227493286,-1.3447329998016357,3.210702657699585,16.820030680262576,8.644986084822127,5.941670351453304
-69.61352024720173,8.235587297587116,40.60980495565959,-2.300447463989258,-1.3361109495162964,3.225193977355957,17.302870413069115,8.235587297587116,5.816247587724355
-69.7813721460548,8.265314831039895,40.186435679956354,-2.27569317817688,-1.3172783851623535,3.245378255844116,17.135018514216043,8.265314831039895,5.392878312021118
-69.3140574332317,8.221535990252965,40.15856509304812,-2.2609665393829346,-1.3345967531204224,3.24288010597229,17.602333227039153,8.221535990252965,5.365007725112882
-68.94320548205668,7.982679103085158,40.03532798985358,-2.2535245418548584,-1.334773063659668,3.243741035461426,17.973185178214166,7.982679103085158,5.2417706219183415
-69.62331473847154,8.12645830220528,39.68770209695119,-2.244556188583374,-1.3149150609970093,3.258737802505493,17.293075921799314,8.12645830220528,4.894144729015956
-70.27171825675919,8.487566310075472,39.34637022336897,-2.233217239379883,-1.3051493167877197,3.269451379776001,16.644672403511663,8.487566310075472,4.552812855433736
-70.30619022150024,8.406771462368493,39.37344167814432,-2.238759994506836,-1.3024373054504395,3.2692649364471436,16.610200438770605,8.406771462368493,4.579884310209081
-70.4038004549289,8.488121435312951,39.314807919214346,-2.239863872528076,-1.3037402629852295,3.2678027153015137,16.51259020534195,8.488121435312951,4.52125055127911
-70.5077081227723,8.370835606745068,39.0680297694072,-2.2297277450561523,-1.2894349098205566,3.28159236907959,16.40868253749855,8.370835606745068,4.274472401471961
-70.06282375118352,8.500729703773503,39.29937169169012,-2.2306203842163086,-1.3157620429992676,3.268198013305664,16.853566909087334,8.500729703773503,4.505814323754883
-70.37197177339664,8.307173164191374,39.27501523710985,-2.2408108711242676,-1.2932090759277344,3.273953676223755,16.54441888687421,8.307173164191374,4.481457869174612
-70.0205312198428,8.32850933759351,39.33603614715474,-2.2352592945098877,-1.307118535041809,3.274604558944702,16.895859440428055,8.32850933759351,4.542478779219508
-69.72609542510189,8.240225173813695,39.45191713661318,-2.2372851371765137,-1.3156840801239014,3.270653009414673,17.19029523516896,8.240225173813695,4.658359768677947
-69.29108750705295,8.213485998877035,39.719199514308706,-2.2464637756347656,-1.337778091430664,3.256131887435913,17.6253031532179,8.213485998877035,4.92564214637347
-69.64556749478744,8.429414075481924,39.67412368088121,-2.2474358081817627,-1.3350831270217896,3.258131504058838,17.270823165483407,8.429414075481924,4.880566312945973
-68.95195495438347,8.430090625463473,39.73485089279179,-2.233266830444336,-1.3642563819885254,3.2494845390319824,17.964435705887382,8.430090625463473,4.941293524856555
-69.41815634637186,8.27355449570221,39.63380165911604,-2.2445127964019775,-1.3336747884750366,3.257108688354492,17.49823431389899,8.27355449570221,4.840244291180802
-69.48589816256005,8.133708953515164,39.588667769080594,-2.2445523738861084,-1.3232004642486572,3.2607929706573486,17.4304924977108,8.133708953515164,4.795110401145358
-69.61490677560325,8.170230872072747,39.4730497419052,-2.2390196323394775,-1.3163912296295166,3.2659153938293457,17.301483884667604,8.170230872072747,4.679492373969964

Errors:
rotation,[20.598909537750224, 21.12131897728566, 22.723141581510053, 26.801266217265127, 28.702652340009326, 28.43469440946916, 29.141795310134185, 31.318157381807925, 31.873119097458897, 33.06630316516212, 31.041894881926964, 29.502646607910687, 29.687239361996447, 29.972131627674557, 29.12975116903882, 30.14927849288203, 31.40668711653801, 31.354705298380587, 30.793211657277055, 31.188876942405003, 31.197634903217665, 30.31367895302055, 29.68505156902087, 29.59685621134818, 29.521962191934012, 29.05399054571558, 29.86011093661572, 29.3330499202402, 29.76684755724107, 30.088880177660602, 30.764431298468402, 30.580803553911302, 31.335819856207408, 30.612033100782003, 30.359311852371324, 30.151207130710315]
translation,[0.1579505536533441, 0.1539830581653865, 0.14869378033694947, 0.1353433368186261, 0.146535091560013, 0.14928358477310955, 0.15764411630768116, 0.1646683012646415, 0.16770724222479672, 0.16186861574125366, 0.1552016674175105, 0.15219577414693397, 0.154908406340188, 0.15305799578408052, 0.15305682995387748, 0.1516050252302561, 0.14863025632268823, 0.14967575022365676, 0.14576972651500864, 0.14132719856734433, 0.13802547759304407, 0.1385721077125659, 0.13780221347860522, 0.13978020945166403, 0.1396340702365766, 0.14058262017877698, 0.13876505948689566, 0.14168742418801816, 0.14355412067245066, 0.144232260313629, 0.14483145815893828, 0.14605147594489498, 0.1411398243590476, 0.14323134674942484, 0.14279562644046795, 0.14167572881238844]
loss,
[0.15018898248672485, 0.14684763550758362, 0.13241326808929443, 0.13240641355514526, 0.11844917386770248, 0.13291743397712708, 0.13753251731395721, 0.1354263424873352, 0.14048908650875092, 0.1408277004957199, 0.13082534074783325, 0.12767744064331055, 0.1345028281211853, 0.13830697536468506, 0.13434764742851257, 0.13272491097450256, 0.11850001662969589, 0.13590402901172638, 0.1528259515762329, 0.12513317167758942, 0.13767629861831665, 0.12836459279060364, 0.1256886124610901, 0.13063767552375793, 0.13258719444274902, 0.14502906799316406, 0.14001250267028809, 0.1251974105834961, 0.14228130877017975, 0.1313217282295227, 0.12597286701202393, 0.13737407326698303, 0.12322759628295898, 0.11336082220077515, 0.11860593408346176, 0.12591683864593506]

2022-04-21 14:33:05.358658