2022-04-21 10:10:22.321826

reference phi, theta, psi, translation: -86.91639066027085, -0.0, 34.793557367935236, -2.296917200088501, -0.12373751401901245, 3.3104169368743896

phi,theta,psi,rot_x,rot_y,rot_z,phi_err,theta_err,psi_err
-76.53055527251121,6.8177051513072,38.18892636661862,-2.336111545562744,-0.9462913274765015,3.345968008041382,10.385835387759641,6.8177051513072,3.395368998683381
-76.29241389690954,7.071977961319017,38.01034424057946,-2.322499990463257,-0.9737224578857422,3.34702205657959,10.623976763361313,7.071977961319017,3.216786872644221
-74.07409822808363,8.25998586136287,38.87039483067829,-2.367502212524414,-1.1970207691192627,3.2311413288116455,12.842292432187222,8.25998586136287,4.0768374627430575
-73.65595404709545,10.052001395683893,39.228173799781906,-2.380427122116089,-1.2819390296936035,3.178396701812744,13.2604366131754,10.052001395683893,4.4346164318466705
-74.42940466870769,9.602159261338528,39.309514522607586,-2.4008395671844482,-1.2321217060089111,3.178201675415039,12.48698599156316,9.602159261338528,4.51595715467235
-74.6691989500885,8.310999524743098,38.9258559667388,-2.4104769229888916,-1.1459718942642212,3.203960657119751,12.24719171018235,8.310999524743098,4.132298598803565
-75.32234261966013,8.158696102999423,37.69125829312397,-2.3533003330230713,-1.0994597673416138,3.25892972946167,11.594048040610716,8.158696102999423,2.8977009251887367
-76.15740154758589,7.765916052862193,36.5544074567212,-2.2987492084503174,-1.0274583101272583,3.3062448501586914,10.758989112684958,7.765916052862193,1.7608500887859648
-77.20296690573144,7.762193867573059,35.67954218631261,-2.2626495361328125,-0.9771265983581543,3.338520050048828,9.713423754539406,7.762193867573059,0.8859848183773735
-77.69709011104685,7.165671097296897,35.51444626878965,-2.2635531425476074,-0.9264340400695801,3.3430888652801514,9.219300549224002,7.165671097296897,0.7208889008544119
-77.99254360397408,6.439792027511257,35.96638622579105,-2.298417568206787,-0.8727571964263916,3.3257248401641846,8.923847056296765,6.439792027511257,1.1728288578558121
-78.46130631690123,6.642172660793786,36.026666060310994,-2.303685188293457,-0.8624105453491211,3.315397024154663,8.45508434336962,6.642172660793786,1.2331086923757582
-79.54756594212172,5.664014844653607,35.731451624004706,-2.3127880096435547,-0.7600652575492859,3.3219761848449707,7.368824718149128,5.664014844653607,0.9378942560694696
-80.4270347600309,4.688131634276112,35.80049800632437,-2.330214738845825,-0.6659584641456604,3.3236048221588135,6.489355900239943,4.688131634276112,1.006940638389132
-82.52344521255043,3.402047330850618,35.68695977175124,-2.3514599800109863,-0.5039183497428894,3.315034866333008,4.392945447720422,3.402047330850618,0.8934024038160047
-84.52293528074748,2.000796857177193,35.74403966264504,-2.3621137142181396,-0.34427839517593384,3.302856922149658,2.393455379523374,2.000796857177193,0.9504822947098006
-87.37639024049287,-0.3802525363635252,34.72931602369668,-2.296246290206909,-0.08665256202220917,3.318751573562622,0.4599995802220178,0.3802525363635252,0.06424134423855321
-86.40450896311341,0.10014514438132426,34.626928072943606,-2.277230739593506,-0.150824636220932,3.3116259574890137,0.5118816971574347,0.10014514438132426,0.1666292949916297
-87.13772977051428,-0.18726066867039626,35.0409673102406,-2.303140878677368,-0.10611991584300995,3.2858476638793945,0.22133911024343433,0.18726066867039626,0.24740994230536728
-87.13492256276541,0.05789304875522203,34.74556504373214,-2.2863974571228027,-0.11874896287918091,3.3047168254852295,0.21853190249456134,0.05789304875522203,0.04799232420309352
-87.03201893273,-0.08188018060244488,35.05579906602329,-2.3046679496765137,-0.11530356109142303,3.288935422897339,0.11562827245914775,0.08188018060244488,0.2622416980880544
-87.030652894896,-0.1104388042290294,34.83509174827808,-2.2915186882019043,-0.11278653144836426,3.298020839691162,0.11426223462514429,0.1104388042290294,0.04153438034284562
-87.0055724402637,-0.011169839544107397,34.76984295113695,-2.2884016036987305,-0.12093427032232285,3.304419755935669,0.08918177999285604,0.011169839544107397,0.023714416798284788
-86.92228511352457,-0.006421551262326517,34.86710142982335,-2.2949304580688477,-0.12453810125589371,3.299520492553711,0.005894453253716847,0.006421551262326517,0.07354406188811424
-87.03489444237057,-0.18607102502067324,34.76775632834551,-2.287921905517578,-0.10957413166761398,3.3014960289001465,0.11850378209972234,0.18607102502067324,0.025801039589723018
-86.89024469612804,-0.07755325351026875,34.94569983169727,-2.2986867427825928,-0.12059509754180908,3.2945804595947266,0.026145964142813227,0.07755325351026875,0.15214246376203278
-87.08091625699812,-0.08765295442506241,34.71461404150823,-2.284681797027588,-0.11307412385940552,3.304971694946289,0.16452559672727318,0.08765295442506241,0.07894332642700874
-86.90582435762484,-0.041116263995522706,34.78498548052687,-2.291081666946411,-0.12166561931371689,3.304718494415283,0.010566302646012105,0.041116263995522706,0.008571887408365342
-86.99415236397145,-0.09683661763454039,34.85910327830526,-2.294771671295166,-0.11682494729757309,3.300830364227295,0.07776170370060242,0.09683661763454039,0.06554591037002666
-86.90400069711644,-0.0880401584036629,34.82643789859968,-2.2935922145843506,-0.11950220167636871,3.303565740585327,0.012389963154404882,0.0880401584036629,0.03288053066444263
-86.93851364299252,-0.0595709727845746,34.86506944854527,-2.2947473526000977,-0.12037946283817291,3.300103187561035,0.022122982721668905,0.0595709727845746,0.07151208061003445
-86.87699412913821,-0.03862744669746794,34.83930597499598,-2.2933385372161865,-0.12389424443244934,3.3019378185272217,0.0393965311326383,0.03862744669746794,0.04574860706074446
-86.93663534097077,-0.06850329635367867,34.7784182536399,-2.288447856903076,-0.12012766301631927,3.30220890045166,0.020244680699917694,0.06850329635367867,0.015139114295337208
-86.99622191128996,-0.06144505489546582,34.85004303237124,-2.29259991645813,-0.11755476891994476,3.29817271232605,0.07983125101911526,0.06144505489546582,0.05648566443600345
-87.00098938333063,0.031233624193526287,34.90288820597963,-2.29434871673584,-0.1231827661395073,3.297055721282959,0.08459872305978422,0.031233624193526287,0.10933083804439292
-87.0090148556054,-0.09570592507662562,34.76030800705561,-2.2883846759796143,-0.11435475945472717,3.301628589630127,0.09262419533455102,0.09570592507662562,0.033249360879622714

Errors:
rotation,[20.598909537750224, 20.91274159732455, 25.17911575629315, 27.747054440705966, 26.605102407574037, 24.69048983372901, 22.650445068798874, 20.285755254333115, 18.36160244048984, 17.10586054737531, 16.536467941663833, 16.330365696539165, 13.970733818872205, 12.184428172905186, 8.688395182387044, 5.344734531410367, 0.9044934608240962, 0.7786561365303887, 0.6560097212191979, 0.3244172754528769, 0.45975015114964707, 0.2662354191970193, 0.12406603633524822, 0.08586006640415761, 0.3303758467101186, 0.25584168141511476, 0.3311218775793443, 0.06025445404990015, 0.24014423170516946, 0.13331065222251043, 0.15320603611627795, 0.1237725848908507, 0.10388709134893358, 0.19776197035058452, 0.22516318529770343, 0.22157948129079935]
translation,[0.1579505536533441, 0.15751033086054633, 0.149564829816085, 0.14164078940157765, 0.13817808584944125, 0.13888486472517592, 0.13629926923057045, 0.12473128020487056, 0.11857901291239958, 0.11111642658805909, 0.10467507002559273, 0.09713649201555263, 0.08739191078211217, 0.08223356171647467, 0.06432641374471526, 0.044036492957568285, 0.005499397884499935, 0.00926431875638567, 0.0170892230053159, 0.010821914215003225, 0.01343232105893577, 0.013577347865306955, 0.009860787050232744, 0.010053006403529352, 0.012861925302403598, 0.01207868398821077, 0.011751474245729199, 0.008067581765928367, 0.009300149245181188, 0.007648697388177084, 0.009805984446899174, 0.008996989827023683, 0.011675182574547804, 0.012699224615769111, 0.01244917001873791, 0.012356314347139907]
loss,
[0.10951568931341171, 0.12749221920967102, 0.0757286474108696, 0.06353436410427094, 0.062209293246269226, 0.0660037100315094, 0.07181748747825623, 0.05527609586715698, 0.06276539713144302, 0.053017519414424896, 0.049962159246206284, 0.06265528500080109, 0.059039175510406494, 0.03898661956191063, 0.02931870147585869, 0.02129080891609192, 0.006074847187846899, 0.0048649548552930355, 0.0031532589346170425, 0.0036267228424549103, 0.00329186930321157, 0.003095219610258937, 0.0023665963672101498, 0.0031281961128115654, 0.0031938832253217697, 0.0020939577370882034, 0.0024827481247484684, 0.0023385186213999987, 0.0028344641905277967, 0.0017204161267727613, 0.002079993486404419, 0.0017770533449947834, 0.0033073248341679573, 0.0021434733644127846, 0.003657813183963299, 0.002695704810321331]

2022-04-21 10:13:36.471810