2022-04-21 12:16:41.824634

reference phi, theta, psi, translation: 175.36684180812657, -0.0, 39.4597479484966, 0.2069414258003235, 2.553555727005005, 3.112318754196167

phi,theta,psi,rot_x,rot_y,rot_z,phi_err,theta_err,psi_err
-174.60268024378553,2.426304892454245,32.24175771288345,-0.3459881842136383,2.1274664402008057,3.6064906120300293,10.030477948087878,2.426304892454245,7.217990235613151
-173.99951989856007,1.6448830836288433,31.384531406006417,-0.33130839467048645,2.0784521102905273,3.624687671661377,10.633638293313368,1.6448830836288433,8.075216542490182
-173.75904259826225,1.1347157940763681,29.126931904169176,-0.3188077509403229,1.9569920301437378,3.663433313369751,10.87411559361118,1.1347157940763681,10.332816044327423
-172.61282757250737,1.2688530727786433,28.38754685104237,-0.34891200065612793,1.8934775590896606,3.6876232624053955,12.020330619366064,1.2688530727786433,11.07220109745423
-172.56113670086873,1.5102982551727744,27.031298385667743,-0.36308199167251587,1.8118795156478882,3.7029855251312256,12.072021491004705,1.5102982551727744,12.428449562828856
-172.9308821613982,2.544856692323202,28.10809136869859,-0.4076346755027771,1.8652650117874146,3.6728997230529785,11.702276030475218,2.544856692323202,11.351656579798007
-172.4996649983386,2.2748154364408912,27.269187044270115,-0.40924617648124695,1.8035324811935425,3.682274341583252,12.133493193534832,2.2748154364408912,12.190560904226484
-173.13343825142408,2.669489178490942,27.357264041164722,-0.4050348103046417,1.8077439069747925,3.669522523880005,11.499719940449381,2.669489178490942,12.102483907331877
-172.64550319749674,1.7832829255322311,27.58467860467488,-0.3661419153213501,1.8249229192733765,3.6479244232177734,11.987654994376726,1.7832829255322311,11.875069343821718
-173.47102718134116,2.5523739960293383,27.847063736735507,-0.38445746898651123,1.8373339176177979,3.6294736862182617,11.162131010532278,2.5523739960293383,11.612684211761092
-174.6190863581719,3.4828704857232737,29.457120324120517,-0.41860076785087585,1.94110107421875,3.5436818599700928,10.014071833701564,3.4828704857232737,10.002627624376082
-176.00457657093065,3.756691914476609,32.272404771689295,-0.38855740427970886,2.1313693523406982,3.402316093444824,8.628581620942782,3.756691914476609,7.187343176807303
-176.93606410955866,3.903759083464795,35.607326596218066,-0.37311285734176636,2.3226189613342285,3.251626968383789,7.697094082314777,3.903759083464795,3.852421352278533
-179.09633000062863,4.546698661823744,38.881452906944546,-0.2956652045249939,2.5171151161193848,3.1069118976593018,5.536828191244808,4.546698661823744,0.5782950415520531
178.94886621644804,3.3758565757294225,39.22218030878522,-0.14165861904621124,2.536886215209961,3.1011035442352295,3.582024408321473,3.3758565757294225,0.23756763971137929
176.1778994513089,1.6690478599538716,39.51180765035044,0.07788194715976715,2.5472984313964844,3.0832486152648926,0.8110576431823233,1.6690478599538716,0.052059701853842455
175.13920526346837,0.1355343350483306,39.54989620025702,0.2114757001399994,2.5499255657196045,3.0970818996429443,0.22763654465819627,0.1355343350483306,0.09014825176041796
175.1827955307514,0.08556281872346695,39.48344528982196,0.21050630509853363,2.5521881580352783,3.107159376144409,0.18404627737515966,0.08556281872346695,0.02369734132535939
175.35305848638149,0.14661098026493197,39.407387718319285,0.19887274503707886,2.547372817993164,3.113772392272949,0.013783321745080457,0.14661098026493197,0.05236023017731384
175.4798131369986,0.04143573461296438,39.57683788143813,0.199347123503685,2.5567827224731445,3.1043620109558105,0.1129713288720211,0.04143573461296438,0.11708993294153203
175.44328528531736,0.09349142231847847,39.47056013795273,0.19918155670166016,2.5513854026794434,3.1092441082000732,0.07644347719079292,0.09349142231847847,0.01081218945613216
175.26318685728245,0.028122476430152324,39.38880960377685,0.2118179351091385,2.5452611446380615,3.1127166748046875,0.10365495084411691,0.028122476430152324,0.07093834471974958
175.3385648249627,0.13079962370234718,39.5193106131537,0.2032490223646164,2.55338191986084,3.106551170349121,0.02827698316386318,0.13079962370234718,0.059562664657100584
175.26117878166647,0.0970554046634279,39.57220018299169,0.2080146074295044,2.5549967288970947,3.1031932830810547,0.10566302646009262,0.0970554046634279,0.11245223449509467
175.38873939460564,0.03798212494850466,39.4549429104155,0.20432791113853455,2.5491573810577393,3.109473466873169,0.021897586479070696,0.03798212494850466,0.004805038081101998
175.3906108664382,-0.0017046750983591666,39.41491117169005,0.20628425478935242,2.547642946243286,3.1097631454467773,0.02376905831164322,0.0017046750983591666,0.04483677680654807
175.33431644729896,0.08331574767494535,39.55537401197137,0.20569849014282227,2.5557198524475098,3.1063570976257324,0.03252536082760571,0.08331574767494535,0.09562606347476788
175.3967580366912,0.035708994134101085,39.52862357608701,0.2053014189004898,2.5537161827087402,3.107149600982666,0.029916228564644598,0.035708994134101085,0.06887562759040833
175.37916346938925,0.1505819983214906,39.46194726940934,0.19871628284454346,2.5500974655151367,3.109865665435791,0.012321661262689076,0.1505819983214906,0.00219932091274444
175.3851467151022,0.05655562940602033,39.44785317405702,0.20295259356498718,2.5483813285827637,3.1101858615875244,0.018304906975629365,0.05655562940602033,0.011894774439575428
175.33983524014835,0.08517702931822181,39.43132070117101,0.20434097945690155,2.5479586124420166,3.109814167022705,0.02700656797821921,0.08517702931822181,0.028427247325588212
175.31005561536708,0.07676116768207909,39.52297500964341,0.2063104510307312,2.552737236022949,3.1054739952087402,0.05678619275948904,0.07676116768207909,0.06322706114681154
175.46851600411136,0.16407251865105138,39.37930198045219,0.19362881779670715,2.545956611633301,3.114769697189331,0.1016741959847991,0.16407251865105138,0.08044596804440829
175.3429224856532,0.047953003166398576,39.520891801946554,0.2064751535654068,2.5535953044891357,3.1061840057373047,0.02391932247337536,0.047953003166398576,0.06114385344995554
175.38796075304023,0.12313174427041108,39.42293664396482,0.20053893327713013,2.548142671585083,3.112711191177368,0.021118944913666837,0.12313174427041108,0.036811304531781275
175.40362920699624,0.08379691776319731,39.43130704079267,0.20163309574127197,2.548673391342163,3.111037015914917,0.03678739886967719,0.08379691776319731,0.028440907703931373

Errors:
rotation,[19.674773076155276, 20.35373791943239, 22.34164743201497, 24.361384789598937, 26.010769309006335, 25.59878930259643, 26.59886953420221, 26.2716930262722, 25.646007263730674, 25.327189218322708, 23.49956994380092, 19.572616712226694, 15.453274518058105, 10.661821894620605, 7.195448623762275, 2.5321652049900374, 0.4533191314669448, 0.293306437423986, 0.21275453218732626, 0.2714969964265175, 0.18074708896540354, 0.2027157719940188, 0.21863927152331095, 0.3151706656186152, 0.06468474950867736, 0.07031051021655046, 0.21146717197731893, 0.134500850289154, 0.16510298049692412, 0.08675531082122512, 0.14061084462202922, 0.19677442158837966, 0.34619268268025877, 0.13301617908972949, 0.18106199371585918, 0.14902522433680587]
translation,[0.170370405351016, 0.1603016127502217, 0.13446834708122513, 0.128866625344779, 0.10732954519817905, 0.10838466562862692, 0.08947260453967765, 0.07951428221008339, 0.06420463296040158, 0.055028621824694035, 0.030986520362818126, 0.00241390362042182, 0.017794804898703553, 0.021616643658457946, 0.02205137540020896, 0.030976716462943088, 0.013821439816915415, 0.004664289121243392, 0.003196709774462292, 0.004475048962618189, 0.004139917474370591, 0.004687939916631301, 0.004749615438639054, 0.006071448368738075, 0.005116100071238527, 0.00575125668055243, 0.003291908933653609, 0.003971809345116206, 0.004498760892425402, 0.0051266868793939935, 0.005611162456440333, 0.005833791746649553, 0.0035765378971577277, 0.004733412590405273, 0.0034473741389273727, 0.00435055362102954]
loss,
[0.12217875570058823, 0.10333392024040222, 0.11016184091567993, 0.10660743713378906, 0.08902951329946518, 0.11060168594121933, 0.07833738625049591, 0.08734377473592758, 0.09184866398572922, 0.08125211298465729, 0.06659835577011108, 0.0669281929731369, 0.055817119777202606, 0.03717663139104843, 0.026575786992907524, 0.015554716810584068, 0.003023990895599127, 0.002409846056252718, 0.00212134700268507, 0.002063036896288395, 0.001364879310131073, 0.0020982862915843725, 0.0013563245302066207, 0.0016658075619488955, 0.0015484479954466224, 0.0015466322656720877, 0.002483673393726349, 0.0011545122833922505, 0.0013419950846582651, 0.0021574534475803375, 0.0009093539556488395, 0.0017288736999034882, 0.0020826428662985563, 0.0013005888322368264, 0.00186513876542449, 0.0009876497788354754]

2022-04-21 12:19:33.406033