2022-04-27 10:03:12.368828

reference phi, theta, psi, translation: 175.36684180812657, -0.0, 39.4597479484966, 0.2069414258003235, 2.553555727005005, 3.112318754196167

phi,theta,psi,rot_x,rot_y,rot_z,phi_err,theta_err,psi_err
-174.60268024378553,2.426304892454245,32.24175771288345,-0.3459881842136383,2.1274664402008057,3.6064906120300293,10.030477948087878,2.426304892454245,7.217990235613151
-174.50043231191046,2.2207360241399785,32.54875081041343,-0.34090903401374817,2.1443142890930176,3.596792221069336,10.132725879963004,2.2207360241399785,6.910997138083168
-173.54577677161777,0.6357781248787904,35.16272226238525,-0.32882124185562134,2.300426721572876,3.4914164543151855,11.087381420255667,0.6357781248787904,4.297025686111347
-174.59784446985316,0.4664557392950316,37.12644946008811,-0.3016873300075531,2.429983615875244,3.3995556831359863,10.035313722020305,0.4664557392950316,2.333298488408488
-175.44682332330743,1.139101881248886,37.822350113864026,-0.3042825758457184,2.4757473468780518,3.367095708847046,9.186334868566007,1.139101881248886,1.6373978346325728
-175.42765781249636,0.8142738582601898,39.14664524675405,-0.2861180007457733,2.5559678077697754,3.3092594146728516,9.2055003793771,0.8142738582601898,0.31310270174255095
-175.4150492832885,0.5754930357757183,39.59733869423192,-0.26577985286712646,2.5807011127471924,3.298698663711548,9.218108908584895,0.5754930357757183,0.1375907457353236
-175.79213036698658,0.6182338460969118,40.073669256759445,-0.25113430619239807,2.611030340194702,3.278106212615967,8.84102782488685,0.6182338460969118,0.6139213082628459
-175.84990010698655,0.4031878355456496,39.93214432206219,-0.2312476933002472,2.608232259750366,3.278637170791626,8.783258084886882,0.4031878355456496,0.4723963735655943
-176.27831689248643,-0.04704214559461366,40.23901447618711,-0.19556598365306854,2.6259233951568604,3.263704299926758,8.354841299386976,0.04704214559461366,0.7792665276905097
-176.40579554315553,-0.5696851923182358,39.751294573218594,-0.16258177161216736,2.5981481075286865,3.286391496658325,8.227362648717872,0.5696851923182358,0.29154662472199533
-176.8136944403887,-0.2847043877329022,38.79429969313518,-0.15372133255004883,2.546595811843872,3.3253002166748047,7.8194637514847045,0.2847043877329022,0.6654482553614187
-176.5454046097906,-0.4840516647347183,38.67337119388011,-0.1459576040506363,2.535794496536255,3.3404932022094727,8.087753582082826,0.4840516647347183,0.7863767546164908
-176.51379449431178,-0.6855024472820596,38.62311807706174,-0.13473698496818542,2.5388784408569336,3.3393678665161133,8.119363697561653,0.6855024472820596,0.8366298714348588
-177.08024940293762,-0.7459954925951909,39.12642447171622,-0.11523031443357468,2.569655179977417,3.3136513233184814,7.552908788935838,0.7459954925951909,0.33332347678037877
-176.99274101929143,-1.0780657780352427,38.94669145880192,-0.09681053459644318,2.560851573944092,3.3208248615264893,7.640417172582033,1.0780657780352427,0.5130564896946765
-177.20612978934096,-1.4773095675535415,39.057897183773484,-0.06621355563402176,2.570021390914917,3.316153049468994,7.427028402532471,1.4773095675535415,0.40185076472311465
-177.21358835591462,-1.331320788918553,39.006537576309576,-0.07186490297317505,2.5648374557495117,3.3259541988372803,7.419569835958782,1.331320788918553,0.45321037218702287
-177.27305198282875,-1.359790146363272,39.43100992756377,-0.06750014424324036,2.5907676219940186,3.3097517490386963,7.360106209044716,1.359790146363272,0.028738020932827624
-177.32553515641112,-1.5569891336970274,39.99994419485832,-0.056142307817935944,2.62214732170105,3.2846577167510986,7.3076230354623135,1.5569891336970274,0.5401962463617238
-177.39829033145008,-1.791355643151886,39.96723100382855,-0.03892727196216583,2.6192169189453125,3.2872979640960693,7.234867860423378,1.791355643151886,0.5074830553319529
-177.6918108808422,-1.6202305146921874,39.70443947551231,-0.034098319709300995,2.606001377105713,3.2969887256622314,6.9413473110312225,1.6202305146921874,0.24469152701571062
-177.5007431690003,-1.7736954683932546,39.747821422025645,-0.033038925379514694,2.610269784927368,3.293663263320923,7.132415022873147,1.7736954683932546,0.288073473529046
-177.80926281380977,-1.4663508554625786,39.59265318446129,-0.03833124786615372,2.601713180541992,3.3008041381835938,6.823895378063639,1.4663508554625786,0.13290523596469228
-177.696824239693,-1.5549831426508556,39.70028330540236,-0.038141436874866486,2.6092300415039062,3.2945940494537354,6.936333952180462,1.5549831426508556,0.24053535690575956
-177.72656288333926,-1.449471381131922,39.590908071128354,-0.043299682438373566,2.607667922973633,3.293513536453247,6.906595308534179,1.449471381131922,0.13116012263175492
-177.71797050536338,-1.038012794610051,39.10161039446157,-0.06291590631008148,2.5736818313598633,3.320535659790039,6.91518768651008,1.038012794610051,0.3581375540350322
-177.52990807675624,-1.4472370349068544,39.58635575004654,-0.04969117045402527,2.599271059036255,3.3015522956848145,7.103250115117191,1.4472370349068544,0.12660780154994455
-177.70029397579137,-1.8883383619530583,40.10354791928366,-0.023715242743492126,2.6299619674682617,3.27607798576355,6.932864216082066,1.8883383619530583,0.6437999707870645
-177.8480446279171,-1.8193369577808851,39.85861050545783,-0.01889469102025032,2.6192023754119873,3.2862160205841064,6.785113563956315,1.8193369577808851,0.39886255696123385
-177.77119133937612,-1.5594461692400925,39.32941086365983,-0.030512893572449684,2.587639570236206,3.3121705055236816,6.861966852497289,1.5594461692400925,0.13033708483676776
-177.91314999108565,-1.621328401523773,39.531417123457544,-0.023029794916510582,2.597644805908203,3.3024067878723145,6.720008200787788,1.621328401523773,0.07166917496094527
-177.97291414632326,-1.93585173978841,39.97981904246888,-0.005571786314249039,2.6253116130828857,3.2797019481658936,6.660244045550144,1.93585173978841,0.5200710939722839
-177.99687444993168,-1.9091191749649679,39.74327934622759,-0.006039876490831375,2.612213134765625,3.2890210151672363,6.636283741941725,1.9091191749649679,0.28353139773098945
-177.86970998796437,-2.073555737265123,39.84979273123935,-0.0029093287885189056,2.61873459815979,3.283318519592285,6.763448203909093,2.073555737265123,0.39004478274274845
-177.83084621158702,-1.8323614767299519,39.465276986629725,-0.015137914568185806,2.5946054458618164,3.3031070232391357,6.80231198028639,1.8323614767299519,0.005529038133126107

Errors:
rotation,[19.674773076155276, 19.26445904218615, 16.020185231245804, 12.835067949723825, 11.962834584447466, 10.33287693937984, 9.931192690095937, 10.073182979246608, 9.658842293998125, 9.181149972672099, 9.088594465758103, 8.769616394579025, 9.358182001434034, 9.641496016278571, 8.632227758311407, 9.231539440311952, 9.306188734809128, 9.204100997064359, 8.748634376340815, 9.404808415521064, 9.533706558907218, 8.80626935273912, 9.194183964795448, 8.42315146949091, 8.731852451737076, 8.487226812297855, 8.311338035155163, 8.67709495157399, 9.46500254882219, 9.003313078698435, 8.55175010657415, 8.413005777272506, 9.116166879310837, 8.828934314637682, 9.227048723916964, 8.640202495149468]
translation,[0.170370405351016, 0.170206318928658, 0.16292355165446626, 0.15847908404340938, 0.15924661096459314, 0.16005630435942653, 0.165544858730315, 0.1672670816006061, 0.16479928262750576, 0.16237632687411807, 0.1613853921101409, 0.16010034771954995, 0.16535210014077517, 0.16594581225647076, 0.16371215316712373, 0.16353573781607977, 0.16485320575691365, 0.16952910461621418, 0.17257070649339656, 0.17217759040848524, 0.17221989666373183, 0.17155371121453555, 0.17158667608016565, 0.17192823946998992, 0.17171379631751638, 0.16994701863719452, 0.1705081915041955, 0.1711237592795518, 0.17005544875639078, 0.17122691872677454, 0.1721178974704145, 0.1705588682826491, 0.16991115928726153, 0.16903226119117054, 0.16862829072543928, 0.16919527598513895]
loss,
[0.11524798721075058, 0.10617730021476746, 0.1178705245256424, 0.0958823412656784, 0.09707234799861908, 0.09834881126880646, 0.09867222607135773, 0.10548365116119385, 0.09925272315740585, 0.10035651922225952, 0.09667977690696716, 0.10055504739284515, 0.09601443260908127, 0.09487937390804291, 0.09597676992416382, 0.09062434732913971, 0.10127972066402435, 0.0973033457994461, 0.09940721839666367, 0.09379176795482635, 0.09333561360836029, 0.09907495975494385, 0.10310426354408264, 0.09515976905822754, 0.10143302381038666, 0.08993236720561981, 0.102933868765831, 0.09807586669921875, 0.08900928497314453, 0.09631544351577759, 0.10288076847791672, 0.09554871171712875, 0.09929325431585312, 0.0817049890756607, 0.09133899211883545, 0.09604819864034653]

2022-04-27 10:05:46.341060