2022-04-27 08:44:19.243860

reference phi, theta, psi, translation: 175.36684180812657, -0.0, 39.4597479484966, 0.2069414258003235, 2.553555727005005, 3.112318754196167

phi,theta,psi,rot_x,rot_y,rot_z,phi_err,theta_err,psi_err
-174.60268024378553,2.426304892454245,32.24175771288345,-0.3459881842136383,2.1274664402008057,3.6064906120300293,10.030477948087878,2.426304892454245,7.217990235613151
-174.47294763069033,2.3739850969705607,32.28353114984725,-0.346908301115036,2.130048990249634,3.604809045791626,10.160210561183135,2.3739850969705607,7.1762167986493495
-172.69313693676838,0.9569612427249822,34.15682322784455,-0.35149115324020386,2.2289555072784424,3.5381813049316406,11.94002125510508,0.9569612427249822,5.302924720652051
-173.36033713565192,1.936841254388871,35.77366219307538,-0.40943199396133423,2.3266215324401855,3.4582254886627197,11.272821056221517,1.936841254388871,3.6860857554212174
-174.19210391239773,2.1447648584283177,39.41205956771157,-0.42919793725013733,2.549246072769165,3.2853565216064453,10.44105427947568,2.1447648584283177,0.047688380785025686
-174.7333417626079,2.345124069097929,38.47392625502115,-0.3894347846508026,2.5023252964019775,3.337928295135498,9.89981642926557,2.345124069097929,0.9858216934754509
-174.94103415488962,1.5401051460070687,40.35116618235872,-0.354925274848938,2.6133944988250732,3.2538886070251465,9.692124036983842,1.5401051460070687,0.8914182338621188
-175.26608285749055,1.2802595785350903,39.81991406871513,-0.31924113631248474,2.587056875228882,3.274047613143921,9.36707533438289,1.2802595785350903,0.3601661202185298
-175.0956696376987,1.1701591317837179,39.787774613575635,-0.3160778880119324,2.587722063064575,3.2782015800476074,9.537488554174729,1.1701591317837179,0.32802666507903666
-175.36987441211804,1.093645121388097,39.666538755807906,-0.30074620246887207,2.5812056064605713,3.2899510860443115,9.263283779755398,1.093645121388097,0.2067908073113074
-175.69470454866553,0.8898023368339357,39.12722360384912,-0.27138078212738037,2.556535243988037,3.31060528755188,8.938453643207936,0.8898023368339357,0.3325243446474815
-176.07761861391478,0.4511159164497588,39.23153766794813,-0.23424148559570312,2.5660576820373535,3.3036227226257324,8.555539577958655,0.4511159164497588,0.22821028054846693
-176.05673189543288,0.1912106814841223,38.88303409573741,-0.21144074201583862,2.5441932678222656,3.326221466064453,8.576426296440559,0.1912106814841223,0.5767138527591911
-176.31771342361907,-0.3295378068298381,39.6129456764854,-0.1704491823911667,2.5897068977355957,3.2923412322998047,8.315444768254338,0.3295378068298381,0.15319772798880393
-176.78910575937667,-0.5997608531507004,39.620896016679296,-0.13411328196525574,2.592233657836914,3.29317569732666,7.844052432496767,0.5997608531507004,0.16114806818269756
-176.69546386585577,-0.8208864004431655,38.92445919305353,-0.12030582129955292,2.5545005798339844,3.323824882507324,7.937694326017663,0.8208864004431655,0.5352887554430694
-176.62449820037935,-0.8460759118976696,38.88088258614885,-0.12100602686405182,2.551456928253174,3.324910879135132,8.008659991494085,0.8460759118976696,0.5788653623477487
-176.75705851179097,-0.8835255276315643,39.02742087969689,-0.11386170983314514,2.55730938911438,3.319504499435425,7.876099680082461,0.8835255276315643,0.43232706879970806
-177.2335871498044,-1.271842724194213,40.05506723655491,-0.07792734354734421,2.6166839599609375,3.270651340484619,7.399571042069056,1.271842724194213,0.5953192880583131
-177.3153581745478,-1.690224473032841,40.47007977580864,-0.05037003383040428,2.6422793865203857,3.249616861343384,7.317800017325624,1.690224473032841,1.0103318273120436
-177.56151819223507,-1.3648291839421351,39.76142032866314,-0.05082309991121292,2.597768545150757,3.284984827041626,7.071639999638364,1.3648291839421351,0.3016723801665435
-177.44619727828857,-1.5108320190875084,39.85728544875885,-0.04730537533760071,2.6054089069366455,3.2764391899108887,7.186960913584869,1.5108320190875084,0.39753750026225276
-177.5862434770305,-1.4526918965755735,39.75330264883458,-0.048611633479595184,2.599437952041626,3.2783241271972656,7.046914714842956,1.4526918965755735,0.29355470033797815
-177.65745502931705,-1.575024910399945,39.69525970126781,-0.03691442683339119,2.5991017818450928,3.2775163650512695,6.9757031625563855,1.575024910399945,0.23551175277120961
-177.85883632680572,-1.5384872504768188,39.47930619518493,-0.030415214598178864,2.586148500442505,3.286745071411133,6.774321865067691,1.5384872504768188,0.019558246688333725
-177.98579588309792,-1.7571486307107642,39.4875126674727,-0.013080976903438568,2.5892763137817383,3.2833712100982666,6.647362308775541,1.7571486307107642,0.02776471897610122
-177.9395828231736,-1.6946432591581226,39.38692105647134,-0.017375286668539047,2.583387851715088,3.2895424365997314,6.69357536869984,1.6946432591581226,0.07282689202526171
-177.7783220568696,-1.876107425448466,39.31432980597244,-0.015049360692501068,2.577653646469116,3.2962114810943604,6.854836135003836,1.876107425448466,0.1454181425241572
-177.6339181974372,-1.8617753375261101,39.22992574330401,-0.022963881492614746,2.57108473777771,3.3031952381134033,6.999239994436266,1.8617753375261101,0.22982220519259045
-177.7673254523059,-2.231870969405416,39.782105556564524,-0.0033226609230041504,2.604708671569824,3.275125503540039,6.865832739567509,2.231870969405416,0.3223576080679251
-177.86334425165794,-2.113638509770656,39.43882707906885,-0.0011051632463932037,2.5845885276794434,3.2937848567962646,6.769813940215499,2.113638509770656,0.020920869427747846
-177.6183590265079,-2.123943851825735,39.06995929784773,-0.0042021796107292175,2.562472343444824,3.313431978225708,7.014799165365503,2.123943851825735,0.3897886506488675
-177.6492451419347,-2.26714428587087,39.34835780841745,0.0048380047082901,2.577484369277954,3.301539421081543,6.983913049938735,2.26714428587087,0.11139014007915193
-177.61456144132939,-2.1271416594334567,39.462261458111165,-0.004852717742323875,2.5835354328155518,3.297591209411621,7.01859675054402,2.1271416594334567,0.0025135096145660896
-177.6470594814003,-2.0871919211822396,39.63737384805195,-0.0072984881699085236,2.5941598415374756,3.2879538536071777,6.986098710473129,2.0871919211822396,0.1776258995553519
-177.68891488063414,-1.9944328794369737,39.50622397070395,-0.010070830583572388,2.588115930557251,3.2918925285339355,6.9442433112392905,1.9944328794369737,0.04647602220735081

Errors:
rotation,[19.674773076155276, 19.710412456803045, 18.199907218482114, 16.895748066031604, 12.633507518689022, 13.23076219183895, 12.123647416853029, 11.00750103313651, 11.035674351037484, 10.563719708454801, 10.160780324689354, 9.23486577495688, 9.344350830683872, 8.79818030307298, 8.604961353830165, 9.293869481903897, 9.433601265739503, 9.191952276513733, 9.266733054321582, 10.01835631767051, 8.738141563747043, 9.095330432934631, 8.793161311756506, 8.78623982572754, 8.332367362232844, 8.432275658462407, 8.461045519883225, 8.87636170297646, 9.090837537154966, 9.420061317040851, 8.904373319413903, 9.528531667840106, 9.362447475888757, 9.148251919592044, 9.25091653121072, 8.985152212883616]
translation,[0.170370405351016, 0.17031167761941202, 0.16535965955701837, 0.15696451369344633, 0.14935366548638385, 0.15874666410957872, 0.15737852182646872, 0.15386411671650446, 0.1572857051849068, 0.1613464319257245, 0.16048510317622977, 0.15855423757564235, 0.1618862933805456, 0.1611432916579023, 0.16204036463776017, 0.1626473400836419, 0.16167539648527107, 0.16075689537003957, 0.15817514803333488, 0.1574493600815261, 0.1572013537024537, 0.15521171374687004, 0.15298993654277915, 0.15202862372113657, 0.1511889876948782, 0.15038398912543283, 0.15160761248717058, 0.15331079134236436, 0.1548122663288618, 0.15348171100788477, 0.1556500958347451, 0.15755994522822458, 0.15738064728159795, 0.1579983676432155, 0.15699236057997812, 0.1563527428798155]
loss,
[0.11621912568807602, 0.11332660913467407, 0.11539243161678314, 0.095445416867733, 0.0976283997297287, 0.10125839710235596, 0.09859364479780197, 0.0985710471868515, 0.09925113618373871, 0.09899254888296127, 0.10334593057632446, 0.09679292142391205, 0.10114600509405136, 0.10078984498977661, 0.10150432586669922, 0.09777619689702988, 0.10201840102672577, 0.09217669814825058, 0.10239323228597641, 0.08913666009902954, 0.0951024740934372, 0.09481608867645264, 0.09454165399074554, 0.09684236347675323, 0.09305211156606674, 0.09462220966815948, 0.1000712513923645, 0.09566869586706161, 0.0933862254023552, 0.10093577951192856, 0.09851613640785217, 0.09692515432834625, 0.09571650624275208, 0.08895564079284668, 0.09352557361125946, 0.09414584934711456]

2022-04-27 08:48:49.096324