2022-04-27 08:53:25.735955

reference phi, theta, psi, translation: 132.9853677440357, -8.537735924097414e-07, 76.34363348549546, 2.865516185760498, 2.6707684993743896, 0.9517420530319214

phi,theta,psi,rot_x,rot_y,rot_z,phi_err,theta_err,psi_err
143.3552887910292,-3.0579185397180266,69.36864430507845,2.3124754428863525,2.981729030609131,1.6183615922927856,10.369921046993511,3.0579176859444344,6.974989180417012
144.55040797124138,-4.696426978191176,69.52496684461252,2.3171491622924805,2.9834065437316895,1.5891683101654053,11.565040227205685,4.696426124417584,6.818666640882938
145.18627126221287,-6.517000272032589,67.98901439462756,2.328030824661255,2.9248363971710205,1.677138090133667,12.20090351817717,6.5169994182589965,8.3546190908679
144.90134309079664,-8.237342790588665,66.51003938269885,2.3707146644592285,2.8350670337677,1.772033452987671,11.915975346760945,8.237341936815072,9.83359410279661
145.12744967308072,-9.90702418547486,65.86659458174863,2.403398036956787,2.795717239379883,1.8013547658920288,12.14208192904502,9.907023331701268,10.47703890374683
145.7538463218626,-13.00120854602665,63.98181754066196,2.4293179512023926,2.7058093547821045,1.891357183456421,12.768478577826897,13.001207692253058,12.361815944833502
145.36257210506926,-13.037329940512851,63.73399778700638,2.4459950923919678,2.6709554195404053,1.9089837074279785,12.377204361033563,13.037329086739259,12.609635698489079
146.5134999613514,-14.405011131952751,62.99205482803541,2.4426136016845703,2.651054620742798,1.943588376045227,13.528132217315715,14.405010278179159,13.351578657460053
147.39750402486948,-13.718661569379796,62.518476831743406,2.372927188873291,2.6879897117614746,1.9766801595687866,14.412136280833778,13.718660715606203,13.825156653752053
147.85871937876377,-13.588065065918443,62.23859617012379,2.3407654762268066,2.6985247135162354,1.9973427057266235,14.873351634728067,13.58806421214485,14.105037315371668
147.38527798625518,-13.402744843928971,62.18909095901954,2.363081216812134,2.6878252029418945,2.000734806060791,14.399910242219477,13.402743990155379,14.154542526475922
147.6665861574113,-13.616650001363618,62.35508504641836,2.358185052871704,2.70039963722229,1.9966026544570923,14.681218413375603,13.616649147590026,13.9885484390771
147.4255897627366,-13.540390768529056,61.77279775929643,2.3743460178375244,2.6747279167175293,2.027163028717041,14.440222018700894,13.540389914755464,14.570835726199029
147.0854326816916,-12.633447331216262,62.813998626562345,2.37020206451416,2.7271432876586914,1.9784939289093018,14.100064937655901,12.63344647744267,13.529634858933115
147.91628421308863,-14.093030537231192,62.19114001577054,2.3780808448791504,2.7042810916900635,2.0080575942993164,14.930916469052931,14.0930296834576,14.152493469724917
148.31679284563984,-14.039317251769015,61.781950212784245,2.349666118621826,2.704495668411255,2.0369789600372314,15.33142510160414,14.039316397995423,14.561683272711214
148.14475404082557,-13.410273935305945,62.04963898673539,2.3365273475646973,2.72576642036438,2.0223512649536133,15.159386296789876,13.410273081532353,14.293994498760071
147.90561545760508,-13.374138568961563,61.89754433429754,2.3502554893493652,2.7067933082580566,2.0313374996185303,14.920247713569381,13.37413771518797,14.446089151197917
148.2311422734479,-13.564922251114549,62.04132664651548,2.3424763679504395,2.714306354522705,2.017512321472168,15.245774529412188,13.564921397340957,14.30230683897998
148.49171399028387,-13.627123471906483,62.17372986357618,2.329332113265991,2.7270667552948,2.006014585494995,15.506346246248171,13.62712261813289,14.169903621919282
148.4781082534572,-13.964033381237053,61.85014282145765,2.344027042388916,2.7037994861602783,2.0236475467681885,15.492740509421509,13.964032527463461,14.493490664037807
148.3651369245852,-13.362723172622012,62.245843000833176,2.325810432434082,2.7332980632781982,2.0057976245880127,15.379769180549488,13.36272231884842,14.097790484662283
148.34627194209762,-13.429246149271982,62.11640408587226,2.332312822341919,2.723738670349121,2.0136213302612305,15.360904198061917,13.42924529549839,14.227229399623198
148.44492719446927,-13.723499570449457,61.6846131869224,2.336211681365967,2.7067766189575195,2.0345864295959473,15.459559450433574,13.723498716675865,14.659020298573061
148.4584099878909,-13.81928438814311,61.54013419540912,2.338444232940674,2.6991500854492188,2.04292368888855,15.47304224385519,13.819283534369518,14.803499290086343
148.4988583681557,-14.134563867488444,61.64636412757032,2.3478922843933105,2.6967458724975586,2.0366837978363037,15.51349062412001,14.134563013714851,14.697269357925137
148.71351755339086,-14.742548608003126,61.30428776336858,2.3633787631988525,2.670795202255249,2.0516200065612793,15.728149809355159,14.742547754229534,15.039345722126882
148.16405615542,-13.742181247897019,61.8547805199041,2.3578107357025146,2.6945619583129883,2.026259660720825,15.178688411384314,13.742180394123427,14.488852965591363
148.25870891693805,-13.272613594660173,62.354108329367044,2.334167003631592,2.7305655479431152,2.003636360168457,15.273341172902349,13.272612740886581,13.989525156128416
148.3931543605606,-13.487380532331915,62.20061348814935,2.3329014778137207,2.7276957035064697,2.007565975189209,15.407786616524902,13.487379678558323,14.143019997346109
148.1516935130223,-13.292175583043637,62.311822628215495,2.339836597442627,2.724672555923462,2.0026087760925293,15.16632576898661,13.292174729270045,14.031810857279964
148.2105697436678,-13.363549627503385,62.20903511139598,2.335594892501831,2.7244176864624023,2.0095293521881104,15.225201999632105,13.363548773729793,14.134598374099482
148.41457383379776,-13.956011897701828,61.800671761299256,2.3504908084869385,2.7021467685699463,2.025083541870117,15.429206089762062,13.956011043928235,14.542961724196203
148.32228431773254,-13.630484198504469,62.00845977622938,2.344965934753418,2.7099099159240723,2.0181691646575928,15.33691657369684,13.630483344730877,14.33517370926608
148.36683081149937,-13.573919636219548,62.160465636208016,2.335033655166626,2.72236704826355,2.0113229751586914,15.38146306746367,13.573918782445956,14.183167849287443
148.04021116538934,-13.331127072203268,62.267993304311524,2.3417673110961914,2.7207863330841064,2.0085835456848145,15.054843421353638,13.331126218429675,14.075640181183935

Errors:
rotation,[20.402827913354958, 23.080132992506208, 27.072522027304068, 29.986911386372626, 32.52614416449312, 38.13150221491345, 38.0241691462619, 41.28472115295493, 41.955953650192036, 42.566453162244585, 41.95719675885078, 42.28641600004273, 42.55144765965539, 40.26314627403168, 43.17643962223545, 43.932424772310775, 42.8636538770823, 42.74047457995527, 43.11300276573313, 43.30337248630035, 43.950263700922775, 42.84028198406019, 43.017378893183505, 43.8420784656825, 44.09582506831105, 44.34532299576, 45.510043285711575, 43.4097217710991, 42.53547906991734, 43.03818629242933, 42.49031135553662, 42.72334914746138, 43.9281788578865, 43.302573627693796, 43.13854969919707, 42.46160982096725]
translation,[0.07464079787699607, 0.06708420407481697, 0.06608814661563578, 0.06740688093681779, 0.07219120473864393, 0.06767846931348487, 0.06290499377830194, 0.0642328017009115, 0.063176470933751, 0.061620348526160384, 0.0690536332330689, 0.07248133816973024, 0.07996320166848037, 0.08828931706133414, 0.09206160152253595, 0.09009796287882565, 0.08943746221371995, 0.08915783740746264, 0.08287284651545335, 0.07822330947406897, 0.07984953741243483, 0.08026216187293311, 0.08142580355977724, 0.08275813138731358, 0.08314742705919986, 0.08385800820743405, 0.08321803778650594, 0.08295224986509808, 0.08212800404797349, 0.08142191224822337, 0.08094085041814836, 0.08173668642017695, 0.08315930498165613, 0.08171484213474933, 0.08093682285999648, 0.08238056906134616]
loss,
[0.12044358253479004, 0.11036455631256104, 0.10603808611631393, 0.0975610613822937, 0.10116233676671982, 0.09773866832256317, 0.10254230350255966, 0.0945790708065033, 0.09447702020406723, 0.09590329974889755, 0.09482000768184662, 0.09956665337085724, 0.0975920557975769, 0.09088411927223206, 0.09707685559988022, 0.09305077791213989, 0.09310409426689148, 0.09970949590206146, 0.10103021562099457, 0.10077187418937683, 0.09417372941970825, 0.09555301070213318, 0.10541486740112305, 0.09480603039264679, 0.09450259059667587, 0.09528523683547974, 0.09866048395633698, 0.0927203819155693, 0.0956660658121109, 0.09698688983917236, 0.10212849080562592, 0.08928759396076202, 0.09792914241552353, 0.09324038028717041, 0.09961073845624924, 0.10111808031797409]

2022-04-27 08:57:55.292810