2022-04-28 22:28:06.506216

reference phi, theta, psi, translation: 132.9853677440357, -8.537735924097414e-07, 76.34363348549546, 2.865516185760498, 2.6707684993743896, 0.9517420530319214

phi,theta,psi,rot_x,rot_y,rot_z,phi_err,theta_err,psi_err
143.3552887910292,-3.0579185397180266,69.36864430507845,2.3124754428863525,2.981729030609131,1.6183615922927856,10.369921046993511,3.0579176859444344,6.974989180417012
143.28440508782282,-2.7989639776039676,68.87216468449938,2.295172929763794,2.970348358154297,1.6360353231430054,10.29903734378712,2.7989631238303754,7.471468800996078
144.40425558338146,-2.814744422408457,66.94581228193483,2.198835611343384,2.948657274246216,1.7331676483154297,11.418887839345757,2.8147435686348645,9.397821203560625
147.26670590226374,-2.023649173758656,63.0675625693099,1.9674932956695557,2.948218822479248,1.88673734664917,14.281338158228039,2.023648319985064,13.27607091618556
146.03552332323392,2.587593183470366,64.40951715629899,1.9577592611312866,3.0279860496520996,1.7365474700927734,13.050155579198218,2.5875940372439583,11.93411632919647
143.99183510091774,2.281993651524255,68.13434032959793,2.133643865585327,3.044980525970459,1.5114117860794067,11.006467356882041,2.281994505297847,8.209293155897527
142.64018164530722,2.6471847285699126,71.75296772168151,2.2725586891174316,3.0620360374450684,1.2559839487075806,9.654813901271524,2.647185582343505,4.590665763813945
140.1206204831379,1.7185832246300599,76.63781656323708,2.494018793106079,3.0162081718444824,0.9293422102928162,7.135252739102214,1.7185840784036523,0.29418307774162145
135.1627091080307,0.43621680697174053,77.1145569371148,2.7592504024505615,2.7805421352386475,0.8945847749710083,2.177341363994998,0.43621766074533297,0.7709234516193391
132.30603712918622,-0.21788149036036694,76.27365136725952,2.893852710723877,2.6289031505584717,0.9559004902839661,0.6793306148494764,0.21788063658677453,0.06998211823594147
132.79628078705306,0.03442725325566861,76.39461401746044,2.8725855350494385,2.659228801727295,0.9465823173522949,0.189086956982635,0.03442810702926102,0.050980531964981424
132.80931278798946,0.0891410566581982,76.51246893158901,2.871234178543091,2.659797430038452,0.9390706419944763,0.17605495604624366,0.08914191043179061,0.16883544609355283
132.86947309419892,-0.045813737664975304,76.44144862459922,2.8700335025787354,2.65970516204834,0.944227933883667,0.11589464983677544,0.0458128838913829,0.0978151391037585
133.03061091709787,0.08029854013863423,76.36821533631834,2.860841751098633,2.66938853263855,0.9486368298530579,0.0452431730621754,0.08029939391222664,0.024581850822883666
132.92694230587543,-0.015820300893950687,76.44804658733744,2.8669652938842773,2.664731025695801,0.9446582198143005,0.05842543816027046,0.015819447120358276,0.10441310184198471
132.96834691262404,0.012854435273554784,76.4359844732632,2.865936279296875,2.6668241024017334,0.9448225498199463,0.017020831411656445,0.012855289047147193,0.09235098776774464
132.9545499305006,-0.05568697684626267,76.47029934365335,2.8668320178985596,2.6659939289093018,0.9417492747306824,0.030817813535094274,0.05568612307267026,0.12666585815789233
132.88254607627033,0.10358729097916643,76.4816306274864,2.867978811264038,2.6634464263916016,0.9402050971984863,0.10282166776536883,0.10358814475275883,0.1379971419909367
132.95767815714046,-0.062270401123357424,76.46697987171672,2.867384910583496,2.6650607585906982,0.9432861804962158,0.027689586895235152,0.06226954734976502,0.12334638622125738
132.9162872107702,-0.0013801321436613858,76.43398322783639,2.8670268058776855,2.664597511291504,0.9452120065689087,0.0690805332654918,0.001379278370068976,0.0903497423409334
133.00501136808867,-0.061598139042922925,76.45305994618823,2.8640029430389404,2.6677939891815186,0.942700982093811,0.01964362405297493,0.06159728526933052,0.10942646069277373
132.93303483461506,-0.03815761477593347,76.47740957057933,2.8675496578216553,2.664959192276001,0.9419328570365906,0.05233290942064173,0.03815676100234106,0.1337760850838663
132.99050404629156,-0.01463678077595375,76.43049300117052,2.8639075756073,2.667518138885498,0.9451308250427246,0.0051363022558632565,0.01463592700236134,0.08685951567505867
132.9051266816664,-0.04149063686733196,76.45532073880351,2.870849132537842,2.6637656688690186,0.9433032274246216,0.08024106236931061,0.04148978309373955,0.11168725330804818
132.98382412128328,-0.02534055673669347,76.39583662132188,2.8661201000213623,2.6685690879821777,0.9486636519432068,0.0015436227524219248,0.02533970296310106,0.052203135826417224
132.9157407956366,-0.02992812350758153,76.42740575566567,2.868673801422119,2.6649088859558105,0.9454009532928467,0.06962694839910455,0.02992726973398912,0.08377227017021482
132.98402902695838,-0.012366979141039765,76.48109787273114,2.8664591312408447,2.6703035831451416,0.9418488144874573,0.001338717077317142,0.012366125367447356,0.13746438723568133
132.95878464778602,0.02023606649510571,76.39852088566569,2.8655104637145996,2.6673436164855957,0.946740984916687,0.026583096249680693,0.02023692026869812,0.054887400170230194
132.83783565796344,0.09440335373095042,76.45461039912983,2.870224952697754,2.6624276638031006,0.9434331655502319,0.14753208607226043,0.09440420750454283,0.11097691363437434
132.95760985524876,-0.018516219546835192,76.40898473547415,2.8652617931365967,2.6654446125030518,0.9465894103050232,0.027757888786936746,0.01851536577324278,0.06535124997868991
132.98264932874605,0.0009328258231677134,76.44166036046349,2.865734338760376,2.6696159839630127,0.9450960159301758,0.002718415289649556,0.0009336795967601232,0.09802687496802776
132.92132789037765,0.055132114378924,76.41921635885082,2.86944317817688,2.6671571731567383,0.9468318819999695,0.06403985365804488,0.05513296815251641,0.07558287335535852
132.8773414721228,0.033680397476851316,76.35066858034058,2.869440793991089,2.6641647815704346,0.9509142637252808,0.10802627191290526,0.033681251250443724,0.007035094845122103
132.9250981547995,0.03766742989617072,76.47516926853157,2.869330883026123,2.668405771255493,0.9415735006332397,0.060269589236185084,0.03766828366976313,0.13153578303611368
132.92802147576427,0.011931995820099314,76.37961492204309,2.8668429851531982,2.665489435195923,0.9477100372314453,0.057346268271430745,0.011932849593691723,0.03598143654762964
132.99285363136605,0.037084747010499006,76.40901205623082,2.8648600578308105,2.669585704803467,0.9472897052764893,0.007485887330346941,0.03708560078409141,0.06537857073536202

Errors:
rotation,[20.402827913354958, 20.569469268613574, 23.631452611541246, 29.581057394398663, 27.57186594563865, 21.497755018077413, 16.892665247428972, 9.148019895247486, 3.38448247635967, 0.9671933696721924, 0.27449559597687745, 0.4340323125715871, 0.2595226728319168, 0.1501244177972857, 0.17865798712261344, 0.12222710822654828, 0.21316979476565687, 0.3444069545090644, 0.21330552046625756, 0.16080955397649416, 0.19066737001507916, 0.22426575550684907, 0.10663174493328327, 0.23341809877109834, 0.07908646154194021, 0.1833264883033085, 0.15116922968044583, 0.10170741668860901, 0.3529132072111776, 0.11162450453886943, 0.10167896985443743, 0.19475569516591978, 0.14874261800847108, 0.2294736559420619, 0.10526055441275212, 0.10995005884980037]
translation,[0.07464079787699607, 0.06367263461218986, 0.03499059500308199, 0.01580801690510647, 0.028989741631441746, 0.017563400211717095, 0.016395626820455256, 0.008527962156021474, 0.013024974758256036, 0.006298354662074956, 0.0038142308259896396, 0.006161616591966457, 0.005872370156857265, 0.004969143742577842, 0.0046340877796016144, 0.003942402493132491, 0.004574413939249844, 0.005804709592294621, 0.004438723730683769, 0.0045486853396772275, 0.0051727833691828096, 0.004705433861731834, 0.004853725066156223, 0.002823655335841835, 0.0017532641913087232, 0.003125474382279947, 0.0019617091975181467, 0.003450838947474999, 0.0041227705223354505, 0.004920817675888145, 0.0021725628861037904, 0.0007539749216514124, 0.001773830589113068, 0.0012393707092623885, 0.0035022005363609665, 0.00229921176127057]
loss,
[0.09848348796367645, 0.09889137744903564, 0.09541615843772888, 0.07592923939228058, 0.05154998227953911, 0.04824274405837059, 0.04213530942797661, 0.02267233096063137, 0.010610162280499935, 0.0033617352601140738, 0.0017158372793346643, 0.0015373954083770514, 0.0017727566882967949, 0.0018290281295776367, 0.0030742203816771507, 0.0012167647946625948, 0.0011006847489625216, 0.0021384814754128456, 0.0019079288467764854, 0.0014726649969816208, 0.001512728864327073, 0.001745404559187591, 0.0010628531454131007, 0.002392740687355399, 0.0019222883274778724, 0.0022300577256828547, 0.0013193415943533182, 0.001897848560474813, 0.0021063329186290503, 0.001678316155448556, 0.001371048274450004, 0.0019191050669178367, 0.0019025265937671065, 0.002003574278205633, 0.0012990066315978765, 0.0017841084627434611]

2022-04-28 22:32:34.159498