2022-04-20 15:22:01.511413

reference phi, theta, psi, translation: -86.91639066027085, -0.0, 34.793557367935236, -2.296917200088501, -0.12373751401901245, 3.3104169368743896

phi,theta,psi,rot_x,rot_y,rot_z,phi_err,theta_err,psi_err
-76.53055527251121,6.8177051513072,38.18892636661862,-2.336111545562744,-0.9462913274765015,3.345968008041382,10.385835387759641,6.8177051513072,3.395368998683381
-76.49696440217308,6.225084611017946,38.546954637626925,-2.3728139400482178,-0.9197320342063904,3.326436996459961,10.419426258097772,6.225084611017946,3.753397269691689
-77.94473910997317,5.094712103918763,40.05686016121204,-2.5533382892608643,-0.83992600440979,3.2018344402313232,8.971651550297679,5.094712103918763,5.263302793276807
-81.96541192717122,8.08150900591931,38.180238365994356,-2.475144624710083,-0.8237485885620117,3.2497706413269043,4.950978733099632,8.08150900591931,3.38668099805912
-83.09717427264233,6.357069385553751,36.1957166573634,-2.3804519176483154,-0.6500493288040161,3.3294737339019775,3.819216387628515,6.357069385553751,1.4021592894281625
-84.88922466555691,3.9287275019129715,34.41860047306904,-2.290689706802368,-0.44103094935417175,3.38763689994812,2.0271659947139398,3.9287275019129715,0.37495689486619455
-86.27348544426506,0.9986328524938206,34.41533564264578,-2.289308547973633,-0.2097053825855255,3.3643476963043213,0.6429052160057864,0.9986328524938206,0.37822172528945686
-87.35654171076482,-0.733096039267358,34.840432956209035,-2.2985870838165283,-0.06474995613098145,3.309135913848877,0.4401510504939665,0.733096039267358,0.04687558827379945
-86.70078890893022,0.39231470542421054,34.78898114119133,-2.2880585193634033,-0.15649890899658203,3.305013656616211,0.2156017513406283,0.39231470542421054,0.004576226743907341
-86.81166336972704,0.15102507707411067,34.788161518490924,-2.290229558944702,-0.13752612471580505,3.3071112632751465,0.10472729054380636,0.15102507707411067,0.005395849444312262
-86.97595674002253,-0.03657312869518544,34.80220780251906,-2.291313648223877,-0.12012854218482971,3.3048999309539795,0.059566079751675716,0.03657312869518544,0.008650434583820754
-86.83015269181027,0.28484040767957275,34.82146210578932,-2.2917165756225586,-0.14538399875164032,3.303462505340576,0.08623796846057985,0.28484040767957275,0.027904737854086648
-86.86155790161399,0.20553792975178087,34.82126061520881,-2.2934136390686035,-0.13817769289016724,3.3066697120666504,0.05483275865685755,0.20553792975178087,0.027703247273571208
-86.78891883979091,0.13703980328853352,34.769607309610585,-2.288724660873413,-0.13845044374465942,3.3084137439727783,0.12747182047993988,0.13703980328853352,0.023950058324651025
-86.8351797110394,0.08420948815508225,34.91406581055635,-2.2977824211120605,-0.1321418136358261,3.3012611865997314,0.08121094923144767,0.08420948815508225,0.12050844262111582
-86.88314129939123,0.17948951711668884,34.841512126097896,-2.293294668197632,-0.1358218640089035,3.303962230682373,0.033249360879622714,0.17948951711668884,0.04795475816266048
-86.86403043009354,0.18170432687332497,34.84968103234523,-2.2935800552368164,-0.1370754837989807,3.302973508834839,0.05236023017731384,0.18170432687332497,0.056123664409994944
-86.8887762054565,0.15108477762197048,34.78993053748596,-2.29058575630188,-0.13369983434677124,3.306866407394409,0.027614454814354872,0.15108477762197048,0.003626830449277918
-86.85653771257402,0.11147944014522829,34.82034536986002,-2.2932069301605225,-0.13419410586357117,3.307812452316284,0.059852947696825254,0.11147944014522829,0.026788001924785476
-86.8039042748299,0.36058946016851107,34.87586114743389,-2.296206474304199,-0.15151654183864594,3.304663896560669,0.11248638544094547,0.36058946016851107,0.08230377949865186
-86.82531008768873,0.14095772872040893,34.82351799272949,-2.292909622192383,-0.13644470274448395,3.30574369430542,0.09108057258211488,0.14095772872040893,0.02996062479425632
-86.83668918284597,0.22474010970442504,34.76966536621853,-2.2891719341278076,-0.14112567901611328,3.3062164783477783,0.07970147742487654,0.22474010970442504,0.02389200171670325
-86.8665644302756,0.2000989379466415,34.87975777035538,-2.2947564125061035,-0.13845515251159668,3.300920009613037,0.04982622999524722,0.2000989379466415,0.08620040242014682
-86.84246069269463,0.07069281030963936,34.79550397184869,-2.290534734725952,-0.1316813826560974,3.306485414505005,0.07392996757621972,0.07069281030963936,0.0019466039134528046
-86.82343178566698,0.1646373142908886,34.86263107101157,-2.295743942260742,-0.13808505237102509,3.305044174194336,0.09295887460386609,0.1646373142908886,0.06907370307633443
-86.85915367502615,0.19091116112143144,34.891232488161,-2.297528028488159,-0.13864962756633759,3.303199291229248,0.05723698524469967,0.19091116112143144,0.09767512022576597
-86.90037386666717,0.16466981315706172,34.8535366741317,-2.295300006866455,-0.13457712531089783,3.3048524856567383,0.0160167936036828,0.16466981315706172,0.05997930619646752
-86.84683884395261,0.211573148288527,34.799465481567296,-2.290851354598999,-0.13937170803546906,3.306813955307007,0.06955181631823848,0.211573148288527,0.005908113632060008
-86.81223710561733,0.1996930305087623,34.86260375025489,-2.295687198638916,-0.14017802476882935,3.3055405616760254,0.1041535546535215,0.1996930305087623,0.06904638231965521
-86.87306677036545,0.10902928917405205,34.827868823230794,-2.293402910232544,-0.13284313678741455,3.3063313961029053,0.04332388990539471,0.10902928917405205,0.034311455295558346
-86.87079231737185,0.11231605125103525,34.82335065309483,-2.2927584648132324,-0.13355138897895813,3.3045969009399414,0.04559834289899811,0.11231605125103525,0.029793285159591676
-86.83874506978614,0.22059204254938436,34.832274295245455,-2.2931811809539795,-0.14121544361114502,3.3053829669952393,0.07764559048470687,0.22059204254938436,0.03871692731021881
-86.86714499635507,0.07671774822776316,34.84252982428423,-2.294372797012329,-0.13126851618289948,3.3051509857177734,0.049245663915783666,0.07671774822776316,0.0489724563489915
-86.8911872622335,0.07847695076222022,34.815741822359435,-2.293105363845825,-0.12988966703414917,3.3062703609466553,0.02520339803734828,0.07847695076222022,0.02218445442419892
-86.9345999445981,0.155360059360707,34.78279981999246,-2.2904891967773438,-0.13317033648490906,3.3075129985809326,0.01820928432725566,0.155360059360707,0.010757547942773726
-86.83993352270173,0.12702875379754414,34.8510539003684,-2.294642686843872,-0.13507890701293945,3.3043882846832275,0.07645713756912187,0.12702875379754414,0.057496532433162884

Errors:
rotation,[20.598909537750224, 20.39790813880741, 19.32966644749325, 16.41916873707806, 11.578445062610427, 6.330850391493106, 2.019759793789064, 1.220122678035124, 0.6124926835087462, 0.2611482170622293, 0.10478964303068192, 0.39898311399423925, 0.2880739356822096, 0.2884616820931244, 0.2859288800076457, 0.260693636158972, 0.2901882214606337, 0.18232606288560327, 0.19812038976683902, 0.5553796251081085, 0.2619989260967801, 0.32833358884600483, 0.3361255703620355, 0.1465693817993119, 0.3266698919710891, 0.3458232665918971, 0.24066591295721204, 0.2870330782388255, 0.372892967481939, 0.1866646343750051, 0.18770767930962504, 0.33695456034431004, 0.17493586849253834, 0.12586480322376742, 0.18432689163073637, 0.2609824237998289]
translation,[0.1579505536533441, 0.15710896676444097, 0.14939214679372004, 0.136113857306424, 0.11308527542039215, 0.08200271951935445, 0.04364050652994411, 0.0014792935270007135, 0.008341398484828844, 0.006076094025802448, 0.007832618314743023, 0.007950279844496144, 0.004603835499748854, 0.005830039598884618, 0.006754258973731275, 0.006974982567449217, 0.00758152566207837, 0.006203496395969843, 0.003917753560235049, 0.00417903440400913, 0.0057104893904655896, 0.007288406337808695, 0.008548876281292195, 0.006612100510568375, 0.0046136523991897604, 0.005090570062780131, 0.005142885151114385, 0.005903036467424627, 0.004166234017869641, 0.005067322708176114, 0.0068353788127950565, 0.005687482678847111, 0.005535613414702212, 0.005383310598526592, 0.005744738154441542, 0.005881873676162108]
loss,
[0.17140382528305054, 0.16468855738639832, 0.09645472466945648, 0.05765571445226669, 0.053567301481962204, 0.030104152858257294, 0.015864327549934387, 0.003631837200373411, 0.002445237012580037, 0.0016175929922610521, 0.001652261009439826, 0.002220466500148177, 0.0021318504586815834, 0.001839656149968505, 0.001253633527085185, 0.0019480388145893812, 0.0021520759910345078, 0.0021649026311933994, 0.0021500152070075274, 0.002584580797702074, 0.0011575901880860329, 0.0024787276051938534, 0.001701805624179542, 0.001847361447289586, 0.0014948907773941755, 0.0018421713029965758, 0.0015172793064266443, 0.001941334456205368, 0.0016687175957486033, 0.0018599879695102572, 0.0023352873977273703, 0.0015795467188581824, 0.001744401641190052, 0.0019666850566864014, 0.0017573785735294223, 0.0019156470661982894]

2022-04-20 15:27:53.653901