2022-04-20 15:15:53.790172

reference phi, theta, psi, translation: 16.672973292337613, -0.0, 55.56417970941693, 0.9538894295692444, -3.184936285018921, 2.279534101486206

phi,theta,psi,rot_x,rot_y,rot_z,phi_err,theta_err,psi_err
26.607018987257597,-4.879078348390559,61.415046110949504,1.4386786222457886,-3.2383759021759033,2.121750593185425,9.934045694919984,4.879078348390559,5.850866401532571
26.224591572986704,-5.428043662247902,59.699575799009104,1.3754528760910034,-3.224665880203247,2.1984081268310547,9.551618280649091,5.428043662247902,4.13539608959217
25.06710502755403,-6.7983851523157535,55.25272308326436,1.203290581703186,-3.1989669799804688,2.3653883934020996,8.394131735216419,6.7983851523157535,0.31145662615257663
25.886504039260245,-5.0448802795581855,53.75743757959765,1.28590726852417,-3.0881876945495605,2.4583423137664795,9.213530746922633,5.0448802795581855,1.806742129819284
25.20804256598266,-3.3593598525464037,52.8627476851231,1.2861779928207397,-3.036972999572754,2.521305561065674,8.535069273645046,3.3593598525464037,2.7014320242938368
23.62418146161194,-0.6675079695375148,51.93669014688526,1.2757328748703003,-3.0106236934661865,2.5703647136688232,6.951208169274327,0.6675079695375148,3.6274895625316717
18.769984801504094,1.9275692175781214,54.291056353788655,1.146238088607788,-3.178929567337036,2.435558319091797,2.0970115091664816,1.9275692175781214,1.2731233556282788
16.763299129016445,-0.23362091886122902,54.22619346233563,0.9599251747131348,-3.2132441997528076,2.4233291149139404,0.09032583667883287,0.23362091886122902,1.3379862470813038
17.161386459506883,-0.26631980619381457,54.370214831174515,0.9799057841300964,-3.196941375732422,2.4016005992889404,0.48841316716926997,0.26631980619381457,1.1939648782424186
16.61845472238257,0.05431781956104271,54.63096413292892,0.96114581823349,-3.1991894245147705,2.370253562927246,0.054518569955043006,0.05431781956104271,0.9332155764880099
16.91002696031395,-0.20669088739221553,54.87005490482522,0.9629534482955933,-3.1912806034088135,2.3478007316589355,0.23705366797633687,0.20669088739221553,0.6941248045917163
16.95795269017264,-0.0332967344091027,55.13049343297239,0.9724680185317993,-3.182729721069336,2.320546865463257,0.284979397835027,0.0332967344091027,0.43368627644453994
16.76729308213361,-0.043012214024616795,55.253532460681,0.9594714641571045,-3.1791794300079346,2.304988384246826,0.0943197897959962,0.043012214024616795,0.31064724873593264
16.7657921480635,0.025185234631941545,55.46487558907412,0.9618335366249084,-3.1795101165771484,2.2864813804626465,0.09281885572588777,0.025185234631941545,0.09930412034281488
16.635419204733587,-0.004788541853780923,55.47122766500223,0.9521687030792236,-3.179530143737793,2.2822749614715576,0.037554087604025455,0.004788541853780923,0.09295204441470162
16.63220047808722,0.016867457315476442,55.56915891732187,0.9535115957260132,-3.178619623184204,2.274923324584961,0.04077281425039203,0.016867457315476442,0.004979207904938221
16.726634673551818,0.06598378895087831,55.59020956034385,0.9605059623718262,-3.1783978939056396,2.2749719619750977,0.05366138121420505,0.06598378895087831,0.026029850926917675
16.634299053709707,-0.04085650134117796,55.55821353917693,0.9512742161750793,-3.1792383193969727,2.2764651775360107,0.03867423862790531,0.04085650134117796,0.005966170240000679
16.67280936779753,0.12431068331420106,55.609952222139775,0.9613088369369507,-3.180237054824829,2.273439645767212,0.0001639245400824052,0.12431068331420106,0.04577251272284144
16.65207974366654,0.012711714897888443,55.60907795792601,0.9555433988571167,-3.181781053543091,2.2732157707214355,0.020893548671072182,0.012711714897888443,0.04489824850907809
16.640376214523727,0.07307906571448985,55.48021619394997,0.9552140831947327,-3.1769344806671143,2.2809107303619385,0.03259707781388599,0.07307906571448985,0.08396351546696224
16.617334571358686,0.038833755388599955,55.60849056165739,0.9539373517036438,-3.182806968688965,2.2734389305114746,0.055638720978926415,0.038833755388599955,0.044310852240457166
16.65537189484649,0.026404379240422028,55.539901802012125,0.955291748046875,-3.178407907485962,2.277118682861328,0.01760139749112355,0.026404379240422028,0.02427790740480873
16.657110177990255,0.04950049408417434,55.495577289393324,0.95481276512146,-3.1761653423309326,2.2789437770843506,0.015863114347357765,0.04950049408417434,0.06860242002360906
16.545139471831654,0.04140751026461746,55.53819425471962,0.9495766758918762,-3.179302215576172,2.277183771133423,0.12783382050595904,0.04140751026461746,0.02598545469731306
16.676017849160143,0.019748082039448396,55.530144876782764,0.9552549123764038,-3.178502082824707,2.2780914306640625,0.003044556822530353,0.019748082039448396,0.03403483263416973
16.64758889428726,-0.025451215344075045,55.5143056680975,0.9514269828796387,-3.178989887237549,2.279616594314575,0.02538439805035253,0.025451215344075045,0.04987404131943407
16.7318085418481,-0.007797237527576241,55.536210084765735,0.9577235579490662,-3.1775782108306885,2.2786202430725098,0.05883524951048713,0.007797237527576241,0.0279696246511989
16.636023676475133,0.024706452228371478,55.613370731819366,0.9548983573913574,-3.181878089904785,2.273057460784912,0.036949615862479135,0.024706452228371478,0.04919102240243234
16.66546179179789,0.06089692061201546,55.51809983818144,0.9555860161781311,-3.1764721870422363,2.278855562210083,0.007511500539724381,0.06089692061201546,0.04607987123549151
16.699315624419057,0.031043775017497163,55.56153301111355,0.957798421382904,-3.1769630908966064,2.276890754699707,0.026342332081444653,0.031043775017497163,0.002646698303379935
16.650828111501138,0.04398017013544051,55.59030176789765,0.9552526473999023,-3.178724765777588,2.2736215591430664,0.022145180836474765,0.04398017013544051,0.026122058480716248
16.690911076645357,-0.0542112172885169,55.54427653817552,0.9528766870498657,-3.1780855655670166,2.2772562503814697,0.017937784307743954,0.0542112172885169,0.019903171241416828
16.636141497238317,0.021042693050324593,55.59634648531311,0.9541370868682861,-3.180874824523926,2.274301528930664,0.036831795099296016,0.021042693050324593,0.032166775896179445
16.63129206292761,-0.004364489049910294,55.55883850148599,0.9523724913597107,-3.1797776222229004,2.2761523723602295,0.04168122941000263,0.004364489049910294,0.005341207930946723
16.659633932888575,0.0790368867016903,55.63560299756776,0.9579187631607056,-3.181273937225342,2.2719430923461914,0.013339359449037858,0.0790368867016903,0.07142328815082521

Errors:
rotation,[20.663990444843115, 19.115058032489163, 15.503973513684748, 16.065153156300102, 14.595861150485288, 11.246205701343513, 5.297704082372881, 1.6619330026213657, 1.9486978516055031, 1.0420519660040957, 1.1378693599602687, 0.7519624086886696, 0.44797925255654564, 0.2173082107006442, 0.135294673872508, 0.06261947947080669, 0.14567502109200103, 0.08549691020908395, 0.1702471205771249, 0.07850351207803871, 0.18963965899533808, 0.13878332860798354, 0.0682836841363543, 0.13396602845514116, 0.19522678546788957, 0.05682747149614848, 0.10070965471386165, 0.09460211168926227, 0.11084709049328295, 0.11448829238723135, 0.060032805402321754, 0.09224740945263152, 0.09205217283767768, 0.09004126404580005, 0.05138692639085965, 0.16379953430155336]
translation,[0.09908907901583852, 0.10690677633301782, 0.12535525481794618, 0.1202453285981564, 0.12030951045720606, 0.12797250147449013, 0.1343722212139813, 0.10637263361135219, 0.08570668764932954, 0.06481012791680474, 0.04609071849579571, 0.026013023365272225, 0.01123910603104683, 0.0015384234987090295, 0.003124868387450519, 0.007687150783645791, 0.006171433374547064, 0.0068559302575925685, 0.005392876302646954, 0.005671894302984981, 0.005225187319758184, 0.005115791925091706, 0.006190521499537027, 0.007041582117321532, 0.006799803931087922, 0.005574489824179629, 0.00523246210060524, 0.005418004241469099, 0.005837658778369281, 0.006665809427293112, 0.006864481458025651, 0.007926934446305545, 0.006939767110320183, 0.006108405770899772, 0.006347040580590324, 0.006226672619130902]
loss,
[0.15979903936386108, 0.14422450959682465, 0.11258077621459961, 0.10419072955846786, 0.11283420026302338, 0.0790565013885498, 0.03745964169502258, 0.0147434426471591, 0.009885862469673157, 0.010478811338543892, 0.0052679963409900665, 0.0038894973695278168, 0.0022372144740074873, 0.0018646742682904005, 0.002050059149041772, 0.0012041887966915965, 0.0020291246473789215, 0.0020500943064689636, 0.002214843174442649, 0.0020337430760264397, 0.0021093985997140408, 0.002091420581564307, 0.00202953745611012, 0.0018533695256337523, 0.0021180040203034878, 0.0021099497098475695, 0.0018055224791169167, 0.001930377446115017, 0.0018827859312295914, 0.00237532751634717, 0.002396161435171962, 0.0016116909682750702, 0.0019331774674355984, 0.0015653364825993776, 0.0014290757244452834, 0.0020567504689097404]

2022-04-20 15:21:57.012149