2022-04-20 15:33:06.792874

reference phi, theta, psi, translation: 175.36684180812657, -0.0, 39.4597479484966, 0.2069414258003235, 2.553555727005005, 3.112318754196167

phi,theta,psi,rot_x,rot_y,rot_z,phi_err,theta_err,psi_err
-174.60268024378553,2.426304892454245,32.24175771288345,-0.3459881842136383,2.1274664402008057,3.6064906120300293,10.030477948087878,2.426304892454245,7.217990235613151
-174.93994132462242,1.968768773269921,31.90481082074838,-0.2879348397254944,2.1102888584136963,3.6221344470977783,9.69321686725101,1.968768773269921,7.554937127748218
-175.8570171641017,2.051519176982978,31.444865882039725,-0.25282299518585205,2.089726209640503,3.6306841373443604,8.7761410277717,2.051519176982978,8.014882066456874
-175.56361955811462,1.7727523596432744,31.485034224548567,-0.24743349850177765,2.089231491088867,3.627894401550293,9.069538633758839,1.7727523596432744,7.974713723948032
-176.69937073406103,1.5970397482694232,30.888437691115463,-0.1871914565563202,2.057058095932007,3.645641803741455,7.9337874578124,1.5970397482694232,8.571310257381136
-175.94703905736247,1.7397153996025783,30.81103798744088,-0.22894780337810516,2.0546021461486816,3.638169527053833,8.686119134510932,1.7397153996025783,8.648709961055719
-175.4940472512289,1.8804130844467826,30.722235282946958,-0.25356268882751465,2.0445687770843506,3.6449460983276367,9.139110940644514,1.8804130844467826,8.737512665549641
-175.47676687262876,1.7747831485463061,30.893089049940244,-0.24747797846794128,2.0525362491607666,3.6439883708953857,9.156391319244676,1.7747831485463061,8.566658898556355
-175.57527186083868,1.7147527013151072,30.849112876969116,-0.23768320679664612,2.050116539001465,3.6424808502197266,9.057886331034751,1.7147527013151072,8.610635071527483
-175.31673554037536,1.5293859028659385,30.95003233705064,-0.23456773161888123,2.05509090423584,3.637204647064209,9.316422651498101,1.5293859028659385,8.509715611445959
-175.41424332096645,1.4487686120635996,31.06232747719482,-0.22798846662044525,2.0630874633789062,3.636732339859009,9.218914870906985,1.4487686120635996,8.397420471301778
-175.42510332174678,1.570337058058167,31.253764019251935,-0.24163363873958588,2.0734634399414062,3.631505012512207,9.20805487012666,1.570337058058167,8.205983929244663
-175.82846697337104,1.7344478975709003,31.19169809026403,-0.23675863444805145,2.0674397945404053,3.6328020095825195,8.804691218502398,1.7344478975709003,8.268049858232569
-175.79017693288395,1.8162745922942076,31.27392332258723,-0.24269923567771912,2.0728135108947754,3.627798318862915,8.842981258989482,1.8162745922942076,8.185824625909369
-175.81733376502393,2.1156363035170065,31.416954313996467,-0.26191097497940063,2.0811846256256104,3.6205363273620605,8.815824426849531,2.1156363035170065,8.042793634500132
-175.69895292632927,2.0625321403927637,31.404571181031233,-0.25923436880111694,2.0794687271118164,3.62044620513916,8.934205265544165,2.0625321403927637,8.055176767465365
-175.6091359387436,2.1097641771262365,31.56095860736243,-0.2702271640300751,2.090406656265259,3.615867853164673,9.024022253129829,2.1097641771262365,7.898789341134169
-175.7586214589185,1.99944785041468,31.36657825377304,-0.2558915317058563,2.078701972961426,3.6228039264678955,8.874536732954937,1.99944785041468,8.09316969472356
-175.87917429776923,2.0053597466031334,31.344824101266546,-0.24912402033805847,2.0762975215911865,3.623340606689453,8.75398389410418,2.0053597466031334,8.114923847230052
-176.05707340489138,1.9261434204438257,31.43269448493876,-0.23866112530231476,2.084017276763916,3.6181836128234863,8.576084786982051,1.9261434204438257,8.027053463557838
-175.9068092431511,2.013719740026975,31.333219609866696,-0.2524486184120178,2.076418399810791,3.6243913173675537,8.726348948722375,2.013719740026975,8.126528338629903
-175.81714251972716,2.0600447649511793,31.13914661478995,-0.2568824291229248,2.065493106842041,3.6312825679779053,8.81601567214625,2.0600447649511793,8.320601333706648
-175.53433170695362,2.0830693755596172,31.21790552610937,-0.2722978889942169,2.067671537399292,3.6327452659606934,9.098826484919812,2.0830693755596172,8.24184242238723
-175.64959797938675,2.010641835956181,31.152458653482306,-0.26084476709365845,2.0647382736206055,3.6337544918060303,8.98356021248668,2.010641835956181,8.307289295014293
-175.77363421471418,1.9577878203207466,31.04929889135302,-0.2521628737449646,2.059312343597412,3.6377110481262207,8.859523977159256,1.9577878203207466,8.41044905714358
-175.67649526433826,2.0161035238922915,31.14033165261095,-0.2613300681114197,2.0658960342407227,3.633657693862915,8.956662927535149,2.0161035238922915,8.319416295885649
-175.67903609470952,2.0399534069799916,31.101344932828518,-0.26143720746040344,2.0630288124084473,3.635012626647949,8.954122097163918,2.0399534069799916,8.358403015668081
-175.565723256379,2.088500364710871,31.167423597953807,-0.26970726251602173,2.0662243366241455,3.6354689598083496,9.067434935494475,2.088500364710871,8.292324350542792
-175.51489298857575,2.156805646008741,31.199935298403066,-0.2770754098892212,2.06782865524292,3.6345505714416504,9.11826520329771,2.156805646008741,8.259812650093533
-175.64652439426024,2.118152847783863,30.959659488685773,-0.2663187086582184,2.0535569190979004,3.642090082168579,8.986633797613194,2.118152847783863,8.500088459810826
-175.63162092149128,2.218727043381317,31.076930421640306,-0.2755316495895386,2.0601742267608643,3.6373846530914307,9.001537270382187,2.218727043381317,8.382817526856293
-175.53608023538115,2.2231721689250405,31.184239523690376,-0.2791483998298645,2.0667784214019775,3.634035587310791,9.097077956492285,2.2231721689250405,8.275508424806223
-175.56632431302594,2.2397583380146764,31.152567936509026,-0.2799399495124817,2.0652859210968018,3.6353230476379395,9.06683387884749,2.2397583380146764,8.307180011987572
-175.66559428242292,2.1870774701488527,31.091034762276383,-0.27076977491378784,2.062279224395752,3.6363320350646973,8.967563909450519,2.1870774701488527,8.368713186220216
-175.79177519714975,2.2371812553891997,31.046187740186078,-0.26823368668556213,2.06003737449646,3.6373636722564697,8.841382994723688,2.2371812553891997,8.413560208310521
-175.80767587753752,2.2591935307901814,30.99552481201751,-0.2690756320953369,2.057074785232544,3.6393086910247803,8.825482314335886,2.2591935307901814,8.464223136479088

Errors:
rotation,[19.674773076155276, 19.21692276826915, 18.842542271211553, 18.817004717350144, 18.10213746346296, 19.074544495169228, 19.757036690640938, 19.497833366347336, 19.38327410387734, 19.355524165809996, 19.065103954272363, 18.98437585742949, 18.807188974305866, 18.845080477193058, 18.97425436486667, 19.051914173402295, 19.032575771390235, 18.967154278093176, 18.874267487937367, 18.529281670983714, 18.866597027379253, 19.196661770804077, 19.42373828286666, 19.30149134345715, 19.227760854623583, 19.29218274731309, 19.35247851981199, 19.44825965074814, 19.534883499399985, 19.60487510520788, 19.603081840619797, 19.59575855022355, 19.61377222884974, 19.523354565819588, 19.492124458423408, 19.548898981605156]
translation,[0.170370405351016, 0.1707854364890915, 0.16562496495887125, 0.16264385822644556, 0.15900634977638095, 0.15337646876143207, 0.15577785552135648, 0.15847755525030216, 0.15541364400558155, 0.15308893466800377, 0.1562487200182483, 0.15760201838435162, 0.15547031584819226, 0.1541285604650362, 0.15315248399547965, 0.1520545727992868, 0.15424129132009679, 0.15350862982528746, 0.15237106122813682, 0.151136083994321, 0.153540345642166, 0.1543775261600473, 0.157695576255672, 0.15639500276228802, 0.15662655029693706, 0.15691224872869913, 0.1566813498339279, 0.15917659879723445, 0.15965200401447088, 0.1584823516433218, 0.1582389816445442, 0.15882481345555544, 0.15925850103126749, 0.15805039173085067, 0.157679806284035, 0.15796726922687387]
loss,
[0.11554999649524689, 0.12180726230144501, 0.1204487681388855, 0.11926921457052231, 0.12753890454769135, 0.11519619077444077, 0.11775674670934677, 0.12223633378744125, 0.11335601657629013, 0.11868628859519958, 0.12227931618690491, 0.1192498728632927, 0.12577855587005615, 0.11442673206329346, 0.12716326117515564, 0.12413996458053589, 0.11727380007505417, 0.12235288321971893, 0.12457629293203354, 0.11593341082334518, 0.12654636800289154, 0.1221739649772644, 0.11762180179357529, 0.11346256732940674, 0.11059432476758957, 0.12251685559749603, 0.11936162412166595, 0.1206086128950119, 0.12086336314678192, 0.11849617958068848, 0.11574247479438782, 0.10877448320388794, 0.11896024644374847, 0.11929979175329208, 0.11982914060354233, 0.1146305501461029]

2022-04-20 15:39:05.300867