2022-04-29 00:22:06.634620

reference phi, theta, psi, translation: -86.91639066027085, -0.0, 34.793557367935236, -2.296917200088501, -0.12373751401901245, 3.3104169368743896

phi,theta,psi,rot_x,rot_y,rot_z,phi_err,theta_err,psi_err
-76.53055527251121,6.8177051513072,38.18892636661862,-2.336111545562744,-0.9462913274765015,3.345968008041382,10.385835387759641,6.8177051513072,3.395368998683381
-76.27295468796417,6.855224509984376,38.377770851885714,-2.341578722000122,-0.9647750854492188,3.3372533321380615,10.643435972306676,6.855224509984376,3.584213483950478
-73.45086395688747,5.818332551981568,40.381075580734205,-2.4093074798583984,-1.0596462488174438,3.248913526535034,13.465526703383375,5.818332551981568,5.587518212798969
-71.9683509069687,6.469611849463648,42.40976812272764,-2.488635778427124,-1.1634546518325806,3.152355670928955,14.948039753302155,6.469611849463648,7.616210754792405
-70.46188438363069,7.148683927425419,43.68503274266072,-2.515150547027588,-1.2730188369750977,3.0822534561157227,16.45450627664016,7.148683927425419,8.89147537472548
-70.10411224471625,7.620063095901983,43.855729415303095,-2.521824598312378,-1.3145270347595215,3.0454764366149902,16.8122784155546,7.620063095901983,9.06217204736786
-69.62461930460302,8.025085180456731,45.388198468811346,-2.575605630874634,-1.3635886907577515,2.979163646697998,17.291771355667834,8.025085180456731,10.59464110087611
-67.63421338800208,8.486660862256137,45.1124022603154,-2.4944043159484863,-1.460695505142212,2.987700939178467,19.28217727226877,8.486660862256137,10.318844892380163
-66.86359046470622,9.087738660642149,45.587114068009626,-2.47978138923645,-1.5364538431167603,2.9518227577209473,20.05280019556463,9.087738660642149,10.79355670007439
-67.8116890233957,9.433885988721377,45.73793489016726,-2.513706684112549,-1.5099550485610962,2.9389214515686035,19.10470163687515,9.433885988721377,10.944377522232024
-66.907371977286,9.175404983193468,47.05702541890973,-2.5617923736572266,-1.5494844913482666,2.8677194118499756,20.009018682984845,9.175404983193468,12.263468050974495
-67.69167576948941,9.476801602325981,47.11621583825706,-2.5828750133514404,-1.5269379615783691,2.8551642894744873,19.224714890781442,9.476801602325981,12.322658470321826
-67.94189974973281,10.121868442773872,47.209287410982235,-2.5816617012023926,-1.5490634441375732,2.838275671005249,18.974490910538037,10.121868442773872,12.415730043046999
-66.86711484231795,10.28681253685877,47.556284926480984,-2.560457468032837,-1.601484775543213,2.818275213241577,20.049275817952903,10.28681253685877,12.762727558545748
-67.0159514945217,10.326291041325042,47.3897580843269,-2.5498268604278564,-1.596463918685913,2.8239026069641113,19.900439165749148,10.326291041325042,12.596200716391664
-67.98208858280917,9.59323932770249,46.88253116108883,-2.5663697719573975,-1.5127472877502441,2.8596277236938477,18.93430207746168,9.59323932770249,12.088973793153592
-67.9257326919674,8.942798493575921,46.660150446996965,-2.565990447998047,-1.4817746877670288,2.8709356784820557,18.990657968303452,8.942798493575921,11.86659307906173
-67.40825706987972,8.748118910802352,46.941612297409435,-2.5653176307678223,-1.498671531677246,2.858041524887085,19.508133590391125,8.748118910802352,12.148054929474199
-68.07438492906356,9.239884423050023,46.51887481420442,-2.545562744140625,-1.4859474897384644,2.882805824279785,18.842005731207294,9.239884423050023,11.725317446269187
-67.15310852324473,8.797881772393447,47.02480058640561,-2.5568687915802,-1.513494610786438,2.84786319732666,19.763282137026124,8.797881772393447,12.231243218470375
-67.683383919837,9.266875238746897,46.75495688777133,-2.5519587993621826,-1.507102370262146,2.859097480773926,19.23300674043385,9.266875238746897,11.961399519836093
-67.46080171516464,9.199717312517187,47.1471600102918,-2.5703577995300293,-1.517020583152771,2.837461471557617,19.455588945106214,9.199717312517187,12.353602642356563
-67.5924126302816,9.152202227455216,46.873908047261686,-2.5630428791046143,-1.5085327625274658,2.8528871536254883,19.32397802998925,9.152202227455216,12.08035067932645
-67.6177184811565,9.484681035541765,46.85269006460504,-2.5499448776245117,-1.5227484703063965,2.8591551780700684,19.298672179114348,9.484681035541765,12.059132696669806
-67.21508565977342,9.698991645402574,47.37116289431154,-2.56040096282959,-1.5558886528015137,2.826833724975586,19.701305000497427,9.698991645402574,12.577605526376303
-67.25474173809451,9.551173214073563,47.36516257312569,-2.56284236907959,-1.5458046197891235,2.825650930404663,19.66164892217634,9.551173214073563,12.571605205190451
-67.45560394120625,9.750935823392558,47.27241543438608,-2.56256103515625,-1.5426186323165894,2.824232339859009,19.4607867190646,9.750935823392558,12.478858066450847
-67.65186942700656,10.012492014072269,47.15417802966399,-2.5549685955047607,-1.5451436042785645,2.8270506858825684,19.26452123326429,10.012492014072269,12.360620661728753
-67.59780164953675,9.88761209976355,47.367491667632656,-2.562182664871216,-1.5447081327438354,2.8190550804138184,19.3185890107341,9.88761209976355,12.57393429969742
-67.57438093087278,9.741356775292278,47.55996298334903,-2.5761899948120117,-1.5388511419296265,2.8074798583984375,19.34200972939807,9.741356775292278,12.766405615413795
-67.49839507635637,9.46123742347821,47.66387065119244,-2.5849759578704834,-1.5295801162719727,2.8017752170562744,19.417995583914475,9.46123742347821,12.870313283257204
-67.82593679800434,9.458993665690748,47.33974743922407,-2.574639320373535,-1.512819766998291,2.822312831878662,19.090453862266514,9.458993665690748,12.546190071288834
-67.57240017601347,9.424472043422922,47.76297669604932,-2.5897223949432373,-1.5245835781097412,2.795377254486084,19.343990484257375,9.424472043422922,12.969419328114085
-67.68313120283771,9.553246491535479,47.76731386617228,-2.591423273086548,-1.524514079093933,2.7926621437072754,19.233259457433135,9.553246491535479,12.973756498237044
-67.71233026153952,9.779204881954444,47.667234519358665,-2.580226421356201,-1.5359026193618774,2.796867609024048,19.20406039873133,9.779204881954444,12.87367715142343
-67.95155080703005,9.964937722686065,47.24812728169751,-2.558864116668701,-1.5243034362792969,2.8240396976470947,18.964839853240804,9.964937722686065,12.454569913762278

Errors:
rotation,[20.598909537750224, 21.08287396624153, 24.871377468163914, 29.033862357558206, 32.49466557879106, 33.494513558824444, 35.91149763700068, 38.08768302690507, 39.934095556281164, 39.48296514782855, 41.44789171715281, 41.024174963429246, 41.51208939635891, 43.09881591335742, 42.822930923465854, 40.616515198317764, 39.8000495409411, 40.40430743066768, 39.8072076005265, 40.792407127889945, 40.46128149901684, 41.008908899979964, 40.55653093677091, 40.84248591132592, 41.9779021722763, 41.784427341440356, 41.69058060890801, 41.637633909065315, 41.78013541019507, 41.84977212010415, 41.74954629064989, 41.095637599246096, 41.737881855794384, 41.76026244720566, 41.8569424321092, 41.38434748968915]
translation,[0.1579505536533441, 0.15826747753866766, 0.15014508478505384, 0.1502920747873242, 0.1458132744510401, 0.13570535185303, 0.1364285193873549, 0.12603858255907419, 0.1189631554597197, 0.12049068353555992, 0.11465176288837231, 0.11069996146997951, 0.10654965233155611, 0.09965449220525802, 0.09497583920892705, 0.09829348150437234, 0.09467225831580262, 0.09140340281645987, 0.09179474352617589, 0.08452038870070666, 0.08691553826266318, 0.08703556887976394, 0.09001479200569484, 0.0914613583487025, 0.08802536052095622, 0.08493432042053772, 0.08258960467239884, 0.0807501333338676, 0.07958576927713512, 0.07822156009285308, 0.07638381742333955, 0.07774458558563246, 0.07315562792666874, 0.07235497693321058, 0.07241030241349833, 0.07331833063833049]
loss,
[0.12317269295454025, 0.12233992666006088, 0.11934880912303925, 0.11063770949840546, 0.11617344617843628, 0.11729666590690613, 0.12482263892889023, 0.11258663982152939, 0.10999687761068344, 0.11174266040325165, 0.11469621956348419, 0.11524128168821335, 0.1070079654455185, 0.10929291695356369, 0.11182646453380585, 0.11636461317539215, 0.11235372722148895, 0.10780203342437744, 0.10780997574329376, 0.12063165009021759, 0.11490406841039658, 0.10300660133361816, 0.11176928132772446, 0.10435210168361664, 0.11191771924495697, 0.11022429168224335, 0.1149265393614769, 0.11426384747028351, 0.1134192943572998, 0.10173310339450836, 0.11476922035217285, 0.11158504337072372, 0.11222671717405319, 0.111029252409935, 0.10657142102718353, 0.10756969451904297]

2022-04-29 00:26:30.053107