2022-04-28 21:27:02.850114

reference phi, theta, psi, translation: -139.02455270626928, -8.537736090602699e-07, 56.38966954231551, -2.2014424800872803, 2.5346622467041016, 2.231398344039917

phi,theta,psi,rot_x,rot_y,rot_z,phi_err,theta_err,psi_err
-129.04008655489625,6.852725648450977,53.065809209147574,-2.6847352981567383,1.8050535917282104,2.604990243911743,9.984466151373027,6.852726502224586,3.3238603331679357
-129.20679781215793,6.963846855900307,52.22525197893996,-2.6703755855560303,1.7876112461090088,2.637362003326416,9.817754894111346,6.963847709673916,4.164417563375551
-130.2634280767589,7.16225117192556,48.31681283018356,-2.6188879013061523,1.7398884296417236,2.7511813640594482,8.761124629510363,7.1622520256991695,8.072856712131951
-130.794338680944,5.578866539607788,48.56069839487721,-2.5527193546295166,1.8380547761917114,2.75350284576416,8.230214025325267,5.5788673933813975,7.828971147438303
-132.35145788716682,4.742688825764634,49.040430391611395,-2.4856059551239014,1.959159016609192,2.737185001373291,6.6730948191024595,4.742689679538243,7.349239150704115
-134.13130956222378,3.618032069117513,50.35257803306254,-2.429814338684082,2.117652654647827,2.6669650077819824,4.893243144045499,3.618032922891122,6.037091509252967
-136.4824109387039,1.6133991705154886,52.90341121634677,-2.345229148864746,2.3773679733276367,2.528398275375366,2.5421417675653686,1.6134000242890978,3.486258325968741
-137.65714883443272,0.5266716754373247,53.82546967882556,-2.280595541000366,2.473684310913086,2.467453956604004,1.367403871836558,0.5266725292109338,2.5641998634899466
-137.62297056782597,0.7159860617115875,54.33152522462098,-2.294565200805664,2.4725704193115234,2.4217793941497803,1.4015821384433025,0.7159869154851966,2.058144317694527
-137.5920571316425,0.6408564572857967,54.30142116585415,-2.28000807762146,2.4577484130859375,2.4102933406829834,1.4324955746267847,0.6408573110594057,2.088248376461358
-138.23413589475874,0.38141233013348563,55.059145276902434,-2.2549259662628174,2.5012104511260986,2.3565549850463867,0.7904168115105392,0.38141318390709467,1.3305242654130751
-138.20524419456956,0.5118075794811048,55.17627619097899,-2.2541234493255615,2.489856481552124,2.338369607925415,0.8193085116997167,0.5118084332547138,1.2133933513365207
-138.54635750209835,0.2528832062858453,55.600871485638244,-2.2315244674682617,2.5137593746185303,2.302583932876587,0.4781952041709303,0.25288406005945435,0.7887980566772654
-138.73114143990387,0.13176678729825772,55.66413952792007,-2.2123937606811523,2.514341115951538,2.290692090988159,0.2934112663654105,0.13176764107186678,0.7255300143954386
-138.81660076679907,0.0966110259820676,56.05439946162168,-2.212068557739258,2.5229392051696777,2.2596659660339355,0.20795193947020607,0.09661187975567666,0.3352700806938316
-138.9498850782627,0.05805357473659532,56.17920409323073,-2.2030298709869385,2.5270731449127197,2.246521472930908,0.07466762800657989,0.058054428510204384,0.21046544908477927
-138.97492455175995,0.08448142716151251,56.288111459546585,-2.201977491378784,2.526322364807129,2.238379716873169,0.04962815450932112,0.08448228093512157,0.10155808276892486
-139.0509445572222,0.059393553329314,56.3701522767622,-2.1999752521514893,2.531522274017334,2.231551170349121,0.026391850952933282,0.05939440710292306,0.019517265553311347
-139.05243353846126,0.02804389739172343,56.29632476202353,-2.1971046924591064,2.529536485671997,2.236135244369507,0.027880832191982563,0.02804475116533249,0.09334478029197868
-139.05091723646552,0.026444409217102643,56.281923308158554,-2.1958677768707275,2.528961181640625,2.2367844581604004,0.02636453019624696,0.026445262990711704,0.10774623415695572
-139.04108176406072,-0.014983350492863853,56.31529561244324,-2.1950056552886963,2.530339479446411,2.2344629764556885,0.016529057791444757,0.014982496719254793,0.07437392987227298
-139.1065013159311,0.07038116851946799,56.35574057761347,-2.196056365966797,2.531444787979126,2.2310163974761963,0.08194860966182205,0.07038202229307705,0.03392896470204221
-139.03553565045465,-0.05174440382415163,56.3674850878913,-2.195319175720215,2.5320661067962646,2.2313547134399414,0.010982944185371935,0.05174355005054257,0.022184454424206024
-138.962029154607,0.0848658575163193,56.38016191899085,-2.202580213546753,2.5255801677703857,2.2292020320892334,0.06252355166228085,0.08486671128992836,0.00950762332465871
-139.12248395858893,-0.0011874490951289845,56.35255770946024,-2.19108247756958,2.5316035747528076,2.230526924133301,0.09793125231965405,0.001186595321519924,0.03711183285526687
-139.0465459153967,0.00565757452438689,56.386360315662635,-2.1962904930114746,2.5300962924957275,2.2283663749694824,0.02199320912743019,0.00565842829799595,0.003309226652874031
-139.03963376395666,-0.004644325313487291,56.3259643679268,-2.1943881511688232,2.5290305614471436,2.232529640197754,0.015081057687382327,0.004643471539878231,0.06370517438870849
-139.02829564993445,0.019337339223411756,56.37861146604926,-2.1972761154174805,2.529625177383423,2.229369878768921,0.0037429436651734704,0.019338192997020817,0.011058076266252215
-139.057323953907,-0.01641205121969871,56.306488083508505,-2.193769693374634,2.529388189315796,2.233750104904175,0.032771247637725764,0.01641119744608965,0.08318145880700456
-139.04888184009286,0.006634924080587066,56.34968561491425,-2.1956405639648438,2.5298924446105957,2.2318880558013916,0.024329133823584925,0.006635777854196126,0.03998392740125922
-139.0340193484589,-0.0213386120524794,56.32485104709208,-2.1953344345092773,2.5298469066619873,2.233086109161377,0.009466642189636332,0.02133775827887034,0.06481849522342742
-139.00305127076209,0.05326795205740028,56.29840113953121,-2.1986448764801025,2.5259909629821777,2.2347447872161865,0.02150143550719008,0.05326880583100934,0.09126840278430137
-139.0751780683974,-0.023513685016705525,56.35630748331458,-2.1944503784179688,2.5322914123535156,2.2313833236694336,0.05062536212813029,0.023512831243096464,0.03336205900092892
-139.0429259151366,0.0550191569656776,56.363001068701195,-2.19761061668396,2.5284576416015625,2.229937791824341,0.01837320886733096,0.05502001073928666,0.02666847361431479
-139.1008049381633,-0.0475045182458766,56.4021756186858,-2.192091226577759,2.534532070159912,2.227234363555908,0.07625223189401709,0.04750366447226754,0.012506076370293329
-139.11486146747518,-0.003224175042414749,56.37635067343398,-2.192615509033203,2.532086133956909,2.2286300659179688,0.09030876120590392,0.0032233212688056886,0.013318868881526669

Errors:
rotation,[20.161052986765547, 20.946020167160814, 23.996233367341482, 21.638052566144967, 18.76502364934482, 14.548367576189587, 7.641800117823207, 4.458276264537439, 4.175713371623026, 4.161601262147549, 2.502354260830709, 2.544510296290951, 1.5198773209076502, 1.1507089218327158, 0.6398338999197143, 0.3431875056015635, 0.23566851821336754, 0.1053035236091677, 0.14927036364929375, 0.1605560273439144, 0.10588548438297253, 0.1862595966569413, 0.08491094866012053, 0.1568978862768679, 0.13622968049644085, 0.030960864078300173, 0.08342970361596905, 0.0341392129284465, 0.13236390389081998, 0.07094883907904027, 0.09562289569193409, 0.1660386441225008, 0.10750025237215569, 0.10006169322093242, 0.13626197273657795, 0.10685095135623628]
translation,[0.12242333873291766, 0.1260501929082949, 0.14676344227338944, 0.14937338128677435, 0.15321366325006647, 0.1523090136463061, 0.15751957158618257, 0.1412276353646753, 0.12141842808359193, 0.09785136434813246, 0.07911393603313943, 0.06135569820233577, 0.04325207756305449, 0.026440273239419554, 0.014184407470167137, 0.004499670756280771, 0.0010726645338374752, 0.0026904059328183294, 0.0029624891180004553, 0.0036377945229144615, 0.004530777286033683, 0.00517430716055145, 0.004998145743907223, 0.006298913337521306, 0.008056767506341878, 0.007362527454561452, 0.006762679858486109, 0.006564841306650138, 0.006197900380109367, 0.005893813477405807, 0.005424966259965025, 0.005119232520753414, 0.005314232348538894, 0.006801258756909512, 0.007487562696929295, 0.007969088149136105]
loss,
[0.14988896250724792, 0.13468071818351746, 0.06312435120344162, 0.042672693729400635, 0.04209606349468231, 0.035671766847372055, 0.01947108283638954, 0.016291650012135506, 0.015993528068065643, 0.009665491059422493, 0.010040448978543282, 0.005640773102641106, 0.004661295097321272, 0.002599445404484868, 0.001402892405167222, 0.0013574733166024089, 0.001117024919949472, 0.0012282922398298979, 0.0010887435637414455, 0.0012960279127582908, 0.0013165008276700974, 0.0012765990104526281, 0.0011110964696854353, 0.0014050807803869247, 0.0012196756433695555, 0.0009303288534283638, 0.0010752821108326316, 0.0010319624561816454, 0.0010871373815461993, 0.0009238700731657445, 0.0011113358195871115, 0.0008480886463075876, 0.0007682256400585175, 0.001258629490621388, 0.001199472462758422, 0.001045355573296547]

2022-04-28 21:31:36.656682