2022-04-28 21:08:41.799567

reference phi, theta, psi, translation: 16.672973292337613, -0.0, 55.56417970941693, 0.9538894295692444, -3.184936285018921, 2.279534101486206

phi,theta,psi,rot_x,rot_y,rot_z,phi_err,theta_err,psi_err
26.607018987257597,-4.879078348390559,61.415046110949504,1.4386786222457886,-3.2383759021759033,2.121750593185425,9.934045694919984,4.879078348390559,5.850866401532571
25.837446205546627,-5.11580184768318,60.155340661945715,1.3654630184173584,-3.2380611896514893,2.1833672523498535,9.164472913209014,5.11580184768318,4.5911609525287815
24.334543333408067,-5.099711532222119,56.650251504435246,1.252310037612915,-3.2309577465057373,2.3118176460266113,7.661570041070455,5.099711532222119,1.086071795018313
22.11088133400933,-1.7289033475711872,55.904681715014995,1.2339715957641602,-3.1755588054656982,2.367755889892578,5.437908041671719,1.7289033475711872,0.34050200559806143
16.481055221944008,2.685554420119146,54.24016119918831,1.0684943199157715,-3.205305337905884,2.4281742572784424,0.19191807039360498,2.685554420119146,1.3240185102286262
16.941939311663543,0.06242246882607464,54.25021865274115,0.9843727946281433,-3.2080726623535156,2.421433687210083,0.26896601932593,0.06242246882607464,1.3139610566757867
17.028382185799224,0.10814692319473201,54.25233601138385,0.985220193862915,-3.1830756664276123,2.4000184535980225,0.3554088934616111,0.10814692319473201,1.3118436980330799
16.85171080518038,-0.16311865925459546,54.89469481225604,0.9641785025596619,-3.19008469581604,2.3449435234069824,0.17873751284276906,0.16311865925459546,0.669484897160892
16.72190476755158,-0.041807143427458844,55.29572936937334,0.9621353149414062,-3.187131643295288,2.305689573287964,0.04893147521396912,0.041807143427458844,0.2684503400435929
16.65319135695396,-0.09506567120885791,55.42480628430824,0.950173556804657,-3.1825618743896484,2.289738178253174,0.019781935383651472,0.09506567120885791,0.139373425108694
16.649441583099623,0.01881050124748877,55.4750389105591,0.9535954594612122,-3.1754589080810547,2.2799792289733887,0.023531709237989418,0.01881050124748877,0.08914079885783366
16.60108213622864,-0.057944244915394676,55.48260334506489,0.9479831457138062,-3.1746299266815186,2.2787513732910156,0.0718911561089719,0.057944244915394676,0.08157636435204552
16.63576754438126,-0.08097460024774253,55.52712251807503,0.9485509991645813,-3.1768219470977783,2.276447296142578,0.03720574795635301,0.08097460024774253,0.03705719134190133
16.623177798193634,-0.10399560764133477,55.57277891758198,0.9471007585525513,-3.177494764328003,2.272402048110962,0.04979549414397866,0.10399560764133477,0.008599208165044558
16.563068718402935,-0.04472885624641768,55.58045946530366,0.9463392496109009,-3.1795904636383057,2.272761344909668,0.10990457393467779,0.04472885624641768,0.016279755886728253
16.618369345017943,0.005862594165191868,55.55888289771559,0.9512824416160583,-3.178471565246582,2.27547550201416,0.05460394731967,0.005862594165191868,0.005296811701342108
16.606370410193524,-0.10555144559856454,55.474929627532376,0.9461398124694824,-3.1774954795837402,2.2804982662200928,0.06660288214408894,0.10555144559856454,0.08925008188455763
16.55756017083732,-0.10688094709681421,55.53579685832095,0.9442066550254822,-3.180323600769043,2.2758824825286865,0.1154131215002927,0.10688094709681421,0.028382851095983597
16.617134788325465,-0.05263848331018776,55.573735144065786,0.9492986798286438,-3.179706573486328,2.274055242538452,0.05583850401214718,0.05263848331018776,0.009555434648852668
16.699452228202457,-0.05802170138819009,55.496164685661945,0.9526602625846863,-3.174736499786377,2.2792134284973145,0.02647893586484429,0.05802170138819009,0.06801502375498814
16.589884041084407,0.011081727229843146,55.4747657029923,0.9496273994445801,-3.175731658935547,2.2795443534851074,0.08308925125320599,0.011081727229843146,0.08941400642463293
16.603621259052595,-0.09416590509625515,55.462710419107225,0.9469680190086365,-3.17720627784729,2.280308961868286,0.06935203328501771,0.09416590509625515,0.10146929030970853
16.651193526621732,0.018747505011650383,55.58994318296622,0.9548529386520386,-3.1796534061431885,2.274545907974243,0.021779765715880472,0.018747505011650383,0.025763473549289984
16.654304677788673,-0.032246453916288775,55.590803786801644,0.9528066515922546,-3.178903818130493,2.2735373973846436,0.018668614548939644,0.032246453916288775,0.026624077384710176
16.56950275660109,-0.01928426220916868,55.58732380541952,0.9490041136741638,-3.1790032386779785,2.273493766784668,0.10347053573652332,0.01928426220916868,0.023144096002589265
16.596186598141035,-0.1161944248712117,55.555939086183315,0.9454536437988281,-3.17885684967041,2.274277925491333,0.0767866941965778,0.1161944248712117,0.008240623233618294
16.60052718335858,-0.06619336743299196,55.57504312529184,0.9476422071456909,-3.1788809299468994,2.2730023860931396,0.07244610897903314,0.06619336743299196,0.010863415874908355
16.601922249496553,-0.027374215897736767,55.58636757893572,0.9497520923614502,-3.1781485080718994,2.271911382675171,0.07105104284105934,0.027374215897736767,0.02218786951878826
16.57754701189607,-0.08030045101703324,55.54656123645289,0.9458966255187988,-3.1789822578430176,2.2749810218811035,0.09542628044154355,0.08030045101703324,0.017618472964045395
16.631602836534842,-0.07133645018060238,55.52763478226278,0.9490112066268921,-3.1777501106262207,2.2768023014068604,0.04137045580277032,0.07133645018060238,0.036544927154153584
16.563662944860727,-0.08841097720955415,55.51914485712446,0.9445869326591492,-3.177887201309204,2.2763943672180176,0.10931034747688528,0.08841097720955415,0.04503485229247417
16.614911561750624,-0.010355249876697534,55.62148499655334,0.9514636993408203,-3.179572820663452,2.270052671432495,0.0580617305869886,0.010355249876697534,0.05730528713640837
16.631263034623636,-0.11924093427564074,55.52219795168345,0.9466341733932495,-3.17631459236145,2.2759599685668945,0.04171025771397652,0.11924093427564074,0.04198175773348112
16.6376031577207,-0.06104427649884091,55.579636427508675,0.9499956965446472,-3.1786868572235107,2.2728428840637207,0.03537013461691174,0.06104427649884091,0.015456718091741095
16.63536627076752,-0.09119000814942323,55.50317928993955,0.9483657479286194,-3.1763455867767334,2.277799367904663,0.03760702157009277,0.09119000814942323,0.061000419477380774
16.575161568328443,-0.04010591511203874,55.53042832963332,0.9470939040184021,-3.1771433353424072,2.2754969596862793,0.09781172400916915,0.04010591511203874,0.03375137978361664

Errors:
rotation,[20.663990444843115, 18.871435713420976, 13.847353368310888, 7.507313394840967, 4.2014910007413775, 1.6453495448277913, 1.775399514689423, 1.0113410692582565, 0.3591889586850209, 0.25422103170120336, 0.13148300934331186, 0.2114117653764121, 0.15523753954599687, 0.16239030995035797, 0.1709131860678237, 0.06576335318620397, 0.2614044096272111, 0.2506769196930905, 0.1180324219711876, 0.15251566100802252, 0.18358498490768205, 0.2649872286909814, 0.06629074427682084, 0.0775391458499386, 0.14589889394828126, 0.2012217423014078, 0.14950289228693348, 0.12061312825758437, 0.1933452044226222, 0.14925183313752627, 0.2427561769789136, 0.1257222676000945, 0.2029329497230984, 0.11187112920749374, 0.18979744919689678, 0.17166901890482453]
translation,[0.09908907901583852, 0.10609509615479062, 0.13442862976340386, 0.11774177697446753, 0.1296033624174937, 0.10699403443542543, 0.07529514252305258, 0.04379944141459635, 0.018527528738771615, 0.0030291413577518966, 0.007301223978514848, 0.009977902889537482, 0.009417911119407485, 0.011516456408881659, 0.009835833449445275, 0.008019550309103174, 0.007159377959792934, 0.007992587148842212, 0.00831527921336761, 0.008526809799738189, 0.008270894635672654, 0.007300197489878535, 0.006765682082991553, 0.008413075831522399, 0.009258114991336441, 0.009766711635274206, 0.009953714674398206, 0.01065148912824565, 0.009165750470081058, 0.008375233660400383, 0.009539269384040594, 0.010170565414112431, 0.010546264273227912, 0.009641980992209476, 0.009072318682043168, 0.010045295519321762]
loss,
[0.11707393825054169, 0.11011984199285507, 0.0862339437007904, 0.07202257961034775, 0.024402543902397156, 0.016710245981812477, 0.011717550456523895, 0.0046877311542630196, 0.0036171458195894957, 0.0019450722029432654, 0.0017038681544363499, 0.0021074037067592144, 0.001843953039497137, 0.0016814821865409613, 0.0017206527991220355, 0.0016312467632815242, 0.001378305023536086, 0.0018246890977025032, 0.0018230031710118055, 0.0020465971902012825, 0.0017653582617640495, 0.0015632216818630695, 0.0019157268106937408, 0.0020547127351164818, 0.0020479843951761723, 0.001709474134258926, 0.0014299436006695032, 0.002012721262872219, 0.0013879816979169846, 0.0020157850813120604, 0.0014496356016024947, 0.0014942733105272055, 0.0017088979948312044, 0.0018932351376861334, 0.0021687778644263744, 0.0021344812121242285]

2022-04-28 21:13:14.774480