2022-04-19 22:56:03.271937

reference phi, theta, psi, translation: -139.02455270626928, -8.537736090602699e-07, 56.38966954231551, -2.2014424800872803, 2.5346622467041016, 2.231398344039917

phi,theta,psi,rot_x,rot_y,rot_z,phi_err,theta_err,psi_err
-129.04008655489625,6.852725648450977,53.065809209147574,-2.6847352981567383,1.8050535917282104,2.604990243911743,9.984466151373027,6.852726502224586,3.3238603331679357
-129.84755151857516,7.50536901948763,52.10509529106109,-2.678112268447876,1.796738862991333,2.624925374984741,9.177001187694117,7.505369873261239,4.284574251254419
-131.2804432441738,8.630460838477196,51.974129828820686,-2.738940954208374,1.8512682914733887,2.545424699783325,7.74410946209548,8.630461692250805,4.415539713494823
-132.0890283588766,7.574665074678223,52.329887061929966,-2.680175542831421,1.927595853805542,2.5482869148254395,6.935524347392686,7.574665928451832,4.059782480385543
-132.58184016787135,6.745153607976894,52.89437146098026,-2.6522634029388428,2.0099079608917236,2.524535894393921,6.442712538397927,6.745154461750503,3.4952980813352497
-134.14919099747087,5.112915756722267,53.43476919792249,-2.568852663040161,2.1690542697906494,2.500901699066162,4.875361708798408,5.112916610495876,2.9549003443930175
-135.36306587714387,4.046753550955021,54.46825878161547,-2.5147318840026855,2.305220365524292,2.4440526962280273,3.6614868291254083,4.04675440472863,1.9214107607000415
-136.95807897288194,2.6975682337648315,55.339138636643355,-2.430668592453003,2.452249050140381,2.396742820739746,2.0664737333873404,2.6975690875384406,1.0505309056721543
-136.43033757647171,2.414071402450877,54.429435986373115,-2.4147467613220215,2.4032816886901855,2.443490505218506,2.5942151297975613,2.414072256224486,1.960233555942395
-136.89398447771052,2.082878155254651,54.440914119273316,-2.382530927658081,2.4307243824005127,2.4370291233062744,2.130568228558758,2.08287900902826,1.9487554230421935
-136.89890221391292,2.259776204752782,54.58395535596631,-2.388622283935547,2.4228670597076416,2.426879644393921,2.125650492356357,2.259777058526391,1.8057141863491992
-137.13730313670305,1.742006167424741,54.70357587399533,-2.359987735748291,2.4474949836730957,2.415820360183716,1.8872495695662224,1.74200702119835,1.6860936683201828
-137.10119875675036,1.6394529981650818,54.8696724142317,-2.35868501663208,2.4493937492370605,2.3979032039642334,1.923353949518912,1.639453851938691,1.5199971280838085
-137.51990301325048,1.6455338930800216,54.98566951690603,-2.338395357131958,2.464366912841797,2.385640859603882,1.5046496930187914,1.6455347468536308,1.4040000254094807
-137.34025537770083,1.7206250335620175,55.21592543911091,-2.348723888397217,2.4547691345214844,2.366758346557617,1.684297328568448,1.7206258873356266,1.1737441032045979
-137.7588503511742,1.1266972507950597,55.07951290100742,-2.304083824157715,2.475898504257202,2.3688998222351074,1.2657023550950726,1.1266981045686688,1.3101566413080903
-137.85960930181025,1.183197328067677,55.32265397508153,-2.3018221855163574,2.4803411960601807,2.345719814300537,1.1649434044590237,1.1831981818412862,1.0670155672339803
-137.87493624630775,1.076932560728286,55.562895633852975,-2.2993931770324707,2.4824655055999756,2.324495315551758,1.1496164599615213,1.0769334145018952,0.8267739084625347
-138.16382592744262,0.735643038019806,55.517618309844956,-2.269489049911499,2.494748830795288,2.319307565689087,0.8607267788266597,0.735643891793415,0.8720512324705538
-138.3129016362673,0.6638804506217654,55.771755988482795,-2.2613677978515625,2.503319263458252,2.2985167503356934,0.7116510700019774,0.6638813043953744,0.6179135538327145
-138.4284274558889,0.34095952461870616,55.82230963362464,-2.2436654567718506,2.512669324874878,2.289342164993286,0.5961252503803678,0.3409603783923152,0.567359908690868
-138.53700014293543,0.5002087475616521,55.94986341637463,-2.2436022758483887,2.5096092224121094,2.27787446975708,0.4875525633338498,0.5002096013352612,0.4398061259408763
-138.64991683029407,0.36386452228628424,55.95609937908685,-2.2301411628723145,2.513511896133423,2.271530866622925,0.3746358759752013,0.3638653760598933,0.4335701632286586
-138.80206612424527,0.2684605686138602,56.107019238987455,-2.2209267616271973,2.5217549800872803,2.2589166164398193,0.22248658202400406,0.26846142238746923,0.2826503033280545
-138.84785571244106,0.2398924548606101,56.218501586620405,-2.218576669692993,2.5239315032958984,2.249861240386963,0.1766969938282159,0.23989330863421915,0.171167955695104
-138.87173405377942,0.15196081747341444,56.22811507787719,-2.2121615409851074,2.5254926681518555,2.2468857765197754,0.15281865248985582,0.1519616712470235,0.16155446443831778
-138.95782175807827,0.19067507976957115,56.287496742521284,-2.209293842315674,2.5262651443481445,2.241147041320801,0.06673094819100811,0.19067593354318021,0.102172799794225
-138.97283451387395,0.13140750999132572,56.251832909770066,-2.2038543224334717,2.5256311893463135,2.2413177490234375,0.05171819239532738,0.13140836376493478,0.13783663254544365
-139.01975791347192,0.08565419767188254,56.29363025239596,-2.200796127319336,2.528435707092285,2.2376723289489746,0.004794792797355285,0.0856550514454916,0.09603928991955257
-138.97362681581765,0.09239478377934009,56.33423572701168,-2.2037596702575684,2.5267295837402344,2.2347445487976074,0.05092589045162299,0.09239563755294915,0.05543381530382874
-139.01757225293753,0.06177164299044796,56.31688704651985,-2.199382781982422,2.5289554595947266,2.2355501651763916,0.006980453331749459,0.06177249676405702,0.0727824957956571
-138.99706802504915,0.059779727245101694,56.30542257399799,-2.19973087310791,2.527320384979248,2.2363085746765137,0.02748468122013037,0.059780581018710754,0.08424696831752243
-139.013091648842,0.07786412637464357,56.36756021997218,-2.2013463973999023,2.5291855335235596,2.231858015060425,0.011461057427283095,0.07786498014825263,0.02210932234333285
-139.00314689341045,0.07128207989033851,56.331705141924196,-2.201085090637207,2.5270233154296875,2.2335212230682373,0.021405812858830586,0.07128293366394757,0.05796440039131312
-138.9951145909465,0.036866760232308206,56.33069085883245,-2.1999876499176025,2.528149366378784,2.2337300777435303,0.02943811532276186,0.03686761400591727,0.0589786834830619
-139.0110699128477,0.04189542334386571,56.3131850839897,-2.1985464096069336,2.5274341106414795,2.2341952323913574,0.013482793421587758,0.04189627711747477,0.07648445832580819

Errors:
rotation,[20.161052986765547, 20.966945312209774, 20.790110867841108, 18.56997275623006, 16.68316508148368, 12.943178663687302, 9.62965199455408, 5.814573726597935, 6.968520941964442, 6.1622026606292115, 6.191141737231947, 5.315350259084755, 5.082804929541411, 4.554184465281903, 4.578667319108672, 3.7025571009718314, 3.41515715353429, 3.0533237829259514, 2.4684219030906287, 1.9934459282300663, 1.504445537463551, 1.4275682906099871, 1.1720714152637532, 0.7735983077395279, 0.5877582581575391, 0.46633478817519713, 0.35957968152841335, 0.32096318870570584, 0.18648913416239946, 0.1987553433084009, 0.14153544589146358, 0.17151223055636355, 0.11143535991886858, 0.15065314691409126, 0.12528441281174102, 0.1318635288648707]
translation,[0.12242333873291766, 0.12709055394812818, 0.14118205179561638, 0.13933064959999264, 0.14589307628771397, 0.15913477623627248, 0.16545434142171622, 0.17197130069922384, 0.161413357849729, 0.15503707026855373, 0.14805115727847884, 0.1397177477729663, 0.12974414069573648, 0.12007326048797928, 0.10939527185883868, 0.09810371382792393, 0.08625852519713817, 0.07412655863333395, 0.061979918539238454, 0.05097482766486827, 0.041785204975743895, 0.03342540047600817, 0.02486963015596455, 0.017879383580397423, 0.012902283617689747, 0.008706187417831579, 0.0044299042586182225, 0.0011523366958350323, 0.0007854765049559731, 0.0018607018477503345, 0.002408902285889525, 0.0028240177597993465, 0.0032391839825978153, 0.0038172150748927436, 0.0035943092842751767, 0.004572334400997136]
loss,
[0.20531797409057617, 0.163437157869339, 0.08305889368057251, 0.0567670576274395, 0.04226694628596306, 0.04493960738182068, 0.027925271540880203, 0.015751857310533524, 0.018501367419958115, 0.019823042675852776, 0.012178169563412666, 0.017815137282013893, 0.016203444451093674, 0.014648554846644402, 0.01677546463906765, 0.013464442454278469, 0.011276411823928356, 0.007828554138541222, 0.00949031300842762, 0.006410337518900633, 0.005541781894862652, 0.003470870666205883, 0.002720664022490382, 0.00347941555082798, 0.0015652262372896075, 0.002155449241399765, 0.0018347555305808783, 0.0016692522913217545, 0.0014169120695441961, 0.0012617915635928512, 0.0012532174587249756, 0.0016804145416244864, 0.0012425638269633055, 0.0015816008672118187, 0.0015185498632490635, 0.0015259161591529846]

2022-04-19 23:00:42.098834