2022-04-29 00:10:36.377490

reference phi, theta, psi, translation: 175.36684180812657, -0.0, 39.4597479484966, 0.2069414258003235, 2.553555727005005, 3.112318754196167

phi,theta,psi,rot_x,rot_y,rot_z,phi_err,theta_err,psi_err
-174.60268024378553,2.426304892454245,32.24175771288345,-0.3459881842136383,2.1274664402008057,3.6064906120300293,10.030477948087878,2.426304892454245,7.217990235613151
-174.96073242045594,2.387020796680071,32.52514909173645,-0.3279768228530884,2.153686761856079,3.5917422771453857,9.672425771417466,2.387020796680071,6.934598856760147
-176.28413621365928,1.004015197342319,33.32603999833922,-0.17820315062999725,2.2192111015319824,3.565201997756958,8.349021978214182,1.004015197342319,6.13370795015738
-177.07111060982814,-0.4531322405758633,31.970407957537184,-0.04243075102567673,2.149275779724121,3.6145081520080566,7.562047582045295,0.4531322405758633,7.489339990959415
-177.48219237521454,-0.6093812225353072,30.21572552957174,-0.013087652623653412,2.0481410026550293,3.685214042663574,7.150965816658868,0.6093812225353072,9.24402241892486
-179.30231484561787,-2.82482349349644,27.749617427846935,0.20878849923610687,1.9170292615890503,3.74283504486084,5.330843346255563,2.82482349349644,11.710130520649663
178.22328156053925,-3.7979738537473886,28.41116906028686,0.3301198482513428,1.9864352941513062,3.694087266921997,2.856439752412683,3.7979738537473886,11.04857888820974
174.68699209890016,-4.367920290481988,32.90725036447447,0.4790293276309967,2.2473647594451904,3.5312960147857666,0.6798497092264029,4.367920290481988,6.552497584022127
175.4059378109357,-3.441435284907574,36.14341106869944,0.40110230445861816,2.445936441421509,3.3722760677337646,0.0390960028091456,3.441435284907574,3.3163368797971557
175.2703312351543,-2.8156923904075426,36.89841676445806,0.3682403266429901,2.468548536300659,3.3226330280303955,0.09651057297227794,2.8156923904075426,2.5613311840385364
175.19233047483274,-1.0337725021357196,38.02489595860617,0.27430427074432373,2.5220093727111816,3.250070571899414,0.17451133329382174,1.0337725021357196,1.4348519898904257
175.0984700152584,-0.7276910111307652,38.460074631384366,0.2591441571712494,2.526792049407959,3.201883554458618,0.2683717928681517,0.7276910111307652,0.999673317112233
175.36673252509985,-0.18425764817104248,39.06942995818705,0.21732380986213684,2.5449538230895996,3.1487042903900146,0.00010928302671686652,0.18425764817104248,0.3903179903095477
175.39379373459144,-0.267750303026148,39.31444250409375,0.22047235071659088,2.547666549682617,3.1243045330047607,0.026951926464874987,0.267750303026148,0.14530544440285098
175.3634130531632,-0.19172318278950212,39.48276910109413,0.21897371113300323,2.55362868309021,3.1116414070129395,0.003428754963351821,0.19172318278950212,0.023021152597529237
175.39129388535522,-0.31743748778735353,39.490029592181855,0.22424830496311188,2.5497608184814453,3.108128070831299,0.024452077228659164,0.31743748778735353,0.030281643685256654
175.37696414847653,-0.15866051527840683,39.52451521730125,0.21507124602794647,2.5514798164367676,3.102970838546753,0.010122340349965953,0.15866051527840683,0.06476726880465122
175.45503321068978,-0.14685549855461755,39.460045061725495,0.2113177329301834,2.5481691360473633,3.1075923442840576,0.08819140256321134,0.14685549855461755,0.0002971132288962508
175.42989811454413,-0.19063969481765103,39.52022585850248,0.21490776538848877,2.553265333175659,3.1067986488342285,0.06305630641756466,0.19063969481765103,0.06047791000587921
175.3891765267125,-0.20823341692258665,39.50802372555025,0.21858897805213928,2.551673173904419,3.1072683334350586,0.022334718585938163,0.20823341692258665,0.04827577705365371
175.3559954677246,-0.20620604955569968,39.530095481853145,0.2188013345003128,2.553267478942871,3.1055757999420166,0.010846340401968746,0.20620604955569968,0.07034753335654642
175.3720464122741,-0.2873850260499316,39.58274599507019,0.22316989302635193,2.5557913780212402,3.1030054092407227,0.005204604147536429,0.2873850260499316,0.12299804657359203
175.37539320496742,-0.15584927199428658,39.519296952775356,0.21580252051353455,2.551841974258423,3.1045658588409424,0.008551396840857706,0.15584927199428658,0.05954900427875742
175.31860701220793,-0.2563313453070528,39.55258046460083,0.22369934618473053,2.552001953125,3.102445363998413,0.048234795918631335,0.2563313453070528,0.09283251610423093
175.30233750160497,-0.23093065051414496,39.59047776921064,0.22368252277374268,2.5550646781921387,3.100278615951538,0.06450430652159866,0.23093065051414496,0.13072982071404482
175.34087342890217,-0.1730717594037631,39.55873104994843,0.2188551276922226,2.5533132553100586,3.101489305496216,0.025968379224394766,0.1730717594037631,0.09898310145182876
175.38076173365505,-0.18520902276461898,39.680783115321965,0.21790321171283722,2.560957908630371,3.0966482162475586,0.013919925528483645,0.18520902276461898,0.2210351668253665
175.36563969483265,-0.16883112110664053,39.49752230970136,0.21681348979473114,2.551109790802002,3.106271505355835,0.0012021132939139534,0.16883112110664053,0.037774361204760964
175.4217975101885,-0.1898739413141145,39.570789748928085,0.21539168059825897,2.5549981594085693,3.1028716564178467,0.05495570206193179,0.1898739413141145,0.11104180043148659
175.3850784132105,-0.2213688552110151,39.51477536754481,0.2187502086162567,2.551250696182251,3.105557680130005,0.01823660508392777,0.2213688552110151,0.055027419048208515
175.40260467862075,-0.19183119170060112,39.519385745234565,0.21639682352542877,2.5505454540252686,3.1042284965515137,0.0357628704941817,0.19183119170060112,0.05963779673796665
175.38942241352262,-0.13907657038309443,39.54288842616858,0.21366573870182037,2.55106782913208,3.1019906997680664,0.022580605396058218,0.13907657038309443,0.08314047767198218
175.40442150893998,-0.11760296561682092,39.52564561360889,0.21185794472694397,2.5518057346343994,3.1041676998138428,0.03757970081341,0.11760296561682092,0.06589766511228845
175.38632150763945,-0.16455797294111596,39.53570306716173,0.2151983231306076,2.552290678024292,3.103849411010742,0.019479699512885418,0.16455797294111596,0.07595511866512794
175.3554217318343,-0.22610075905755322,39.49754963045804,0.2198154777288437,2.549598217010498,3.104992389678955,0.011420076292267822,0.22610075905755322,0.03780168196144018
175.33499946621598,-0.24207900532276053,39.62252160170176,0.22222372889518738,2.5561587810516357,3.100337028503418,0.031842341910589766,0.24207900532276053,0.16277365320516424

Errors:
rotation,[19.674773076155276, 18.99404542485768, 15.486745125713881, 15.504519813580574, 17.004369458119037, 19.865797360401665, 17.70299249436981, 11.600267583730517, 6.796868167513876, 5.473534147418357, 2.643135825319967, 1.99573612111115, 0.5746849215073071, 0.44000767389387396, 0.21817309035038318, 0.37217120870126935, 0.233550124433024, 0.23534401434672514, 0.3141739112410949, 0.27884391256217855, 0.2873999233142148, 0.41558767677106007, 0.2239496731139017, 0.3973986573299151, 0.42616477774978845, 0.2980232400799866, 0.42016411511846913, 0.20780759560531545, 0.3558714438075329, 0.2946328793431514, 0.2872318589327495, 0.24479765345113483, 0.22108033154251938, 0.2599927911191293, 0.27532251731126123, 0.4366950004385145]
translation,[0.170370405351016, 0.16965062888053684, 0.17212224185745395, 0.17432666721832302, 0.1850134121324407, 0.17926402725981738, 0.17614879809988349, 0.18196611493069081, 0.15405145563603817, 0.12449664220774093, 0.09182312743152643, 0.055910693093189856, 0.023295706242244307, 0.006257915467686281, 0.00015895367533413918, 0.004712600879932083, 0.00810348442934572, 0.006833696676424417, 0.0040272587317709, 0.00447592275702835, 0.004759509646769189, 0.004900203780704437, 0.006604339701500095, 0.0077070755087040865, 0.007434397150012373, 0.007878642595864349, 0.0068006368323114685, 0.0056981784105918365, 0.005930487242244098, 0.006054882251882887, 0.007654675893283169, 0.009195659265782474, 0.0071440616009681435, 0.0069047804069279906, 0.007480278737298285, 0.006775366196794863]
loss,
[0.10223650187253952, 0.10634668916463852, 0.10032304376363754, 0.09481590986251831, 0.09360656142234802, 0.08821432292461395, 0.06912346929311752, 0.04790383204817772, 0.02912748232483864, 0.025847647339105606, 0.018051257357001305, 0.011977638117969036, 0.0064753382466733456, 0.003531448543071747, 0.0034519038163125515, 0.003997729159891605, 0.0038901641964912415, 0.004410814493894577, 0.005059408955276012, 0.0038256696425378323, 0.0036486894823610783, 0.004049088340252638, 0.004117084201425314, 0.0036711394786834717, 0.00529681658372283, 0.00417329091578722, 0.0030457356479018927, 0.0042298100888729095, 0.004071347415447235, 0.0038278955034911633, 0.0026427411939948797, 0.004361673723906279, 0.003657524473965168, 0.0033148396760225296, 0.0037599806673824787, 0.004172707907855511]

2022-04-29 00:15:05.948888