2022-04-19 16:43:20.562195

reference phi, theta, psi, translation: 132.9853677440357, -8.537735924097414e-07, 76.34363348549546, 2.865516185760498, 2.6707684993743896, 0.9517420530319214

phi,theta,psi,rot_x,rot_y,rot_z,phi_err,theta_err,psi_err
143.3552887910292,-3.0579185397180266,69.36864430507845,2.3124754428863525,2.981729030609131,1.6183615922927856,10.369921046993511,3.0579176859444344,6.974989180417012
143.2999232776171,-3.3196737459009023,68.70178561565342,2.3118953704833984,2.957379102706909,1.6675605773925781,10.314555533581398,3.31967289212731,7.641847869842039
143.59392194025114,-5.785394117054993,66.12392878891804,2.3292996883392334,2.8453261852264404,1.8432559967041016,10.608554196215437,5.785393263281401,10.219704696577423
146.19294552322438,-12.01504631276493,62.582858194859945,2.3721883296966553,2.72986102104187,1.9954712390899658,13.207577779188682,12.015045458991338,13.760775290635515
146.16447729476377,-20.940891385187953,56.070026934442666,2.615598440170288,2.3307788372039795,2.222025156021118,13.179109550728072,20.94089053141436,20.273606551052794
143.0747046199251,-22.99018305198111,53.339983247715644,2.771512508392334,2.053999423980713,2.3298592567443848,10.089336875889387,22.990182198207517,23.003650237779816
140.32441966759274,-25.20880235941598,51.605494274031344,2.8978381156921387,1.7839242219924927,2.399536371231079,7.339051923557037,25.208801505642388,24.738139211464116
138.87915163921804,-27.199483981631417,49.16909066500692,2.962800979614258,1.5552585124969482,2.4714198112487793,5.893783895182338,27.199483127857825,27.17454282048854
138.32348842948082,-27.600358739653966,40.7659157593294,2.8287620544433594,1.093533992767334,2.815826416015625,5.338120685445119,27.600357885880374,35.57771772616606
139.55483493305073,-23.332526969947033,43.37305019194205,2.681629180908203,1.4235038757324219,2.789306879043579,6.569467189015029,23.33252611617344,32.97058329355341
139.4970788534291,-21.22898579986059,44.827112088873136,2.6155388355255127,1.5597386360168457,2.7448933124542236,6.511711109393389,21.228984946087,31.516521396622323
138.65730709497603,-21.152322500012072,44.966717740413614,2.640658140182495,1.5156034231185913,2.738588571548462,5.671939350940335,21.15232164623848,31.376915745081845
138.85628416587684,-21.550693446583892,44.287291502915764,2.6333913803100586,1.4808673858642578,2.7571988105773926,5.8709164218411445,21.5506925928103,32.056341982579696
138.87102371410575,-22.516080576841503,44.13077771808492,2.6615145206451416,1.4427944421768188,2.743727207183838,5.885655970070047,22.51607972306791,32.21285576741054
138.0265527855037,-22.553560427281383,44.48672278139638,2.6770923137664795,1.4174141883850098,2.7292680740356445,5.0411850414679975,22.55355957350779,31.85691070409908
137.9463800250261,-22.161967641138506,45.30589810440728,2.6828196048736572,1.4664913415908813,2.6911799907684326,4.9610122809903885,22.161966787364914,31.037735381088183
138.16311558776894,-21.884005662920682,45.06758938917095,2.6613729000091553,1.472912311553955,2.7064266204833984,5.177747843733243,21.88400480914709,31.27604409632451
138.2077030626708,-22.02341203035059,44.46661811957445,2.647911548614502,1.4405838251113892,2.731966972351074,5.222335318635089,22.023411176576996,31.87701536592101
138.10175316826553,-21.734943771737143,45.3453424468641,2.664172410964966,1.4883955717086792,2.693220615386963,5.116385424229833,21.73494291796355,30.998291038631358
137.9873748204245,-21.552992628670843,45.67360816856408,2.6646456718444824,1.5084466934204102,2.682096242904663,5.002007076388793,21.55299177489725,30.67002531693138
138.07616727963466,-20.95283829285251,44.89005911226398,2.6317009925842285,1.4864287376403809,2.7258362770080566,5.090799535598961,20.952837439078916,31.453574373231483
138.65712951005762,-21.244626442170194,45.38806186502794,2.6296603679656982,1.5275089740753174,2.696516513824463,5.671761766021916,21.2446255883966,30.955571620467516
138.9059669618995,-21.634267643077646,44.370247565480156,2.615567922592163,1.4807214736938477,2.7356319427490234,5.92059921786381,21.634266789304053,31.973385920015303
138.74614053532122,-21.262912284191753,44.54139161551316,2.610089063644409,1.4933936595916748,2.7398669719696045,5.760772791285518,21.26291143041816,31.802241869982296
138.5831722217247,-21.683238146134762,44.78508251981546,2.6370139122009277,1.4847290515899658,2.7170236110687256,5.59780447768901,21.68323729236117,31.55855096568
138.3064539376908,-21.7603445243461,44.78511667076131,2.6432271003723145,1.4677858352661133,2.715599536895752,5.3210861936551055,21.760343670572507,31.558516814734148
138.16687219181244,-21.41707190732321,45.00825212075646,2.6408140659332275,1.4829963445663452,2.7124316692352295,5.181504447776746,21.417071053549616,31.335381364739
138.32679424103912,-21.93891680331841,45.276128724909775,2.656532049179077,1.4885627031326294,2.688720941543579,5.341426497003425,21.938915949544818,31.067504760585685
137.94046508120485,-21.589633904510254,45.27157981892255,2.65755033493042,1.4787957668304443,2.6970303058624268,4.95509733716915,21.589633050736662,31.072053666572913
138.00854840685153,-21.627427375832966,45.10471146730996,2.651840925216675,1.4722609519958496,2.7031965255737305,5.023180662815832,21.627426522059373,31.238922018185498
138.18021838145063,-21.632072662266744,45.06913301192337,2.6472055912017822,1.4769492149353027,2.7030389308929443,5.19485063741493,21.63207180849315,31.27450047357209
138.02468131367112,-21.980981024506704,44.903743396266094,2.6565990447998047,1.4533319473266602,2.7023563385009766,5.039313569635425,21.980980170733112,31.439890089229365
137.90288538039144,-21.518558290133946,45.52154083688292,2.658017873764038,1.4868154525756836,2.680556058883667,4.91751763635574,21.518557436360354,30.82209264861254
137.8290783562203,-21.403482656937324,45.63874005285117,2.648545265197754,1.4945038557052612,2.672668695449829,4.843710612184594,21.403481803163732,30.70489343264429
137.85122182950946,-21.618158299372237,45.25609919516871,2.649688243865967,1.4642523527145386,2.6822850704193115,4.865854085473757,21.618157445598644,31.08753429032675
137.6092965291076,-21.879903470117316,45.03314474518657,2.6563899517059326,1.4299691915512085,2.6877503395080566,4.623928785071911,21.879902616343724,31.31048874030889

Errors:
rotation,[20.402827913354958, 21.276076295550745, 26.61365215607426, 38.983398528815535, 54.393606633195226, 56.08316931187672, 57.28599264066354, 60.2678098435287, 68.51619629749155, 62.87257659874188, 59.25721745210271, 58.20117674226066, 59.47795099723114, 60.614591460548496, 59.45165531907487, 58.16071444944349, 58.33779674920484, 59.1227618611331, 57.84961938082474, 57.22502416821742, 57.49721134790936, 57.871958974886034, 59.52825192718316, 58.82592609168597, 58.83959273573018, 58.63994667896176, 57.93395686606536, 58.347847207133924, 57.61678405447873, 57.889529203060704, 58.10142291948017, 58.4601838295979, 57.25816772132863, 56.95208584799262, 57.571545821399155, 57.81432014172452]
translation,[0.07464079787699607, 0.07638975766679135, 0.08215575952335818, 0.09940666016009647, 0.11751917661620137, 0.1316152976614875, 0.13271860590575635, 0.1287911052464601, 0.10729950228765972, 0.09170157138524981, 0.0686597765563306, 0.06398970593413189, 0.05908668607470702, 0.0546212412422431, 0.04622199749360334, 0.04202313663781787, 0.04037221459369178, 0.03708455902790497, 0.039076645185325276, 0.03942242915027716, 0.03894527612898546, 0.03330199619030605, 0.033033209266290164, 0.03699848867617028, 0.03586998328681634, 0.032800908818233054, 0.034638251831021094, 0.031161295798111333, 0.03376753868815907, 0.03176218187652857, 0.030335832266402463, 0.027494253016561387, 0.02609427307527845, 0.017511814666621106, 0.013563402946933145, 0.009319247961942168]
loss,
[0.21381983160972595, 0.21691446006298065, 0.20227539539337158, 0.1784442663192749, 0.13415870070457458, 0.12288495898246765, 0.1081470400094986, 0.10976826399564743, 0.0797630175948143, 0.06703776866197586, 0.07603158056735992, 0.07109382748603821, 0.07125891745090485, 0.06866306811571121, 0.06991630792617798, 0.060874633491039276, 0.06797465682029724, 0.07734732329845428, 0.06592676043510437, 0.06870895624160767, 0.06711940467357635, 0.0645482987165451, 0.07595409452915192, 0.06310570240020752, 0.07000856846570969, 0.06782999634742737, 0.06934203952550888, 0.0770634114742279, 0.06718536466360092, 0.07301808893680573, 0.07190203666687012, 0.0672735869884491, 0.06322591006755829, 0.07129409164190292, 0.06503460556268692, 0.06943615525960922]

2022-04-19 16:48:03.415310