2022-04-19 16:33:58.354650

reference phi, theta, psi, translation: 175.36684180812657, -0.0, 39.4597479484966, 0.2069414258003235, 2.553555727005005, 3.112318754196167

phi,theta,psi,rot_x,rot_y,rot_z,phi_err,theta_err,psi_err
-174.60268024378553,2.426304892454245,32.24175771288345,-0.3459881842136383,2.1274664402008057,3.6064906120300293,10.030477948087878,2.426304892454245,7.217990235613151
-174.37946966170952,2.127390128867484,32.515866864654406,-0.3433569371700287,2.146080255508423,3.593555450439453,10.253688530163913,2.127390128867484,6.943881083842193
-174.1685124390045,1.5263837191641763,34.628092620197094,-0.36076515913009644,2.2970850467681885,3.480290174484253,10.464645752868933,1.5263837191641763,4.8316553282995045
-177.0596222316442,4.159925968142373,35.26216640160605,-0.4024779796600342,2.3726706504821777,3.397319793701172,7.573535960229265,4.159925968142373,4.197581546890547
179.67838506131878,6.80108227281356,35.99953654892771,-0.3915244936943054,2.4431097507476807,3.3428120613098145,4.311543253192212,6.80108227281356,3.460211399568891
178.4773236165287,4.813429516611921,38.19102323469381,-0.22065527737140656,2.5710906982421875,3.2537128925323486,3.1104818084021417,4.813429516611921,1.26872471380279
177.0568628352195,3.1268273062385408,38.53204433466879,-0.0511285625398159,2.5817790031433105,3.231130361557007,1.6900210270929392,3.1268273062385408,0.9277036138278092
176.15843341217436,1.751240865124497,39.296492766954955,0.07241836935281754,2.6066300868988037,3.1856582164764404,0.7915916040477953,1.751240865124497,0.16325518154164342
175.68462318945058,0.5092203945719508,38.44310844148605,0.1617196798324585,2.534097909927368,3.2041125297546387,0.3177813813240107,0.5092203945719508,1.0166395070105452
175.2666429330025,-0.031691770775856075,39.24339829144186,0.2140970528125763,2.5558900833129883,3.140610456466675,0.10019887512407877,0.031691770775856075,0.2163496570547352
175.43690588863257,0.17681488111929472,39.447525324976866,0.19389772415161133,2.553889274597168,3.1154775619506836,0.07006408050600044,0.17681488111929472,0.012222623519733133
175.3274316166156,-0.04841575436079013,39.5805569194412,0.2123868614435196,2.5536739826202393,3.1011219024658203,0.03941019151096725,0.04841575436079013,0.12080897094460141
175.32827856007268,-0.10928507558923622,39.44703696645121,0.2154265195131302,2.5473384857177734,3.106604814529419,0.03856324805389022,0.10928507558923622,0.012710982045391006
175.37882195993078,-0.03485194080839751,39.557395747965685,0.20728425681591034,2.5537734031677246,3.1032161712646484,0.011980151804209527,0.03485194080839751,0.09764779946908675
175.27906021691356,0.032761547992143716,39.46497304321166,0.2082013338804245,2.5496575832366943,3.107654333114624,0.08778159121300178,0.032761547992143716,0.005225094715058276
175.45353056907237,0.009691571335272417,39.36886545140041,0.20149873197078705,2.5463063716888428,3.115516424179077,0.08668876094580469,0.009691571335272417,0.09088249709618879
175.2338170438514,-0.04119689827205835,39.459771854158696,0.21596595644950867,2.5487568378448486,3.107011318206787,0.13302476427517718,0.04119689827205835,2.3905662096979086e-05
175.43137343540485,0.07447221048671313,39.48964710158833,0.19962450861930847,2.551752805709839,3.106956720352173,0.06453162727828499,0.07447221048671313,0.02989915309173341
175.37805697874373,-0.018986718571131236,39.26917542536949,0.2064054310321808,2.537353515625,3.116241931915283,0.01121517061716304,0.018986718571131236,0.19057252312710915
175.3489057313661,0.0792536434310605,39.58065937227875,0.20442965626716614,2.5552375316619873,3.102155923843384,0.017936076760463493,0.0792536434310605,0.1209114237821538
175.4096944149792,0.0673185934374418,39.44128936226464,0.19989745318889618,2.550649881362915,3.1104044914245605,0.04285260685264802,0.0673185934374418,0.018458586231957952
175.33670701350846,0.08419198739144161,39.51829633006195,0.20365427434444427,2.5545778274536133,3.1081018447875977,0.030134794618106753,0.08419198739144161,0.058548381565351804
175.3481134294224,0.0791860631438463,39.378492603035546,0.20334070920944214,2.547820568084717,3.1145362854003906,0.01872837870416788,0.0791860631438463,0.08125534546105229
175.33846920231434,0.057207706559316354,39.49813702672666,0.20555180311203003,2.5536701679229736,3.1092541217803955,0.028372605812222673,0.057207706559316354,0.0383890782300611
175.41039109427456,0.07610988148222796,39.478759780051334,0.2004067301750183,2.552199363708496,3.1100478172302246,0.043549286147992916,0.07610988148222796,0.01901183155473518
175.4176993966865,-0.023368251748635476,39.45224157059876,0.2062288075685501,2.5503056049346924,3.1101155281066895,0.050857588559921396,0.023368251748635476,0.007506377897840366
175.35964278874138,0.09227224899486988,39.44826640050181,0.20156553387641907,2.5498828887939453,3.110605001449585,0.007199019385183192,0.09227224899486988,0.01148154799479073
175.33678897577852,0.03223049589001599,39.482297818041395,0.2064957320690155,2.551511526107788,3.108593702316284,0.030052832348047787,0.03223049589001599,0.022549869544796763
175.40171675402866,0.03600470451606839,39.52812155718301,0.20362907648086548,2.554016351699829,3.106003999710083,0.034874945902089394,0.03600470451606839,0.0683736086864144
175.32060142744558,-0.049255772210648446,39.533452519830206,0.21252858638763428,2.5533156394958496,3.1057353019714355,0.04624038068098457,0.049255772210648446,0.0737045713336073
175.38964097957606,0.007426140056609113,39.42088075702464,0.20550936460494995,2.5481619834899902,3.1102585792541504,0.02279917144949195,0.007426140056609113,0.03886719147195805
175.34590044813132,0.03200574424206576,39.495104422735174,0.20617777109146118,2.5520710945129395,3.1069560050964355,0.020941359995248376,0.03200574424206576,0.035356474238575686
175.3318712395761,0.08155220888775198,39.447453607990575,0.2038515955209732,2.549330234527588,3.109205484390259,0.03497056855047731,0.08155220888775198,0.01229434050602407
175.328934258233,0.03520204329065059,39.567859597774145,0.20757955312728882,2.5560672283172607,3.1044723987579346,0.0379075498935606,0.03520204329065059,0.10811164927754646
175.32127078598424,0.02637003608996529,39.460506099494474,0.20754173398017883,2.5495471954345703,3.108002185821533,0.045571022142326,0.02637003608996529,0.0007581509978749068
175.3023921431183,-0.014612810389594692,39.5165307261615,0.2113773226737976,2.5523176193237305,3.105762243270874,0.06444966500825444,0.014612810389594692,0.0567827776648997

Errors:
rotation,[19.674773076155276, 19.324959742873588, 16.822684800332613, 15.931043475262184, 14.572836925574663, 9.192636038816854, 5.744551947159289, 2.7060876507139358, 1.8436412829065065, 0.34824030295467, 0.2591015851450283, 0.2086349168163588, 0.16055930568851745, 0.1444798920816938, 0.12576823392020375, 0.1872628293772659, 0.1742455682093325, 0.16890299085673152, 0.22077441231540343, 0.2181011439736778, 0.12862978652204776, 0.17287516357490018, 0.17916978730906646, 0.12396939060160013, 0.13867099918495607, 0.08173221820639724, 0.1109528163748438, 0.08483319778286054, 0.13925325910457217, 0.16920072422524032, 0.0690925029780591, 0.08830357847588982, 0.12881711794425338, 0.18122124246175764, 0.0726992092301662, 0.13584525306274883]
translation,[0.170370405351016, 0.1685372563647194, 0.1544620390281608, 0.13220352912435906, 0.12777356999377343, 0.12168271509899675, 0.10510138317278361, 0.08568827964940517, 0.057164528743189, 0.023725756423668365, 0.002002361154246124, 0.008279584246663418, 0.007904323280727432, 0.006867907155567288, 0.00600559548924906, 0.002391995889917453, 0.00666339270830818, 0.005650920519149949, 0.007233968659326351, 0.0069019831267063125, 0.00367430871051333, 0.0027743235986514847, 0.002099992184297683, 0.0023642456878905094, 0.002942899985461267, 0.003796262469048628, 0.003921994270490892, 0.004193720888411967, 0.004750161339605263, 0.004941932633344415, 0.005079645680845957, 0.005119419425515304, 0.00523776422041955, 0.004428216235096372, 0.005841005278653277, 0.005614611187031215]
loss,
[0.16691872477531433, 0.155270516872406, 0.122888945043087, 0.08347058296203613, 0.042378127574920654, 0.02880242094397545, 0.02115733176469803, 0.016912240535020828, 0.009289320558309555, 0.005429028533399105, 0.0024711526930332184, 0.0020180633291602135, 0.001876012422144413, 0.0023914449848234653, 0.0025922642089426517, 0.002510645892471075, 0.002563327318057418, 0.0019924992229789495, 0.0018784475978463888, 0.002170144347473979, 0.003016804810613394, 0.0016347186174243689, 0.0019517702748999, 0.00209065992385149, 0.0021190065890550613, 0.003699149936437607, 0.0034052468836307526, 0.0016183443367481232, 0.0023111114278435707, 0.003303238656371832, 0.002424214268103242, 0.0015601780032739043, 0.0022493633441627026, 0.0018532158574089408, 0.0017780394991859794, 0.0017384178936481476]

2022-04-19 16:38:29.173121