2022-04-19 16:38:32.978683

reference phi, theta, psi, translation: -139.02455270626928, -8.537736090602699e-07, 56.38966954231551, -2.2014424800872803, 2.5346622467041016, 2.231398344039917

phi,theta,psi,rot_x,rot_y,rot_z,phi_err,theta_err,psi_err
-129.04008655489625,6.852725648450977,53.065809209147574,-2.6847352981567383,1.8050535917282104,2.604990243911743,9.984466151373027,6.852726502224586,3.3238603331679357
-128.3971062068096,6.872940908582169,51.88562765265024,-2.6885857582092285,1.7596970796585083,2.6419098377227783,10.627446499459666,6.8729417623557785,4.504041889665267
-126.82922262245484,5.602530135688554,50.490107307095336,-2.6609277725219727,1.7647782564163208,2.6520965099334717,12.19533008381444,5.6025309894621635,5.8995622352201735
-129.6794742234795,9.25616635308667,52.619811516724084,-2.7756922245025635,1.825620412826538,2.500053882598877,9.345078482789773,9.256167206860278,3.769858025591425
-130.85566011931238,7.575038669124791,54.941088872193355,-2.7577831745147705,2.006687879562378,2.384246587753296,8.1688925869569,7.5750395228984,1.4485806701221549
-132.6057458299664,5.4358068519506,56.28816951615453,-2.679548978805542,2.197624683380127,2.3054115772247314,6.418806876302881,5.435807705724209,0.10150002616097709
-135.11702880286165,3.1488362841273654,56.48193856781321,-2.5216317176818848,2.3747756481170654,2.2917420864105225,3.907523903407622,3.1488371379009745,0.09226902549769989
-138.5609467861655,0.8353774486347944,55.84430625784667,-2.282900094985962,2.5409982204437256,2.3228297233581543,0.4636059201037881,0.8353783024084034,0.5453632844688414
-140.30847800606995,-0.47842570625736974,54.265699276494985,-2.1120376586914062,2.5718183517456055,2.3964169025421143,1.2839252998006714,0.4784248524837607,2.1239702658205246
-139.61248172964562,-0.1482312222243392,55.11718480937462,-2.169106960296631,2.5569286346435547,2.3389945030212402,0.587929023376347,0.14823036845073015,1.2724847329408888
-139.49431945700442,-0.10106053774175218,55.4061154716445,-2.172117233276367,2.550558567047119,2.311535596847534,0.46976675073514684,0.10105968396814312,0.983554070671012
-139.36880790081625,0.07920235190780622,55.600410447869265,-2.1828155517578125,2.5377604961395264,2.2949113845825195,0.3442551945469745,0.07920320568141528,0.7892590944462441
-139.28639483829087,-0.1620959836800509,55.96932604041458,-2.180964231491089,2.5439252853393555,2.264326572418213,0.2618421320215987,0.16209512990644184,0.4203435019009305
-139.0542503687805,0.01765781797775644,56.09060629441191,-2.1954538822174072,2.5285751819610596,2.251452684402466,0.029697662511210865,0.017658671751365502,0.2990632479035966
-139.00978583728372,0.14168094038011764,56.3491733507265,-2.2055366039276123,2.5284056663513184,2.2342710494995117,0.014766868985560677,0.1416817941537267,0.04049619158900697
-138.91133549058713,0.13871421306361764,56.35041986025003,-2.2079381942749023,2.5223891735076904,2.230337142944336,0.11321721568214116,0.1387150668372267,0.039249682065481295
-138.89768877262546,0.07811114509352189,56.38326282487404,-2.2058284282684326,2.523127317428589,2.227996587753296,0.12686393364381843,0.07811199886713095,0.006406717441471699
-138.86920688378652,0.08374191067000336,56.44813254651623,-2.2078967094421387,2.5242905616760254,2.22544527053833,0.15534582248275797,0.08374276444361242,0.058463004200717705
-139.04496131150927,0.013535228889092152,56.379444749128,-2.196547031402588,2.530843734741211,2.228989362716675,0.020408605239992994,0.013536082662701213,0.010224793187511239
-139.0128184412752,0.025540234348067976,56.422765223938804,-2.2002224922180176,2.5301296710968018,2.2260358333587646,0.011734264994089472,0.025541088121677036,0.033095681623294126
-138.92306975558122,0.12082571368038451,56.37161052214999,-2.2051589488983154,2.5220413208007812,2.229297399520874,0.10148295068805169,0.12082656745399357,0.018059020165516415
-138.93536409608726,0.12468028200514507,56.48331485093097,-2.208627223968506,2.524569034576416,2.2220089435577393,0.08918861018202051,0.12468113577875413,0.09364530861545717
-139.03892342428298,0.011329551554194484,56.4491639050809,-2.197051763534546,2.5310189723968506,2.2238998413085938,0.014370718013708483,0.011330405327803545,0.059494362765391884
-138.9343259073334,0.15250514292152118,56.417656242439634,-2.206552028656006,2.5230154991149902,2.2264773845672607,0.09022679893587338,0.15250599669513024,0.027986700124124297
-138.94629239875928,0.14862918244756765,56.43026477164748,-2.2059953212738037,2.5238592624664307,2.225832223892212,0.0782603075099928,0.1486300362211767,0.04059522933197002
-138.90047548980684,0.11160684116008163,56.441087206387365,-2.207463026046753,2.5231270790100098,2.2251439094543457,0.12407721646243886,0.11160769493369069,0.051417664071855995
-138.97369511770935,0.07503756021297267,56.47651881270681,-2.203233003616333,2.5281763076782227,2.2215287685394287,0.050857588559921396,0.07503841398658173,0.08684927039129775
-138.9214578309371,0.11169272131092299,56.47848590718777,-2.2065298557281494,2.52518367767334,2.2228751182556152,0.1030948753321752,0.11169357508453205,0.08881636487225819
-138.91484620782055,0.09454029643008592,56.46513971754956,-2.20634388923645,2.52498459815979,2.223507881164551,0.10970649844873037,0.09454115020369498,0.0754701752340523
-138.9692691551272,0.056028552941912856,56.43794873446374,-2.2025725841522217,2.5269505977630615,2.22450590133667,0.05528355114208239,0.056029406715521916,0.048279192148228844
-138.90927277345781,0.12103344752986848,56.465925189304116,-2.2080938816070557,2.523857355117798,2.2230381965637207,0.1152799328114611,0.12103430130347755,0.07625564698860643
-138.8928256779364,0.11127392671546975,56.46510215150913,-2.2081823348999023,2.5230259895324707,2.2230536937713623,0.1317270283328753,0.11127478048907881,0.07543260919361927
-138.9397490775344,0.04110529857359373,56.46910805745734,-2.2034213542938232,2.526826858520508,2.222613573074341,0.08480362873487479,0.041106152347202794,0.07943851514183109
-138.92522809535896,0.06917102068395194,56.46642720820811,-2.2044520378112793,2.5253586769104004,2.2224059104919434,0.09932461091031541,0.069171874457561,0.07675766589260036
-138.99836576099145,0.057635375577461706,56.49545892727525,-2.2020676136016846,2.5287089347839355,2.2196033000946045,0.0261869452778285,0.05763622935107077,0.105789384959742
-138.90827556583898,0.11126901880144252,56.508330418766135,-2.207138776779175,2.5244743824005127,2.2193565368652344,0.11627714043029869,0.11126987257505158,0.11866087645062606

Errors:
rotation,[20.161052986765547, 22.00443015148071, 23.697423308496777, 22.371103715241475, 17.192512779977456, 11.956114608188066, 7.148630066806296, 1.844347506981033, 3.8863204181049564, 2.008644124767966, 1.554380505374302, 1.2127174946746337, 0.844280763828971, 0.34641958216617297, 0.19694485472829434, 0.29118196458484913, 0.21138264995242106, 0.29755159112708807, 0.044169481090205444, 0.07037103473906063, 0.24036853830756166, 0.3075150545762318, 0.08519548610690392, 0.2707194957551279, 0.2674855730631395, 0.28710257546798557, 0.21274527293780088, 0.30360481528896544, 0.27971782388647765, 0.15959215000583316, 0.31256988110354506, 0.3184344180155734, 0.20534829622390868, 0.24525415126047678, 0.18961255958864126, 0.34620788945597636]
translation,[0.12242333873291766, 0.12876469488862163, 0.11960534128425504, 0.12671027095836163, 0.1302165571263343, 0.13113724453246078, 0.12221524995502708, 0.09971153057389337, 0.0698181389775403, 0.057123082549624726, 0.039084735005231686, 0.027384408106362557, 0.013044143210533043, 0.004059984110305059, 0.0001000005543110305, 0.004735734365926447, 0.006725931772021632, 0.006273956996822427, 0.006407494651298862, 0.006483494507683041, 0.007053198676963746, 0.007597278303632216, 0.008838018522527413, 0.007240165371804608, 0.007373196198357412, 0.007408155872849598, 0.008554957716869538, 0.007883898472654138, 0.007761179189291312, 0.008041558439367158, 0.007767953838246022, 0.008232302501721023, 0.008700445263698064, 0.00917250965801042, 0.009921444235287957, 0.009938048291673773]
loss,
[0.18994486331939697, 0.1768348217010498, 0.14103570580482483, 0.09231057018041611, 0.07982604950666428, 0.0641610249876976, 0.043382927775382996, 0.01599014922976494, 0.008440777659416199, 0.006162005942314863, 0.0056372396647930145, 0.0048474958166480064, 0.002799559384584427, 0.0016468762187287211, 0.0016871679108589888, 0.0018997339066118002, 0.0007982516544871032, 0.0014777237083762884, 0.0012298156507313251, 0.0012441205326467752, 0.0015053031966090202, 0.0019022754859179258, 0.0012409172486513853, 0.0010546187404543161, 0.0010055548045784235, 0.0010813926346600056, 0.0019255897495895624, 0.001367693766951561, 0.0010033625876531005, 0.001356167602352798, 0.0011119202245026827, 0.0013199110981076956, 0.0018191313138231635, 0.001488934620283544, 0.0019119717180728912, 0.0012910582590848207]

2022-04-19 16:43:16.812792