2022-04-20 15:54:58.014442

reference phi, theta, psi, translation: 16.672973292337613, -0.0, 55.56417970941693, 0.9538894295692444, -3.184936285018921, 2.279534101486206

phi,theta,psi,rot_x,rot_y,rot_z,phi_err,theta_err,psi_err
26.607018987257597,-4.879078348390559,61.415046110949504,1.4386786222457886,-3.2383759021759033,2.121750593185425,9.934045694919984,4.879078348390559,5.850866401532571
26.19033817429909,-4.495878351025877,60.58506884376624,1.407903790473938,-3.226030111312866,2.1618242263793945,9.517364881961477,4.495878351025877,5.020889134349304
25.130989494408453,-4.052623053472038,56.22578598337022,1.2623333930969238,-3.1712231636047363,2.337848663330078,8.45801620207084,4.052623053472038,0.6616062739532893
20.61767733049219,1.0499054600968794,52.86946176107722,1.2255074977874756,-3.0307912826538086,2.4795780181884766,3.944704038154576,1.0499054600968794,2.694717948339715
18.13897948257976,1.1001220548712818,54.85936224367956,1.0828770399093628,-3.1609575748443604,2.3493142127990723,1.4660061902421475,1.1001220548712818,0.7048174657373707
16.313392860840413,-0.49921081747334606,55.46904200446783,0.9131561517715454,-3.193152904510498,2.289092779159546,0.3595804314972,0.49921081747334606,0.0951377049491029
16.90643257326323,0.1141616061373981,55.659993603093874,0.9739079475402832,-3.177151679992676,2.268944501876831,0.23345928092561863,0.1141616061373981,0.09581389367694015
16.626867807892733,0.00922295048888652,55.54689933081681,0.953100860118866,-3.1809298992156982,2.2775864601135254,0.04610548444487961,0.00922295048888652,0.017280378600126767
16.71899169187057,-0.013925362992374169,55.52464998959549,0.9571517705917358,-3.1785786151885986,2.2793428897857666,0.04601839953295794,0.013925362992374169,0.03952971982144504
16.604905334616557,0.024906301481707787,55.492811062779474,0.9511204361915588,-3.179182529449463,2.2804479598999023,0.06806795772105545,0.024906301481707787,0.07136864663745968
16.71719022947698,0.0103373977580312,55.50329198806086,0.9573060274124146,-3.177281141281128,2.280597686767578,0.044216937139367474,0.0103373977580312,0.060887721356074564
16.733802957085743,0.019980867736041255,55.584407314643926,0.9595940709114075,-3.1804792881011963,2.276158094406128,0.06082966474813034,0.019980867736041255,0.020227605226992296
16.634536402783365,0.011550468651028229,55.52577014061937,0.9531571865081787,-3.1794848442077637,2.2785239219665527,0.038436889554247955,0.011550468651028229,0.03840956879756163
16.626541666359863,0.047172971028115185,55.49522894974566,0.9539781808853149,-3.1775689125061035,2.280148983001709,0.046431625977749746,0.047172971028115185,0.0689507596712744
16.653220385257935,0.02288569789177148,55.5715665590043,0.9551138877868652,-3.181600570678711,2.2757833003997803,0.019752907079677584,0.02288569789177148,0.0073868495873696816
16.677814188911857,0.027337569064625603,55.47236489149904,0.9551205039024353,-3.1772501468658447,2.282179117202759,0.004840896574243914,0.027337569064625603,0.09181481791789281
16.691122812509626,0.010666163352945493,55.528365612503976,0.9558689594268799,-3.1793460845947266,2.2788586616516113,0.01814952017201321,0.010666163352945493,0.03581409691295789
16.71732512571309,-0.03880408576711291,55.57009123814358,0.9557980298995972,-3.1805498600006104,2.2768826484680176,0.04435183337547599,0.03880408576711291,0.005911528726649351
16.587645446583934,0.03354597467463493,55.48759962844275,0.9498640298843384,-3.1781044006347656,2.280721664428711,0.08532784575367813,0.03354597467463493,0.0765800809741819
16.715383644441513,0.03996867286005837,55.520698725160635,0.958579421043396,-3.1775240898132324,2.2793514728546143,0.042410352103900095,0.03996867286005837,0.04348098425629843
16.6218868924405,-0.00879163078491454,55.643409903789085,0.9532598257064819,-3.184290647506714,2.2716400623321533,0.0510863998971125,0.00879163078491454,0.07923019437215117
16.738126466830362,0.047209957424678366,55.512598120805,0.9599580764770508,-3.176851749420166,2.2801690101623535,0.0651531744927496,0.047209957424678366,0.051581588611931295
16.68303416098504,0.011313474836656075,55.50446336550351,0.9552070498466492,-3.178523540496826,2.280172348022461,0.010060868647428833,0.011313474836656075,0.059716343913422065
16.609440580225446,-0.021541040431739742,55.56870470974207,0.9506880640983582,-3.181795597076416,2.2758896350860596,0.06353271211216693,0.021541040431739742,0.004525000325138251
16.666194329586375,0.08420833167842481,55.475762910611124,0.9579381942749023,-3.176382303237915,2.2818543910980225,0.006778962751237572,0.08420833167842481,0.08841679880580955
16.681746670326493,0.0020747319616903595,55.51425785677331,0.9553108215332031,-3.179070234298706,2.2797272205352783,0.008773377988880782,0.0020747319616903595,0.04992185264362092
16.649100073641122,0.0405169424778096,55.50402281830205,0.9544373154640198,-3.178506374359131,2.2798142433166504,0.023873218696490284,0.0405169424778096,0.06015689111488598
16.653855592850746,0.00562854208939226,55.55964446380805,0.9540290832519531,-3.1812033653259277,2.2766170501708984,0.019117699486866258,0.00562854208939226,0.0045352456088849635
16.689490397297995,0.021851902488335444,55.55126723679103,0.9565343856811523,-3.180209159851074,2.278055191040039,0.016517104960382056,0.021851902488335444,0.012912472625906446
16.674293226394717,0.04694475916653297,55.52171983844155,0.9564921855926514,-3.1783976554870605,2.2793710231781006,0.0013199340571041773,0.04694475916653297,0.04245987097538517
16.656944545902885,-0.021299354983128745,55.565665275561415,0.9527087211608887,-3.181452751159668,2.2764806747436523,0.016028746434727736,0.021299354983128745,0.001485566144481254
16.683677906314312,0.032700379081771584,55.52773382000575,0.9568088054656982,-3.178680658340454,2.279688835144043,0.010704613976699306,0.032700379081771584,0.03644588941118343
16.69763369033594,0.0375147156136805,55.52628923499629,0.9577254056930542,-3.1787304878234863,2.2789764404296875,0.02466039799832842,0.0375147156136805,0.037890474420642306
16.620681364051993,0.029796891782128843,55.53410297140678,0.9528579115867615,-3.1807429790496826,2.278355598449707,0.05229192828561935,0.029796891782128843,0.03007673801015187
16.694932350519203,0.03043184622330059,55.51640595126728,0.9570445418357849,-3.178368330001831,2.279533863067627,0.021959058181590052,0.03043184622330059,0.04777375814965268
16.666991754171974,0.01182539134661663,55.58121761630153,0.9553229212760925,-3.1815783977508545,2.275423288345337,0.005981538165638511,0.01182539134661663,0.017037906884596055

Errors:
rotation,[20.663990444843115, 19.034132367336657, 13.172245529496168, 7.689327446591171, 3.2709457108507998, 0.9539289539196489, 0.4434347807399569, 0.0726088135338929, 0.09947348234677715, 0.16434290584022293, 0.11544205625347323, 0.10103813771116389, 0.08839692700283781, 0.16255535667713933, 0.050025454558818745, 0.12399328355676233, 0.06462978043791659, 0.08906744786923826, 0.19545390140249497, 0.1258600092202569, 0.13910822505417822, 0.16394472052935927, 0.08109068739750697, 0.08959875286904492, 0.17940409323547193, 0.06076996259419207, 0.12454705228918586, 0.029281487185143482, 0.05128148007462395, 0.09072456419902232, 0.038813667562337735, 0.07985088246965433, 0.10006558803265123, 0.11216555807790006, 0.10016466255454332, 0.034844836396851195]
translation,[0.09908907901583852, 0.09960319742901458, 0.10598103744051102, 0.07202499486929703, 0.05342163257202959, 0.0024830900150263346, 0.007337286967983303, 0.00445326601335605, 0.004355273525439962, 0.004681974700003977, 0.004632110667801115, 0.004074733677702724, 0.005050899708248124, 0.0054490502473640845, 0.004465931097640485, 0.004279573229881706, 0.0043281726504016405, 0.004512183007221893, 0.0056747800441208085, 0.004843106699695454, 0.005118455327466798, 0.004582294526761288, 0.004390933975172651, 0.005299177745511585, 0.004478941621370858, 0.0041867815709659695, 0.004789787386488165, 0.004565620832829076, 0.003943271099870138, 0.00463892440575453, 0.004758315657168666, 0.004160399031493789, 0.004306407297010928, 0.004223309324023816, 0.004438642002125626, 0.004637321609909151]
loss,
[0.19235199689865112, 0.18802353739738464, 0.11721523106098175, 0.06362797319889069, 0.027163155376911163, 0.0053099594078958035, 0.00172703608404845, 0.0018203274812549353, 0.0017680698074400425, 0.0011006174609065056, 0.001188374124467373, 0.0010997741483151913, 0.0011883792467415333, 0.001902462332509458, 0.0017976005328819156, 0.0014234664849936962, 0.001353006693534553, 0.0014566343743354082, 0.0012865662574768066, 0.001428505638614297, 0.001579701667651534, 0.0013015576405450702, 0.001704285736195743, 0.0014651932287961245, 0.001991766970604658, 0.00172392837703228, 0.001043266849592328, 0.0013236373197287321, 0.0011267273221164942, 0.0015011008363217115, 0.0016469279071316123, 0.001550767570734024, 0.0012091243406757712, 0.001429766183719039, 0.001687465701252222, 0.001036132569424808]

2022-04-20 16:01:00.893298