2022-04-20 23:18:06.801793

reference phi, theta, psi, translation: 16.672973292337613, -0.0, 55.56417970941693, 0.9538894295692444, -3.184936285018921, 2.279534101486206

phi,theta,psi,rot_x,rot_y,rot_z,phi_err,theta_err,psi_err
26.607018987257597,-4.879078348390559,61.415046110949504,1.4386786222457886,-3.2383759021759033,2.121750593185425,9.934045694919984,4.879078348390559,5.850866401532571
26.52301449065561,-4.5784605249401205,60.57565684308996,1.414271354675293,-3.2187952995300293,2.1650638580322266,9.850041198317996,4.5784605249401205,5.011477133673026
26.275942642714153,-4.64911386924115,58.65070462930526,1.3422305583953857,-3.2052760124206543,2.215595006942749,9.60296935037654,4.64911386924115,3.0865249198883262
24.486298183934704,-2.8060672945515077,55.79760142430212,1.3041459321975708,-3.122913360595703,2.3205597400665283,7.813324891597091,2.8060672945515077,0.23342171488518915
19.93074642264379,2.7381505234777728,52.541704888470406,1.2269225120544434,-3.0053396224975586,2.4669878482818604,3.2577731303061768,2.7381505234777728,3.0224748209465275
18.856485732247723,1.4466692804418877,53.80523865850399,1.1244299411773682,-3.0882303714752197,2.3901262283325195,2.1835124399101105,1.4466692804418877,1.758941050912945
16.77820601688,0.7517262178019279,55.45991004154752,0.9939987063407898,-3.179506301879883,2.2917795181274414,0.10523272454238608,0.7517262178019279,0.10426966786940994
16.45799991840063,-0.2962242272236825,55.24756287534641,0.9275618195533752,-3.171917676925659,2.294890880584717,0.21497337393698146,0.2962242272236825,0.31661683407052266
16.90202368615399,0.09642050483412438,55.63681877124002,0.9725286364555359,-3.180539131164551,2.27410626411438,0.22905039381637593,0.09642050483412438,0.07263906182308943
16.62950426091236,0.034438091260409476,55.460371079316495,0.9536978006362915,-3.178252696990967,2.2834227085113525,0.04346903142525349,0.034438091260409476,0.10380863010043839
16.732846730601942,0.05625113456218419,55.56979412491469,0.960858166217804,-3.179105043411255,2.277172803878784,0.05987343826432934,0.05625113456218419,0.0056144154977531
16.68527275548551,0.03513437642159438,55.537528311275544,0.9568629860877991,-3.1801209449768066,2.2793362140655518,0.012299463147897427,0.03513437642159438,0.026651398141389393
16.65132671531055,-0.020465970387336375,55.50512930894759,0.9524964094161987,-3.178494930267334,2.2819314002990723,0.021646577027063074,0.020465970387336375,0.05905040046934573
16.716478182256008,0.03129221073940614,55.63375884649186,0.959792971611023,-3.182586669921875,2.273299217224121,0.043504889918395406,0.03129221073940614,0.0695791370749248
16.743515486085503,0.017917293011316195,55.579540804860294,0.9598695039749146,-3.1794910430908203,2.276031970977783,0.07054219374789028,0.017917293011316195,0.015361095443360284
16.521701677694754,0.12357102594981374,55.50910447904454,0.9499031901359558,-3.1802330017089844,2.279313325881958,0.15127161464285876,0.12357102594981374,0.05507523037239537
16.676110056713938,0.053345271985696455,55.475820967219065,0.9549100399017334,-3.177351474761963,2.2817201614379883,0.003136764376325374,0.053345271985696455,0.08835874219786888
16.693139425862075,0.12062486450398383,55.47942047691166,0.9599137306213379,-3.1779377460479736,2.2817485332489014,0.020166133524462282,0.12062486450398383,0.08475923250527018
16.545778094519047,0.04086218551649089,55.45568556954587,0.9493201375007629,-3.179440975189209,2.2823452949523926,0.12719519781856548,0.04086218551649089,0.1084941398710626
16.71071521014381,-0.00348337696959978,55.49202217593034,0.9559859037399292,-3.178307294845581,2.2814183235168457,0.03774191780619773,0.00348337696959978,0.07215753348659604
16.69782835072729,-0.022579925088016945,55.573663427079495,0.9554932713508606,-3.1808722019195557,2.276998281478882,0.024855058389675833,0.022579925088016945,0.00948371766256173
16.600014919170828,-0.011535958647512596,55.5654637849809,0.9505877494812012,-3.1821041107177734,2.274601459503174,0.07295837316678444,0.011535958647512596,0.0012840755639658141
16.62686610034544,0.01064526971061376,55.53480989598588,0.9518328309059143,-3.1799533367156982,2.2771968841552734,0.04610719199217428,0.01064526971061376,0.02936981343105316
16.58844799381141,0.11757929897705012,55.46955768375016,0.9536993503570557,-3.1761724948883057,2.2824079990386963,0.08452529852620216,0.11757929897705012,0.09462202566677291
16.6312715723601,0.11955621923658007,55.45001651253476,0.9554410576820374,-3.175560474395752,2.2822787761688232,0.04170171997751382,0.11955621923658007,0.11416319688217413
16.69615153928605,0.033773900780800364,55.5928186926068,0.9570101499557495,-3.1814208030700684,2.2746477127075195,0.02317824694843651,0.033773900780800364,0.028638983189864575
16.54837698149824,0.06691181387155992,55.53949199066192,0.9501523375511169,-3.180824041366577,2.2772445678710938,0.12459631083937239,0.06691181387155992,0.02468771875501119
16.679586623001477,0.051926329066964295,55.46804138175442,0.9561240673065186,-3.1770429611206055,2.281703233718872,0.006613330663864048,0.051926329066964295,0.09613832766251562
16.595032296171304,0.07140190868135962,55.55548487860351,0.9541968107223511,-3.1809988021850586,2.2772369384765625,0.07794099616630845,0.07140190868135962,0.00869483081342537
16.617182599649656,0.08088699081846183,55.508940554504456,0.9543823599815369,-3.178124189376831,2.2784385681152344,0.05579069268795678,0.08088699081846183,0.05523915491247777
16.720629229724082,0.047434242195323204,55.5045350824898,0.9591525197029114,-3.1764438152313232,2.2802693843841553,0.04765593738646956,0.047434242195323204,0.05964462692713113
16.716230587898593,0.03953444072967047,55.56396455845808,0.9590975642204285,-3.1801023483276367,2.2761921882629395,0.04325729556098068,0.03953444072967047,0.0002151509588514955
16.674723528312427,-0.013574842664448998,55.469701117722735,0.9532564878463745,-3.1762642860412598,2.281468391418457,0.0017502359748142737,0.013574842664448998,0.09447859169419814
16.663329065229554,0.021267457736892658,55.50797066764232,0.9542526006698608,-3.1775991916656494,2.2796802520751953,0.009644227108058345,0.021267457736892658,0.05620904177461483
16.784247319200873,0.01605514659652593,55.59932103269665,0.9623866677284241,-3.180243492126465,2.274553060531616,0.11127402686325993,0.01605514659652593,0.035141323279717085
16.736661391253396,0.016542366092974322,55.553592916203414,0.9591294527053833,-3.179283380508423,2.2772624492645264,0.06368809891578309,0.016542366092974322,0.01058679321351974

Errors:
rotation,[20.663990444843115, 19.43997885693114, 17.338608139506015, 10.852813901033787, 9.018398474730477, 5.389122771264943, 0.961228610213724, 0.8278144352311867, 0.39810996047358976, 0.18171575278610136, 0.12173898832426663, 0.0740852377108812, 0.10116294788374518, 0.14437623773272634, 0.10382058220256676, 0.32991787096506786, 0.1448407785598907, 0.22555023053371628, 0.276551523206119, 0.11338282826239354, 0.056918701140254505, 0.08577840737826285, 0.0861222751338412, 0.2967266231700252, 0.275421136096268, 0.08559113091910145, 0.2161958434659435, 0.15467798739334396, 0.15803773566109344, 0.1919168384188964, 0.1547348065089239, 0.08300688724950264, 0.10980367033346142, 0.08712072661956584, 0.16247049673950295, 0.09081725822227715]
translation,[0.09908907901583852, 0.09783083179639984, 0.09006494819479371, 0.07233089486205735, 0.04605572291058646, 0.032639451524744345, 0.012328459444417739, 0.007702855371224615, 0.0020842590182015286, 0.003120797788611185, 0.004284778838392178, 0.0032100973879884975, 0.0040591648014425274, 0.003977289276643425, 0.004860827031741621, 0.004782223660126483, 0.00450962592515225, 0.0028415018786942525, 0.003827820073046162, 0.0036711186792244277, 0.004264507550340468, 0.005807081170137174, 0.0057450778590668605, 0.005336959656959017, 0.005480050673017267, 0.004799395974001364, 0.00542720050962231, 0.0044745616670134325, 0.004336962013637979, 0.005883358982856635, 0.005039278859571894, 0.004471444217855947, 0.005902065137170176, 0.005625576794583864, 0.004501440528510869, 0.00450541521577108]
loss,
[0.14415526390075684, 0.12645024061203003, 0.10980188846588135, 0.06641262024641037, 0.030367475003004074, 0.022084778174757957, 0.006979004945605993, 0.0017334141302853823, 0.0014331502607092261, 0.0013241793494671583, 0.0008636967977508903, 0.0014682896435260773, 0.0011772506404668093, 0.0009451701771467924, 0.001110484590753913, 0.001275126007385552, 0.001244742306880653, 0.0020672366954386234, 0.0011368639534339309, 0.0009947982616722584, 0.0014059817185625434, 0.0017044637352228165, 0.0010145565029233694, 0.0015119047602638602, 0.0014073303900659084, 0.0013777113053947687, 0.001054813270457089, 0.001732004340738058, 0.0014579514972865582, 0.0009352106135338545, 0.001138012739829719, 0.0009185273083858192, 0.0008154114475473762, 0.0011706151999533176, 0.0009811129420995712, 0.0006742250407114625]

2022-04-20 23:20:39.093607