2022-04-21 04:53:14.827511

reference phi, theta, psi, translation: 175.36684180812657, -0.0, 39.4597479484966, 0.2069414258003235, 2.553555727005005, 3.112318754196167

phi,theta,psi,rot_x,rot_y,rot_z,phi_err,theta_err,psi_err
-174.60268024378553,2.426304892454245,32.24175771288345,-0.3459881842136383,2.1274664402008057,3.6064906120300293,10.030477948087878,2.426304892454245,7.217990235613151
-174.96776751530106,2.5475536873939717,32.57881730313982,-0.34814879298210144,2.1611990928649902,3.5773277282714844,9.665390676572372,2.5475536873939717,6.880930645356777
-176.93979339284547,3.0776039366837216,35.57886519794662,-0.3469659388065338,2.3993425369262695,3.383244037628174,7.693364799027961,3.0776039366837216,3.880882750549979
-177.85558515676078,2.897043497991352,37.89499600587629,-0.2806408405303955,2.5469489097595215,3.2569148540496826,6.777573035112653,2.897043497991352,1.5647519426203118
-178.75920552357513,3.359022765580018,39.37453450841152,-0.25360023975372314,2.6230251789093018,3.179114580154419,5.87395266829833,3.359022765580018,0.08521344008507725
179.26063703130245,3.2370800738291594,40.75440689057793,-0.15172027051448822,2.686666488647461,3.0996203422546387,3.8937952231758857,3.2370800738291594,1.294658942081334
177.50847494314075,2.0214428500299104,41.68063518354502,0.012685922905802727,2.7088623046875,3.041839122772217,2.141633135014189,2.0214428500299104,2.220887235048423
175.60297510811225,-0.10015962851497441,40.09751003205737,0.20620806515216827,2.595635414123535,3.086947441101074,0.23613329998568133,0.10015962851497441,0.6377620835607729
175.02127521725893,0.08780931162200968,39.028202936356855,0.2160176783800125,2.5255584716796875,3.13045597076416,0.34556659086763375,0.08780931162200968,0.4315450121397433
175.44239736072524,0.05175927292212438,39.66234501965752,0.20303669571876526,2.559684991836548,3.0963189601898193,0.0755555525986722,0.05175927292212438,0.2025970711609233
175.49922453461974,0.22026321276915908,39.24396178204839,0.18917903304100037,2.5397932529449463,3.1190786361694336,0.1323827264931765,0.22026321276915908,0.21578616644821125
175.31500067232616,0.047193443525061295,39.53261240656229,0.20881345868110657,2.5540783405303955,3.107025384902954,0.051841135800401617,0.047193443525061295,0.07286445806569475
175.41612845317738,0.04341718786417138,39.34188278908427,0.20405560731887817,2.543266773223877,3.11614727973938,0.04928664505081315,0.04341718786417138,0.11786515941232523
175.4590357015434,0.06969408363836586,39.47033474171012,0.20029127597808838,2.549800157546997,3.109135866165161,0.09219389341683382,0.06969408363836586,0.01058679321351974
175.41153856605513,0.0398138281397523,39.37689092367518,0.2047843635082245,2.544996976852417,3.1127471923828125,0.04469675792856265,0.0398138281397523,0.08285702482142199
175.36846739314902,0.09263491229554584,39.453180721609634,0.2030400186777115,2.5491082668304443,3.10994553565979,0.0016255850224524693,0.09263491229554584,0.006567226886964761
175.33383833405708,0.08937057782798645,39.42888232363731,0.2043403536081314,2.5483758449554443,3.1102294921875,0.03300347406948845,0.08937057782798645,0.030865624859288232
175.37312558216297,0.07688215384941374,39.520160971705366,0.2043990194797516,2.553213119506836,3.1067957878112793,0.006283774036404566,0.07688215384941374,0.06041302320876696
175.31095720033753,0.021455341785930934,39.33398709040374,0.20915883779525757,2.543262481689453,3.116549015045166,0.055884607789039364,0.021455341785930934,0.12576085809286042
175.39264626281087,0.09954711591577296,39.4908150639364,0.20156420767307281,2.551316022872925,3.1085221767425537,0.025804454684305256,0.09954711591577296,0.031067115439803672
175.55129789685193,0.08250482632552412,39.401998699064144,0.1959971934556961,2.546746253967285,3.1134934425354004,0.18445608872536923,0.08250482632552412,0.05774924943245452
175.474526570581,0.11342631238219424,39.41980500223037,0.1964934766292572,2.548581600189209,3.11270809173584,0.10768476245442571,0.11342631238219424,0.03994294626622974
175.3893404512526,0.04526943063034325,39.47388644007853,0.20521706342697144,2.5498945713043213,3.1085011959075928,0.022498643126027673,0.04526943063034325,0.01413849158193159
175.38134912992368,0.050641792340721185,39.45336172162264,0.20603689551353455,2.5492208003997803,3.1098666191101074,0.014507321797111672,0.050641792340721185,0.006386226873956957
175.44638619120053,0.05162328244509693,39.48832545998393,0.202163964509964,2.5518031120300293,3.1083180904388428,0.07954438307396572,0.05162328244509693,0.02857751148733456
175.38450467732022,0.04290921981953473,39.45262064609769,0.20519396662712097,2.548401355743408,3.1096444129943848,0.017662869193657116,0.04290921981953473,0.0071273023989064654
175.36953290265956,0.10772168539772994,39.53396819911254,0.2027018517255783,2.5543267726898193,3.106067657470703,0.002691094532991656,0.10772168539772994,0.0742202506159444
175.4305674730828,0.1186059920608329,39.39432839662622,0.1976718008518219,2.5473828315734863,3.1128880977630615,0.06372566495622323,0.1186059920608329,0.06541955187037729
175.43849049252,0.042858489548998506,39.392890641805934,0.20228274166584015,2.5458617210388184,3.111891508102417,0.07164868439343763,0.042858489548998506,0.06685730669066459
175.3096184832602,0.06910260119005952,39.44282615482789,0.20676110684871674,2.548063039779663,3.10911226272583,0.057223324866356506,0.06910260119005952,0.016921793668707608
175.3711858084387,0.09571337928502488,39.481314270800915,0.20260198414325714,2.55112624168396,3.1088180541992188,0.004344000312130447,0.09571337928502488,0.021566322304316543
175.31418104962577,0.09697413969606157,39.49942110229062,0.20511877536773682,2.5527279376983643,3.107527256011963,0.052660758500792326,0.09697413969606157,0.03967315379401981
175.36210165684258,0.05268254611637206,39.48785076183662,0.20566558837890625,2.5522048473358154,3.108175039291382,0.004740151283982641,0.05268254611637206,0.02810281334001985
175.39361614967302,0.07949018921892337,39.488912856252554,0.2022770792245865,2.551699161529541,3.1080853939056396,0.026774341546456526,0.07949018921892337,0.029164907755955483
175.3880427153103,0.1147760489636014,39.47864366683544,0.20092740654945374,2.5510787963867188,3.108417272567749,0.021200907183725803,0.1147760489636014,0.01889571833883963
175.39641652723273,0.11236394605849802,39.55246093629035,0.20119380950927734,2.554691791534424,3.1058316230773926,0.02957471910616505,0.11236394605849802,0.09271298779375314

Errors:
rotation,[19.674773076155276, 19.09387500932312, 14.651851486261663, 11.239368475724316, 9.318188873963425, 8.425534239086378, 6.383963220092522, 0.9740550120614286, 0.8649209146293867, 0.32991189668171983, 0.5684321057105468, 0.17189903739115767, 0.21056899232730975, 0.17247477026871944, 0.16736761088973695, 0.10082772420496307, 0.15323967675676314, 0.14357895109458527, 0.20310080766783073, 0.1564186860398819, 0.3247101644833479, 0.2610540211028497, 0.08190656533830251, 0.07153534101178982, 0.1597451770063972, 0.06769939141209831, 0.184633030546666, 0.2477512088874334, 0.18136448063310073, 0.14324771972512362, 0.12162370190147187, 0.1893080519908737, 0.08552551074037455, 0.13542943852133538, 0.15487267448616682, 0.23465165295841622]
translation,[0.170370405351016, 0.1628266762842241, 0.13103048968327613, 0.11292744481816541, 0.09819843924549865, 0.07360528316036241, 0.042061710479327274, 0.007322542126628306, 0.0031189208968323, 0.008641754551379499, 0.004344750297362587, 0.003657416790806778, 0.0036955963655884716, 0.005172634929958342, 0.005195231056636551, 0.004847735532327313, 0.005026256415088248, 0.004609704050355212, 0.003125696303275305, 0.004622687775268197, 0.003949567744340854, 0.003371447133886818, 0.0053548591298167025, 0.004685201703543029, 0.00444151234636081, 0.005418654037238291, 0.004550927258150317, 0.003933062181588731, 0.005436469658192777, 0.00596368010677395, 0.0044624208231693885, 0.004316282281584982, 0.004120014070569944, 0.004681331865964644, 0.004885816946317512, 0.004577056917212552]
loss,
[0.0921439528465271, 0.08861666917800903, 0.055186301469802856, 0.046949177980422974, 0.033556364476680756, 0.024242207407951355, 0.020434223115444183, 0.0038666962645947933, 0.0027148963417857885, 0.001188918249681592, 0.0010528850834816694, 0.001134019228629768, 0.0016173705225810409, 0.0010259693954139948, 0.0009805529844015837, 0.0006920465966686606, 0.0017337561585009098, 0.0011925327125936747, 0.0012746740831062198, 0.0010856407461687922, 0.0011979490518569946, 0.001002210658043623, 0.0010629876051098108, 0.0011216627899557352, 0.0011027177097275853, 0.0011420786613598466, 0.0009382314747199416, 0.001074768602848053, 0.0016525471583008766, 0.0013172158505767584, 0.000662429491057992, 0.0009963995544239879, 0.0012858910486102104, 0.0012803578283637762, 0.0010812815744429827, 0.0011272941483184695]

2022-04-21 04:55:54.721374