2022-04-21 04:55:58.607182

reference phi, theta, psi, translation: -139.02455270626928, -8.537736090602699e-07, 56.38966954231551, -2.2014424800872803, 2.5346622467041016, 2.231398344039917

phi,theta,psi,rot_x,rot_y,rot_z,phi_err,theta_err,psi_err
-129.04008655489625,6.852725648450977,53.065809209147574,-2.6847352981567383,1.8050535917282104,2.604990243911743,9.984466151373027,6.852726502224586,3.3238603331679357
-129.76744705998925,6.170965465196177,53.534035752224874,-2.677433729171753,1.8707612752914429,2.556668519973755,9.257105646280024,6.1709663189697865,2.8556337900906357
-131.8382511333104,3.093278161826997,54.75388021723247,-2.6134278774261475,2.1172292232513428,2.408238172531128,7.186301572958882,3.093279015600606,1.6357893250830386
-134.88787595620775,1.1898351650115901,56.31973865049833,-2.4531824588775635,2.4018518924713135,2.2750608921051025,4.136676750061525,1.1898360187851993,0.06993089181717949
-138.06765686392885,0.3955783278149051,56.769148022412246,-2.3040106296539307,2.5296895503997803,2.2532410621643066,0.9568958423404297,0.39557918158851413,0.37947848009673635
-140.0295330803666,-0.20391163391667755,57.47655412984505,-2.1921486854553223,2.6312265396118164,2.186363697052002,1.0049803740973289,0.2039107801430685,1.0868845875295392
-139.041696481086,-0.0006686437286706725,56.50338536180705,-2.2061071395874023,2.543104410171509,2.2325034141540527,0.017143774816730684,0.0006677899550616123,0.11371581949153864
-139.2583091004238,-0.1710498139914064,56.06044076394255,-2.172095775604248,2.530390977859497,2.246537923812866,0.23375639415451133,0.17104896021779734,0.3292287783729577
-138.99346168516738,0.046078187290389774,56.276978251199466,-2.1978092193603516,2.524315357208252,2.235105514526367,0.03109102110190065,0.046079041063998835,0.11269129111604315
-139.06431806761708,-0.045370229337094496,56.29431668640754,-2.1914634704589844,2.5316274166107178,2.2370657920837402,0.03976536134780417,0.045369375563485435,0.0953528559079686
-139.1114873540252,-0.04054268447384143,56.376883428189245,-2.1925947666168213,2.533763885498047,2.228053092956543,0.08693464775592474,0.040541830700232366,0.012786114126264181
-139.11337248623613,-0.009397358063316843,56.21703651104343,-2.1889073848724365,2.5287744998931885,2.2383506298065186,0.08881977996685464,0.009396504289707782,0.17263303127207763
-139.03979768849675,-0.050481727004616166,56.394696561544635,-2.19382381439209,2.5335891246795654,2.2302236557006836,0.015244982227471837,0.050480873231007105,0.005027019229125074
-139.0364782165601,0.04148672607548693,56.27201611876745,-2.1956324577331543,2.526427984237671,2.2369446754455566,0.011925510290836883,0.04148757984909599,0.11765342354805597
-139.18575883105993,0.02271986653983165,56.24134173920493,-2.187073230743408,2.5306084156036377,2.2372350692749023,0.16120612479065244,0.02272072031344071,0.14832780311058258
-139.08781391836195,0.00420872782322311,56.36849254079388,-2.194892406463623,2.5326428413391113,2.2295331954956055,0.06326121209266944,0.00420958159683217,0.021177001521628824
-139.03501655607775,0.003863720571140533,56.247734796268055,-2.194084405899048,2.52531099319458,2.2366509437561035,0.010463849808473924,0.0038645743447495934,0.14193474604745404
-139.1064739951744,-0.02104449443550824,56.30733844206017,-2.1898386478424072,2.531278610229492,2.232558250427246,0.08192128890513573,0.02104364066189918,0.08233110025533819
-139.1346963368249,-0.06851514000213989,56.28726110099492,-2.1876392364501953,2.5331737995147705,2.2346243858337402,0.11014363055562626,0.06851428622853083,0.10240844132059124
-139.14753709246452,-0.09705297466846766,56.35777255889155,-2.1890690326690674,2.535106897354126,2.2306320667266846,0.12298438619524177,0.0970521208948586,0.03189698342396241
-139.1363355822257,-0.014990730193196975,56.258973872547315,-2.1895318031311035,2.5302493572235107,2.2368595600128174,0.1117828759564361,0.014989876419587914,0.13069566976819402
-139.11548984487882,0.06919722817772718,56.278764345667426,-2.193100929260254,2.528714656829834,2.2368640899658203,0.09093713860954722,0.06919808195133624,0.1109051966480834
-139.17388796228244,0.05230072183674042,56.303165196477295,-2.190518856048584,2.5326530933380127,2.2335610389709473,0.14933525601315978,0.05230157561034948,0.08650434583821465
-139.2047194361959,-0.061200922104409035,56.2886783652477,-2.1847572326660156,2.5347814559936523,2.23429536819458,0.18016672992661142,0.061200068330799974,0.10099117706781158
-139.15065165872605,-0.013446372684882522,56.26294904264426,-2.1889047622680664,2.5318613052368164,2.235011100769043,0.12609895245677194,0.013445518911273461,0.12672049967125076
-139.10498501393536,-0.05550030679075907,56.312529385829386,-2.191073179244995,2.53275990486145,2.233456611633301,0.08043230766608644,0.05549945301715001,0.0771401564861236
-139.11406916553148,-0.057729955245077715,56.342162161543484,-2.190765142440796,2.5335800647735596,2.23249888420105,0.08951645926219953,0.057729101471468654,0.04750738077202499
-139.05655897271996,-0.01686386105021659,56.22463851158966,-2.190981388092041,2.5271756649017334,2.238605260848999,0.03200626645067928,0.016863007276607528,0.16503103072584935
-139.10952025954424,-0.03403094244453395,56.28563551597246,-2.189305067062378,2.5310494899749756,2.2348434925079346,0.0849675532749643,0.03403008867092489,0.10403402634305081
-139.173628415094,-0.08094199329470014,56.309664121472565,-2.1863911151885986,2.5354793071746826,2.232206106185913,0.14907570882471077,0.08094113952109108,0.08000542084294437
-139.16226298031506,-0.0014295168595898258,56.26787702413042,-2.187272071838379,2.5310401916503906,2.2357165813446045,0.13771027404578717,0.0014286630859807654,0.12179251818508874
-138.983803797681,-0.09136664369803532,56.32984050028078,-2.194676637649536,2.5292675495147705,2.2325615882873535,0.040748908588284394,0.09136578992442626,0.059829042034728275
-139.14429958279794,-0.1454465884157927,56.34554310518264,-2.186595916748047,2.5369019508361816,2.2308950424194336,0.11974687652866578,0.14544573464218363,0.044126437132867125
-139.13899935600202,-0.0025819240975948933,56.35060427535762,-2.191467761993408,2.533933639526367,2.2322490215301514,0.11444664973274143,0.002581070323985833,0.039065266957891254
-139.07398961548182,0.00748277232624451,56.39086482542026,-2.1961193084716797,2.533106565475464,2.228647232055664,0.04943690921254529,0.00748362609985357,0.0011952831047494783
-139.1637383011758,-0.04700285611335032,56.24871492841395,-2.1862499713897705,2.5322060585021973,2.23732852935791,0.13918559490653593,0.04700200233974126,0.14095461390155606

Errors:
rotation,[20.161052986765547, 18.283705755340446, 11.915369913642527, 5.396443660663904, 1.7319535040256802, 2.2957757417699365, 0.13152738426333094, 0.7340341327452664, 0.18986135328194265, 0.18048759281925822, 0.1402625925824213, 0.27084931552864006, 0.07075287468760402, 0.17106651368798884, 0.33225464821467576, 0.08864779521113043, 0.15626317020067756, 0.1852960298223731, 0.28106635810474834, 0.2519334905140628, 0.25746842214421806, 0.2710404172089669, 0.2881411774617239, 0.34235797532522294, 0.26626497103929614, 0.21307191716936005, 0.19475294150569317, 0.21390030445313615, 0.22303166828894, 0.3100222691887462, 0.2609314553168567, 0.19194374054743893, 0.30931904830371654, 0.15609298701461852, 0.058115818417148336, 0.32714221114783326]
translation,[0.12242333873291766, 0.11675646282924301, 0.1055697703179268, 0.08747507368350682, 0.0658076905326741, 0.03200475739398456, 0.008470113155667924, 0.010207221685248236, 0.006426427874289153, 0.004205407096815605, 0.007243742118287599, 0.006674962688270725, 0.00548183692463855, 0.005267293995198763, 0.007139714417092158, 0.005877274539483501, 0.006975650246981324, 0.007811737696408194, 0.006668561781131288, 0.006888652618493474, 0.00623735380942847, 0.005256274186380416, 0.00602027967335772, 0.0074046390184179245, 0.00659162367562427, 0.0057093207207978836, 0.005892128997758483, 0.006409066413610276, 0.0069776138147235045, 0.007237069083304348, 0.007604059659604978, 0.006438717253592685, 0.006956209580152084, 0.005425697301970622, 0.005406938071029543, 0.006530118863771861]
loss,
[0.135299414396286, 0.11921346187591553, 0.05704636126756668, 0.02876899763941765, 0.021208202466368675, 0.006155776791274548, 0.0023899897933006287, 0.0016903717769309878, 0.0015865247696638107, 0.002504745265468955, 0.0013068907428532839, 0.0008129896013997495, 0.0019523691153153777, 0.000648051907774061, 0.0007168108131736517, 0.0007227409514598548, 0.0017367101972922683, 0.0008814221946522593, 0.0006349751492962241, 0.0014135933015495539, 0.000997113180346787, 0.0013543718960136175, 0.0014053185004740953, 0.0011496130609884858, 0.0011780940694734454, 0.0012115777935832739, 0.0019339905120432377, 0.0015238698106259108, 0.0010390483075752854, 0.0016355369007214904, 0.0014358325861394405, 0.0009036442497745156, 0.0013691168278455734, 0.0006042431341484189, 0.001412661629728973, 0.001058635301887989]

2022-04-21 04:58:38.945592