2022-04-28 18:16:25.721628

reference phi, theta, psi, translation: -86.91639066027085, -0.0, 34.793557367935236, -2.296917200088501, -0.12373751401901245, 3.3104169368743896

phi,theta,psi,rot_x,rot_y,rot_z,phi_err,theta_err,psi_err
-76.53055527251121,6.8177051513072,38.18892636661862,-2.336111545562744,-0.9462913274765015,3.345968008041382,10.385835387759641,6.8177051513072,3.395368998683381
-76.03390489720289,6.995828917783542,38.61643815205347,-2.35402774810791,-0.9803162813186646,3.3293659687042236,10.882485763067962,6.995828917783542,3.822880784118233
-73.06715075950532,7.908172784067232,42.17449884167196,-2.5018045902252197,-1.1962370872497559,3.1712963581085205,13.849239900765525,7.908172784067232,7.380941473736726
-72.06380963080879,9.651965290467503,43.279783958825526,-2.517967939376831,-1.3443620204925537,3.1130402088165283,14.852581029462058,9.651965290467503,8.48622659089029
-70.81226625786317,12.55162019346537,44.62811452740481,-2.5390465259552,-1.5621782541275024,3.0172035694122314,16.104124402407678,12.55162019346537,9.834557159469576
-71.33710482387612,16.45599799007535,46.751032944093154,-2.6590418815612793,-1.7462809085845947,2.8329529762268066,15.579285836394732,16.45599799007535,11.957475576157918
-73.84195375857323,17.537934590411897,49.342386224628484,-2.8558902740478516,-1.6782951354980469,2.685697555541992,13.074436901697624,17.537934590411897,14.548828856693248
-75.4855704804451,15.016181264685837,48.566285489618274,-2.8857083320617676,-1.4757074117660522,2.7650933265686035,11.430820179825744,15.016181264685837,13.772728121683038
-76.29189480253261,13.825999839005057,47.3723786679838,-2.85982608795166,-1.3657987117767334,2.8359413146972656,10.62449585773824,13.825999839005057,12.578821300048567
-77.50014160632954,13.570762710240677,48.02168035614731,-2.923369884490967,-1.2966041564941406,2.801912546157837,9.416249053941314,13.570762710240677,13.228122988212071
-79.1781756514291,12.610928458319266,46.76217639772403,-2.8969197273254395,-1.183401346206665,2.8626348972320557,7.738215008841749,12.610928458319266,11.968619029788798
-82.10907812617327,11.054525386903608,44.71877845844757,-2.839672327041626,-0.9635228514671326,2.977587938308716,4.807312534097576,11.054525386903608,9.92522109051233
-85.22734635022923,8.919417680483,42.8741765900589,-2.790977954864502,-0.7181704640388489,3.066558599472046,1.6890443100416235,8.919417680483,8.080619222123666
-85.71923608368604,5.399568973836032,41.7837300588772,-2.749335289001465,-0.5002074241638184,3.113985776901245,1.1971545765848077,5.399568973836032,6.990172690941961
-86.47151311887124,3.2308628898807594,38.96860612075391,-2.584740161895752,-0.3421066999435425,3.2320303916931152,0.444877541399606,3.2308628898807594,4.175048752818675
-86.69933407863701,1.2513099062659052,37.12778134697626,-2.470961570739746,-0.21634553372859955,3.292367935180664,0.217056581633841,1.2513099062659052,2.3342239790410275
-87.09530746557934,0.25468084933536667,35.87488559657497,-2.388606309890747,-0.1380535364151001,3.317842960357666,0.1789168053084893,0.25468084933536667,1.0813282286397339
-87.04699070739066,-0.42808686954191955,34.45079115462732,-2.2910308837890625,-0.09468179941177368,3.3418362140655518,0.1306000471198132,0.42808686954191955,0.3427662133079181
-86.9525701723044,-0.17822361268600273,34.596697655677126,-2.2869479656219482,-0.11215005815029144,3.3182880878448486,0.03617951203355574,0.17822361268600273,0.19685971225811016
-86.85728220319356,0.20140386504187183,34.80374459508231,-2.294891834259033,-0.13887523114681244,3.3115673065185547,0.0591084570772864,0.20140386504187183,0.010187227147071098
-86.87608571397861,0.03020362320740515,34.66439166054112,-2.287579298019409,-0.12683868408203125,3.316009521484375,0.04030494629223824,0.03020362320740515,0.12916570739411526
-86.94742020967021,0.04193620717884797,34.682419944855376,-2.2886078357696533,-0.12544412910938263,3.3149170875549316,0.031029549399363532,0.04193620717884797,0.1111374230798603
-86.87098356266861,0.09722997820597266,34.77377714009888,-2.2934975624084473,-0.13149046897888184,3.311556816101074,0.04540709760223649,0.09722997820597266,0.0197802278363568
-86.9062205085967,0.06095353766475396,34.75721734645618,-2.2927393913269043,-0.12801997363567352,3.312432050704956,0.0101701516741457,0.06095353766475396,0.036340021479055906
-86.93313828411573,0.07320577298448738,34.73123189175887,-2.2918899059295654,-0.1278255134820938,3.3133058547973633,0.01674762384487849,0.07320577298448738,0.062325476176368966
-86.92964122726067,-0.00352272879727304,34.73802109979386,-2.2915046215057373,-0.12370932102203369,3.3119072914123535,0.013250566989825074,0.00352272879727304,0.05553626814137402
-86.97099802268511,-0.016797660480154544,34.77134217765977,-2.2937145233154297,-0.12135706096887589,3.3102211952209473,0.05460736241425934,0.016797660480154544,0.022215190275467478
-86.9310482462297,0.030167318080202964,34.701561550004335,-2.289320468902588,-0.12522946298122406,3.3139920234680176,0.01465758595884381,0.030167318080202964,0.09199581793090061
-86.91589205646144,0.04251350954613195,34.655908565591965,-2.2871921062469482,-0.12620282173156738,3.316145658493042,0.0004986038094045853,0.04251350954613195,0.13764880234327137
-86.96591636194262,0.006916496322306747,34.738492382846594,-2.2922658920288086,-0.12273171544075012,3.312528610229492,0.04952570167176873,0.006916496322306747,0.05506498508864155
-86.940501228041,0.023051059487666878,34.684626095957285,-2.288797616958618,-0.12504757940769196,3.3132100105285645,0.024110567770151192,0.023051059487666878,0.10893127197795138
-86.88980073383199,0.04554636883847301,34.713370947079284,-2.2903308868408203,-0.12704268097877502,3.313950300216675,0.02658992643885938,0.04554636883847301,0.08018642085595218
-86.92187530217437,0.008025447465605512,34.635851715094226,-2.285050868988037,-0.12457580864429474,3.31475567817688,0.005484641903521492,0.008025447465605512,0.15770565284100968
-86.93538541635266,0.03223317021077309,34.7120458903803,-2.2893729209899902,-0.12518662214279175,3.3120975494384766,0.018994756081809783,0.03223317021077309,0.08151147755493326
-86.92081662285302,0.08450721438536068,34.69401077587688,-2.288418769836426,-0.12840896844863892,3.3133811950683594,0.0044259625821752024,0.08450721438536068,0.0995465920583527
-86.93472971819233,0.08841712800098038,34.70662955036848,-2.2891948223114014,-0.1284613460302353,3.3133273124694824,0.018339057921480162,0.08841712800098038,0.08692781756675316

Errors:
rotation,[20.598909537750224, 21.701195464969736, 29.138354158569484, 32.99077291081985, 38.49030175534262, 43.992759402627996, 45.161200348802765, 40.219729566194616, 37.02931699679186, 36.215134752394064, 32.31776249694981, 25.787059011513513, 18.68908121264829, 13.586896241362801, 7.850789184099041, 3.8025904669407735, 1.51492588328359, 0.9014531299696509, 0.41126283697766863, 0.2706995492662293, 0.19967427689375866, 0.1841031796580718, 0.16241730364456597, 0.10746371081795557, 0.15227887300573484, 0.07230956392847214, 0.09362021316988137, 0.13682072196994738, 0.1806609156988079, 0.11150718308271702, 0.15609289923576947, 0.15232271613328457, 0.1712157422101367, 0.13273940384751615, 0.1884797690258886, 0.19368400348921372]
translation,[0.1579505536533441, 0.1625740857423308, 0.18160540182892237, 0.19243493386113641, 0.21041278557097431, 0.22863912643683282, 0.23334709517315666, 0.22924272481288188, 0.22170249193645386, 0.22069283542560125, 0.2100102795269585, 0.19476100295868548, 0.17709028795460124, 0.15288349784238342, 0.12145336613816582, 0.09102386497744774, 0.05941887662506229, 0.021728950084433762, 0.00046443055893696794, 0.00028440087007020054, 0.0006169524844379382, 0.0009753460030976768, 0.0007654332089908067, 0.0005893037777555676, 0.00036039929974052143, 0.0018575453644054107, 0.002057229270346461, 0.0013380772311473166, 0.0007446469283864943, 0.0009437797752491761, 0.0022838647285761127, 0.0007415337177247849, 0.003153958698433712, 0.0028674195931337465, 0.00225255677399705, 0.001854344032823363]
loss,
[0.12847916781902313, 0.11715879291296005, 0.11912569403648376, 0.118426114320755, 0.11123540252447128, 0.09584754705429077, 0.09492205083370209, 0.09632786363363266, 0.09543319791555405, 0.08954813331365585, 0.0805363655090332, 0.07174577564001083, 0.05465501546859741, 0.03542127460241318, 0.028148477897047997, 0.01935306191444397, 0.012377668172121048, 0.004719175398349762, 0.0022689439356327057, 0.001883240882307291, 0.0013995612971484661, 0.0015555552672594786, 0.001443794695660472, 0.0015438273549079895, 0.0014044478302821517, 0.00148301781155169, 0.0018459948478266597, 0.0013867008965462446, 0.0012056034756824374, 0.0017711607506498694, 0.0016374997794628143, 0.0015596612356603146, 0.0016819140873849392, 0.0012479114811867476, 0.0014187840279191732, 0.0011525023728609085]

2022-04-28 18:20:45.674927