2022-04-28 18:29:48.164046

reference phi, theta, psi, translation: -139.02455270626928, -8.537736090602699e-07, 56.38966954231551, -2.2014424800872803, 2.5346622467041016, 2.231398344039917

phi,theta,psi,rot_x,rot_y,rot_z,phi_err,theta_err,psi_err
-129.04008655489625,6.852725648450977,53.065809209147574,-2.6847352981567383,1.8050535917282104,2.604990243911743,9.984466151373027,6.852726502224586,3.3238603331679357
-128.771427894083,6.845425521706817,51.53591855205101,-2.6564126014709473,1.764661431312561,2.661796808242798,10.253124812186286,6.845426375480426,4.853750990264501
-130.91919453897182,6.9603793938868845,49.92834815352388,-2.5904276371002197,1.891842246055603,2.6466259956359863,8.105358167297453,6.960380247660494,6.461321388791632
-133.92208720756793,5.339388300045068,53.04584456620363,-2.548153877258301,2.166090250015259,2.492032527923584,5.102465498701349,5.3393891538186775,3.3438249761118826
-137.8033831845627,1.3402652488057378,54.65913524816064,-2.313164472579956,2.483240842819214,2.4093539714813232,1.221169521706571,1.340266102579347,1.7305342941548716
-140.88030144338342,-0.581931327579895,54.1990263849119,-2.0989463329315186,2.614604949951172,2.4254231452941895,1.8557487371141406,0.5819304738062859,2.1906431574036063
-140.1989764132963,-0.8650302546646954,54.36115800033508,-2.1148006916046143,2.5924816131591797,2.397590398788452,1.1744237070270174,0.8650294008910864,2.0285115419804285
-140.00991677707034,-0.6112557334309117,54.97520566709757,-2.1354806423187256,2.5837833881378174,2.3495676517486572,0.9853640708010687,0.6112548796573026,1.4144638752179404
-139.6335187122893,-0.45249661482279835,55.55955567134884,-2.160146713256836,2.570228338241577,2.3065853118896484,0.6089660060200117,0.4524957610491893,0.8301138709666702
-139.4520679067987,-0.3720437999333794,55.790955650239695,-2.170513391494751,2.556678533554077,2.283031702041626,0.4275152005294274,0.37204294615977035,0.5987138920758142
-139.2523395150892,-0.03286603608583522,55.96593826658626,-2.1850640773773193,2.540142774581909,2.2644894123077393,0.2277868088199284,0.03286518231222616,0.42373127572925284
-139.22179490912092,-0.028500893912888205,56.2198676244544,-2.191248655319214,2.5393779277801514,2.244861125946045,0.1972422028516405,0.028500040139279145,0.16980191786110765
-139.0752736910458,-0.09359540489371093,56.50207055039182,-2.19669771194458,2.5403635501861572,2.2250559329986572,0.05072098477651821,0.09359455112010187,0.11240100807631137
-138.9202010761298,0.052396830953382316,56.44872335787944,-2.2053475379943848,2.526933431625366,2.2249746322631836,0.1043516301394618,0.05239768472699138,0.05905381556392797
-139.0157964037533,0.08349342471132326,56.450618735374114,-2.2015974521636963,2.5278589725494385,2.2222495079040527,0.008756302515962489,0.08349427848493232,0.06094919305860458
-138.95095058777324,-0.0032609477439362856,56.56039012061998,-2.2026000022888184,2.5306525230407715,2.216942310333252,0.0736021184960407,0.003260093970327225,0.17072057830446852
-138.9098191885914,0.08279661367673226,56.54451334589428,-2.206965446472168,2.525768518447876,2.217960834503174,0.11473351767787676,0.08279746745034132,0.15484380357877114
-138.91830228354056,0.05225489838451753,56.56561863042962,-2.2056307792663574,2.5267844200134277,2.216425657272339,0.10625042272872065,0.05225575215812659,0.17594908811410903
-138.89921873499955,0.05707819110260227,56.53838666620878,-2.20611834526062,2.524152994155884,2.2176427841186523,0.12533397126972545,0.05707904487621133,0.1487171238932703
-138.93487232246702,0.012127887978647701,56.51032483400378,-2.2016303539276123,2.526599407196045,2.218438148498535,0.08968038380226062,0.012128741752256762,0.12065529168827283
-138.90356273531168,0.10273802410046332,56.5604071960929,-2.2081730365753174,2.523724317550659,2.2161812782287598,0.120989970957595,0.10273887787407238,0.17073765377739392
-138.9347630394403,0.09067348364713694,56.57322404607043,-2.206380605697632,2.526914596557617,2.2147903442382812,0.08978966682897749,0.090674337420746,0.18355450375491955
-138.89242952696455,0.07688882369300179,56.504730909073544,-2.2065846920013428,2.5227973461151123,2.2187609672546387,0.1321231793047275,0.07688967746661085,0.11506136675803447
-138.85931676986834,0.10569403403507505,56.58251993353082,-2.210465669631958,2.5236198902130127,2.2151286602020264,0.16523593640093281,0.10569488780868411,0.192850391215309
-138.97385904224944,0.036074462571515954,56.56969283826953,-2.203350305557251,2.529433250427246,2.2156894207000732,0.050693664019831886,0.036075316345125015,0.18002329595402244
-138.91905360434927,0.061101215164430706,56.543355628829964,-2.20560884475708,2.526057481765747,2.217541217803955,0.10549910192000311,0.061102068938039766,0.1536860865144547
-138.90262016920622,0.06206768926873113,56.60883323730829,-2.2073817253112793,2.5263638496398926,2.2127883434295654,0.12193253706305995,0.06206854304234019,0.21916369499277977
-138.90229232012604,0.05410803840390411,56.57282448000398,-2.206723928451538,2.5257904529571533,2.2154381275177,0.12226038614323897,0.05410889217751317,0.1831549376884709
-138.88602280952307,0.13373484161395038,56.49850519164507,-2.2080764770507812,2.5215976238250732,2.2205703258514404,0.1385298967462063,0.13373569538755944,0.10883564932956347
-138.97622228770226,0.09593919957861576,56.521594646134304,-2.204197645187378,2.527064800262451,2.2189412117004395,0.04833041856701925,0.09594005335222482,0.1319251038187943
-138.93660719051618,0.09939535270328559,56.555885610862354,-2.206622838973999,2.526506185531616,2.216743230819702,0.08794551575309129,0.09939620647689465,0.166216068546845
-138.93641594521944,0.0574514010206803,56.61881214368568,-2.2070586681365967,2.529128074645996,2.2128942012786865,0.0881367610498387,0.05745225479428936,0.22914260137017095
-138.9272225105966,0.08967586819751054,56.56383595105625,-2.206965923309326,2.5263383388519287,2.215862512588501,0.09733019567266865,0.0896767219711196,0.17416640874073863
-138.92612968032938,0.09562539359345164,56.50948813583045,-2.206125020980835,2.52428936958313,2.219236135482788,0.09842302593989416,0.0956262473670607,0.1198185935149425
-138.95021292734285,0.06858628714237598,56.55754876192525,-2.2056849002838135,2.5275261402130127,2.217184066772461,0.07433977892642929,0.06858714091598504,0.16787921960973762
-138.91699088721992,0.07561189700924828,56.50593643746205,-2.2056641578674316,2.524671792984009,2.220064878463745,0.10756181904935147,0.07561275078285734,0.11626689514653776

Errors:
rotation,[20.161052986765547, 21.952302177931212, 21.52705980374958, 13.78567962863191, 4.29196991844079, 4.628322368324033, 4.067964649898532, 3.011082825676312, 1.8915756380358713, 1.3982720387650118, 0.6843832668614074, 0.3955441608520273, 0.2567165439729314, 0.21580313043038116, 0.1531997740594994, 0.24758279077083645, 0.35237478870698924, 0.3344552630009563, 0.33113014003920704, 0.2224644172427902, 0.3944665026090613, 0.364018508004643, 0.3240742235293728, 0.4637812154249259, 0.26679227631897934, 0.3202872573724976, 0.40316477509817994, 0.359524216009223, 0.38110124146332924, 0.2761955757380384, 0.3535577907768309, 0.37473161721429904, 0.36117332638452687, 0.3138678668218974, 0.31080613945215196, 0.2994414649787466]
translation,[0.12242333873291766, 0.12287158911996254, 0.12747802137923436, 0.13963376553272244, 0.13086598938276772, 0.10703640912183499, 0.08491076690349342, 0.06236377257086634, 0.04227793881784514, 0.025959612636893503, 0.012970823844542068, 0.004885513363544369, 0.0025061017701126787, 0.006273326672911139, 0.009251832930489812, 0.009875101670714592, 0.009990591650878677, 0.010931233879958313, 0.011645606097932415, 0.012130450223949651, 0.011592609676402077, 0.011339233210962085, 0.011623629054924756, 0.010978312156117553, 0.010921854689962984, 0.010784913385812445, 0.01223843425765736, 0.011500316870733052, 0.010558192025333035, 0.010153420649443134, 0.010386636290433238, 0.010619296802926392, 0.010789286921667696, 0.01067701054663761, 0.010017188603696603, 0.01023222824128922]
loss,
[0.16796845197677612, 0.15587963163852692, 0.07706877589225769, 0.057017043232917786, 0.01751336082816124, 0.015357870608568192, 0.009779516607522964, 0.006911257281899452, 0.006109453737735748, 0.003689986653625965, 0.002228660974651575, 0.0019713141955435276, 0.001512944116257131, 0.001346422592177987, 0.0015543902991339564, 0.0013168135192245245, 0.0010653529316186905, 0.0013306785840541124, 0.001987575553357601, 0.0016415355494245887, 0.001334966509602964, 0.0012728091096505523, 0.0011887378059327602, 0.0013191032921895385, 0.0012594177387654781, 0.0012619916815310717, 0.0008334986632689834, 0.0011764786904677749, 0.0015541173052042723, 0.0010177468648180366, 0.0014660970773547888, 0.0014129544142633677, 0.0012185603845864534, 0.0010376495774835348, 0.001330128638073802, 0.0009273283067159355]

2022-04-28 18:34:27.890394