2022-04-29 01:20:16.325885

reference phi, theta, psi, translation: 16.672973292337613, -0.0, 55.56417970941693, 0.9538894295692444, -3.184936285018921, 2.279534101486206

phi,theta,psi,rot_x,rot_y,rot_z,phi_err,theta_err,psi_err
26.607018987257597,-4.879078348390559,61.415046110949504,1.4386786222457886,-3.2383759021759033,2.121750593185425,9.934045694919984,4.879078348390559,5.850866401532571
26.149705378926686,-4.311959385769121,61.67834307326432,1.440926432609558,-3.262500286102295,2.0922770500183105,9.476732086589074,4.311959385769121,6.114163363847389
25.154934430091227,-2.563885976863225,62.847015761010184,1.5080326795578003,-3.368321180343628,1.9419589042663574,8.481961137753615,2.563885976863225,7.28283605159325
20.33409470634243,3.30261014020986,60.65074794282508,1.3630235195159912,-3.357631206512451,2.052983283996582,3.6611214140048176,3.30261014020986,5.086568233408144
20.65072007814942,3.218957453090265,57.25814858585014,1.332572340965271,-3.2162201404571533,2.239858865737915,3.9777467858118065,3.218957453090265,1.6939688764332033
19.561779603679703,2.4809647324470236,54.802429201852924,1.2183691263198853,-3.1309306621551514,2.365649700164795,2.8888063113420905,2.4809647324470236,0.7617505075640096
17.365411040204332,0.7085149026189678,55.55438521814714,1.0324530601501465,-3.202821731567383,2.3122501373291016,0.6924377478667196,0.7085149026189678,0.009794491269794037
16.000536045907978,-0.4281454876574954,55.28348625528609,0.905791163444519,-3.2089061737060547,2.3086578845977783,0.6724372464296344,0.4281454876574954,0.2806934541308408
16.839787002436832,0.14433990168664546,55.424789208835314,0.9702291488647461,-3.17867374420166,2.2913527488708496,0.16681371009921975,0.14433990168664546,0.1393905005816194
16.60407034399052,0.0003693423200963485,55.50517029008261,0.950833797454834,-3.177978515625,2.278533697128296,0.0689029483470911,0.0003693423200963485,0.059009419334323354
16.765845082029568,0.01585435678686164,55.59144923967821,0.9609920382499695,-3.1767282485961914,2.2735583782196045,0.09287178969195509,0.01585435678686164,0.027269530261278874
16.665963810701886,0.027561441963976262,55.54566648167162,0.9556024670600891,-3.1786787509918213,2.2766225337982178,0.0070094816357269,0.027561441963976262,0.018513227745316385
16.657859791251667,-0.04993344454399059,55.58381308818614,0.9520493745803833,-3.181241035461426,2.27547287940979,0.015113501085945558,0.04993344454399059,0.0196333787692069
16.73721122148158,0.00980823966282228,55.59112139059805,0.9588022828102112,-3.178452253341675,2.274355888366699,0.06423792914396742,0.00980823966282228,0.026941681181114063
16.69407686932566,-0.007481593754712389,55.62597926102721,0.9564182758331299,-3.1809659004211426,2.2718663215637207,0.02110357698804677,0.007481593754712389,0.06179955161027806
16.699612737647954,0.08466344462848915,55.46298021157944,0.9584254026412964,-3.174233913421631,2.2812087535858154,0.026639445310340903,0.08466344462848915,0.10119949783749149
16.691406265360182,0.06095949036642375,55.505802082580836,0.957017719745636,-3.175309896469116,2.278862953186035,0.018432973022569854,0.06095949036642375,0.05837762683609782
16.645171007321075,0.050460300875705355,55.505928441080485,0.9557145833969116,-3.1759979724884033,2.278526782989502,0.02780228501653781,0.050460300875705355,0.05825126833644845
16.73008733417726,0.03129396855075064,55.629937355651236,0.9592562913894653,-3.1807281970977783,2.272984027862549,0.057114041839646745,0.03129396855075064,0.06575764623430302
16.69010852941788,0.035379450111180814,55.55030759521264,0.9577856659889221,-3.1783671379089355,2.2772586345672607,0.017135237080267984,0.035379450111180814,0.013872114204296793
16.68275412322907,0.00884537646682564,55.58470784296741,0.955976665019989,-3.179938316345215,2.275158166885376,0.009780830891457981,0.00884537646682564,0.02052813355047789
16.706973974025935,0.07904889009260536,55.59400031533321,0.9597734808921814,-3.1781933307647705,2.2738566398620605,0.03400068168832249,0.07904889009260536,0.029820605916277998
16.693289690023814,-0.02610655543533371,55.57364293651199,0.9547644257545471,-3.180145025253296,2.2760062217712402,0.020316397686201526,0.02610655543533371,0.009463227095054094
16.682113792994382,0.0017493454457318026,55.59522974938381,0.955601155757904,-3.181529998779297,2.2752492427825928,0.009140500656769746,0.0017493454457318026,0.031050039966878273
16.65743290442854,0.02044949041160943,55.57645697445003,0.9545977115631104,-3.179612874984741,2.2756969928741455,0.015540387909073416,0.02044949041160943,0.012277265033098672
16.613132297471836,0.05012799027680135,55.542268462559534,0.9530946016311646,-3.178781747817993,2.2764337062835693,0.059840994865776764,0.05012799027680135,0.021911246857399647
16.686401444245856,0.012330399557680909,55.60070414600358,0.9566936492919922,-3.1796343326568604,2.274113416671753,0.013428151908243535,0.012330399557680909,0.03652443658664595
16.656550102478317,0.04717607761272867,55.60451539156045,0.95563805103302,-3.1797842979431152,2.2735695838928223,0.016423189859295917,0.04717607761272867,0.04033568214351391
16.723719890323512,0.03098099415043776,55.634913148461585,0.9592297673225403,-3.180799961090088,2.271859884262085,0.0507465979858992,0.03098099415043776,0.0707334390446519
16.66804189575686,0.06060537335324085,55.52529885756664,0.9564107060432434,-3.176478862762451,2.277765989303589,0.004931396580751368,0.06060537335324085,0.03888085185029411
16.712103446092613,-0.03290663613083314,55.60569359919227,0.9563747048377991,-3.1807546615600586,2.2736330032348633,0.03913015375499995,0.03290663613083314,0.041513889775337987
16.73070375874985,0.026745838438587844,55.53259008450563,0.9586640000343323,-3.177171230316162,2.278140068054199,0.057730466412238,0.026745838438587844,0.031589624911305236
16.66355787656675,-0.026662400299001115,55.640421696027204,0.9542873501777649,-3.1821908950805664,2.271881580352783,0.009415415770863689,0.026662400299001115,0.07624198661027037
16.635192100943687,0.038010517552627965,55.54820731204286,0.953606903553009,-3.17799973487854,2.276681661605835,0.03778119139392544,0.038010517552627965,0.01597239737407108
16.710991832805195,0.004354796722180714,55.591056503800935,0.957091212272644,-3.1794917583465576,2.274188995361328,0.038018540467582795,0.004354796722180714,0.026876794384001812
16.661063149972403,0.03140675270120478,55.57183635147652,0.9553805589675903,-3.1788625717163086,2.2753138542175293,0.011910142365209708,0.03140675270120478,0.007656642059586716

Errors:
rotation,[20.663990444843115, 19.902854836205584, 18.32868316621009, 12.050299787622823, 8.890673115335275, 6.131521551353124, 1.4107471417554813, 1.3812761882179707, 0.4505441123674846, 0.12828171000151078, 0.1359956767400956, 0.05308415134501955, 0.08468032439914305, 0.10098784998790376, 0.09038472235303721, 0.21250238777632155, 0.13777009022509143, 0.1365138542286916, 0.15416565662470041, 0.0663868013957456, 0.039154340908761506, 0.14287017769720584, 0.05588618021658933, 0.041939886069379824, 0.048267143353781516, 0.13188023199997775, 0.06228298805257039, 0.1039349496155385, 0.15246103118098886, 0.10441762178428632, 0.11355067966117108, 0.11606592976213108, 0.11231980268013518, 0.09176410632062448, 0.06925013157376532, 0.0509735371260012]
translation,[0.09908907901583852, 0.10381978988772111, 0.13911747618176218, 0.13375538570296897, 0.10853160389758987, 0.07781852654064636, 0.05182681519179688, 0.02441520634245542, 0.0056531226849374505, 0.006784422983310279, 0.008172764685389744, 0.006183540980740254, 0.005651329953564321, 0.006882938850906406, 0.006870351443780898, 0.006423460890557564, 0.007238678028186563, 0.007195738089072812, 0.005751750965552027, 0.00555089942580711, 0.005927778463043154, 0.007138056875638732, 0.005572774872450559, 0.004707893256232332, 0.006207542544741429, 0.006803684064922599, 0.0065880113399856555, 0.007027606120696639, 0.006336013734824064, 0.007081483429765889, 0.006050002495861406, 0.005787154750393597, 0.006399162588119012, 0.007159698546655768, 0.0065634177110576175, 0.006831110062993417]
loss,
[0.17733880877494812, 0.1539638340473175, 0.11851692199707031, 0.05466856807470322, 0.03637651726603508, 0.02654942497611046, 0.010025336407124996, 0.007098488509654999, 0.002480380469933152, 0.002188635990023613, 0.001329879043623805, 0.0014443972613662481, 0.0016275309026241302, 0.0015427585458382964, 0.0018432744545862079, 0.002153904177248478, 0.001643757219426334, 0.0017986365128308535, 0.0016941874055191875, 0.0015676211332902312, 0.0012605430092662573, 0.002015954116359353, 0.0018127926159650087, 0.0017419715877622366, 0.0013216855004429817, 0.0017753213178366423, 0.0021905291359871626, 0.0016687264433130622, 0.0019121842924505472, 0.0018498820718377829, 0.001977850217372179, 0.0019268867326900363, 0.001756217097863555, 0.0014398692874237895, 0.0016141301020979881, 0.0015244497917592525]

2022-04-29 01:24:43.671293