2022-04-29 01:33:43.989323

reference phi, theta, psi, translation: 175.36684180812657, -0.0, 39.4597479484966, 0.2069414258003235, 2.553555727005005, 3.112318754196167

phi,theta,psi,rot_x,rot_y,rot_z,phi_err,theta_err,psi_err
-174.60268024378553,2.426304892454245,32.24175771288345,-0.3459881842136383,2.1274664402008057,3.6064906120300293,10.030477948087878,2.426304892454245,7.217990235613151
-174.31040278882236,2.3653086548556828,32.81693135798481,-0.3603137731552124,2.1615211963653564,3.5828797817230225,10.322755403051076,2.3653086548556828,6.642816590511792
-173.81791882890775,2.1972778465211666,36.97194033577867,-0.4397987127304077,2.4068994522094727,3.402055263519287,10.815239362965713,2.1972778465211666,2.48780761271793
-174.250488369423,1.84442826532455,38.78678990014276,-0.4066641330718994,2.521847724914551,3.332409143447876,10.382669822450453,1.84442826532455,0.6729580483538413
-174.6666927766869,1.1324395478429279,38.96420747892842,-0.3507832884788513,2.5397138595581055,3.326691150665283,9.966465415186576,1.1324395478429279,0.49554046956817643
-175.62675782680222,1.464315709494324,38.87694839718692,-0.3186946511268616,2.546616315841675,3.3260626792907715,9.006400365071215,1.464315709494324,0.5827995513096766
-175.64789043209424,0.9471508551368816,39.321139504574944,-0.2904823124408722,2.5763235092163086,3.3129827976226807,8.985267759779163,0.9471508551368816,0.1386084439216546
-175.78748583835096,0.5967437683433207,39.49597868694893,-0.26853927969932556,2.588880777359009,3.305392026901245,8.845672353522446,0.5967437683433207,0.036230738452331934
-175.2265770433312,0.4063703815838883,38.99533265097617,-0.26815223693847656,2.5638620853424072,3.330479383468628,9.406581148542273,0.4063703815838883,0.4644152975204321
-175.84521459721591,-0.024707820497728367,40.91281946799804,-0.2303338646888733,2.677072048187256,3.2510080337524414,8.78794359465752,0.024707820497728367,1.4530715195014423
-176.3006652714507,0.7207560560600655,39.633081074158596,-0.23861554265022278,2.6023623943328857,3.3100476264953613,8.332492920422737,0.7207560560600655,0.17333312566199766
-176.0761569534324,-0.3147778487797088,40.411603111229574,-0.20343086123466492,2.65700101852417,3.2709033489227295,8.557001238441046,0.3147778487797088,0.9518551627329757
-176.04180110190723,-0.11818492421443719,40.04952795313803,-0.20830120146274567,2.6300501823425293,3.295654058456421,8.591357089966209,0.11818492421443719,0.5897800046414332
-176.41009856233265,0.11300127672359221,39.363865752927964,-0.20350998640060425,2.5891170501708984,3.3235394954681396,8.223059629540785,0.11300127672359221,0.09588219556863464
-176.19403235812848,-0.4093891300286175,40.02529102686824,-0.1888841986656189,2.633885145187378,3.287842035293579,8.439125833744924,0.4093891300286175,0.5655430783716398
-176.26143266485815,-0.47142438653740576,40.49567932481785,-0.18792115151882172,2.6603691577911377,3.268115520477295,8.371725527015315,0.47142438653740576,1.0359313763212512
-176.10692012545414,-0.5156040995265616,39.77010491419281,-0.18793682754039764,2.6202406883239746,3.30268931388855,8.526238066419296,0.5156040995265616,0.31035696569620796
-176.40176573154523,-0.4052657764758262,40.18131986826801,-0.18760520219802856,2.6483519077301025,3.283637762069702,8.231392460328209,0.4052657764758262,0.7215719197714137
-176.04283929066108,-0.3670559574198362,39.66940743525931,-0.19888044893741608,2.61932635307312,3.310316562652588,8.590318901212356,0.3670559574198362,0.2096594867627104
-176.18813107468557,-0.12956561783275522,39.52018146227287,-0.20541559159755707,2.605260133743286,3.32019305229187,8.445027117187863,0.12956561783275522,0.060433513776274594
-176.44251464013354,0.03858675050850976,39.234081913413966,-0.20188075304031372,2.5886521339416504,3.332448720932007,8.190643551739868,0.03858675050850976,0.22566603508263228
-176.39479893859183,-0.2139923243202987,39.39478260420602,-0.192836731672287,2.6010587215423584,3.3226380348205566,8.238359253281601,0.2139923243202987,0.06496534429057732
-176.12760193826094,-0.24199110679570454,38.95268836489319,-0.19290009140968323,2.5710248947143555,3.343742609024048,8.505556253612497,0.24199110679570454,0.5070595836034073
-176.33746633069873,-0.4580476821921786,39.50217708362072,-0.17618589103221893,2.605992555618286,3.316006660461426,8.295691861174703,0.4580476821921786,0.04242913512412372
-176.31716700848546,-0.6951476258398622,40.1135609766069,-0.16683177649974823,2.6439435482025146,3.2877135276794434,8.31599118338795,0.6951476258398622,0.6538130281102994
-176.39037297600964,-0.9361864684201066,40.25573136418072,-0.15171433985233307,2.651839256286621,3.2822816371917725,8.242785215863819,0.9361864684201066,0.7959834156841197
-176.5370444582465,-0.8307540698362521,40.233775721093714,-0.1481112539768219,2.6510860919952393,3.2825310230255127,8.096113733626908,0.8307540698362521,0.7740277725971154
-176.6252358608097,-0.730342711081446,40.03953880147689,-0.14957377314567566,2.6386420726776123,3.293381929397583,8.007922331063696,0.730342711081446,0.5797908529802882
-176.62406106827248,-0.9489347917526915,40.27438461080402,-0.1367006003856659,2.6536924839019775,3.2828683853149414,8.009097123600952,0.9489347917526915,0.8146366623074215
-176.57612680067732,-1.0532074436577876,40.290828291230824,-0.13475635647773743,2.6557066440582275,3.2801756858825684,8.05703139119612,1.0532074436577876,0.831080342734225
-176.69275911094445,-1.0295724928859062,40.23547643819705,-0.13089381158351898,2.6524665355682373,3.284437417984009,7.940399080928955,1.0295724928859062,0.7757284897004482
-176.73767443492648,-1.1123750151622527,40.07700921926358,-0.11917094886302948,2.644563913345337,3.2897331714630127,7.895483756946987,1.1123750151622527,0.6172612707669813
-176.83370689465684,-1.2726329475683713,40.078901181663674,-0.10610775649547577,2.6455490589141846,3.2916557788848877,7.799451297216592,1.2726329475683713,0.6191532331670757
-176.88308916235604,-1.455991692365187,40.11483480688711,-0.09459291398525238,2.647235155105591,3.2924673557281494,7.750069029517363,1.455991692365187,0.6550868583905114
-176.82548334689614,-1.6081518837286408,40.25977825126395,-0.08748263865709305,2.658944845199585,3.2849550247192383,7.807674844977328,1.6081518837286408,0.8000303027673539
-176.93783995874287,-1.49467712294447,40.217984323732644,-0.08905942738056183,2.655226945877075,3.2895164489746094,7.6953182331305925,1.49467712294447,0.758236375236045

Errors:
rotation,[19.674773076155276, 19.33088064841855, 15.50032482220481, 12.900056136128844, 11.59444543259768, 11.053515625875216, 10.071027058837698, 9.478646860318099, 10.277366827646594, 10.26572293465669, 9.2265821021448, 9.82363424995373, 9.29932201882208, 8.431943101833012, 9.414058042145182, 9.879081289873971, 9.352199131642065, 9.358230156575448, 9.167034345394903, 8.635026248796892, 8.454896337331009, 8.517316921892476, 9.25460694401161, 8.796168678491005, 9.664951837338112, 9.974955099968046, 9.700895576060276, 9.31805589512543, 9.772668577661065, 9.941319177588133, 9.74570006351531, 9.62512004287622, 9.69123747795204, 9.86114758027306, 10.215857031473323, 9.948231731311107]
translation,[0.170370405351016, 0.1687553874440102, 0.15940429944443046, 0.16768557126964012, 0.1688794352318963, 0.17000362441464656, 0.17573197439314026, 0.17601194347518945, 0.18044894451260607, 0.18655082689384805, 0.18617394672163368, 0.187857690242053, 0.1904690946545644, 0.1867922461028968, 0.18585272791923746, 0.18710035798231495, 0.1889112447173229, 0.19157652365888644, 0.19481718646947233, 0.19418273797911123, 0.19345282963394084, 0.1929232530943361, 0.19119210784550233, 0.19002490477638645, 0.19111353396688813, 0.1912687638091004, 0.19086173608466162, 0.19156803888128682, 0.19237631393272192, 0.19148760977060153, 0.19264212462533958, 0.19146093914700302, 0.1932275065371014, 0.1946424707931964, 0.1959943558772128, 0.19723730789154725]
loss,
[0.12086383998394012, 0.1129508838057518, 0.112937793135643, 0.09641396254301071, 0.09506458044052124, 0.10320170968770981, 0.09548753499984741, 0.10305454581975937, 0.10415085405111313, 0.10041853040456772, 0.09940303862094879, 0.09803392738103867, 0.1006435751914978, 0.10040301084518433, 0.0970587357878685, 0.10109949111938477, 0.10350273549556732, 0.09734654426574707, 0.10577468574047089, 0.09138187766075134, 0.09763194620609283, 0.09644030034542084, 0.10606901347637177, 0.10767894983291626, 0.09820365905761719, 0.09592656791210175, 0.09623688459396362, 0.10106046497821808, 0.10349857062101364, 0.10436608642339706, 0.09840790927410126, 0.09669055789709091, 0.10023725032806396, 0.09972906112670898, 0.10182604193687439, 0.10006880760192871]

2022-04-29 01:38:07.296126