2022-04-27 20:46:22.579834

reference phi, theta, psi, translation: -139.02455270626928, -8.537736090602699e-07, 56.38966954231551, -2.2014424800872803, 2.5346622467041016, 2.231398344039917

phi,theta,psi,rot_x,rot_y,rot_z,phi_err,theta_err,psi_err
-129.04008655489625,6.852725648450977,53.065809209147574,-2.6847352981567383,1.8050535917282104,2.604990243911743,9.984466151373027,6.852726502224586,3.3238603331679357
-129.88768571013816,5.819169320931177,53.22236397511344,-2.644894599914551,1.866964340209961,2.5898025035858154,9.136866996131118,5.819170174704786,3.167305567202071
-131.2266213535141,2.5419488855386456,53.84501426513555,-2.5897200107574463,2.032028913497925,2.4865896701812744,7.797931352755171,2.5419497393122548,2.544655277179956
-133.2142064019878,5.049708373499542,55.44777279539241,-2.6181159019470215,2.1573996543884277,2.3103222846984863,5.810346304281467,5.049709227273151,0.9418967469230992
-135.61821442377885,2.3304116840091527,56.66430461865255,-2.4455955028533936,2.3733370304107666,2.249598979949951,3.406338282490424,2.330412537782762,0.27463507633704154
-140.42265144823588,-0.8817317758678939,56.67946080842081,-2.121736526489258,2.6122732162475586,2.218330144882202,1.3980987419666064,0.8817309220942848,0.28979126610529704
-138.92752303892007,0.062006497493448984,56.3862783533926,-2.202744483947754,2.5248372554779053,2.224461793899536,0.09702966734920437,0.062007351267058045,0.003391188922911681
-138.9639825887096,0.0033145557580753497,56.2791126853151,-2.196199893951416,2.5235936641693115,2.2351040840148926,0.06057011755967778,0.00331540953168441,0.11055685700041096
-139.2352367214075,-0.026041288220702726,56.36199020070403,-2.1884586811065674,2.537799119949341,2.2292368412017822,0.210684015138213,0.026040434447093665,0.027679341611481334
-139.09023180532813,-0.05569819583809949,56.32285663185444,-2.190955400466919,2.531773328781128,2.2315609455108643,0.06567909905885472,0.05569734206449043,0.06681291046106708
-139.13507882741843,0.003715902820475922,56.302581215303256,-2.191202163696289,2.5311484336853027,2.233076333999634,0.1105261211491495,0.0037167565940849825,0.08708832701225333
-139.07366176640167,-0.003466119628675429,56.27741538330635,-2.1927809715270996,2.528773546218872,2.235870599746704,0.04910906013239469,0.0034652658550663688,0.11225415900916147
-139.11334516547944,-0.2109889190615335,56.22592941734279,-2.1809840202331543,2.5336203575134277,2.23634672164917,0.08879245921016832,0.21098806528792444,0.16374012497271906
-139.08095640843524,0.04878111179033552,56.32817051902871,-2.193697690963745,2.5279204845428467,2.2295117378234863,0.0564037021659658,0.04878196556394458,0.06149902328679957
-139.10990275013776,-0.09897820641390478,56.27246691125267,-2.1882238388061523,2.532727003097534,2.2350635528564453,0.08535004386848755,0.09897735264029572,0.11720263106283824
-139.17335520752718,-0.03026563352162075,56.32242291484214,-2.1892142295837402,2.5347073078155518,2.231290102005005,0.1488025012579044,0.03026477974801169,0.06724662747336652
-139.11609090152578,-0.02610095569961527,56.28727134627867,-2.190065860748291,2.530506134033203,2.2338597774505615,0.0915381952565042,0.02610010192600621,0.10239819603683742
-139.11849512811364,-0.022839749873669102,56.28396894981498,-2.1894044876098633,2.5309691429138184,2.23453688621521,0.09394242184436052,0.02283889610006004,0.10570059250053276
-139.1577004139495,-0.06223440112489834,56.282845383696504,-2.187066078186035,2.533684492111206,2.2343435287475586,0.133147707680223,0.06223354735128928,0.10682415861900552
-139.15133467764306,-0.028550043357887814,56.35834287968724,-2.1905434131622314,2.5343849658966064,2.230194568634033,0.12678197137378788,0.028549189584278753,0.03132666262826689
-139.12395927944965,0.0197958330250485,56.261678627458636,-2.1905548572540283,2.5293326377868652,2.2366013526916504,0.09940657318037438,0.01979668679865756,0.12799091485687342
-139.1052718818805,-0.06362518976360676,56.28700838399563,-2.1892292499542236,2.5311570167541504,2.2323405742645264,0.08071917561122177,0.0636243359899977,0.10266115831988287
-139.05098553835722,0.004859311658040941,56.3362130667764,-2.1947991847991943,2.528855562210083,2.231137990951538,0.026432832087948555,0.004860165431650001,0.05345647553910737
-139.14914901710864,-0.06654463492681312,56.255763683637404,-2.1858582496643066,2.5324370861053467,2.235170364379883,0.12459631083936529,0.06654378115320406,0.133905858678105
-139.0755742193693,-0.07386784624937057,56.39107997637912,-2.1933515071868896,2.5333127975463867,2.2268178462982178,0.05102151310001091,0.0738669924757615,0.0014104340636080792
-139.1959221525449,-0.09321690800182576,56.270025118624396,-2.1845788955688477,2.5359840393066406,2.2349586486816406,0.17136944627563366,0.0932160542282167,0.11964442369111339
-139.06747361501363,-0.011139994356212359,56.365582880207455,-2.1949360370635986,2.5316176414489746,2.2299461364746094,0.04292090874434962,0.011139140582603298,0.024086662108054213
-139.1003268249214,-0.04534050788086943,56.28213162892824,-2.1901681423187256,2.5308594703674316,2.234060049057007,0.07577411865213435,0.04533965410726037,0.1075379133872687
-139.0486222929044,-0.06169038794083616,56.265407910745466,-2.191204071044922,2.528449535369873,2.2352635860443115,0.02406958663513592,0.0616895341672271,0.12426163157004311
-139.1245876568533,-0.01708637246592529,56.334590896848525,-2.191234827041626,2.532282590866089,2.2308058738708496,0.10003495058401768,0.01708551869231623,0.05507864546698471
-139.1310353554298,-0.05404338250184038,56.300245290607116,-2.1887447834014893,2.533146381378174,2.233175039291382,0.10648264916051176,0.05404252872823132,0.08942425170839385
-139.07945376681784,-0.07469212229287052,56.34663593544984,-2.192103862762451,2.5326998233795166,2.2302651405334473,0.054901060548559144,0.07469126851926146,0.04303360686567004
-139.09262237153763,-0.0702021321509706,56.36129352140869,-2.191544771194458,2.5332279205322266,2.229285955429077,0.06806966526835367,0.07020127837736154,0.02837602090681912
-139.0951358811522,-0.06378169615064169,56.30967436675632,-2.1905388832092285,2.5314855575561523,2.2326982021331787,0.07058317488292687,0.06378084237703263,0.07999517555919056
-139.13537935574192,-0.0640535701101946,56.27484040198925,-2.1880509853363037,2.5320818424224854,2.2352356910705566,0.1108266494726422,0.06405271633658553,0.11482914032625757
-139.14442252620302,-0.014303401272766145,56.338446538635,-2.1911838054656982,2.5335171222686768,2.2300310134887695,0.11986981993374002,0.014302547499157084,0.051223003680512136

Errors:
rotation,[20.161052986765547, 18.123342738037977, 12.884536369247382, 11.801952278477717, 6.011385896610227, 2.569620930166188, 0.16242820753917409, 0.17444238409177315, 0.26440379119678803, 0.18818935158441222, 0.20133120475548782, 0.16482848499662253, 0.46352064947081184, 0.16668469101670996, 0.3015300275716215, 0.2463139084792826, 0.22003649321934782, 0.22248191044495333, 0.3022054136505178, 0.18665782358633354, 0.24719417483590536, 0.24700466992110234, 0.08474947305870592, 0.3250459506706743, 0.1262989396393805, 0.38422992419496377, 0.07814671143500712, 0.22865168614666342, 0.21002075237240614, 0.17219911474331862, 0.24994942959713692, 0.17262593593349063, 0.16664696455253433, 0.21435919281915006, 0.2897085061354853, 0.18539537111340923]
translation,[0.12242333873291766, 0.11472447883453274, 0.0942703978261088, 0.0733190706178517, 0.052296320810172325, 0.00040615879175120995, 0.00929888848803273, 0.007758526401116406, 0.006296902633949664, 0.007445767665542391, 0.006863852847116547, 0.00594551080166994, 0.009043618368813178, 0.009510560901300202, 0.006388080149420716, 0.006696574896144725, 0.007451575108348152, 0.007144326304307391, 0.006814538384531055, 0.006783567525780576, 0.006400371664124549, 0.008340696206439624, 0.007420338048247821, 0.007796900120375483, 0.0077991564132773306, 0.0063754789038954485, 0.006269672449587205, 0.007062499714812098, 0.007345161562877678, 0.007391834176691425, 0.006889218618770343, 0.006955658413970056, 0.0074703666092306165, 0.007222721979291968, 0.0067924197185949, 0.00707202415681607]
loss,
[0.08554881066083908, 0.09470079839229584, 0.0727429986000061, 0.03772866725921631, 0.019420601427555084, 0.00543458154425025, 0.002825375646352768, 0.0016277240356430411, 0.0017975954106077552, 0.0008316633175127208, 0.0007953231106512249, 0.0009047957137227058, 0.0012076525017619133, 0.0008920216932892799, 0.0009108241647481918, 0.0014264164492487907, 0.0007419325411319733, 0.0009048042702488601, 0.0007765952032059431, 0.0006025221664458513, 0.0009482594905421138, 0.0006669578142464161, 0.0007472803699783981, 0.0008328229887410998, 0.001036753528751433, 0.000830414704978466, 0.0009016030235216022, 0.0008188944193534553, 0.0008693027193658054, 0.0009634130401536822, 0.0011818702332675457, 0.0009191256831400096, 0.0013561740051954985, 0.0008333488367497921, 0.0010493869194760919, 0.0012498312862589955]

2022-04-27 21:16:47.900724