2022-04-20 12:20:30.446169

reference phi, theta, psi, translation: 16.672973292337613, -0.0, 55.56417970941693, 0.9538894295692444, -3.184936285018921, 2.279534101486206

phi,theta,psi,rot_x,rot_y,rot_z,phi_err,theta_err,psi_err
26.607018987257597,-4.879078348390559,61.415046110949504,1.4386786222457886,-3.2383759021759033,2.121750593185425,9.934045694919984,4.879078348390559,5.850866401532571
26.75466547899847,-5.08030087232215,61.50976034417007,1.4453620910644531,-3.243182897567749,2.1120288372039795,10.081692186660856,5.08030087232215,5.945580634753135
28.486586301554848,-6.290405090023063,62.36261874507288,1.550374150276184,-3.273603916168213,2.003544569015503,11.813613009217235,6.290405090023063,6.798439035655946
28.34073956466027,-3.6731785761293128,62.10741555692453,1.6514780521392822,-3.2748191356658936,1.9144169092178345,11.667766272322659,3.6731785761293128,6.543235847507596
23.2908272489803,1.3610225362486976,61.84813474584167,1.4620907306671143,-3.3146395683288574,1.9383432865142822,6.617853956642687,1.3610225362486976,6.283955036424736
20.63876212446002,3.376580493422516,57.49930548997036,1.32431161403656,-3.18220591545105,2.1936087608337402,3.9657888321224064,3.376580493422516,1.9351257805534274
18.98414879802443,2.070865430171273,55.12176103611853,1.1627953052520752,-3.1322810649871826,2.327505588531494,2.311175505686819,2.070865430171273,0.44241867329840545
16.994000721064673,0.39932802557009694,55.37031162001529,0.9858530163764954,-3.1830482482910156,2.3043737411499023,0.32102742872706,0.39932802557009694,0.19386808940164002
16.54092866020834,-0.18706620959658618,55.59345390019961,0.9415345191955566,-3.1891679763793945,2.2790212631225586,0.1320446321292721,0.18706620959658618,0.029274190782679455
16.859367447239965,0.0919032059651115,55.6518793383599,0.9693388342857361,-3.1776115894317627,2.2703914642333984,0.18639415490235223,0.0919032059651115,0.08769962894296413
16.679716396595705,0.031587948743748324,55.577020465056556,0.9566792845726013,-3.178518772125244,2.2747390270233154,0.006743104258092103,0.031587948743748324,0.012840755639622614
16.70493857765327,0.05158914538841821,55.57268671002819,0.9590252041816711,-3.1780128479003906,2.275176763534546,0.0319652853156569,0.05158914538841821,0.00850700061125309
16.727416730211782,0.06398374949558959,55.55899218074231,0.9605897068977356,-3.17805814743042,2.2770769596099854,0.05444343787416983,0.06398374949558959,0.005187528674625241
16.763695279988305,0.04901865500883869,55.59187612650134,0.9620786905288696,-3.178340196609497,2.2753050327301025,0.09072198765069217,0.04901865500883869,0.027696417084406733
16.747516269391838,0.031838976054217545,55.57582859704639,0.9601344466209412,-3.177753210067749,2.275787830352783,0.07454297705422519,0.031838976054217545,0.011648887629455373
16.771326308838503,0.026232764693843977,55.635476639068116,0.9615300893783569,-3.1799778938293457,2.2722456455230713,0.09835301650089079,0.026232764693843977,0.07129692965118295
16.723115418581965,0.05613301119396256,55.56383478486385,0.9586342573165894,-3.1775028705596924,2.2759766578674316,0.05014212624435288,0.05613301119396256,0.00034492455308310355
16.719124880559388,0.04811950839659179,55.553910519999825,0.9587833881378174,-3.176412343978882,2.2771730422973633,0.04615158822177534,0.04811950839659179,0.010269189417108748
16.719785701361587,0.06464945079736985,55.5346903676754,0.9596629738807678,-3.17730975151062,2.2784030437469482,0.046812409023974766,0.06464945079736985,0.02948934174153095
16.717965455947777,0.04561996531942502,55.60309812730767,0.9590076208114624,-3.179377794265747,2.273700714111328,0.044992163610164226,0.04561996531942502,0.03891841789073425
16.75412106231924,0.04264567055408105,55.59313971149779,0.9605611562728882,-3.178288221359253,2.274582862854004,0.08114776998162654,0.04264567055408105,0.028960002080857805
16.753764184935108,0.04538676648537789,55.59581714565243,0.9610472321510315,-3.1790900230407715,2.2755911350250244,0.08079089259749495,0.04538676648537789,0.031637436235499194
16.742951995478975,0.062050810165060304,55.59398665495487,0.9610664248466492,-3.178518533706665,2.2743000984191895,0.06997870314136279,0.062050810165060304,0.029806945537934837
16.730937692728926,0.024523638652393678,55.59700218347343,0.959114134311676,-3.178786516189575,2.273681879043579,0.05796440039131312,0.024523638652393678,0.032822474056494855
16.738604580072263,0.05477301659800904,55.59608010793548,0.9606303572654724,-3.178412914276123,2.274183988571167,0.0656312877346501,0.05477301659800904,0.03190039851854465
16.747398448628655,0.025057355764766583,55.57787082360823,0.9598055481910706,-3.178358793258667,2.2753400802612305,0.07442515629104207,0.025057355764766583,0.013691114191296094
16.71216150270056,0.06533223966517407,55.52393623482722,0.9585065245628357,-3.1761016845703125,2.2784528732299805,0.03918821036294773,0.06533223966517407,0.04024347458971533
16.73489749490024,0.059564173332061175,55.56786118137957,0.9602272510528564,-3.176981210708618,2.275524377822876,0.06192420256262565,0.059564173332061175,0.0036814719626363512
16.717430993645223,0.04179728359354706,55.599734259141435,0.9589007496833801,-3.1785387992858887,2.2735090255737305,0.04445770130761062,0.04179728359354706,0.03555454972450178
16.748988175157976,0.019767994100717234,55.60797829746964,0.9590944051742554,-3.1781671047210693,2.2731704711914062,0.07601488282036328,0.019767994100717234,0.04379858805270942
16.692656189978294,0.0361988724964986,55.55248301046329,0.9563456177711487,-3.1774003505706787,2.2758185863494873,0.01968289764068132,0.0361988724964986,0.011696698953642226
16.74453659936642,0.027138396930772243,55.599396164777524,0.9600103497505188,-3.1786868572235107,2.2740886211395264,0.07156330702880709,0.027138396930772243,0.03521645536059026
16.751035524361686,0.11867708621765459,55.50615725241768,0.9626156091690063,-3.173995018005371,2.2792978286743164,0.07806223202407381,0.11867708621765459,0.05802245699925379
16.725661371595088,0.04099970383696875,55.55911512414737,0.9592126607894897,-3.17815899848938,2.276637315750122,0.052688079257475096,0.04099970383696875,0.005064585269565214
16.728562494445054,0.0448189930330732,55.54182791535807,0.9592517614364624,-3.1770684719085693,2.278040885925293,0.05558920210744134,0.0448189930330732,0.02235179405886356
16.771165799393007,0.10746874833888087,55.540861443590515,0.9638001322746277,-3.175507068634033,2.2777562141418457,0.09819250705539417,0.10746874833888087,0.023318265826418383

Errors:
rotation,[20.663990444843115, 21.107573693736143, 24.902457134896245, 21.884180695959568, 14.26283152931612, 9.27749510609835, 4.824459609156497, 0.914223543698797, 0.3483850325085377, 0.36599698981042783, 0.05117180864146304, 0.09206143131532821, 0.12361471604438466, 0.16743705974393758, 0.1180308407378981, 0.1958827108459177, 0.10662006199139853, 0.10454028603547588, 0.14095120156287555, 0.1295305468203235, 0.1527534426165654, 0.15781509531837204, 0.16183645884435793, 0.11531051310020166, 0.1523047028512038, 0.11317362624710475, 0.14476392461783713, 0.12516984785732319, 0.12180953462565947, 0.13958146497378993, 0.06757846909082214, 0.1339181593201696, 0.2547617752409822, 0.09875236836400905, 0.1227599891993781, 0.22897952122069343]
translation,[0.09908907901583852, 0.10021143979659364, 0.10823503170768944, 0.10611807636662451, 0.07760810545380714, 0.054474536976712784, 0.04079449869367657, 0.02027097737389294, 0.00015102767550789764, 0.00726124631624625, 0.00711911075871452, 0.00671284129064631, 0.005229502580807122, 0.005653138205484964, 0.006307888688936281, 0.006218951162168196, 0.006756379536136059, 0.006904958232309966, 0.005290972941872418, 0.006473136160359161, 0.0064647826389361285, 0.005145731190154379, 0.006322074278056533, 0.006925472013948664, 0.006575203574064936, 0.006161310751295446, 0.006491715296124134, 0.007044223269678795, 0.007269665356378852, 0.007708400079140532, 0.007471301378109807, 0.006560678523821473, 0.006694519651113673, 0.005726892692783814, 0.00578436820815309, 0.006091072398786146]
loss,
[0.21373194456100464, 0.2122511863708496, 0.1908167004585266, 0.14450949430465698, 0.08562417328357697, 0.04167783260345459, 0.021320154890418053, 0.009118054062128067, 0.0032764251809567213, 0.0022523398511111736, 0.0019841527100652456, 0.0016460048500448465, 0.001999407075345516, 0.002032543532550335, 0.0019129186403006315, 0.0022717174142599106, 0.002246484626084566, 0.002145384205505252, 0.00210381206125021, 0.001705741393379867, 0.0023711142130196095, 0.0022571987938135862, 0.0018628950929269195, 0.0020060990937054157, 0.0016797458520159125, 0.0020877004135400057, 0.0021529800724238157, 0.0019462110940366983, 0.0020313796121627092, 0.0018085683695971966, 0.002259231172502041, 0.0019914605654776096, 0.0018593722488731146, 0.0017575648380443454, 0.0018233729060739279, 0.0021119059529155493]

2022-04-20 12:29:35.763465