2022-04-28 23:13:38.669529

reference phi, theta, psi, translation: 132.9853677440357, -8.537735924097414e-07, 76.34363348549546, 2.865516185760498, 2.6707684993743896, 0.9517420530319214

phi,theta,psi,rot_x,rot_y,rot_z,phi_err,theta_err,psi_err
143.3552887910292,-3.0579185397180266,69.36864430507845,2.3124754428863525,2.981729030609131,1.6183615922927856,10.369921046993511,3.0579176859444344,6.974989180417012
142.9058350228857,-2.915968804581953,68.74193346759475,2.315568685531616,2.9627175331115723,1.6507331132888794,9.920467278849998,2.9159679508083607,7.601700017900711
140.62427863253464,-2.907110322247069,64.04386297908235,2.377243995666504,2.831765651702881,1.8751506805419922,7.638910888498941,2.9071094684734766,12.299770506413111
135.3993205212583,2.538535915841904,63.93457995236215,2.5286877155303955,2.7421982288360596,1.8399572372436523,2.4139527772225904,2.5385367696154963,12.40905353313331
132.16821757211372,4.387033722653016,65.77399770717076,2.7212045192718506,2.6213467121124268,1.7054071426391602,0.8171501719219805,4.3870345764266085,10.569635778324695
130.18374708990154,3.573553618313616,68.53573005655207,2.8810393810272217,2.5489532947540283,1.525153398513794,2.8016206541341546,3.573554472087208,7.807903428943391
130.77644358531856,0.9012738456808949,72.24029488877275,2.975778579711914,2.575772285461426,1.2747663259506226,2.2089241587171387,0.9012746994544872,4.103338596722708
130.9364885779503,0.2574524067213587,75.28604699441068,3.0220911502838135,2.6209075450897217,1.0504999160766602,2.048879166085385,0.25745326049495115,1.057586491084777
131.76016841071882,0.1974166315363381,75.33557952627162,2.9645509719848633,2.6536507606506348,1.0457907915115356,1.2251993333168798,0.1974174853099305,1.0080539592238438
131.35990566497773,-0.028187187059509997,75.56919931664274,2.979010820388794,2.6213884353637695,1.0168895721435547,1.625462079057968,0.028186333285917586,0.7744341688527214
131.83009588744142,0.0053718923376394985,75.70730574166039,2.9489803314208984,2.6360630989074707,1.0105749368667603,1.1552718565942826,0.0053727461112319085,0.6363277438350678
132.41761509946755,0.03161405180186199,75.74791121627612,2.911168336868286,2.655654191970825,1.0002002716064453,0.5677526445681451,0.0316149055754544,0.5957222692193369
132.42354370366715,-0.1783329318395741,76.15447139643196,2.9026615619659424,2.6462719440460205,0.9696411490440369,0.561824040368549,0.1783320780659817,0.18916208906350107
132.62463813321065,-0.043746932308879105,76.28839774567757,2.8852646350860596,2.6530375480651855,0.9566811323165894,0.3607296108250466,0.0437460785352867,0.05523573981788843
132.7824018426596,-0.07534325697465095,76.22551219398926,2.871239185333252,2.65352201461792,0.9593507647514343,0.20296590137610337,0.07534240320105855,0.1181212915061991
132.94552042041786,-0.0675064114062646,76.37342677065506,2.861065626144409,2.661160945892334,0.948363721370697,0.03984732361783472,0.06750555763267219,0.02979328515959878
133.04979008828727,-0.012525562365180376,76.37875431820767,2.856311559677124,2.666341781616211,0.9468743205070496,0.06442234425156812,0.012524708591587967,0.03512083271220945
132.93629966503832,0.02507606645542516,76.33399608857657,2.8571221828460693,2.658992290496826,0.9495273232460022,0.049068078997379416,0.02507692022901757,0.009637396918890317
133.2313638371829,0.0008134327542022112,76.35875552431787,2.8430559635162354,2.6717545986175537,0.9480445384979248,0.24599609314719828,0.0008142865277946209,0.01512203882241181
133.02125355793495,0.04429519590504514,76.3693149967747,2.8524057865142822,2.662358522415161,0.9464865922927856,0.035885813899255936,0.044296049678637546,0.025681511279245228
133.02490087895174,0.015476623303766647,76.43159949181606,2.8518483638763428,2.66349458694458,0.9424992799758911,0.03953313491604149,0.015477477077359057,0.08796600632059892
133.0763868449153,0.035107636622241936,76.37279839325141,2.848689079284668,2.66357684135437,0.9469101428985596,0.09101910087960619,0.035108490395834344,0.029164907755955483
133.14105507597696,-0.06745785685306392,76.4933375717238,2.8503637313842773,2.667942762374878,0.9382963180541992,0.15568733194126594,0.06745700307947151,0.14970408622833986
133.06854578774812,0.02998335976635469,76.42905183125565,2.8514745235443115,2.6657016277313232,0.941623866558075,0.08317804371242232,0.0299842135399471,0.08541834576018914
133.17886700322217,-0.02649059430776585,76.40494809367466,2.8463428020477295,2.670605421066284,0.9445693492889404,0.19349925918646704,0.02648974053417344,0.06131460817920242
133.03772797421303,-0.008991582495957917,76.49389081704658,2.8547282218933105,2.6647226810455322,0.9376257658004761,0.05236023017732805,0.008990728722365508,0.1502573315511171
133.0975194502073,0.05580276644128102,76.3240581633342,2.848318099975586,2.6656992435455322,0.9484580755233765,0.11215170617160197,0.05580362021487343,0.019575322161259123
133.15896383198074,-0.07115196572429783,76.44840858736346,2.848433494567871,2.6689891815185547,0.9419023990631104,0.1735960879450431,0.07115111195070542,0.10477510186800032
133.01815265205175,0.0017090664609508734,76.40882764112324,2.8535633087158203,2.661905527114868,0.9428521990776062,0.032784908016054715,0.0017099202345432832,0.06519415562777908
133.1345800566438,-0.013341382056249984,76.41500213213293,2.848492383956909,2.6664316654205322,0.943635880947113,0.14921231260811396,0.013340528282657575,0.07136864663746678
132.95952230821638,-0.0812170664803395,76.42209869868057,2.8568832874298096,2.6570041179656982,0.9425060749053955,0.025845435819320528,0.08121621270674709,0.07846521318511179
133.10081160138725,0.017680778707903508,76.40274194257276,2.849066734313965,2.665116786956787,0.9436321258544922,0.1154438573515506,0.01768163248149592,0.059108457077300613
133.09988269566014,-0.04280338655419264,76.40464073516202,2.8502357006073,2.6649417877197266,0.9444265365600586,0.11451495162444303,0.042802532780600235,0.06100724966655946
133.16052111511152,-0.01634979621032664,76.40427190494684,2.846424102783203,2.669015407562256,0.9439840316772461,0.1751533710758224,0.01634894243673423,0.06063841945137938
133.10124873349415,-0.02682103312744315,76.38296854492556,2.8494484424591064,2.6657440662384033,0.9455419778823853,0.11588098945844649,0.02682017935385074,0.03933505943010118
133.0826979397084,0.01656753053392267,76.41235884892413,2.8512516021728516,2.6667819023132324,0.9447675943374634,0.09733019567269707,0.01656838430751508,0.06872536342866908

Errors:
rotation,[20.402827913354958, 20.438135247559067, 22.84579086338553, 17.361543079971398, 15.773820526673283, 14.183078555164753, 7.213537454894333, 3.363918917665113, 2.430670777850654, 2.428082581196607, 1.7969723465405822, 1.1950898193629365, 0.9293182074980318, 0.4597114291782217, 0.39642959608336104, 0.13714616641010569, 0.11206788555536554, 0.0837823961452873, 0.2619324184974047, 0.1058633748571387, 0.14297661831399947, 0.15529249903139603, 0.3728484212490773, 0.19858060301255856, 0.2813036078998429, 0.21160829045081064, 0.18753064854773452, 0.3495223017637489, 0.09968898387837707, 0.23392148752823833, 0.1855268617111794, 0.19223394691034715, 0.21832473407160272, 0.252140732963936, 0.1820362282423984, 0.18262394340888125]
translation,[0.07464079787699607, 0.07550880162060292, 0.11451648731438624, 0.12812045594510124, 0.1143295818214547, 0.10694354796523431, 0.10588573492395614, 0.10477985576511717, 0.08276257730505066, 0.0652410884070731, 0.05134280754248355, 0.034310896634262456, 0.014659427070516706, 0.0035456741820523163, 0.00551747858314755, 0.010324536423641284, 0.010623324046072469, 0.014290691728271021, 0.0161534107651633, 0.01613096382771939, 0.016711472369961733, 0.017862180198092936, 0.015796802872195315, 0.01571764860463265, 0.01540831676043819, 0.014991184523369228, 0.01635106530224295, 0.01562685932731256, 0.01646393929534362, 0.01687738210642742, 0.01743103052676087, 0.0173438759941682, 0.016443401834568938, 0.016545589612206868, 0.01620706139359296, 0.014420408471045754]
loss,
[0.1643815040588379, 0.15284329652786255, 0.11481976509094238, 0.07508774846792221, 0.05118357390165329, 0.03083217702805996, 0.025762056931853294, 0.010451216250658035, 0.011124636046588421, 0.008446617983281612, 0.004450207110494375, 0.003077802248299122, 0.0025131443981081247, 0.0018341894028708339, 0.000933564268052578, 0.0009869206696748734, 0.0016813725233078003, 0.0018486762419342995, 0.0011812918819487095, 0.001706174574792385, 0.0017511469777673483, 0.0015025436878204346, 0.0010839801980182528, 0.0009974618442356586, 0.001404902315698564, 0.0008896874496713281, 0.0011859021615236998, 0.001200363039970398, 0.0009916926501318812, 0.0010942223016172647, 0.0010071125579997897, 0.001085981959477067, 0.0011557064717635512, 0.0012218463234603405, 0.0011229431256651878, 0.0013454215368255973]

2022-04-28 23:16:09.465473