2022-04-28 16:53:19.112862

reference phi, theta, psi, translation: 164.57178246643477, -4.268868188959204e-07, 11.003265705708584, 0.2046843022108078, 0.7416750192642212, 3.957021951675415

phi,theta,psi,rot_x,rot_y,rot_z,phi_err,theta_err,psi_err
174.68706040079186,1.035587752499106,3.46078983121423,-0.0498787984251976,0.24902896583080292,4.223120212554932,10.115277934357096,1.035588179385925,7.542475874494354
173.82218086694985,0.16394139439824595,3.9401167123532694,0.03578914329409599,0.280483216047287,4.220296382904053,9.250398400515081,0.16394182128506485,7.063148993355314
170.96881469966365,-1.1734784484561414,5.133464739136271,0.1764122098684311,0.3673127293586731,4.20902156829834,6.3970322332288845,1.1734780215693223,5.8698009665723125
168.32682922681101,-0.8815453636268531,5.310440490060002,0.15020966529846191,0.3793875575065613,4.211991786956787,3.7550467603762456,0.8815449367400342,5.692825215648582
164.2494794998802,-3.6340150886444085,6.365137384239039,0.39654356241226196,0.3823569715023041,4.172171592712402,0.3223029665545596,3.6340146617575897,4.638128321469545
164.01652906804776,-3.1614227910048536,6.111212722125944,0.3483951985836029,0.35099852085113525,4.119301795959473,0.5552533983870092,3.161422364118035,4.89205298358264
163.7997935053049,-1.598415029491524,5.552892141914769,0.22228452563285828,0.3420064151287079,4.054531097412109,0.771988961129864,1.598414602604705,5.450373563793815
164.44601136305815,-0.6166710396282867,8.787584782355005,0.20830735564231873,0.5802479386329651,4.002884387969971,0.12577110337662134,0.6166706127414678,2.2156809233535792
164.6965017206792,-0.15656123267966432,10.698288367757407,0.2098316252231598,0.7188974022865295,3.9613444805145264,0.12471925424443953,0.15656080579284543,0.3049773379511773
164.5397761999841,-0.09689748060020266,11.231484523993512,0.21951693296432495,0.7551484704017639,3.95263671875,0.03200626645067928,0.09689705371338377,0.22821881828492785
164.58324352386205,-0.012655306917879191,11.177624213519731,0.21149945259094238,0.7559853196144104,3.953134059906006,0.011461057427283095,0.012654880031060295,0.1743585078111476
164.56732918309592,-0.1777463007154644,10.97482479800465,0.21713712811470032,0.7367637157440186,3.955212116241455,0.004453283338847314,0.1777458738286455,0.02844090770393315
164.49835793285715,-0.13672585465755682,11.21105201309142,0.22077493369579315,0.75404292345047,3.9482970237731934,0.07342453357762224,0.13672542777073793,0.2077863073828361
164.5485871440134,-0.30036415699604213,10.902222448448354,0.22609853744506836,0.7305752635002136,3.957921266555786,0.023195322421372566,0.30036373010922324,0.10104325726022978
164.55207054049012,-0.24590320056404621,10.816474546060721,0.22046421468257904,0.7260552644729614,3.9616968631744385,0.0197119259446481,0.24590277367722732,0.18679115964786241
164.45908434512955,-0.28705035900671916,10.835353188926637,0.2240617573261261,0.7250638604164124,3.958282709121704,0.11269812130521473,0.28704993211990026,0.1679125167819464
164.58297031629525,-0.13514271708382256,11.207693267567066,0.22038987278938293,0.7545066475868225,3.949561357498169,0.011187849860476717,0.13514229019700366,0.20442756185848232
164.49570781945917,-0.053794650783842324,11.072334286143045,0.21290042996406555,0.7472226619720459,3.9539003372192383,0.07607464697559863,0.05379422389702343,0.06906858043446107
164.5437377097027,-0.19220282109405762,11.19754531400772,0.2240407019853592,0.7514015436172485,3.9500017166137695,0.028044756732072074,0.19220239420723872,0.19427960829913538
164.53054178422624,-0.2065180049949955,11.24579803917292,0.2256094366312027,0.7548614144325256,3.9502944946289062,0.041240682208524504,0.2065175781081766,0.2425323334643359
164.51186804703542,-0.06843844136965935,11.066969172550001,0.2129376083612442,0.7455578446388245,3.9516091346740723,0.05991441939934816,0.06843801448284045,0.06370346684141737
164.55948812592874,-0.08637263275182373,11.229294594590877,0.21696534752845764,0.7554888129234314,3.9478349685668945,0.012294340506031176,0.08637220586500484,0.22602888888229344
164.54103295479138,-0.14155344706168668,11.231465740973295,0.22084373235702515,0.7551841735839844,3.9518494606018066,0.03074951164339268,0.1415530201748678,0.22820003526471133
164.56884548509166,-0.18593675363531809,11.160310537747394,0.22283658385276794,0.7482226490974426,3.950735330581665,0.002936981343111711,0.1859363267484992,0.15704483203881026
164.53741295453128,-0.11911410988712152,11.191789172084691,0.21862733364105225,0.7518765330314636,3.950958490371704,0.03436951190349191,0.11911368300030263,0.1885234663761075
164.57645431582705,-0.14667981518389647,11.163661599308933,0.22006529569625854,0.7513246536254883,3.953362226486206,0.004671849392281047,0.14667938829707758,0.16039589360034867
164.5709765041127,-0.11414526117864889,10.995338417403138,0.21378615498542786,0.740017294883728,3.95302414894104,0.0008059623220617596,0.11414483429182999,0.007927288305445757
164.62453884758395,-0.15542528217557297,11.08041439993117,0.2177332490682602,0.7450070381164551,3.9542176723480225,0.05275638114918024,0.15542485528875408,0.0771486942225863
164.58572971271994,-0.26701732232664716,11.035155005169727,0.2255127876996994,0.740515947341919,3.9559242725372314,0.013947246285169967,0.26701689543982826,0.031889299461143494
164.5215259345218,-0.13553953640161218,11.108553925537977,0.21823135018348694,0.7479517459869385,3.951695442199707,0.05025653191296442,0.13553910951479328,0.10528821982939363
164.6131597524267,-0.15593295859603865,10.950625437775296,0.21571682393550873,0.7368433475494385,3.956312656402588,0.04137728599192769,0.15593253170921975,0.05264026793328824
164.58552480704483,-0.18447656906201737,10.90480169863368,0.21774186193943024,0.7326531410217285,3.957218647003174,0.013742340610065185,0.18447614217519848,0.0984640070749041
164.4536338541719,-0.21904015815492492,10.847411887906294,0.22069230675697327,0.7276028394699097,3.95770263671875,0.11814861226287121,0.21903973126810602,0.15585381780229035
164.59396692085897,-0.2607291099100159,10.68725675847419,0.21806059777736664,0.7166452407836914,3.963848114013672,0.022184454424206024,0.260728683023197,0.3160089472343941
164.46129732642063,-0.23456195874014105,10.833791636927643,0.221000075340271,0.7272388339042664,3.961143970489502,0.11048514001413423,0.23456153185332215,0.16947406878094107
164.51912170793398,-0.16057127658210613,10.883374541433703,0.2159276008605957,0.730908989906311,3.9573171138763428,0.052660758500792326,0.16057084969528723,0.11989116427488078

Errors:
rotation,[18.693341988237375, 16.477489215155458, 13.44031122137052, 10.329416912764861, 8.594445949781694, 8.608728746087683, 7.820777127528384, 2.9581226394716684, 0.5862573979884622, 0.3571221384489909, 0.19847444526949098, 0.21064006487142597, 0.41793626873119627, 0.4246023097908256, 0.45240585926973786, 0.5676605702070614, 0.35075770191596267, 0.19893745130708312, 0.4145267592384462, 0.490290593781037, 0.19205590072360598, 0.32469543525332945, 0.4005025670829718, 0.34591814013042116, 0.34200666127990204, 0.3117471312897073, 0.12287808491933751, 0.2853299306605206, 0.3128534411861417, 0.29108386125715136, 0.2499500856344357, 0.29668248986016776, 0.4930421613332676, 0.5989220846817971, 0.5145207406483975, 0.33312277247096034]
translation,[0.19962134480110283, 0.19862915935259817, 0.1975709539962036, 0.20058147047280883, 0.1772507684125708, 0.11775365393942483, 0.04386818007763882, 0.018952955059947207, 0.00038357844547043385, 0.0010204757482599192, 0.0008045083271941422, 0.0020257523608417927, 0.005415090709398385, 1.6034150096544408e-07, 0.0025794108850138997, 0.0007538228248309409, 0.004109297546929014, 0.0016132763903788927, 0.004056506589907194, 0.0030348157207917836, 0.0041680530814982575, 0.005804287978711464, 0.0017134046681483994, 0.003995563164846949, 0.0033268679739268947, 0.000993623371050134, 0.003756304433771618, 0.0014538957955876342, 0.00017904663594592307, 0.0033561173017799817, 0.001007104473985443, 0.0007726442473616757, 0.0010518372674592769, 0.0028793648653158144, 0.0022789512316929716, 0.0010902643633610154]
loss,
[0.10940190404653549, 0.10378406941890717, 0.10450738668441772, 0.08283054828643799, 0.0407157726585865, 0.02965177223086357, 0.01436321996152401, 0.007451791316270828, 0.004340295679867268, 0.003433479694649577, 0.0023707642685621977, 0.0032860394567251205, 0.00233994098380208, 0.0029544017743319273, 0.0022320328280329704, 0.0025354837998747826, 0.002992074703797698, 0.0027986476197838783, 0.0028671761974692345, 0.0028436908032745123, 0.004152785521000624, 0.002869976218789816, 0.002239360474050045, 0.003023955039680004, 0.002291188109666109, 0.0023883418180048466, 0.001729351468384266, 0.0030201587360352278, 0.0016492002177983522, 0.003105902811512351, 0.0018309949664399028, 0.003213911084458232, 0.004211000166833401, 0.002934936201199889, 0.0027473203372210264, 0.002587367780506611]

2022-04-28 16:55:51.096249