2022-04-21 06:14:07.148255

reference phi, theta, psi, translation: 132.9853677440357, -8.537735924097414e-07, 76.34363348549546, 2.865516185760498, 2.6707684993743896, 0.9517420530319214

phi,theta,psi,rot_x,rot_y,rot_z,phi_err,theta_err,psi_err
143.3552887910292,-3.0579185397180266,69.36864430507845,2.3124754428863525,2.981729030609131,1.6183615922927856,10.369921046993511,3.0579176859444344,6.974989180417012
144.11012031696401,-2.5122450477627556,67.66210105038324,2.2380001544952393,3.00011944770813,1.6999597549438477,11.124752572928315,2.5122441939891633,8.681532435112217
143.89395849011146,1.6971704168252837,63.92512014036168,2.1458020210266113,3.048609733581543,1.8158748149871826,10.90859074607576,1.6971712705988762,12.418513345133782
141.40126729213696,4.438562781887503,65.77208525420316,2.260223150253296,3.0276176929473877,1.7046576738357544,8.415899548101265,4.438563635661096,10.571548231292297
141.26724532024298,2.401783998118695,68.40251404698014,2.3613674640655518,3.050443172454834,1.5347744226455688,8.281877576207279,2.401784851892287,7.941119438515315
138.43372768268483,2.6995504886822275,71.35883165562592,2.567509174346924,2.9816017150878906,1.3273004293441772,5.4483599386491335,2.6995513424558197,4.984801829869539
137.01920916595353,1.1330543751857236,73.73979461915735,2.692838191986084,2.929313898086548,1.156811237335205,4.033841421917828,1.133055228959316,2.6038388663381085
136.48745161831135,0.7961112277080676,74.4601063690269,2.719161033630371,2.8898191452026367,1.1039729118347168,3.5020838742756553,0.79611208148166,1.8835271164685565
135.23804609457596,0.6599384472447768,74.91608296782778,2.7709569931030273,2.8139405250549316,1.0669749975204468,2.2526783505402648,0.6599393010183692,1.427550517667683
133.1420522835958,0.1438216087796986,75.80339284290413,2.8724682331085205,2.6956751346588135,0.997079074382782,0.15668453956010353,0.143822462553291,0.5402406425913284
133.07564918448494,-0.130400011855767,76.12792245112811,2.8668622970581055,2.6747055053710938,0.970059335231781,0.09028144044924602,0.1303991580821746,0.21571103436734518
132.97476729044385,0.04095867627417785,76.3265648427596,2.8626320362091064,2.6675233840942383,0.9530808925628662,0.01060045359184869,0.04095953004777026,0.017068642735864614
132.99643265049113,0.033575789620420515,76.41724926436986,2.8632895946502686,2.6699209213256836,0.9469268321990967,0.0110649064554309,0.03357664339401292,0.07361577887439807
133.01521567070867,0.07221717987382263,76.4276516424758,2.8619155883789062,2.6719889640808105,0.9449281096458435,0.029847926672971425,0.07221803364741504,0.08401815698033488
132.9858048761426,0.06717203056847822,76.4755722496926,2.863447427749634,2.668426990509033,0.9416999220848083,0.0004371321068958878,0.06717288434207062,0.13193876419714456
133.0160489537874,0.017477683892603433,76.41797326442187,2.8617923259735107,2.6687614917755127,0.9469809532165527,0.030681209751691085,0.017478537666195844,0.07433977892641508
133.09840737479942,0.030292231006935084,76.40294684824785,2.859349489212036,2.6734390258789062,0.9478567242622375,0.1130396307637227,0.030293084780527495,0.059313362752391185
133.01767453880987,0.038624164500647776,76.34767695748411,2.8620498180389404,2.669517993927002,0.9510173797607422,0.032306794774171976,0.03862501827424018,0.004043471988651959
132.94323913723505,0.10774876249370278,76.29379359512188,2.865922212600708,2.6686131954193115,0.9553657174110413,0.04212860680064523,0.10774961626729519,0.04983989037357617
132.9905586878049,0.037290922361004765,76.28933348159386,2.8644113540649414,2.669268846511841,0.955886960029602,0.005190943769207479,0.03729177613459717,0.05430000390160217
133.0567978623757,-0.03823459759588536,76.41039858463233,2.862283706665039,2.6714131832122803,0.9466674327850342,0.0714301183400039,0.03823374382229295,0.06676509913687312
132.98493061192883,0.09472174612799414,76.37484745000242,2.8631417751312256,2.669248342514038,0.9489323496818542,0.00043713210686746606,0.09472259990158655,0.03121396450696068
133.06330020246554,0.04681962186151944,76.35710261853873,2.8594281673431396,2.6722710132598877,0.9494501352310181,0.0779324584298422,0.046820475635111845,0.013469133043273018
133.0595982399354,-0.023814174374619673,76.44191307746277,2.862121820449829,2.6719675064086914,0.9451638460159302,0.07423049589971242,0.02381332060102726,0.09827959196731229
132.99059966893992,0.014689186416074956,76.3589740903713,2.8646161556243896,2.6688106060028076,0.9501372575759888,0.005231924904222751,0.014690040189667365,0.015340604875845543
132.9491950621913,0.05276411437405309,76.39262643241196,2.865877151489258,2.6672654151916504,0.9479434490203857,0.03617268184439126,0.052764968147645495,0.048992946916499136
132.98759438570514,0.012455455212421388,76.42381307616225,2.8641843795776367,2.6681950092315674,0.9454455971717834,0.0022266416694378677,0.012456308986013798,0.0801795906667877
133.02016072766776,0.06966359726770407,76.31983710642714,2.861724615097046,2.6695642471313477,0.9534916877746582,0.03479298363205885,0.06966445104129648,0.023796379068315332
133.00538019830384,0.08678614116791449,76.36811288348079,2.862730026245117,2.670039653778076,0.9505152702331543,0.0200124542681408,0.08678699494150689,0.024479397985331275
132.98532676290068,0.06300522509256548,76.40190865949401,2.8630788326263428,2.668701648712158,0.947641909122467,4.098113501527223e-05,0.06300607886615789,0.05827517399855253
133.0182346143218,0.0925977749192181,76.40914182982506,2.8626627922058105,2.67060923576355,0.9468400478363037,0.03286687028611368,0.0925986286928105,0.06550834432960073
132.97725347930174,0.010389027649488269,76.40640975415705,2.8646373748779297,2.668193817138672,0.9469367265701294,0.008114264733961818,0.010389881423080678,0.0627762686615938
132.99798993362188,0.05148118173989526,76.37346092160091,2.8625648021698,2.6685309410095215,0.9493643045425415,0.012622189586181776,0.051482035513487664,0.02982743610544958
132.9731143846647,0.01993814844837796,76.39654013080639,2.865384101867676,2.668043851852417,0.9481086134910583,0.012253359370987482,0.01993900222197037,0.05290664531092659
132.9768026868165,0.027420200542768763,76.35700016570118,2.86445951461792,2.6682374477386475,0.9504798650741577,0.008565057219186656,0.027421054316361174,0.013366680205720627
133.0106531043431,0.04321372855072685,76.34004080599203,2.86175537109375,2.6690330505371094,0.9523788690567017,0.025285360307407245,0.04321458232431926,0.003592679503427121

Errors:
rotation,[20.402827913354958, 22.318529202029694, 25.024275361808417, 23.42601141505466, 18.62478186661488, 13.132713110974493, 7.770735517215252, 6.181723072225871, 4.340168169226317, 0.840747644704723, 0.4363916328987658, 0.06862862637548356, 0.1182573287238419, 0.18608411730072133, 0.1995487806461111, 0.122499526344302, 0.20264607829664139, 0.07497528503706412, 0.19971811344151658, 0.09678272380540681, 0.17642896129916996, 0.1263736965154147, 0.13822206710822707, 0.19632340846805196, 0.03526256996973566, 0.1379305969085359, 0.09486254132223937, 0.12825381374167066, 0.13127884719497895, 0.12132223399972569, 0.1909738433085249, 0.08128041481863629, 0.09393166120511902, 0.08509900690388444, 0.049352791741268456, 0.07209262213515363]
translation,[0.07464079787699607, 0.07973772918990285, 0.11566369745760952, 0.11386027370143914, 0.12059270175563164, 0.12143397837252223, 0.11259763081124508, 0.08756597716142345, 0.05970224594094198, 0.03235541106638529, 0.007925936121862875, 0.0038834080912248936, 0.0032789351431556923, 0.003353474722369576, 0.005382707879671322, 0.005099090412736373, 0.003525644814696527, 0.0034633947299047563, 0.00028158780167775177, 0.0007978533696970658, 0.0030654042164730555, 0.0033578007834513812, 0.0038696264114435053, 0.0031658600622082034, 0.0023156177942587064, 0.0029589296622578587, 0.004134483610238604, 0.003078835048284212, 0.0027527855169360294, 0.0040686863312950905, 0.003288546522016489, 0.0034627539061187207, 0.004141552440492191, 0.0027552983465906067, 0.002725835857939174, 0.003672305078845639]
loss,
[0.12067075818777084, 0.1016908511519432, 0.04866357892751694, 0.04275011643767357, 0.034955382347106934, 0.03178786858916283, 0.02640034630894661, 0.01912301406264305, 0.015064146369695663, 0.005396788939833641, 0.00277415057644248, 0.0017550907796248794, 0.0011932817287743092, 0.0018143225461244583, 0.0017320644110441208, 0.0011480713728815317, 0.001906443852931261, 0.0016876342706382275, 0.001683511771261692, 0.0016458317404612899, 0.001984289614483714, 0.0015718236099928617, 0.0015106366481631994, 0.0016267107566818595, 0.0016094729071483016, 0.0017023150576278567, 0.0015917797572910786, 0.001500353217124939, 0.0018202932551503181, 0.001576174865476787, 0.0013583166291937232, 0.0015573522541671991, 0.001458489801734686, 0.0019360188161954284, 0.0012551291147246957, 0.0014859585789963603]

2022-04-21 06:24:51.647893