2022-04-20 22:47:55.591529

reference phi, theta, psi, translation: -33.091320547511735, -0.0, 74.32085247222868, -2.1190009117126465, -3.251617431640625, 1.089412808418274

phi,theta,psi,rot_x,rot_y,rot_z,phi_err,theta_err,psi_err
-22.822884158753556,1.294954214858955,81.82337814338081,-1.5357718467712402,-3.6827800273895264,0.7731812596321106,10.268436388758179,1.294954214858955,7.502525671152128
-23.565532334756334,-0.09063166059770368,80.84968003568213,-1.6196719408035278,-3.620544672012329,0.8147590160369873,9.525788212755401,0.09063166059770368,6.528827563453447
-23.479746866328266,-3.829532259468492,77.14549769405495,-1.6870516538619995,-3.5191264152526855,0.9793484807014465,9.611573681183469,3.829532259468492,2.824645221826273
-20.890551925570662,-2.4487418761260105,74.1077915512593,-1.4263077974319458,-3.5808334350585938,1.1126854419708252,12.200768621941073,2.4487418761260105,0.213060920969383
-23.8519375345806,2.1579361103526837,74.91421149599519,-1.5211079120635986,-3.5433084964752197,1.038173794746399,9.239383012931135,2.1579361103526837,0.5933590237665101
-28.959360043072085,1.5433156090840752,74.85048583103898,-1.847736120223999,-3.3861477375030518,1.037546992301941,4.13196050443965,1.5433156090840752,0.529633358810301
-33.502515011019426,0.02275267934276236,74.35901273912154,-2.133805990219116,-3.226454257965088,1.082518219947815,0.41119446350769095,0.02275267934276236,0.03816026689285934
-32.879864720997304,0.03155343183697512,74.2320190318835,-2.1051549911499023,-3.256826877593994,1.094975233078003,0.21145582651443107,0.03155343183697512,0.08883344034518359
-33.09130688713339,0.036463375981369714,74.41749281879518,-2.1158199310302734,-3.247530698776245,1.083946704864502,1.3660378343161028e-05,0.036463375981369714,0.09664034656650244
-32.93223519645838,-0.0031725626750787224,74.31465749065147,-2.1058812141418457,-3.251878261566162,1.0891304016113281,0.1590853510533563,0.0031725626750787224,0.006194981577209546
-33.075279848245955,-0.0864420565665955,74.18125023578278,-2.1136534214019775,-3.2428886890411377,1.0981841087341309,0.01604069926577978,0.0864420565665955,0.13960223644589576
-33.08833575484444,-0.05436694703939875,74.28225507322894,-2.1149752140045166,-3.2439754009246826,1.0903313159942627,0.0029847926672985636,0.05436694703939875,0.03859739899974102
-33.059826545248804,-0.04075035314914937,74.23743537189532,-2.1128227710723877,-3.243957281112671,1.092881679534912,0.03149400226293153,0.04075035314914937,0.08341710033336369
-33.04501186493904,-0.08132446410033571,74.17551970706914,-2.1127514839172363,-3.2452189922332764,1.097170114517212,0.04630868257269327,0.08132446410033571,0.1453327651595373
-33.04207829869053,-0.025610832847159044,74.26908646850914,-2.1120731830596924,-3.24832820892334,1.0909326076507568,0.049242248821208534,0.025610832847159044,0.05176600371953555
-32.98588633238883,-0.015318250500969162,74.2520383163408,-2.1081814765930176,-3.2485220432281494,1.0926111936569214,0.10543421512290507,0.015318250500969162,0.06881415588787831
-33.07732207480779,-0.05674131327851252,74.22406186150043,-2.114248275756836,-3.2447900772094727,1.093267798423767,0.013998472703946163,0.05674131327851252,0.0967906107282488
-33.047399016053966,0.015657104322445676,74.29297847022586,-2.11157488822937,-3.247774600982666,1.09048593044281,0.04392153145776945,0.015657104322445676,0.027874002002818088
-33.02940829778015,-0.019364164895225047,74.26106782642356,-2.11169171333313,-3.2476131916046143,1.0928210020065308,0.06191224973158427,0.019364164895225047,0.05978464580512366
-33.064781847491645,0.001369006212079557,74.21753903084307,-2.113079309463501,-3.246530771255493,1.0956032276153564,0.02653870002009029,0.001369006212079557,0.10331344138560894
-32.95437525465297,-0.004549252438724459,74.29145533804095,-2.1071746349334717,-3.2500340938568115,1.090347409248352,0.136945292858762,0.004549252438724459,0.029397134187732377
-33.06606933815019,0.0005774902119073433,74.24379427801259,-2.1133928298950195,-3.2467899322509766,1.0938796997070312,0.025251209361542237,0.0005774902119073433,0.07705819421609306
-32.96883135003131,-0.04770199461279741,74.26632707208447,-2.1084249019622803,-3.248971939086914,1.0920330286026,0.12248919748042653,0.04770199461279741,0.054525400144214586
-33.08055958447438,-0.03636715440163942,74.21163774740018,-2.11342191696167,-3.243680238723755,1.0951001644134521,0.010760963037355964,0.03636715440163942,0.10921472482850447
-33.02337382564844,-0.011805791357962876,74.25318578812136,-2.1111152172088623,-3.2482688426971436,1.092505931854248,0.06794672186329365,0.011805791357962876,0.0676666841073228
-33.086942396253754,-0.05812234926556224,74.28025382780213,-2.1152069568634033,-3.2444021701812744,1.0909520387649536,0.004378151257981244,0.05812234926556224,0.040598644426552255
-33.02099691981728,0.0036204667016187676,74.25899827910504,-2.1109135150909424,-3.2484190464019775,1.0927033424377441,0.07032362769445655,0.0036204667016187676,0.06185419312363649
-32.94966583922025,-0.025808044901898048,74.2679116759719,-2.1071736812591553,-3.25130558013916,1.0921893119812012,0.1416547082914832,0.025808044901898048,0.05294079625677739
-33.037235694568984,-0.03263934338097956,74.28944726242496,-2.111870765686035,-3.246898651123047,1.0905051231384277,0.05408485294275067,0.03263934338097956,0.0314052098037223
-32.98634395506322,-0.037029027095206106,74.20118072778088,-2.108649730682373,-3.2477900981903076,1.0957125425338745,0.10497659244851576,0.037029027095206106,0.11967174444779971
-32.99396303108237,-0.05242883839802535,74.23392465466192,-2.109475612640381,-3.2476296424865723,1.094086766242981,0.09735751642936208,0.05242883839802535,0.08692781756676027
-32.978789765841185,-0.006067681534445311,74.32120764206552,-2.1090621948242188,-3.2503015995025635,1.0886285305023193,0.11253078167055008,0.006067681534445311,0.0003551698368369216
-33.056684658230594,-0.02729036883380071,74.28602533765078,-2.113140821456909,-3.2462422847747803,1.090525507926941,0.03463588928114092,0.02729036883380071,0.034827134577895436
-32.99164076676457,-0.030416362523626155,74.24350741006745,-2.1087687015533447,-3.248101234436035,1.093479037284851,0.09967978074716655,0.030416362523626155,0.07734506216122838
-33.01094288135902,0.02066780778416349,74.27899707299484,-2.1091232299804688,-3.249178886413574,1.0915203094482422,0.0803776661527138,0.02066780778416349,0.04185539923383885
-33.12422498383827,0.007886318399471227,74.23535899438762,-2.1155588626861572,-3.243086099624634,1.0936779975891113,0.032904436326532505,0.007886318399471227,0.08549347784105521

Errors:
rotation,[19.06591627476926, 16.14524743680655, 16.26575116247823, 14.862571419036467, 11.990678147050328, 6.204909472334027, 0.47210740974331267, 0.3318426986965898, 0.13311738292621533, 0.16845289530564458, 0.24208499227827102, 0.09594913870643833, 0.1556614557454446, 0.2729659118325663, 0.12661908538790312, 0.18956662151175255, 0.16753039671070746, 0.08745263778303321, 0.14106106043193298, 0.13122114761777878, 0.17089167948521883, 0.10288689378954263, 0.2247165922374385, 0.15634284226749987, 0.14741919732857933, 0.10309914495009574, 0.1357982875197118, 0.22040354945015864, 0.11812940612745254, 0.2616773639915216, 0.2367141723941477, 0.11895363304183232, 0.09675339269283706, 0.20744120543202108, 0.14290087317071615, 0.12628423256705895]
translation,[0.03326186669987141, 0.01800833205154717, 0.007509060448312788, 0.019297637952004898, 0.037808430386487846, 0.03655405469421602, 0.01429184357990465, 0.0015422258558075441, 0.00644391405928868, 0.006746698353334857, 0.007465727064630556, 0.008030828406547563, 0.008484443107588113, 0.006337407569076525, 0.005880784065326772, 0.007309448122756024, 0.006959165395485023, 0.006710048914871258, 0.006145641172816241, 0.005534309632870382, 0.007229897367256655, 0.005629418953030374, 0.0069756324305281225, 0.007789836784956705, 0.006004516475505817, 0.00739662506468175, 0.005935498345894352, 0.005704009567041979, 0.007256441482431875, 0.0068116483927394, 0.006950640493220028, 0.0064903989877738155, 0.007113723167553765, 0.00710571070961219, 0.006581723216412705, 0.007532564538662356]
loss,
[0.171193927526474, 0.15387575328350067, 0.10623309016227722, 0.04911297559738159, 0.029944052919745445, 0.017756614834070206, 0.002691345289349556, 0.0022488420363515615, 0.0032927561551332474, 0.0017535423394292593, 0.002093036426231265, 0.0016466276720166206, 0.0020348699763417244, 0.00183687056414783, 0.0020905197598040104, 0.0021834643557667732, 0.002299794927239418, 0.0025338614359498024, 0.0020217979326844215, 0.0016343425959348679, 0.002359966281801462, 0.0020604755263775587, 0.0021874988451600075, 0.001857513445429504, 0.0021652381401509047, 0.0024636287707835436, 0.002215486951172352, 0.0026400871574878693, 0.001993906917050481, 0.0019892749842256308, 0.002009774325415492, 0.0015339346136897802, 0.0019393631955608726, 0.0015159168979153037, 0.0029793144203722477, 0.0017667257925495505]

2022-04-20 22:57:00.511125