2022-04-19 18:45:59.852772

reference phi, theta, psi, translation: 175.36684180812657, -0.0, 39.4597479484966, 0.2069414258003235, 2.553555727005005, 3.112318754196167

phi,theta,psi,rot_x,rot_y,rot_z,phi_err,theta_err,psi_err
-174.60268024378553,2.426304892454245,32.24175771288345,-0.3459881842136383,2.1274664402008057,3.6064906120300293,10.030477948087878,2.426304892454245,7.217990235613151
-174.14080919173094,1.7060804969456973,32.86767283332883,-0.3347497284412384,2.173999786376953,3.577362060546875,10.492349000142497,1.7060804969456973,6.592075115167766
-174.552601296791,0.8860683640205935,34.21072366567971,-0.30940666794776917,2.2838239669799805,3.4961400032043457,10.080556895082395,0.8860683640205935,5.24902428281689
-176.4383345643615,2.9607168357102314,33.84607694136565,-0.357016384601593,2.2785561084747314,3.4850213527679443,8.194823627511937,2.9607168357102314,5.613671007130947
-179.3090084310045,6.0355601226593905,33.735342499446816,-0.3992966115474701,2.3127057552337646,3.4528229236602783,5.324149760868977,6.0355601226593905,5.724405449049783
179.10791400146095,5.666388070676543,36.33507642209375,-0.309301495552063,2.470327615737915,3.3468387126922607,3.7410721933343893,5.666388070676543,3.1246715264028495
178.62869426891453,4.372466415803247,37.96947580368069,-0.19906078279018402,2.564540386199951,3.2706258296966553,3.2618524607879635,4.372466415803247,1.4902721448159113
177.31660126897674,3.5898001607833914,38.377835738682826,-0.0922866240143776,2.581385850906372,3.2512824535369873,1.9497594608501743,3.5898001607833914,1.0819122098137726
176.6706566187903,2.346612055400637,38.674317175080155,0.0066582318395376205,2.589977502822876,3.2293198108673096,1.303814810663738,2.346612055400637,0.7854307734164436
176.09267235084548,1.6312153491583719,38.259215843367215,0.07683153450489044,2.548862934112549,3.2395834922790527,0.72583054271891,1.6312153491583719,1.2005321051293834
176.27856277929655,0.6951069813984356,38.577550470013996,0.12471579015254974,2.558145523071289,3.212238073348999,0.9117209711699843,0.6951069813984356,0.8821974784826025
175.47534619328138,0.5032318951228957,38.53136814594096,0.17481902241706848,2.5402214527130127,3.203153371810913,0.10850438515481642,0.5032318951228957,0.9283798025556393
175.42991177492246,0.039010711330945046,39.01776299221049,0.19889509677886963,2.5507326126098633,3.1689484119415283,0.0630699667958936,0.039010711330945046,0.441984956286106
175.3299314658518,0.1376272517383449,39.09238963908205,0.19969069957733154,2.547762155532837,3.147888660430908,0.03691034227475143,0.1376272517383449,0.3673583094145485
175.42487109531498,0.18111380122611995,39.192055759450874,0.19436106085777283,2.5465140342712402,3.1320641040802,0.058029287188418266,0.18111380122611995,0.2676921890457251
175.34889207098777,0.04335087457794465,39.461151552371035,0.20546039938926697,2.552910566329956,3.1138477325439453,0.017949737138792443,0.04335087457794465,0.0014036038744364987
175.30793825672438,-0.07722605323130895,39.512183310754786,0.21610546112060547,2.552332639694214,3.1047956943511963,0.05890355140218162,0.07722605323130895,0.05243536225818701
175.40608807509747,0.059116256082916895,39.53840099188388,0.20230430364608765,2.554227113723755,3.103860855102539,0.03924626697090616,0.059116256082916895,0.07865304338728407
175.36216995873428,0.028129100669513084,39.45086870257558,0.2057270109653473,2.549412488937378,3.1094532012939453,0.004671849392281047,0.028129100669513084,0.00887924592101541
175.25529115860192,-0.0009218301545150067,39.42725332352026,0.21334105730056763,2.5472378730773926,3.111218214035034,0.111550649524645,0.0009218301545150067,0.03249462497633715
175.35226618443775,0.0689215465284141,39.436562871358994,0.20314468443393707,2.548524856567383,3.1087942123413086,0.014575623688813266,0.0689215465284141,0.023185077137604537
175.3029931997653,-0.08913654598020855,39.53503712371765,0.21468159556388855,2.5516109466552734,3.103860855102539,0.06384860836126904,0.08913654598020855,0.07528917522105161
175.327568220399,0.008897912330187815,39.487652686350685,0.20755180716514587,2.5493502616882324,3.1052043437957764,0.03927358772756406,0.008897912330187815,0.027904737854086648
175.30606678489178,0.022303207168397347,39.54540535087773,0.20961502194404602,2.5527215003967285,3.102646827697754,0.060775023234782566,0.022303207168397347,0.08565740238113051
175.28710617975582,0.020698223056619492,39.36511567754607,0.21050229668617249,2.543038845062256,3.1122007369995117,0.07973562837074155,0.020698223056619492,0.09463227095052673
175.3899961494129,0.0015364568844492797,39.49682221531143,0.20648805797100067,2.55244517326355,3.1079509258270264,0.023154341286328872,0.0015364568844492797,0.037074266814833834
175.46261472066848,0.019803034340455182,39.39643892507975,0.201424241065979,2.5480740070343018,3.113452911376953,0.09577291254191778,0.019803034340455182,0.06330902341684919
175.36931433660612,0.06010605183742902,39.537058859711976,0.2045120745897293,2.5551908016204834,3.106638193130493,0.0024725284795579228,0.06010605183742902,0.07731091121537759
175.3854882245607,0.07731897630543516,39.450906268616016,0.20247681438922882,2.550978183746338,3.1118602752685547,0.018646416434137336,0.07731897630543516,0.008841679880582376
175.28385500971092,0.04564132578765777,39.45083113653515,0.20876860618591309,2.549894094467163,3.111325263977051,0.08298679841564649,0.04564132578765777,0.008916811961448445
175.35141924098068,0.028468583515773166,39.36920696085891,0.2061978578567505,2.5450916290283203,3.113126754760742,0.015422567145890298,0.028468583515773166,0.09054098763768792
175.34472565559406,-0.031343383905569344,39.51355276368338,0.21027353405952454,2.552196502685547,3.106309175491333,0.02211615253250443,0.031343383905569344,0.05380481518677982
175.29169606687807,0.00957246899775153,39.435767154320686,0.21019412577152252,2.548091411590576,3.109182357788086,0.07514574124849105,0.00957246899775153,0.02398079417591248
175.34676105196672,0.04517201869558874,39.58468918388906,0.20622719824314117,2.556802272796631,3.1030988693237305,0.020080756159842394,0.04517201869558874,0.1249412353924626
175.32784142796578,0.025723732892593873,39.456421646370806,0.20718078315258026,2.5490059852600098,3.1077516078948975,0.03900038016078611,0.025723732892593873,0.003326302125792324
175.33170731503603,0.036827954661737404,39.49703053608111,0.20771479606628418,2.550978422164917,3.1076362133026123,0.0351344930905384,0.036827954661737404,0.03728258758451375

Errors:
rotation,[19.674773076155276, 18.79050461225596, 16.21564954191988, 16.769211470353113, 17.08411533257815, 12.532131790413782, 9.124591021407122, 6.621471831447338, 4.435857639480819, 3.557577997006665, 2.4890254310510223, 1.5401160828333516, 0.5440656344129446, 0.5418959034276448, 0.5068352774602634, 0.06270421559117359, 0.18856496689167757, 0.17701556644110714, 0.041680195982809545, 0.14496710465549717, 0.10668224735483191, 0.2282743295625292, 0.07607623791183853, 0.16873563278431042, 0.19506612237788779, 0.06176506498561199, 0.17888497029922215, 0.13988949153236452, 0.10480707262015487, 0.13754493616475272, 0.13443213829935138, 0.1072643516248536, 0.10869900442215506, 0.19019401024789373, 0.0680504151791723, 0.10924503533678956]
translation,[0.170370405351016, 0.16837730480814095, 0.1563022837600636, 0.14794433036979715, 0.1438001332950325, 0.14014379656305476, 0.12981888868803182, 0.12132915738108707, 0.10850089378672934, 0.09167441015153166, 0.07717203499560732, 0.060750720358969446, 0.04171172297107173, 0.023519293685266618, 0.010199604131420514, 0.0006963210415333876, 0.0060996637302377366, 0.006336239160263268, 0.004898972612668473, 0.004515615919976845, 0.00610110665096375, 0.007354627825498561, 0.008125158881167494, 0.007853688387619684, 0.006560378169339742, 0.004098578109426043, 0.002873387097975133, 0.0034711861517049414, 0.002213226663701384, 0.002991650870649565, 0.004769784953010614, 0.005327213815212062, 0.005713775872257187, 0.00508981827143451, 0.0063958627265838786, 0.005207917615579483]
loss,
[0.17078804969787598, 0.14505289494991302, 0.11126037687063217, 0.11600222438573837, 0.04847201332449913, 0.03651980310678482, 0.027872290462255478, 0.026326525956392288, 0.03048870712518692, 0.02120644971728325, 0.013134211301803589, 0.006981429643929005, 0.014551210217177868, 0.005320298485457897, 0.0031727503519505262, 0.0019269094336777925, 0.0037140424828976393, 0.0015179996844381094, 0.001500551006756723, 0.002654841635376215, 0.002928738482296467, 0.0012116584694013, 0.002012806013226509, 0.0029658242128789425, 0.0025669261813163757, 0.004098001401871443, 0.0034913872368633747, 0.0018048386555165052, 0.0020328881219029427, 0.0035037114284932613, 0.002248879987746477, 0.001764478045515716, 0.0027164879720658064, 0.002268950454890728, 0.0017671836540102959, 0.002052959753200412]

2022-04-19 18:48:35.559264