2022-04-27 11:49:59.920469

reference phi, theta, psi, translation: 175.36684180812657, -0.0, 39.4597479484966, 0.2069414258003235, 2.553555727005005, 3.112318754196167

phi,theta,psi,rot_x,rot_y,rot_z,phi_err,theta_err,psi_err
-174.60268024378553,2.426304892454245,32.24175771288345,-0.3459881842136383,2.1274664402008057,3.6064906120300293,10.030477948087878,2.426304892454245,7.217990235613151
-174.52670121945832,1.9398921796491786,31.816025191727388,-0.3412972688674927,2.116882801055908,3.601290225982666,10.106456972415117,1.9398921796491786,7.643722756769211
-176.17615092288136,2.961979895350876,33.307441393229276,-0.3533550500869751,2.2388389110565186,3.5042974948883057,8.457007268992072,2.961979895350876,6.152306555267323
-177.6576326142355,3.974892066223087,35.21631192661317,-0.3600863516330719,2.3562428951263428,3.399383306503296,6.975525577637939,3.974892066223087,4.243436021883426
179.29992427940837,6.333768026202714,38.61626398222963,-0.33455705642700195,2.580458641052246,3.179558038711548,3.933082471281807,6.333768026202714,0.843483966266966
178.86145345545023,3.836599457915982,38.838853017091175,-0.1716502606868744,2.5566725730895996,3.1758079528808594,3.4946116473236657,3.836599457915982,0.6208949314054237
176.92602373147872,1.7765939919187743,39.721538854099435,0.047174643725156784,2.5832419395446777,3.1079797744750977,1.5591819233521562,1.7765939919187743,0.2617909056028367
175.2148427783371,0.05732675768655417,39.508587216156776,0.2109833061695099,2.5460805892944336,3.103757619857788,0.1519990297894651,0.05732675768655417,0.048839267660177654
175.31807425745268,0.08547173635372524,39.618399582537656,0.2067299336194992,2.5574982166290283,3.1012496948242188,0.04876755067388672,0.08547173635372524,0.15865163404105687
175.34865984455598,0.05939756967472128,39.49484829064129,0.20560219883918762,2.550375461578369,3.106175184249878,0.018181963570583548,0.05939756967472128,0.03510034214469471
175.29721485972746,0.06218188236310502,39.423052757180706,0.2078731209039688,2.5482571125030518,3.1115713119506836,0.06962694839910455,0.06218188236310502,0.03669519131589283
175.2237220242581,0.10121032648154758,39.523572651195785,0.20911242067813873,2.553492546081543,3.106966972351074,0.1431197838684568,0.10121032648154758,0.06382470269918628
175.44511577601492,0.023524335958715274,39.423851889313596,0.2036799192428589,2.5493216514587402,3.11443829536438,0.07827396788835017,0.023524335958715274,0.03589605918300265
175.3857204509925,0.008588788053894314,39.3348169583879,0.20554190874099731,2.5427277088165283,3.1124327182769775,0.01887864286592844,0.008588788053894314,0.12493099010870168
175.35114603341387,0.06746516022276312,39.4695185341043,0.20451559126377106,2.54992413520813,3.106367826461792,0.015695774712696675,0.06746516022276312,0.009770585607704163
175.28904595348013,0.023999398110933996,39.474357723131256,0.2096555083990097,2.552398681640625,3.109966993331909,0.07779585464643901,0.023999398110933996,0.014609774634656958
175.2732408957407,0.0018927386832863294,39.56664382410189,0.2126307487487793,2.5550479888916016,3.104572296142578,0.09360091238585255,0.0018927386832863294,0.10689587560528935
175.4870941186538,0.16084786449811836,39.36677882860897,0.1930750608444214,2.544666051864624,3.112318277359009,0.12025231052723484,0.16084786449811836,0.09296911988762702
175.49030430756372,0.04577286955252286,39.244320366979814,0.1994280070066452,2.5365166664123535,3.119417428970337,0.12346249943715293,0.04577286955252286,0.21542758151678498
175.47281902328848,-0.03919083479716237,39.38996390574658,0.20346084237098694,2.546531915664673,3.1143546104431152,0.10597721516191427,0.03919083479716237,0.06978404275001537
175.29287085941533,0.007814508554975522,39.56670188070983,0.21051689982414246,2.5569188594818115,3.1068851947784424,0.073970948711235,0.007814508554975522,0.10695393221323002
175.28507078338316,-0.029464125915280692,39.499967517424224,0.213901087641716,2.5524730682373047,3.1079959869384766,0.08177102474340359,0.029464125915280692,0.04021956892762546
175.36850837428406,0.031848144157763256,39.53694274649609,0.2071353942155838,2.5543692111968994,3.1049644947052,0.0016665661574961632,0.031848144157763256,0.07719479799948914
175.33116089990241,0.06790544786902075,39.56589591838777,0.20617564022541046,2.555210828781128,3.10235595703125,0.03568090822415115,0.06790544786902075,0.10614796989116826
175.2415351576135,0.07781546998034004,39.44196213589789,0.20926541090011597,2.5485167503356934,3.108835458755493,0.12530665051306755,0.07781546998034004,0.017785812598710038
175.45230113502177,0.08688413501637457,39.50192778171601,0.19918006658554077,2.5523953437805176,3.1066110134124756,0.08545932689520441,0.08688413501637457,0.04217983321941432
175.38128082803198,0.05337698602383315,39.46937851522632,0.20405732095241547,2.550673007965088,3.108610153198242,0.014439019905410078,0.05337698602383315,0.009630566729718737
175.27198414093343,0.01933351666900424,39.46178675996385,0.2113995999097824,2.5492312908172607,3.1089844703674316,0.09485766719313915,0.01933351666900424,0.002038811467251378
175.34971169368816,0.08041552218364287,39.486334459840876,0.20517438650131226,2.550907850265503,3.1074166297912598,0.017130114438401733,0.08041552218364287,0.02658651134427714
175.4140520756697,0.06016951585785384,39.3998676800431,0.20219983160495758,2.546210765838623,3.1126155853271484,0.04721026754313584,0.06016951585785384,0.059880268453497365
175.32754089964232,0.031035551487122687,39.499595272114455,0.2079024463891983,2.551300048828125,3.1067514419555664,0.039300908484250385,0.031035551487122687,0.039847323617856034
175.3900644513046,-0.024799098868620667,39.51341274480539,0.20867033302783966,2.5526740550994873,3.107778549194336,0.023222643178030467,0.024799098868620667,0.053664796308794394
175.36152792095228,0.030141350214660956,39.487724403336976,0.20693202316761017,2.553018569946289,3.111199378967285,0.005313887174281717,0.030141350214660956,0.027976454840377585
175.3179103329126,-0.0031383922024296076,39.52310136814305,0.2106924057006836,2.554434299468994,3.107607126235962,0.04893147521397623,0.0031383922024296076,0.0633534196464538
175.38046120533156,0.09964879027847247,39.498031158794525,0.20171517133712769,2.5523550510406494,3.1084580421447754,0.013619397204990946,0.09964879027847247,0.03828321029792647
175.3363791644283,0.022161474121187505,39.41534488870235,0.2081129401922226,2.5463943481445312,3.1100683212280273,0.030462643698257352,0.022161474121187505,0.044403059794248634

Errors:
rotation,[19.674773076155276, 19.690071908833506, 17.57129371961027, 15.193853665744452, 11.110334463751487, 7.9521060366450715, 3.5975668208737672, 0.2581650551361969, 0.2928909210686688, 0.11267987538999955, 0.1685040220781024, 0.3081548130491907, 0.1376943630300681, 0.15239842102852444, 0.09293152054316396, 0.11640502739202996, 0.20238952667442822, 0.37406929491298024, 0.38466295050646077, 0.21495209270909202, 0.18873938947944052, 0.15145471958630974, 0.11070950831474856, 0.20973432598434016, 0.22090793309211765, 0.2145232951309933, 0.07744657265896196, 0.11622999532939476, 0.12413214796632174, 0.16726005185448706, 0.1101837835892291, 0.10168653835544553, 0.06343169222932026, 0.11542328706285963, 0.15155139778138987, 0.09702717761369349]
translation,[0.170370405351016, 0.1601678575502472, 0.14228229351514088, 0.1206598975309463, 0.07743351656966091, 0.049532222257495206, 0.010517202931831449, 0.011134837820320875, 0.006046958180696116, 0.00682621387851956, 0.003883917300546713, 0.004058434992216142, 0.0012091906732516478, 0.006833970659164024, 0.007018890231066166, 0.002408291968921006, 0.004734510696636995, 0.0063147515734396364, 0.005653275880035835, 0.0030491680320059444, 0.0018749233422141742, 0.0036592142375448944, 0.0051492394262799834, 0.006675665909969375, 0.005760826917150297, 0.005532390934011033, 0.004836580292738368, 0.00508183404992657, 0.005552410130024832, 0.004660175001531819, 0.005677314934246169, 0.003974045044674135, 0.001204976117719525, 0.00288505102492298, 0.004006193627121846, 0.006211421340586831]
loss,
[0.08340786397457123, 0.07485681772232056, 0.06263237446546555, 0.04984089732170105, 0.04542921483516693, 0.02246101014316082, 0.010335059836506844, 0.0019208979792892933, 0.0012371191987767816, 0.0010484507074579597, 0.0007662753341719508, 0.0012562420452013612, 0.0017645511543378234, 0.0017877623904496431, 0.0007908567786216736, 0.0015262691304087639, 0.0010762149468064308, 0.001017632195726037, 0.00388219952583313, 0.0031756560783833265, 0.0017705138307064772, 0.0009517918806523085, 0.0010310318320989609, 0.0011383614037185907, 0.0008319129701703787, 0.0007716654217801988, 0.0009304065024480224, 0.0009858831763267517, 0.0013829510426148772, 0.0014281136682257056, 0.0013089434942230582, 0.0012221966171637177, 0.0011508375173434615, 0.000703821424394846, 0.001543680438771844, 0.0010959705105051398]

2022-04-27 11:52:32.206632