2022-04-27 11:44:39.198684

reference phi, theta, psi, translation: -86.91639066027085, -0.0, 34.793557367935236, -2.296917200088501, -0.12373751401901245, 3.3104169368743896

phi,theta,psi,rot_x,rot_y,rot_z,phi_err,theta_err,psi_err
-76.53055527251121,6.8177051513072,38.18892636661862,-2.336111545562744,-0.9462913274765015,3.345968008041382,10.385835387759641,6.8177051513072,3.395368998683381
-76.21059506084195,6.136972845328176,38.41923693033686,-2.3667807579040527,-0.9331861138343811,3.327251434326172,10.705795599428896,6.136972845328176,3.625679562401622
-75.52743270986811,3.9535982016506868,39.38318152790076,-2.4839680194854736,-0.8868431448936462,3.246915578842163,11.388957950402741,3.9535982016506868,4.589624159965524
-76.67445369794503,4.803016529403868,40.84127665153674,-2.5817253589630127,-0.8952606916427612,3.148317575454712,10.241936962325823,4.803016529403868,6.047719283601502
-77.2901884214325,4.929279028773196,41.28676549486707,-2.5888304710388184,-0.8676822185516357,3.135132074356079,9.626202238838346,4.929279028773196,6.493208126931833
-77.60773757632474,4.948412485061037,41.50345324628572,-2.616773843765259,-0.8478836417198181,3.1110074520111084,9.308653083946112,4.948412485061037,6.709895878350487
-79.9013902316959,4.569363112157035,40.58047270826897,-2.6276044845581055,-0.7108816504478455,3.1353087425231934,7.01500042857495,4.569363112157035,5.786915340333735
-82.65037061789678,4.369787276313333,39.063935070999776,-2.5621116161346436,-0.5734648108482361,3.2057933807373047,4.266020042374066,4.369787276313333,4.27037770306454
-83.0602366096109,3.711249790509201,39.04640197540036,-2.5628912448883057,-0.520113468170166,3.195854663848877,3.8561540506599528,3.711249790509201,4.252844607465121
-83.20097948764818,3.229950862702673,38.95388364799795,-2.5495522022247314,-0.48317405581474304,3.199714422225952,3.715411172622666,3.229950862702673,4.160326280062712
-84.33209979533731,2.3843277890837444,38.52231814529069,-2.533918857574463,-0.38453808426856995,3.206275224685669,2.5842908649335357,2.3843277890837444,3.728760777355454
-85.14019996660903,1.590145380941706,38.029673675930596,-2.504725694656372,-0.3011155128479004,3.216115951538086,1.7761906936618175,1.590145380941706,3.23611630799536
-87.25374736375612,-0.3658822269640683,37.070879041000886,-2.446408271789551,-0.09790444374084473,3.2325375080108643,0.3373567034852698,0.3658822269640683,2.27732167306565
-87.08024689845945,0.04790739610033396,34.82886603084962,-2.2976021766662598,-0.12175102531909943,3.3125834465026855,0.1638562381886004,0.04790739610033396,0.03530866291438173
-86.92363066079106,0.01264113296488663,34.866776995837775,-2.2962818145751953,-0.12479067593812943,3.3064334392547607,0.007240000520212675,0.01264113296488663,0.07321962790253878
-86.70235985243933,-0.06631101674767147,34.91880937693493,-2.2978391647338867,-0.12917038798332214,3.2997026443481445,0.21403080783152006,0.06631101674767147,0.1252520089996949
-86.91996284920677,-0.17855682834867936,34.84582539055876,-2.2938780784606934,-0.11524418741464615,3.299691915512085,0.0035721889359194847,0.17855682834867936,0.05226802262352237
-87.09419414474462,0.07402706336003143,34.8230842757172,-2.292367458343506,-0.12182559072971344,3.303868055343628,0.17780348447377037,0.07402706336003143,0.029526907781963985
-87.04649210358126,-0.12030418531558461,34.702480210447696,-2.2858855724334717,-0.11081692576408386,3.3070530891418457,0.13010144331040863,0.12030418531558461,0.09107715748753975
-86.95407964411098,-0.0898418441639442,34.813501520311675,-2.2920637130737305,-0.11842995882034302,3.3015074729919434,0.037688983840126866,0.0898418441639442,0.019944152376439206
-86.91624722629828,-0.08389357474414223,34.80322891579997,-2.2915520668029785,-0.1190328523516655,3.3033804893493652,0.00014343397256766366,0.08389357474414223,0.00967154786473401
-86.94084956768867,-0.0507659794577902,34.73670970347322,-2.28747820854187,-0.1204720064997673,3.306175470352173,0.02445890741782364,0.0507659794577902,0.056847664462019054
-86.94231805836021,-0.04004775106585633,34.84776174918846,-2.292795419692993,-0.122328981757164,3.3007068634033203,0.025927398089365283,0.04004775106585633,0.054204381253221356
-87.05965387811187,-0.11843359927927166,34.8232891813923,-2.2936930656433105,-0.11165057122707367,3.3021023273468018,0.14326321784102447,0.11843359927927166,0.029731813457061662
-86.95265896476361,-0.17874376712541734,34.74403849645264,-2.2886886596679688,-0.11136982589960098,3.3048791885375977,0.03626830449276497,0.17874376712541734,0.04951887148259715
-86.86739088316519,-0.08750994836835091,34.816848313004975,-2.292976140975952,-0.12098011374473572,3.302037000656128,0.04899977710566361,0.08750994836835091,0.023290945069739166
-87.0359121405569,-0.029182228985670872,34.830891181938526,-2.2930760383605957,-0.11787471175193787,3.3022685050964355,0.11952148028605336,0.029182228985670872,0.037333814003289945
-86.93462726535479,-0.05066682220124327,34.81424942602579,-2.292337656021118,-0.12083971500396729,3.3020365238189697,0.01823660508394198,0.05066682220124327,0.02069205809055319
-86.98153700457443,-0.02975829613137313,34.75759642195512,-2.288007974624634,-0.11997326463460922,3.3035385608673096,0.06514634430358512,0.02975829613137313,0.0359609459801149
-87.01854296949756,-0.11355579052671909,34.82063565289975,-2.2930517196655273,-0.11376827955245972,3.3021578788757324,0.10215230922671026,0.11355579052671909,0.027078284964517252
-86.95166175714479,-0.03586513778396724,34.81894859617476,-2.291574716567993,-0.12073636054992676,3.30171799659729,0.03527109687394159,0.03586513778396724,0.025391228239520558
-86.98364753302796,-0.07180719463580587,34.81631555824972,-2.2932116985321045,-0.11757492274045944,3.3024158477783203,0.06725687275711323,0.07180719463580587,0.022758190314483784
-87.11265614607116,-0.006630760383551156,34.831717634828095,-2.2932634353637695,-0.11629842221736908,3.302077054977417,0.19626548580031056,0.006630760383551156,0.03816026689285934
-86.91790013207742,-0.049383711064704974,34.83388621988958,-2.2930917739868164,-0.12108762562274933,3.3014986515045166,0.0015094718065711277,0.049383711064704974,0.040328851954342326
-86.93194983120014,-0.09854529787499343,34.777089781846335,-2.290011167526245,-0.1175759881734848,3.303849220275879,0.015559170929293487,0.09854529787499343,0.016467586088900532
-86.97228209824907,-0.15187481908214473,34.83717837106952,-2.2946765422821045,-0.11338423192501068,3.302661180496216,0.05589143797821805,0.15187481908214473,0.04362100313428385

Errors:
rotation,[20.598909537750224, 20.468448007158695, 19.93218031201895, 21.092672775331195, 21.048689394543374, 20.966961447357637, 17.37127888106572, 12.906185021751938, 11.820248448634274, 11.10568831538805, 8.697379431372735, 6.602452382598884, 2.980560603514988, 0.24707229720331608, 0.09310076138763808, 0.40559383357888645, 0.23439703990812122, 0.28135745561576575, 0.341482786113533, 0.14747498038051027, 0.0937085565814439, 0.1320725513376329, 0.12017953040844297, 0.2914286305773578, 0.26453094310077946, 0.1598006705437537, 0.1860375232750142, 0.08959548537573844, 0.13086558641507315, 0.2427863847179466, 0.09652746289742939, 0.16182225770740288, 0.24105651307672105, 0.09122203482561843, 0.13057205489318746, 0.25138726019464663]
translation,[0.1579505536533441, 0.1573182961133277, 0.15205756363663525, 0.13764806907068028, 0.12627041805422667, 0.12155453500208768, 0.12095723647054335, 0.11258795177105885, 0.09832831724815527, 0.08856117412664677, 0.0736019624634805, 0.056379325280977, 0.02396638506950577, 0.0021090647907131554, 0.0036004657463033496, 0.00809675090742168, 0.01078999462676311, 0.008028791731260476, 0.009418605735640462, 0.010241730557585704, 0.008977402660471867, 0.00895702214686711, 0.010365125580954704, 0.009018281800883265, 0.009596134359183495, 0.009210894866249042, 0.009056081110666803, 0.009579486421885441, 0.010837689839596543, 0.009279029254030569, 0.010278990509037023, 0.00886653862467579, 0.00915230890577945, 0.0095837046587679, 0.009512900679077951, 0.007950106270500079]
loss,
[0.0695863664150238, 0.060391902923583984, 0.046895768493413925, 0.03650106489658356, 0.041592277586460114, 0.04152987524867058, 0.03623853623867035, 0.023275818675756454, 0.02475680038332939, 0.022659514099359512, 0.01816098392009735, 0.013057618401944637, 0.007895534858107567, 0.001878723269328475, 0.001930723898112774, 0.0016151873860508204, 0.002069263719022274, 0.0028003486804664135, 0.0027457873802632093, 0.0015699658542871475, 0.0018638090696185827, 0.0014046479482203722, 0.001260267337784171, 0.0013634990900754929, 0.0022813142277300358, 0.0011738718021661043, 0.0015037305420264602, 0.001198765356093645, 0.0015532796969637275, 0.0010667647002264857, 0.001377010135911405, 0.0016844738274812698, 0.0017570990603417158, 0.0011795866303145885, 0.0017255311831831932, 0.001700865337625146]

2022-04-27 11:47:15.307722