2022-04-27 10:56:56.797799

reference phi, theta, psi, translation: -139.02455270626928, -8.537736090602699e-07, 56.38966954231551, -2.2014424800872803, 2.5346622467041016, 2.231398344039917

phi,theta,psi,rot_x,rot_y,rot_z,phi_err,theta_err,psi_err
-129.04008655489625,6.852725648450977,53.065809209147574,-2.6847352981567383,1.8050535917282104,2.604990243911743,9.984466151373027,6.852726502224586,3.3238603331679357
-128.98202994695114,6.148741677316133,53.25175769420659,-2.6840193271636963,1.82350492477417,2.587007522583008,10.042522759318132,6.148742531089742,3.1379118481089208
-126.79164292164143,2.720866895008279,53.87870758831123,-2.7316436767578125,1.8112399578094482,2.5221946239471436,12.23290978462785,2.720867748781888,2.51096195400428
-124.57532849824233,4.439602112489794,53.95399334843769,-2.8675537109375,1.6683119535446167,2.466732978820801,14.449224208026948,4.439602966263403,2.4356761938778178
-124.39166471146068,6.235215867688569,54.0171760133549,-2.925827741622925,1.6219508647918701,2.425967216491699,14.632887994808598,6.235216721462178,2.372493528960611
-125.3127840229286,6.170913785987167,54.044097203968505,-2.8709206581115723,1.6869032382965088,2.440523386001587,13.71176868334068,6.170914639760777,2.3455723383470044
-124.94485539271835,5.6912900547638,55.47887747687265,-2.931711196899414,1.737167239189148,2.3119418621063232,14.079697313550923,5.691290908537409,0.9107920654428625
-127.02340490055829,5.496342280009465,55.603518183941624,-2.846910238265991,1.840467929840088,2.335357189178467,12.001147805710985,5.496343133783074,0.7861513583738855
-127.85906488513102,4.5731573421526415,56.75156028529946,-2.8381216526031494,1.9426172971725464,2.2489523887634277,11.165487821138257,4.573158195926251,0.3618907429839524
-129.98371816986855,4.132482520329368,57.25679279329989,-2.7498466968536377,2.088282346725464,2.212283134460449,9.040834536400723,4.132483374102977,0.8671232509843776
-132.9650957425791,3.796404999394058,57.44983442981196,-2.621229410171509,2.2412819862365723,2.1985270977020264,6.059456963690167,3.796405853167667,1.0601648874964482
-136.40465606519246,2.3816257073180607,57.32954113814969,-2.4358599185943604,2.4108428955078125,2.1997597217559814,2.6198966410768207,2.38162656109167,0.9398715958341839
-139.00911647874506,0.06327305484304001,57.03570298496116,-2.2313764095306396,2.5580861568450928,2.2029824256896973,0.015436227524219248,0.06327390861664907,0.6460334426456527
-139.18095037788424,0.030626810170288104,56.68591533718647,-2.201833486557007,2.5468876361846924,2.2144291400909424,0.1563976716149682,0.030627663943897165,0.2962457948709627
-139.17871007583648,-0.029817257861628713,56.114832975397945,-2.181509256362915,2.525991678237915,2.241454601287842,0.15415736956720139,0.029816404088019652,0.2748365669175641
-139.14268765815382,-0.0436636757455273,56.17944998004086,-2.183309316635132,2.527225971221924,2.237429141998291,0.11813495188454226,0.04366282197191824,0.2102195622746521
-139.06423610534705,-0.23112274804575925,56.216063209086705,-2.183504819869995,2.5312695503234863,2.236971378326416,0.03968339907777363,0.23112189427215019,0.17360633322880403
-139.09269067342933,-0.10442497012676723,56.20613211403351,-2.185908794403076,2.5287039279937744,2.2388193607330322,0.06813796716005527,0.10442411635315817,0.18353742828200126
-139.14556999798356,-0.029015890560555705,56.40025633552903,-2.19085431098938,2.5341899394989014,2.2267305850982666,0.12101729171428133,0.029015036786946644,0.01058679321351974
-139.12119988302496,-0.02182319775589269,56.218983114956885,-2.187459945678711,2.529092311859131,2.237922430038452,0.09664717675568113,0.02182234398228363,0.17068642735862483
-139.10174750426876,-0.08933740822373215,56.2050631894284,-2.186211585998535,2.528815507888794,2.237758159637451,0.07719479799948203,0.08933655445012309,0.18460635288710847
-139.03571323537307,-0.0755649241094143,56.225393247492946,-2.189842939376831,2.525649309158325,2.236488103866577,0.011160529103790395,0.07556407033580524,0.16427629482256378
-139.13300244991075,-0.09510474842351557,56.19648105673628,-2.1834652423858643,2.5300590991973877,2.2383625507354736,0.1084497436414722,0.09510389464990651,0.19318848557922763
-139.07202252100086,-0.03227387655238321,56.29048153518858,-2.1910555362701416,2.528102397918701,2.2352912425994873,0.04746981473158485,0.03227302277877415,0.09918800712692644
-139.1233992039377,0.02676515932766978,56.20668535935628,-2.1892805099487305,2.527026653289795,2.239260673522949,0.09884649766843268,0.02676601310127884,0.18298418295923113
-139.14051565799775,-0.03364483740612964,56.23516041800606,-2.1875131130218506,2.530630588531494,2.237086296081543,0.11596295172847704,0.03364398363252058,0.15450912430944896
-139.10976614635436,-0.019728977675292497,56.35149903013889,-2.1924524307250977,2.5321123600006104,2.230281352996826,0.08521344008508436,0.019728123901683436,0.038170512176620264
-139.1671807165175,-0.0938099340275816,56.31834870700224,-2.185197114944458,2.5347166061401367,2.2307214736938477,0.1426280102482167,0.09380908025397254,0.07132083531327282
-139.110394523758,-0.09259117275981074,56.183811055825906,-2.1842846870422363,2.5276150703430176,2.2388460636138916,0.08584181748872766,0.09259031898620168,0.20585848648960337
-139.02900598960812,0.0012638020845282866,56.24940477752013,-2.192931652069092,2.524292469024658,2.2345778942108154,0.004453283338847314,0.001264655858137347,0.14026476479538275
-139.18146947226114,-0.0991948704812799,56.336680934734545,-2.1847527027130127,2.5355515480041504,2.2290611267089844,0.15691676599186621,0.09919401670767083,0.05298860758096424
-139.20552539851795,-0.0929416698325627,56.19449347168781,-2.1809780597686768,2.5325114727020264,2.2378790378570557,0.18097269224867318,0.09294081605895364,0.1951760706277028
-139.09295022061778,-0.08415037966911677,56.16544809224233,-2.1857481002807617,2.5274181365966797,2.2409582138061523,0.06839751434850427,0.08414952589550771,0.2242214500731805
-139.13562524255204,-0.08468554045430253,56.26314028794102,-2.1860616207122803,2.532087564468384,2.234539031982422,0.11107253628276226,0.08468468668069347,0.12652925437448914
-139.0949309754771,-0.03575658512734137,56.22301634166178,-2.1884055137634277,2.5282340049743652,2.2370972633361816,0.07037826920782209,0.035755731353732306,0.16665320065372669
-139.13104901580812,-0.07331933160121243,56.1969557548836,-2.185077667236328,2.5295958518981934,2.237928628921509,0.1064963095388407,0.07331847782760337,0.19271378743191292

Errors:
rotation,[20.161052986765547, 19.329177138516794, 17.46473948741402, 21.32450336816817, 23.24059824523139, 22.22825566144846, 20.681780287531197, 18.283642297867946, 16.10053676004846, 14.040441161488078, 10.916027704354281, 5.9413947980026744, 0.724743578786521, 0.48327113042982806, 0.45881034057278514, 0.3720173361311126, 0.44441162657872785, 0.3560995117952147, 0.1606191217147477, 0.2891559480965896, 0.3511377053367136, 0.25100089426215944, 0.39674212387060637, 0.17893084463728542, 0.30859669372894266, 0.3041160596704466, 0.14311207616338806, 0.3077579258154621, 0.3842906229645327, 0.1459827039923674, 0.30909939028050126, 0.46908957893532965, 0.3767684903171925, 0.32228647733794485, 0.2727872012152811, 0.372528574798357]
translation,[0.12242333873291766, 0.1187792700739907, 0.10456125059103005, 0.10298534459555775, 0.10124444422750312, 0.09730691727581053, 0.0868506618785192, 0.085436810144083, 0.07818774205293622, 0.06969743410206153, 0.058823410439768686, 0.04128067951409964, 0.015595327712030205, 0.0014386276576532353, 0.010714087502698533, 0.011203553929034271, 0.008808708493251771, 0.008088646206452665, 0.008655742748487683, 0.007500477858543242, 0.008444411567847254, 0.009164763972258072, 0.008817828062034572, 0.007628809610061182, 0.007063646751728214, 0.006969381280161002, 0.00712647468739025, 0.009189947384040664, 0.009640472165730607, 0.009395442162906775, 0.009825694324121947, 0.008892931611033994, 0.007793113385858419, 0.00825710613279007, 0.007984609404157794, 0.008475040332476702]
loss,
[0.1274181455373764, 0.12490259110927582, 0.11777250468730927, 0.08518107980489731, 0.08270598948001862, 0.07663494348526001, 0.07211031764745712, 0.07387115061283112, 0.06527866423130035, 0.05484963580965996, 0.03317983075976372, 0.014541320502758026, 0.003927380777895451, 0.0011897943913936615, 0.0016568548744544387, 0.0009247983107343316, 0.0011416798224672675, 0.0012791703920811415, 0.001661502057686448, 0.0013401131145656109, 0.0010081339860334992, 0.0010226243175566196, 0.0010907815303653479, 0.0017184264725074172, 0.0008595592225901783, 0.0008991211652755737, 0.0011972663924098015, 0.0009320400422438979, 0.001007630955427885, 0.000980724929831922, 0.0009447019547224045, 0.000918318924959749, 0.001217284006997943, 0.000743285461794585, 0.0011071314802393317, 0.0008749171975068748]

2022-04-27 10:59:32.581285