2022-04-28 16:49:01.230004

reference phi, theta, psi, translation: 16.672973292337613, -0.0, 55.56417970941693, 0.9538894295692444, -3.184936285018921, 2.279534101486206

phi,theta,psi,rot_x,rot_y,rot_z,phi_err,theta_err,psi_err
26.607018987257597,-4.879078348390559,61.415046110949504,1.4386786222457886,-3.2383759021759033,2.121750593185425,9.934045694919984,4.879078348390559,5.850866401532571
27.19006101028281,-4.8308665892806175,61.330747916213205,1.4862290620803833,-3.246201276779175,2.0986287593841553,10.517087717945198,4.8308665892806175,5.766568206796272
27.815479234466075,-3.7753023400637504,59.986696461148924,1.5789166688919067,-3.2186927795410156,2.1217923164367676,11.142505942128462,3.7753023400637504,4.42251675173199
25.26463239080351,-1.6239237628004588,59.5760791486261,1.4969538450241089,-3.25237774848938,2.1259119510650635,8.591659098465897,1.6239237628004588,4.0118994392091665
19.978743869488763,3.4801860480837905,58.77295135507015,1.325167179107666,-3.2900502681732178,2.141249656677246,3.3057705771511507,3.4801860480837905,3.208771645653215
19.124282081678288,2.1932676193407943,56.45584383008917,1.1920664310455322,-3.224069356918335,2.275818347930908,2.4513087893406755,2.1932676193407943,0.8916641206722389
18.3358323646487,1.463303347523195,54.893656623502196,1.1116780042648315,-3.16696834564209,2.3613412380218506,1.662859072311086,1.463303347523195,0.6705230859147377
16.985700333675815,0.7239659590732387,55.07055510791094,1.0095925331115723,-3.1928164958953857,2.3368942737579346,0.31272704133820284,0.7239659590732387,0.4936246015059922
16.154362151300422,-0.010806986280536791,55.01765529278919,0.9289492964744568,-3.1956071853637695,2.328151226043701,0.5186111410371907,0.010806986280536791,0.5465244166277401
16.537943867541046,-0.14822817158973114,55.3597419022747,0.9412142038345337,-3.1936423778533936,2.3000385761260986,0.1350294247965671,0.14822817158973114,0.20443780714223436
16.634954751870026,-0.0209943206777764,55.616751675458524,0.954757571220398,-3.1883037090301514,2.2774364948272705,0.03801854046758635,0.0209943206777764,0.0525719660415902
16.611445240746843,0.04282217735364218,55.482125231822984,0.952954888343811,-3.178074836730957,2.2817814350128174,0.061528051590769905,0.04282217735364218,0.08205447759394957
16.67753756625047,0.04036654582577464,55.567044973773754,0.9570567011833191,-3.178964853286743,2.275010824203491,0.004564273912858852,0.04036654582577464,0.0028652643568207736
16.65799127239319,-0.0029662641765899923,55.63924690348996,0.9542536735534668,-3.1807010173797607,2.2715437412261963,0.01498201994442283,0.0029662641765899923,0.07506719407302853
16.67282132062858,-0.008782659812287933,55.646148809646256,0.9557880163192749,-3.182558536529541,2.2703661918640137,0.00015197170903391566,0.008782659812287933,0.08196910022932258
16.767644836875867,0.03426921169259069,55.4669075703522,0.9606388807296753,-3.174062967300415,2.282466173171997,0.09467154453825444,0.03426921169259069,0.09727213906473509
16.712499597064475,0.06299179043592973,55.50593185617507,0.9588285684585571,-3.1761066913604736,2.280254364013672,0.039526304726862804,0.06299179043592973,0.05824785324186621
16.733695381606317,0.07921228513445581,55.521559328996055,0.9613387584686279,-3.1758711338043213,2.278702974319458,0.06072208926870459,0.07921228513445581,0.042620380420878234
16.71512751234764,-0.0014564422007075069,55.68444909541711,0.9584608674049377,-3.184002161026001,2.2693355083465576,0.04215422001002622,0.0014564422007075069,0.12026938600017445
16.709219398715575,0.08850379955210222,55.454613229846174,0.9593198299407959,-3.172515630722046,2.2823572158813477,0.03624610637796266,0.08850379955210222,0.10956647957075916
16.65569462128477,0.04523922940008416,55.55556342577896,0.9544178247451782,-3.178870677947998,2.276742458343506,0.017278671052842753,0.04523922940008416,0.008616283637969957
16.691944142757322,0.07821139240184616,55.53481672617505,0.9582110047340393,-3.176976203918457,2.2772727012634277,0.01897085041970925,0.07821139240184616,0.02936298324188158
16.79847289569472,0.004111006961073122,55.62631735539112,0.963176965713501,-3.17942214012146,2.2733097076416016,0.12549960335710608,0.004111006961073122,0.06213764597418958
16.646371413067705,0.022628056854323265,55.629711959408624,0.9544564485549927,-3.1821112632751465,2.272449016571045,0.02660187926990787,0.022628056854323265,0.0655322499916906
16.697608077126553,0.014035458710897102,55.556861161721265,0.9568171501159668,-3.177997350692749,2.2764205932617188,0.024634784788940323,0.014035458710897102,0.007318547695668087
16.70703886082305,-0.011712226479017792,55.54053017941577,0.9559643268585205,-3.1768569946289062,2.2772045135498047,0.03406556848543829,0.011712226479017792,0.02364953000116543
16.679260481468607,0.05870508399813397,55.58359793722728,0.9576267004013062,-3.178142786026001,2.274574041366577,0.006287189130993909,0.05870508399813397,0.0194182278103483
16.64428137518168,0.02010162144744675,55.596957787243824,0.9536001086235046,-3.1796412467956543,2.273746967315674,0.02869191715593189,0.02010162144744675,0.03277807782689024
16.739963787717095,0.04243677243178036,55.624268298640125,0.959900975227356,-3.1793315410614014,2.272944211959839,0.06699049537948198,0.04243677243178036,0.06008858922319149
16.711818285694765,0.023660135042570328,55.577939125499924,0.9578447341918945,-3.17861270904541,2.275207757949829,0.03884499335715219,0.023660135042570328,0.013759416082990583
16.65123109266217,0.014195092891937235,55.60877401450795,0.9550076723098755,-3.1809768676757812,2.2743546962738037,0.021742199675443885,0.014195092891937235,0.04459430509101736
16.698139124334524,0.02313753703251068,55.52545936701213,0.9574228525161743,-3.1774230003356934,2.278559446334839,0.02516583199691169,0.02313753703251068,0.038720342404801045
16.69113818043526,-0.02742350329739992,55.60941946738451,0.9554910063743591,-3.1810803413391113,2.2731964588165283,0.01816488809764749,0.02742350329739992,0.04523975796757895
16.643588110980925,-0.0014581541749311088,55.5763272008558,0.9523871541023254,-3.179387331008911,2.275308847427368,0.02938518135668744,0.0014581541749311088,0.012147491438867064
16.712349332902736,0.04706877010688783,55.61003076931523,0.9589633345603943,-3.1789510250091553,2.272986650466919,0.03937604056512356,0.04706877010688783,0.04585105989829685
16.726332437681044,0.09438489151573129,55.516382045605184,0.9607378244400024,-3.1749699115753174,2.2784297466278076,0.05335914534343189,0.09438489151573129,0.04779766381174966

Errors:
rotation,[20.663990444843115, 21.114522514022088, 19.340325033924202, 14.227482300475522, 9.994728270888157, 5.536240529353709, 3.7966855057490188, 1.5303176019174338, 1.0759425439454677, 0.4876954035285326, 0.11158482718695295, 0.18640470653836166, 0.047796084095454265, 0.09301547819404135, 0.09090373175064442, 0.2262128952955802, 0.16076594840465874, 0.18255475482403866, 0.16388004821090818, 0.23431638550082404, 0.07113418409089686, 0.126545226063437, 0.19174825629236877, 0.11476218611592173, 0.045988791195505516, 0.06942732496562151, 0.08441050093947618, 0.08157161643026888, 0.16951585703445382, 0.07626454448271311, 0.08053159765839848, 0.08702371143422341, 0.09082814936262637, 0.04299082697048561, 0.13229587057030823, 0.19554170067091284]
translation,[0.09908907901583852, 0.11024074511690696, 0.13480004871833717, 0.13280358886634236, 0.11199181094847077, 0.09136974269747178, 0.07270458108243627, 0.052304632599782686, 0.030292097297997422, 0.015525714995803241, 0.001681516324961052, 0.004367234713352097, 0.006523376154931704, 0.00777578247862909, 0.006607497356175607, 0.005317812041197634, 0.00539092940441499, 0.005856584131513465, 0.00541145463694459, 0.006914103451695297, 0.006245212542329348, 0.00653980415619948, 0.005663418356030903, 0.006101689954548739, 0.006547276799982349, 0.007206825749874746, 0.0072839924643473, 0.007523899331896899, 0.006724021573162098, 0.006502714207127447, 0.005791264970341992, 0.005646457268510652, 0.006249069952636077, 0.007128931358920454, 0.007224214971461862, 0.006865797068021706]
loss,
[0.17957183718681335, 0.1433386206626892, 0.12823569774627686, 0.12163010239601135, 0.04571714997291565, 0.03593684732913971, 0.015912599861621857, 0.00969390943646431, 0.006302268244326115, 0.004073187708854675, 0.0019375819247215986, 0.001301647862419486, 0.001819737022742629, 0.0024036273825913668, 0.003083915915340185, 0.001810926478356123, 0.0018719248473644257, 0.0013136001070961356, 0.001642487826757133, 0.0015285600675269961, 0.001707800547592342, 0.0025983296800404787, 0.00251803919672966, 0.001704242778941989, 0.0013584159314632416, 0.001444382593035698, 0.001375103136524558, 0.0013935755705460906, 0.0022657266817986965, 0.0018905525794252753, 0.0021757888607680798, 0.0020933120977133512, 0.0013949288986623287, 0.0015108287334442139, 0.0010379311861470342, 0.0016805650666356087]

2022-04-28 16:51:34.591422