2022-04-28 19:05:00.678394

reference phi, theta, psi, translation: -33.091320547511735, -0.0, 74.32085247222868, -2.1190009117126465, -3.251617431640625, 1.089412808418274

phi,theta,psi,rot_x,rot_y,rot_z,phi_err,theta_err,psi_err
-22.822884158753556,1.294954214858955,81.82337814338081,-1.5357718467712402,-3.6827800273895264,0.7731812596321106,10.268436388758179,1.294954214858955,7.502525671152128
-23.250693057417305,1.5147473406212486,81.34769644882444,-1.562262773513794,-3.66267728805542,0.7999308705329895,9.84062749009443,1.5147473406212486,7.026843976595757
-25.197568470890445,2.4673919018702026,79.43773650026792,-1.677155613899231,-3.5718882083892822,0.8928736448287964,7.89375207662129,2.4673919018702026,5.116884028039237
-25.662718013746655,0.8467987807774443,76.27626049952245,-1.7053366899490356,-3.5200295448303223,1.0398173332214355,7.42860253376508,0.8467987807774443,1.955408027293771
-28.75102219791377,0.9196977125768004,73.49756879043201,-1.8442277908325195,-3.40553617477417,1.1592000722885132,4.3402983495979655,0.9196977125768004,0.8232836817966671
-33.459389196599965,-0.38141590728570907,73.51096279139442,-2.131108283996582,-3.2133700847625732,1.1367478370666504,0.36806864908822945,0.38141590728570907,0.8098896808342602
-32.87425713568873,0.021961602794107523,74.00537286465496,-2.100419282913208,-3.249032974243164,1.108243465423584,0.21706341182300548,0.021961602794107523,0.31547960757372095
-33.14133802280374,-0.06120771846952768,74.40992496919482,-2.121467351913452,-3.2459969520568848,1.0832912921905518,0.050017475292001734,0.06120771846952768,0.08907249696613917
-33.01238746636848,-0.04266144001066559,74.26793899672859,-2.111495018005371,-3.249145746231079,1.090942144393921,0.07893308114325492,0.04266144001066559,0.05291347550009107
-32.94156523486462,0.020369444973928067,74.3153814907035,-2.1062827110290527,-3.252087116241455,1.089104175567627,0.14975531264711606,0.020369444973928067,0.005470981525178331
-33.04715995943302,0.0729180408379022,74.33263454854695,-2.112438678741455,-3.252133369445801,1.0880255699157715,0.04416058807871792,0.0729180408379022,0.011782076318269219
-33.03408697736161,-0.045620168000983806,74.27868288429302,-2.1121983528137207,-3.247533082962036,1.0909857749938965,0.057233570150124535,0.045620168000983806,0.0421695879356605
-32.98139206791496,-0.06222264419093818,74.20353031285536,-2.1093740463256836,-3.2483999729156494,1.094861388206482,0.10992847959677476,0.06222264419093818,0.11732215937331603
-33.11869253061056,0.012219440630266289,74.30594899945972,-2.1169517040252686,-3.245734930038452,1.088950753211975,0.02737198309882416,0.012219440630266289,0.014903472768963866
-32.922894912768385,0.0429597893204618,74.2415812967215,-2.104398488998413,-3.2530007362365723,1.0932979583740234,0.16842563474335037,0.0429597893204618,0.07927117550717355
-33.03070944881704,-0.022878038250434746,74.34689598353394,-2.113473653793335,-3.249995708465576,1.0872588157653809,0.060611098694693055,0.022878038250434746,0.026043511305260836
-33.01154735310057,0.041959018347249716,74.41484270539722,-2.1111347675323486,-3.2515530586242676,1.0821609497070312,0.07977319441116748,0.041959018347249716,0.09399023316854027
-33.092577302319015,0.10269580846037227,74.31676118891583,-2.1134324073791504,-3.248025894165039,1.0885258913040161,0.001256754807279492,0.10269580846037227,0.004091283312845917
-33.03565450577613,-0.03589980373691591,74.27516533687046,-2.1116416454315186,-3.2478673458099365,1.091476321220398,0.05566604173560563,0.03589980373691591,0.04568713535822155
-32.966512500808086,0.009738794710159286,74.3573120220182,-2.109130859375,-3.2523388862609863,1.0861072540283203,0.12480804670364876,0.009738794710159286,0.03645954978952659
-32.96074440605401,0.01203214959315212,74.33305802027549,-2.107619047164917,-3.254225254058838,1.0890088081359863,0.13057614145772334,0.01203214959315212,0.012205548046807735
-32.977498860088055,0.056969484985848196,74.34386337954246,-2.108452796936035,-3.252897024154663,1.0880334377288818,0.11382168742368037,0.056969484985848196,0.02301090731377542
-32.940472404597415,0.029935403770849314,74.30200798030862,-2.106215476989746,-3.252861976623535,1.0900081396102905,0.15084814291432025,0.029935403770849314,0.018844491920063433
-32.9463292918107,0.042429544533476596,74.35760572015252,-2.106642246246338,-3.253668785095215,1.0864545106887817,0.14499125570103644,0.042429544533476596,0.036753247923840604
-33.00213193732971,-0.02055210411739881,74.26378624171322,-2.1105480194091797,-3.247793674468994,1.0921005010604858,0.08918861018202762,0.02055210411739881,0.05706623051545989
-32.98763827591094,0.03460960802904793,74.30298469735992,-2.1089560985565186,-3.2526988983154297,1.0906745195388794,0.10368227160079613,0.03460960802904793,0.0178677748687619
-33.07385575380401,0.030775556420768034,74.3109623583105,-2.114305019378662,-3.2487590312957764,1.0892245769500732,0.017464793707723913,0.030775556420768034,0.009890113918174848
-33.04402490260398,0.0027406398094890257,74.32721137834596,-2.1124231815338135,-3.2493858337402344,1.087605357170105,0.04729564490775573,0.0027406398094890257,0.006358906117284846
-32.935827875961806,0.016037883221604224,74.31458918875977,-2.1061809062957764,-3.2523441314697266,1.089152216911316,0.15549267154992918,0.016037883221604224,0.0062632834689111405
-33.06075886607051,0.05148775301370953,74.25366390136327,-2.1116230487823486,-3.247312068939209,1.0929579734802246,0.030561681441227506,0.05148775301370953,0.06718857086541163
-32.95625355667473,0.045467480208798414,74.30921382988298,-2.1061654090881348,-3.252939462661743,1.0895482301712036,0.1350669908370037,0.045467480208798414,0.011638642345701555
-32.99434893677048,0.1119955169182245,74.3558093804008,-2.1088767051696777,-3.2530174255371094,1.0858547687530518,0.0969716107412566,0.1119955169182245,0.03495690817211994
-33.061158432136956,0.04476209003947457,74.29989062166591,-2.1120712757110596,-3.2483084201812744,1.0897371768951416,0.030162115374778864,0.04476209003947457,0.020961850562770223
-32.98444857756854,0.04196919766742802,74.2964550365134,-2.108293056488037,-3.2506871223449707,1.0897490978240967,0.10687196994319237,0.04196919766742802,0.02439743571528652
-33.08771762272455,0.03810902185333085,74.33697854885908,-2.1141700744628906,-3.2486748695373535,1.0877724885940552,0.0036029247871880443,0.03810902185333085,0.016126076630399666
-33.00943682464703,0.02989762904449948,74.32042900050014,-2.1107282638549805,-3.2515151500701904,1.0891481637954712,0.08188372286470269,0.02989762904449948,0.0004234717285385159

Errors:
rotation,[19.06591627476926, 18.382218807311435, 15.47802800653073, 10.230809341836295, 6.083279743971433, 1.5593742372081987, 0.554504622190834, 0.2002976907276686, 0.17450799665401157, 0.17559573914622245, 0.12886070523488935, 0.14502332608676885, 0.28947328316102894, 0.054494896498054314, 0.2906565995709857, 0.10953264825038864, 0.21572244592695747, 0.10804384658049768, 0.1372529808307431, 0.17100639120333463, 0.1548138390976832, 0.193802079723304, 0.19962803860523298, 0.22417404815835362, 0.16680694481488634, 0.15615965449860597, 0.058130464046666795, 0.0563951908345296, 0.17779383824044453, 0.14923800532034867, 0.19217311339150367, 0.24392403583160105, 0.09588605597702365, 0.1732386033259069, 0.05783802327091856, 0.11220482363774069]
translation,[0.03326186669987141, 0.030368168433793308, 0.014666303010568704, 0.0160924259646551, 0.011468871612610343, 0.011232803970213645, 0.0066812152253943324, 0.004885102309957645, 0.005521714671858469, 0.006374928306967398, 0.003404055712523224, 0.0064423128442383515, 0.006171525354891294, 0.005946586974308055, 0.005485302627102229, 0.0047938568785212965, 0.0061371263723630776, 0.006062872874815106, 0.0063317061663257235, 0.005489902631098609, 0.003973651833136138, 0.004874044060070304, 0.005539306445730752, 0.005624623834331821, 0.006795494866434382, 0.004056016025431042, 0.004824106008446627, 0.005743879381159722, 0.006207525844390105, 0.006387434757770372, 0.0056273932420491946, 0.005142925851860269, 0.006221579576829228, 0.006278762091778134, 0.005355476735473097, 0.004496627952512711]
loss,
[0.14834082126617432, 0.14467239379882812, 0.14024852216243744, 0.10763092339038849, 0.03538915142416954, 0.008792662061750889, 0.0032652392983436584, 0.0027835580985993147, 0.0028098083566874266, 0.0029319189488887787, 0.0016788779757916927, 0.002214370761066675, 0.0028049990069121122, 0.002710475353524089, 0.0021959454752504826, 0.002453496679663658, 0.0020199911668896675, 0.0022884223144501448, 0.0024193653371185064, 0.0024414141662418842, 0.0033044132869690657, 0.0021494459360837936, 0.0018369489116594195, 0.002333760727196932, 0.002274368656799197, 0.002194636268541217, 0.002227975521236658, 0.0019424788188189268, 0.002189644379541278, 0.002681091893464327, 0.0020353260915726423, 0.002555352868512273, 0.0017875926569104195, 0.002202741801738739, 0.002170068211853504, 0.0016602352261543274]

2022-04-28 19:09:41.649383