2022-04-28 20:05:14.620921

reference phi, theta, psi, translation: 164.57178246643477, -4.268868188959204e-07, 11.003265705708584, 0.2046843022108078, 0.7416750192642212, 3.957021951675415

phi,theta,psi,rot_x,rot_y,rot_z,phi_err,theta_err,psi_err
174.68706040079186,1.035587752499106,3.46078983121423,-0.0498787984251976,0.24902896583080292,4.223120212554932,10.115277934357096,1.035588179385925,7.542475874494354
173.565311112644,1.5724915454089212,2.4356806761894547,-0.08998245000839233,0.18522310256958008,4.217559814453125,8.993528646209228,1.5724919722957402,8.56758502951913
168.43862576314578,2.185610460835767,-1.1417427459523823,-0.17567037045955658,-0.010252945125102997,4.175533771514893,3.8668432967110107,2.1856108877225857,12.145008451660967
166.8284496474503,1.6078803375695572,0.045394210956271656,-0.12033799290657043,0.04266836494207382,4.189611434936523,2.25666718101553,1.6078807644563762,10.957871494752313
165.44813671808242,1.9727749543166622,2.931981004302799,-0.08912140876054764,0.23525767028331757,4.17404842376709,0.8763542516476548,1.9727753812034812,8.071284701405785
165.24719255270065,0.7348054005002832,6.455738989805611,0.06925410032272339,0.4620876908302307,4.110201835632324,0.6754100862658845,0.7348058273871021,4.547526715902973
164.93740249270556,0.6287791440382127,11.0352634344228,0.16490526497364044,0.7613173127174377,3.9895031452178955,0.3656200262707898,0.6287795709250316,0.03199772871421658
164.5123051791423,0.20066508527033647,11.038804033733806,0.1938118040561676,0.7474679946899414,3.9576163291931152,0.059477287292480696,0.20066551215715536,0.035538328025221944
164.57429597604934,0.04812030630108479,11.307234736983538,0.2081623524427414,0.7600180506706238,3.9405012130737305,0.002513509614573195,0.048120733187903685,0.30396903127495456
164.60490888390933,-0.062434798961783854,11.14496224890873,0.21346016228199005,0.7492184042930603,3.9492244720458984,0.033126417474562686,0.06243437207496496,0.1416965432001458
164.49518872508224,-0.18584693949192965,11.243418572020817,0.2247786968946457,0.752544641494751,3.9433767795562744,0.07659374135252506,0.18584651260511076,0.24015286631223276
164.52511861402525,-0.001494236757624828,11.228614136994814,0.21116332709789276,0.7549480199813843,3.9474403858184814,0.04666385240952309,0.0014938098708059322,0.22534843128623017
164.54152472841162,-0.10593588218471729,11.249346322446742,0.21860501170158386,0.7546430826187134,3.9432883262634277,0.03025773802315257,0.1059354552978984,0.2460806167381584
164.54978925730734,-0.13219363524583094,11.14446791396755,0.2174549698829651,0.7478087544441223,3.947587013244629,0.02199320912743019,0.13219320835901205,0.14120220825896546
164.55019906865752,-0.07751316677010017,11.135779059569648,0.21399639546871185,0.7484509348869324,3.947418212890625,0.021583397777249047,0.07751273988328128,0.13251335386106433
164.53668895447925,-0.06971068809069875,11.154684169418596,0.21452605724334717,0.7493825554847717,3.9503769874572754,0.03509351195552313,0.06971026120387985,0.15141846371001222
164.5891584676833,-0.2049790877280094,11.157972905503957,0.22262626886367798,0.7470908164978027,3.947695732116699,0.01737600124852179,0.2049786608411905,0.15470719979537328
164.60880209173624,-0.02731048006350688,11.10386585444641,0.21059578657150269,0.7473717927932739,3.954594612121582,0.037019625301468295,0.02731005317668798,0.10060014873782563
164.52662125564265,0.20503911538489783,11.287262410076776,0.1990484893321991,0.7652918100357056,3.9518158435821533,0.045161210792116435,0.20503954227171672,0.28399670436819235
164.55253499335367,-0.1439646171564373,11.232584184449884,0.22165802121162415,0.7521884441375732,3.9439899921417236,0.019247473081094313,0.1439641902696184,0.22931847874130007
164.44028766453368,-0.04332105491792065,11.140441517451828,0.21381668746471405,0.7484397888183594,3.9470183849334717,0.1314948019010842,0.04332062803110175,0.13717581174324422
164.5628895601354,-0.07629034084572184,11.25015313854245,0.2170085459947586,0.7558454275131226,3.9497835636138916,0.008892906299365677,0.07628991395890294,0.24688743283386572
164.49364510232982,-0.059498251931220575,11.29089180184699,0.2160242795944214,0.7584004402160645,3.9421982765197754,0.07813736410494698,0.05949782504440168,0.28762609613840695
164.48886396991082,-0.048915657374520444,11.170696694154046,0.21382693946361542,0.7504643797874451,3.948218822479248,0.0829184965239449,0.04891523048770155,0.1674309884454619
164.5795415613319,-0.003753176809047005,11.269287913502241,0.21310770511627197,0.7587093710899353,3.951342821121216,0.007759094897124896,0.003752749922228109,0.2660222077936574
164.51628034923925,0.10116076944366385,11.162123952972033,0.20355093479156494,0.7552360892295837,3.955014705657959,0.05550211719551612,0.10116119633048275,0.15885824726344921
164.4972241214549,-0.08048970942644082,11.308634925763391,0.2183915674686432,0.7595621943473816,3.946397066116333,0.07455834497986302,0.08048928253962193,0.30536922005480704
164.61927960192304,-0.17882636329123597,11.124594624803752,0.22008930146694183,0.7460184097290039,3.950242280960083,0.04749713548827117,0.17882593640441707,0.12132891909516808
164.51402638681316,-0.05384075094712947,11.208434343092012,0.2151944637298584,0.753335177898407,3.9459776878356934,0.05775607962161189,0.05384032406031058,0.20516863738342828
164.48789408304867,-0.1360686189783244,11.263871573490421,0.22120565176010132,0.7554002404212952,3.9447336196899414,0.08388838338609617,0.1360681920915055,0.2606058677818375
164.5699519757372,-0.08266884930681706,11.097967986098103,0.2141023874282837,0.7451549172401428,3.947669506072998,0.0018304906975572521,0.08266842241999817,0.09470228038951944
164.5759625422068,0.003034538504130006,11.111962189933813,0.20812612771987915,0.7489258050918579,3.9520816802978516,0.0041800757720409365,0.003034965390948902,0.10869648422522893
164.55208420086845,-0.015554761533796375,11.377530190147665,0.2148592472076416,0.7662566900253296,3.9454996585845947,0.01969826556631915,0.01555433464697748,0.374264484439081
164.56403703191597,0.0019606990678787857,11.193862988271436,0.20954355597496033,0.7536044120788574,3.947634696960449,0.007745434518795946,0.0019611259546976818,0.1905972825628517
164.5877651090926,-0.05519075955681376,11.057911487936916,0.2104911208152771,0.7438349723815918,3.95145320892334,0.015982642657832002,0.05519033266999487,0.05464578222833261
164.5562642766405,-0.025189650713827224,11.268625385152749,0.21362178027629852,0.7584697008132935,3.9466917514801025,0.015518189794278214,0.025189223827008327,0.26535967944416505

Errors:
rotation,[18.693341988237375, 19.133605648024098, 18.197462636094563, 14.82241944022422, 10.920414334256922, 5.957742629555959, 1.0263973259100378, 0.295681127474858, 0.3546032740774314, 0.23725733274967345, 0.5025931202698686, 0.2735060935665592, 0.38227381005920935, 0.2953886257454077, 0.23160949152159466, 0.2562222368694152, 0.3770618618850856, 0.16492982721598193, 0.5341974574320255, 0.39253014209201276, 0.3119912416754302, 0.33207025309213434, 0.42526128528775564, 0.2992647154571083, 0.2775340526130104, 0.3155215607894481, 0.460416847574292, 0.3476519909878563, 0.31676504106535075, 0.48056244325943914, 0.17920119350707486, 0.11591152538821876, 0.4095170846523776, 0.20030384303634532, 0.12581875755615948, 0.3060670930654516]
translation,[0.19962134480110283, 0.1914550495971623, 0.1481111580773966, 0.16042758675330138, 0.1504938741041233, 0.10554612691019738, 0.03371219495513067, 0.001115935345570307, 0.012608177494594308, 0.0058006682351354755, 0.010299469371902958, 0.006601344149148147, 0.010333314301541385, 0.0074554777503523795, 0.007687115743802764, 0.00458274090126487, 0.0071993874854721085, 0.0010254630133443854, 0.000975019339138683, 0.009937935047505064, 0.00809101688721725, 0.003823944656003775, 0.01083476236117864, 0.006535678297152181, 0.001964609679329321, 0.0004906058685962833, 0.006370597703929448, 0.005039378990717047, 0.008124743277146962, 0.008631568919937216, 0.008046723757385799, 0.0033309980524895977, 0.006171589464156746, 0.006747233578543899, 0.004768331818014282, 0.006543664489601753]
loss,
[0.13779303431510925, 0.13347765803337097, 0.07058681547641754, 0.04456588625907898, 0.042144086211919785, 0.029047181829810143, 0.010130341164767742, 0.0040048034861683846, 0.004048168659210205, 0.002759102499112487, 0.0030777957290410995, 0.003891688771545887, 0.0026772483251988888, 0.0027081863954663277, 0.004706240259110928, 0.0036193514242768288, 0.004281574860215187, 0.004654202144593, 0.0030071921646595, 0.0036768566351383924, 0.00428816769272089, 0.003456600708886981, 0.0042591942474246025, 0.0029570958577096462, 0.0034239054657518864, 0.0036001838743686676, 0.0023641919251531363, 0.004094919189810753, 0.0025853579863905907, 0.003453680779784918, 0.004211043007671833, 0.00357045978307724, 0.0029434552416205406, 0.004653254058212042, 0.00364954536780715, 0.002751873340457678]

2022-04-28 20:07:46.227880