2022-04-28 19:41:01.735130

reference phi, theta, psi, translation: 175.36684180812657, -0.0, 39.4597479484966, 0.2069414258003235, 2.553555727005005, 3.112318754196167

phi,theta,psi,rot_x,rot_y,rot_z,phi_err,theta_err,psi_err
-174.60268024378553,2.426304892454245,32.24175771288345,-0.3459881842136383,2.1274664402008057,3.6064906120300293,10.030477948087878,2.426304892454245,7.217990235613151
-174.63500069893803,1.965531134906069,32.127628666947125,-0.3168627917766571,2.132737159729004,3.6021029949188232,9.998157492935434,1.965531134906069,7.332119281549474
-174.67390545645043,1.7446770972517949,31.837683721585496,-0.30025991797447205,2.117567539215088,3.604444980621338,9.959252735422979,1.7446770972517949,7.622064226911103
-175.2927615763886,1.4258415696762041,32.44879099191029,-0.26611244678497314,2.1699326038360596,3.557565212249756,9.340396615484792,1.4258415696762041,7.0109569565863055
-179.20028547979624,3.7543083013305494,37.09372602377458,-0.26342689990997314,2.4777562618255615,3.256936550140381,5.432872712077199,3.7543083013305494,2.3660219247220198
178.23662775017746,4.264976088465636,40.71533820852546,-0.15928718447685242,2.652339458465576,3.082714557647705,2.869785942050896,4.264976088465636,1.2555902600288604
177.07266789295892,1.9978500112275301,40.11338339168848,0.02368965558707714,2.6131677627563477,3.102780342102051,1.7058260848323528,1.9978500112275301,0.6536354431918809
174.7409915744783,-0.5886762425521722,39.45007981572645,0.267635703086853,2.543738603591919,3.108733892440796,0.625850233648265,0.5886762425521722,0.009668132770151772
175.41638800036583,0.07170175498492884,39.616336865408314,0.2035728096961975,2.5584280490875244,3.1003849506378174,0.049546192239262155,0.07170175498492884,0.15658891691171561
175.2572036115695,0.07194915386297594,39.530071576191055,0.20845578610897064,2.5537545680999756,3.106071949005127,0.1096381965570572,0.07194915386297594,0.07032362769445655
175.3011900298244,0.03261323505164242,39.46988736431948,0.20905229449272156,2.551605463027954,3.1109864711761475,0.0656517783021684,0.03261323505164242,0.010139415822884246
175.2881853496447,-0.0034116763681137957,39.5382370673438,0.21160930395126343,2.553820848464966,3.1057088375091553,0.07865645848187341,0.0034116763681137957,0.07848911884720167
175.2948379538963,-0.007628385736367868,39.512528235307876,0.21163250505924225,2.553605794906616,3.107001781463623,0.07200385423027456,0.007628385736367868,0.05278028681127722
175.27493478265487,0.005465574116841697,39.45278798573236,0.21072709560394287,2.549516201019287,3.109905958175659,0.09190702547169849,0.005465574116841697,0.006959962764241823
175.28438776446617,0.0336150139397588,39.43869730547462,0.20969723165035248,2.549908399581909,3.1127729415893555,0.08245404366039111,0.0336150139397588,0.021050643021979454
175.2701399898575,-0.01988994427659385,39.46511306208964,0.21266691386699677,2.549915313720703,3.109300374984741,0.09670181826905377,0.01988994427659385,0.005365113593043702
175.31199538909135,0.030976109244572746,39.516954197890044,0.2085515260696411,2.5539889335632324,3.1069424152374268,0.05484641903521492,0.030976109244572746,0.05720624939344532
175.32551916364798,0.05589642560615371,39.50278155536227,0.20613373816013336,2.5532126426696777,3.109250068664551,0.04132264447858347,0.05589642560615371,0.04303360686567004
175.18565054982446,0.002088498696947021,39.52185485861953,0.21669545769691467,2.5533435344696045,3.107581853866577,0.18119125830210692,0.002088498696947021,0.06210691012292813
175.27548119778848,0.08715566574462229,39.505510215935686,0.20759494602680206,2.553028106689453,3.1068716049194336,0.09136061033808573,0.08715566574462229,0.04576226743908762
175.2560424794106,-0.041135570613917566,39.53498248220429,0.21489807963371277,2.5533955097198486,3.1061758995056152,0.11079932871595588,0.041135570613917566,0.07523453370769317
175.24765500710984,0.035163729722829794,39.509413669046346,0.21090559661388397,2.5528934001922607,3.1074376106262207,0.11918680101672408,0.035163729722829794,0.04966572054974705
175.31400346470735,0.02620546270159368,39.41005490719017,0.20819677412509918,2.547605276107788,3.112698793411255,0.05283834341921079,0.02620546270159368,0.04969304130642627
175.27533093362675,-0.025015160332721973,39.48280666713456,0.21293945610523224,2.552133798599243,3.110098123550415,0.09151087449981787,0.025015160332721973,0.023058718637962272
175.33960301371656,0.06549086730190656,39.514556801491366,0.20505210757255554,2.5539257526397705,3.1090753078460693,0.027238794410010314,0.06549086730190656,0.054808852994767676
175.29998791653048,0.007904144845565017,39.41422815277305,0.20983099937438965,2.5477497577667236,3.1123862266540527,0.06685389159608235,0.007904144845565017,0.045519795723549805
175.29472867086957,0.016565953239958152,39.454294042444346,0.21012170612812042,2.5499234199523926,3.110826015472412,0.07211313725699142,0.016565953239958152,0.005453906052252933
175.25473108308998,0.013751409849543152,39.44557189087424,0.2115560919046402,2.5489273071289062,3.1111867427825928,0.1121107250365867,0.013751409849543152,0.014176057622357519
175.25318746033756,0.05340537376747164,39.534466802921955,0.20979952812194824,2.5545742511749268,3.1062307357788086,0.11365434778900863,0.05340537376747164,0.07471885442535608
175.2576407436764,-0.015274193275397585,39.46962781713103,0.2138749063014984,2.550581932067871,3.109743595123291,0.10920106445016131,0.015274193275397585,0.009879868634428135
175.2963815766487,0.016647058478655916,39.43400496551482,0.20973455905914307,2.5486273765563965,3.111711025238037,0.07046023147785263,0.016647058478655916,0.025742982981775242
175.3141947100041,0.0206628605234962,39.46588145837127,0.20856134593486786,2.5510544776916504,3.111178398132324,0.052647098122463376,0.0206628605234962,0.006133509874672427
175.2988404447499,-0.0044792664305809415,39.45407889148549,0.2108771950006485,2.550034999847412,3.111401081085205,0.06800136337665208,0.0044792664305809415,0.0056690570111115335
175.3168175026454,-0.01183948510590134,39.468442779310024,0.21079793572425842,2.5507972240448,3.1095523834228516,0.050024305481173315,0.01183948510590134,0.00869483081342537
175.28031697172085,0.04353850315356128,39.46977466619818,0.20883210003376007,2.5509462356567383,3.109614133834839,0.08652483640571518,0.04353850315356128,0.010026717701578036
175.26493538570998,0.028269734224300853,39.53375304815369,0.21108749508857727,2.5541763305664062,3.1067681312561035,0.1019064224165902,0.028269734224300853,0.0740050996570929

Errors:
rotation,[19.674773076155276, 19.295807909390977, 19.325994059585877, 17.777195141747303, 11.553202938129768, 8.390352290545392, 4.357311539251764, 1.2241946089705888, 0.2778368641359066, 0.2519109781144897, 0.10840442917669506, 0.16055725369718887, 0.13241252677791965, 0.10433256235278202, 0.13711970062212936, 0.12195687613869133, 0.143028777673233, 0.14025267695040722, 0.24538666712198207, 0.22427854352179566, 0.22716943303756662, 0.20401625128930093, 0.12873684742723074, 0.13958475347050212, 0.14753851470668455, 0.12027783216519718, 0.09413299654920251, 0.14003819250848737, 0.24177857598183636, 0.13435512635998703, 0.11285027293828379, 0.079443468520632, 0.07814968681834455, 0.07055862140050002, 0.1400900572608545, 0.20418125629798395]
translation,[0.170370405351016, 0.16697977025000377, 0.16008482859273165, 0.14447814277143145, 0.06964006475109663, 0.03868763586441215, 0.02552654348238903, 0.005403879302470216, 0.006283140407381538, 0.0046167943864761085, 0.002154998324595425, 0.004690351810427096, 0.0038281267138682296, 0.004225075442493065, 0.0018160880042348282, 0.004338028757355339, 0.0037916954800385483, 0.0026276300643850448, 0.003277651445958263, 0.004505013909472666, 0.004425644508415871, 0.003981651282198406, 0.0034083419564243655, 0.0023026377043118273, 0.002365694945832608, 0.003473691826141767, 0.003288330521157512, 0.00356513004330683, 0.003904619410849186, 0.0035096937309875287, 0.003445177318463166, 0.002381156110415006, 0.002734063980657453, 0.0036832022051358493, 0.0036435579903963955, 0.003675181441153086]
loss,
[0.10228781402111053, 0.09677185863256454, 0.09767363965511322, 0.09343179315328598, 0.053923726081848145, 0.022731821984052658, 0.012502922676503658, 0.003487457986921072, 0.0013103070668876171, 0.0013186027063056827, 0.0011321594938635826, 0.0012900566216558218, 0.001116202212870121, 0.0015148143284022808, 0.0008906665025278926, 0.0013979794457554817, 0.0011557089164853096, 0.0013837101869285107, 0.001395416329614818, 0.0012086792849004269, 0.0012920885346829891, 0.001305350917391479, 0.0011017301585525274, 0.0010490118293091655, 0.0011740191839635372, 0.0010929335840046406, 0.0012543248012661934, 0.0012402668362483382, 0.0012887846678495407, 0.0011478927917778492, 0.0011443424737080932, 0.0015756445936858654, 0.0013725890312343836, 0.0013637738302350044, 0.001088770106434822, 0.0013982404489070177]

2022-04-28 19:45:31.018751