2022-04-28 19:23:04.815987

reference phi, theta, psi, translation: 164.57178246643477, -4.268868188959204e-07, 11.003265705708584, 0.2046843022108078, 0.7416750192642212, 3.957021951675415

phi,theta,psi,rot_x,rot_y,rot_z,phi_err,theta_err,psi_err
174.68706040079186,1.035587752499106,3.46078983121423,-0.0498787984251976,0.24902896583080292,4.223120212554932,10.115277934357096,1.035588179385925,7.542475874494354
174.87459007464375,1.6496827185203242,3.983965246164282,-0.06621189415454865,0.2644186019897461,4.2108683586120605,10.30280760820898,1.6496831454071432,7.0193004595443025
176.07830163283177,0.7955461556206372,3.5056059040098573,-0.016344742849469185,0.21154502034187317,4.228967666625977,11.506519166396998,0.7955465825074561,7.497659801698727
176.977577999334,0.6307922424213591,3.4795387004859153,-0.006955968216061592,0.20357456803321838,4.239259719848633,12.40579553289922,0.630792669308178,7.523727005222669
177.73021020435604,0.8169994736898157,3.466075970744997,-0.01814025081694126,0.20441606640815735,4.241091728210449,13.158427737921272,0.8169999005766346,7.537189734963587
178.13750804494225,1.529970141567103,4.017413109416657,-0.07589679956436157,0.24700210988521576,4.232136249542236,13.565725578507482,1.529970568453922,6.9858525962919265
178.6133536640387,1.8269399075262507,4.652955381497174,-0.10464717447757721,0.2909860908985138,4.232327461242676,14.041571197603929,1.8269403344130697,6.35031032421141
179.44281183684504,2.3254024615577213,4.831213500437575,-0.13598592579364777,0.30738183856010437,4.234196662902832,14.87102937041027,2.32540288844454,6.172052205271009
-179.92072017307083,2.4741785647835766,4.346321295785445,-0.16018103063106537,0.28002554178237915,4.23552942276001,15.507497360494426,2.4741789916703953,6.656944409923139
-179.45501055470268,3.178997290711192,4.615169921235017,-0.2071935534477234,0.299363374710083,4.230908393859863,15.97320697886255,3.1789977175980106,6.388095784473567
-179.11869203997125,3.6578725326047867,4.866597295432826,-0.24946188926696777,0.3180430233478546,4.22731351852417,16.30952549359398,3.6578729594916055,6.136668410275758
-177.900227273176,5.070138605155072,5.159086059373458,-0.35932496190071106,0.33384832739830017,4.218191623687744,17.52799026038923,5.070139032041891,5.844179646335125
-177.5359732847392,6.410914410016657,5.577669933789459,-0.459685742855072,0.3597666621208191,4.211657524108887,17.892244248826046,6.410914836903476,5.425595771919125
-177.8849003286785,7.870620194836474,5.977490424781788,-0.5698561072349548,0.3869084119796753,4.200586318969727,17.543317204886762,7.870620621723293,5.025775280926796
-178.1145312885743,9.047205108308415,5.839807898379494,-0.6510344743728638,0.37464335560798645,4.194471836090088,17.31368624499089,9.047205535195234,5.16345780732909
-177.411021804063,8.923744141620167,5.842525033008689,-0.6501043438911438,0.3675529360771179,4.202289581298828,18.01719572950219,8.923744568506986,5.160740672699895
-177.36782768775183,8.769227354557154,5.807762358341087,-0.6392662525177002,0.36726927757263184,4.21003532409668,18.060389845813404,8.769227781443973,5.195503347367497
-177.2789122851366,8.84244711442383,6.141643776199289,-0.6435880064964294,0.3886758089065552,4.212677478790283,18.149305248428618,8.84244754131065,4.861621929509295
-177.396077350159,9.317838586552881,5.614664799655187,-0.6754056215286255,0.35391029715538025,4.217233180999756,18.032140183406227,9.3178390134397,5.388600906053397
-177.76482560306965,9.41574173903207,5.6956273007555795,-0.6833035945892334,0.36267295479774475,4.210740566253662,17.66339193049555,9.41574216591889,5.307638404953004
-177.61942453601844,9.514481585308797,5.582408804412978,-0.6908818483352661,0.35013359785079956,4.2084503173828125,17.80879299754679,9.514482012195616,5.420856901295606
-177.4108852002796,9.597595285193464,5.653220790633085,-0.6996150016784668,0.3516272306442261,4.208094120025635,18.017332333285594,9.597595712080283,5.3500449150754985
-177.05673989181443,9.989598500285442,5.851119118531858,-0.733100950717926,0.36159849166870117,4.206002235412598,18.3714776417508,9.989598927172262,5.152146587176726
-177.20171748713713,9.555058386401852,5.794912638078177,-0.699249267578125,0.3616280257701874,4.211757659912109,18.2265000464281,9.555058813288671,5.208353067630407
-177.3426242897145,9.274577469929353,5.940022141429213,-0.6757335662841797,0.37306684255599976,4.213225841522217,18.085593243850724,9.274577896816172,5.063243564279371
-177.81853821070266,8.95443039211983,6.024291307861539,-0.6498569846153259,0.38463419675827026,4.211616039276123,17.609679322862576,8.95443081900665,4.978974397847045
-177.66365684108342,8.897533503527546,5.946924901359158,-0.6457167267799377,0.3778897225856781,4.215128421783447,17.764560692481837,8.897533930414365,5.056340804349426
-177.6819071065457,8.790049422707192,5.903822565714969,-0.638079047203064,0.3743446469306946,4.220941543579102,17.746310427019523,8.790049849594011,5.099443139993615
-177.75291375315717,8.929885388990945,5.993403484887448,-0.6492258310317993,0.38111966848373413,4.215698719024658,17.675303780408058,8.929885815877764,5.009862220821136
-177.77022145251397,9.10703435414866,6.012335488606254,-0.6607136726379395,0.3832305371761322,4.212188720703125,17.657996081051238,9.107034781035479,4.9909302171023295
-177.671634502034,8.98461527797207,5.759527135535634,-0.6529223322868347,0.36579808592796326,4.216508388519287,17.75658303153125,8.98461570485889,5.24373857017295
-177.51717660414334,9.038079977476295,5.7446266509744275,-0.6579022407531738,0.3620655834674835,4.213621139526367,17.911040929421915,9.038080404363114,5.258639054734156
-177.21308292191603,9.27842549902778,5.742989113120917,-0.6774359345436096,0.3592104911804199,4.212215423583984,18.215134611649205,9.278425925914599,5.260276592587667
-177.0449236645503,9.584305081010976,5.8017483767768905,-0.7010083198547363,0.36276108026504517,4.207853317260742,18.383293869014892,9.584305507897795,5.201517328931693
-177.0011284915922,9.70562758887279,6.0263156051768005,-0.7099088430404663,0.37501025199890137,4.203401565551758,18.427089041973034,9.70562801575961,4.976950100531783
-177.31336375931016,9.584167749066014,6.089764647471634,-0.702297031879425,0.3839018642902374,4.2011942863464355,18.11485377425504,9.584168175952833,4.91350105823695

Errors:
rotation,[18.693341988237375, 18.971791213160426, 19.79972555060318, 20.560315207430065, 21.512617373461495, 22.081548743253332, 22.21882185622841, 23.368484464125817, 24.63862076208796, 25.54030048093413, 26.104066863361343, 28.442308938766246, 29.728754857648646, 30.439713107536853, 31.52434958751521, 32.10168097070907, 32.025120974624876, 31.85337471924856, 32.73858010289933, 32.386772501367446, 32.74413191103801, 32.96497296044138, 33.513223156099784, 32.98991192734718, 32.42341470494627, 31.54308453971627, 31.718435427245627, 31.63580341660715, 31.61505181710696, 31.75596107918905, 31.98493730656309, 32.20776038851918, 32.75383713015147, 33.16911670584438, 33.10966715826442, 32.612523008444825]
translation,[0.19962134480110283, 0.18855278579665935, 0.20315804769782808, 0.21302165651459415, 0.2149250360424526, 0.20888850385170699, 0.21248037268307485, 0.2163876839115293, 0.2166683811169614, 0.215414802791849, 0.21546528435209655, 0.21548265415466883, 0.22078856362736943, 0.2255551978712136, 0.23006782136822412, 0.23700518031594164, 0.242972815878141, 0.24811471663323825, 0.25448435116724877, 0.2500825610774875, 0.24800247473451176, 0.24919339704125676, 0.2535700697118495, 0.25356793136306965, 0.2522187040273689, 0.24765214274022362, 0.2498824675921707, 0.2541512872349436, 0.2512608597734438, 0.24975208459903975, 0.2512838294976021, 0.24888627943972708, 0.25030898705496973, 0.2501136520039706, 0.24826217344350887, 0.24562631601200113]
loss,
[0.07580894231796265, 0.06781958043575287, 0.054594337940216064, 0.052509456872940063, 0.05739534646272659, 0.054707836359739304, 0.054608702659606934, 0.050374262034893036, 0.06152414530515671, 0.05427635461091995, 0.05117887258529663, 0.05220828577876091, 0.05166078731417656, 0.05329884588718414, 0.05398337170481682, 0.04530172795057297, 0.04451417922973633, 0.04923971742391586, 0.053288303315639496, 0.04880501329898834, 0.04770543798804283, 0.047952376306056976, 0.04631413146853447, 0.05444571375846863, 0.050596099346876144, 0.04970061779022217, 0.043259602040052414, 0.04805919528007507, 0.047228507697582245, 0.0554523691534996, 0.05140773579478264, 0.05185852572321892, 0.05255598947405815, 0.05245041847229004, 0.052622050046920776, 0.05407518893480301]

2022-04-28 19:27:30.762055