2022-04-27 13:35:32.868105

reference phi, theta, psi, translation: -139.02455270626928, -8.537736090602699e-07, 56.38966954231551, -2.2014424800872803, 2.5346622467041016, 2.231398344039917

phi,theta,psi,rot_x,rot_y,rot_z,phi_err,theta_err,psi_err
-129.04008655489625,6.852725648450977,53.065809209147574,-2.6847352981567383,1.8050535917282104,2.604990243911743,9.984466151373027,6.852726502224586,3.3238603331679357
-129.20843705755874,6.568584821169595,53.65874134609097,-2.6993167400360107,1.8357467651367188,2.5638434886932373,9.816115648710536,6.568585674943204,2.7309281962245393
-128.63755618635074,3.383456954397726,54.58772220529357,-2.7365362644195557,1.9129714965820312,2.4417450428009033,10.38699651991854,3.383457808171335,1.8019473370219359
-129.86555589722732,6.410258985375355,54.959342552750215,-2.7672626972198486,1.9386394023895264,2.356414794921875,9.158996809041952,6.4102598391489645,1.4303269895652946
-131.9963973333529,4.596311907697417,56.52967134482784,-2.669750690460205,2.1477744579315186,2.2507481575012207,7.0281553729163875,4.596312761471026,0.1400018025123302
-135.17869175068853,1.7177161624166006,57.58432085456951,-2.4796133041381836,2.389033079147339,2.176251173019409,3.845860955580747,1.7177170161902098,1.1946513122540026
-140.2453943788957,-0.5833542681360341,56.945961129456364,-2.144183397293091,2.60916805267334,2.2044527530670166,1.2208416726264204,0.583353414362425,0.5562915871408549
-138.96631851340575,0.1577719595615747,56.32436610366101,-2.2034904956817627,2.522127866744995,2.23093318939209,0.05823419286352305,0.15777281333518375,0.06530343865449595
-138.9942539871111,-0.05489625758320631,56.236751852082676,-2.1938669681549072,2.5256311893463135,2.235182762145996,0.03029871915816784,0.054895403809597246,0.15291769023283308
-139.0132282526254,0.09846157597317994,56.320090405240585,-2.199770927429199,2.5251200199127197,2.2332661151885986,0.011324453643879906,0.098462429746789,0.0695791370749248
-139.16112916891285,-0.11936973009755053,56.52619477854031,-2.1924331188201904,2.5432026386260986,2.218418836593628,0.13657646264357481,0.11936887632394147,0.13652523622479862
-139.11676026006444,-0.09091507936562211,56.288886686017385,-2.1875412464141846,2.5334465503692627,2.2344958782196045,0.09220755379516277,0.09091422559201305,0.10078285629812456
-139.2331603438998,-0.063764747423439,56.33260331180005,-2.1841866970062256,2.5367681980133057,2.229491949081421,0.2086076376305357,0.06376389364982994,0.05706623051545989
-139.05265210451472,0.030633081677629567,56.34699110528668,-2.1963233947753906,2.5281970500946045,2.2312822341918945,0.028099398245444718,0.030633935451238627,0.04267843702882601
-139.1748578491446,-0.059675280916877446,56.39719641078086,-2.1890058517456055,2.536923408508301,2.225670337677002,0.15030514287531105,0.059674427143268385,0.007526868465348002
-139.18835430294453,0.05246288620869146,56.35956889864326,-2.190969467163086,2.533877372741699,2.230410099029541,0.16380159667525618,0.05246373998230052,0.03010064367224885
-139.055998897208,-0.03954732598598752,56.319417631607344,-2.1927711963653564,2.529816150665283,2.2328121662139893,0.03144619093873757,0.03954647221237846,0.07025191070816561
-139.10514893847542,0.024363949498739493,56.35362663406535,-2.1940486431121826,2.5315358638763428,2.229811668395996,0.08059623220614753,0.024364803272348554,0.036042908250159655
-139.0999853154629,-0.030636959024664772,56.34326523709444,-2.192051649093628,2.532217502593994,2.2311742305755615,0.07543260919362638,0.03063610525105571,0.04640430522106698
-139.00973119577034,-0.02252327786650859,56.33820406691946,-2.1968982219696045,2.528853178024292,2.232816457748413,0.014821510498933321,0.022522424092899528,0.05146547539604995
-139.11600893925575,0.0075329289416526035,56.28013038350143,-2.1903984546661377,2.5299010276794434,2.236112117767334,0.09145623298647365,0.007533782715261663,0.10953915881407994
-139.12871309111196,-0.08714808232142593,56.304589290919246,-2.18816876411438,2.533501148223877,2.234127998352051,0.10416038484268597,0.08714722854781687,0.0850802513962634
-139.04878621744447,-0.01550395687152294,56.28353864789727,-2.1936287879943848,2.527869462966919,2.235041618347168,0.02423351117519701,0.015503103097913879,0.10613089441824286
-139.06054780319525,0.03730223700119933,56.34802587894594,-2.195369005203247,2.5287280082702637,2.2303972244262695,0.0359950969259728,0.03730309077480839,0.041643663369569595
-139.11329052396607,0.04335999163261513,56.339112482079074,-2.1932125091552734,2.5304903984069824,2.230741500854492,0.08873781769679567,0.04336084540622419,0.0505570602364358
-139.05461919899568,0.05257297405447965,56.306368555198034,-2.1947782039642334,2.526353120803833,2.2331161499023438,0.03006649272640516,0.05257382782808871,0.08330098711747524
-139.1127850899675,-0.04629248599337841,56.30564455514601,-2.189772129058838,2.5317177772521973,2.2330312728881836,0.08823238369822661,0.04629163221976935,0.08402498716949935
-139.1091241085724,-0.029350047276129707,56.36323329513297,-2.1921989917755127,2.5327656269073486,2.2300896644592285,0.08457140230311211,0.029349193502520646,0.026436247182537898
-139.1092333915991,-0.03820707701341712,56.339915029306546,-2.1905441284179688,2.532592535018921,2.2302465438842773,0.08468068532982898,0.03820622323980806,0.049754513008963386
-139.15692177238412,-0.05671914517083824,56.3106340083347,-2.187187671661377,2.5336954593658447,2.230715751647949,0.13236906611484756,0.05671829139722918,0.07903553398080732
-139.10423369312664,0.009411167305496035,56.35818920043092,-2.192979097366333,2.531156539916992,2.2298965454101562,0.07968098685736891,0.009412021079105095,0.03148034188458837
-139.1126211654274,-0.014963855057674067,56.28917696905711,-2.1907997131347656,2.5301198959350586,2.233308792114258,0.0880684591581371,0.014963001284065006,0.10049257325839989
-139.14240079020868,-0.027946574609841634,56.30148496994147,-2.188917875289917,2.5324692726135254,2.233264923095703,0.11784808393940693,0.027945720836232573,0.08818457237403976
-139.10419271199163,-0.045090980190332135,56.32081099019803,-2.1908481121063232,2.532313585281372,2.2322821617126465,0.07964000572235364,0.045090126416723074,0.06885855211748293
-139.13860320503017,-0.008071349270440896,56.32632636795281,-2.1908934116363525,2.5322718620300293,2.2314653396606445,0.11405049876088924,0.008070495496831835,0.06334317436269998
-139.1312129403482,0.007660167868216519,56.3188131598658,-2.191253423690796,2.532177448272705,2.2325801849365234,0.10666023407893022,0.007661021641825579,0.07085638244971193

Errors:
rotation,[20.161052986765547, 19.11562951987828, 15.572401665111812, 16.99958363775621, 11.764469936899744, 6.758229284024959, 2.3604866741297004, 0.2813104448532028, 0.23811181320059815, 0.1793660204655937, 0.3924705751923149, 0.2839046356853004, 0.3294377617958255, 0.10141177072550936, 0.21750643848392742, 0.24636598032980556, 0.14124457385928163, 0.14100394372865574, 0.15247301966574905, 0.08880940998788281, 0.20852917451581526, 0.27638786478676625, 0.14586750869135373, 0.11494185107035079, 0.18265572333945568, 0.16594130767196913, 0.2185490030874953, 0.14035684298817064, 0.1726414215786004, 0.26812289149288404, 0.12057334982106237, 0.20352403370060201, 0.23397837714967926, 0.19358868425655965, 0.18546416862042106, 0.18517763817046773]
translation,[0.12242333873291766, 0.11972287067686338, 0.10531999565210448, 0.08818611502140872, 0.06842852482945716, 0.042202697034214864, 0.0018467073434518255, 0.007006364957475419, 0.007709073596170235, 0.005871053588918151, 0.006700404312979913, 0.006621489291160465, 0.009127071356067162, 0.006922502721366186, 0.008525838251810747, 0.0067518181751768935, 0.006993541180185581, 0.006879492261706588, 0.006783698522744075, 0.005345812400908478, 0.006400096215988249, 0.006450221888628427, 0.006511867562080553, 0.007600333146132954, 0.007477529525542259, 0.007906418543866423, 0.00730913672864375, 0.006959669879759822, 0.007882932595687286, 0.008754564201673531, 0.007654121276229553, 0.007600824721315291, 0.0071713655618097505, 0.006764212903196842, 0.007218833009819292, 0.0064638929124400946]
loss,
[0.08616470545530319, 0.08630776405334473, 0.06586386263370514, 0.03743264824151993, 0.02593277394771576, 0.021676089614629745, 0.004297853447496891, 0.0011116652749478817, 0.0013074930757284164, 0.0009202996152453125, 0.0020644471514970064, 0.0007635158253833652, 0.0012085585622116923, 0.001256115734577179, 0.0014543472789227962, 0.0011327697429805994, 0.0006083173211663961, 0.0009847143664956093, 0.0008012037724256516, 0.0007961864466778934, 0.0010505607351660728, 0.0009552231058478355, 0.0009825124870985746, 0.0009024247410707176, 0.0009982677875086665, 0.0009533857810311019, 0.0009556153672747314, 0.0007343454635702074, 0.0008475279901176691, 0.0007888749241828918, 0.0007959521608427167, 0.0009649333078414202, 0.0006453631795011461, 0.0007054657908156514, 0.000693619018420577, 0.0007191962795332074]

2022-04-27 13:40:08.547519