2022-04-28 18:24:33.480060

reference phi, theta, psi, translation: 16.672973292337613, -0.0, 55.56417970941693, 0.9538894295692444, -3.184936285018921, 2.279534101486206

phi,theta,psi,rot_x,rot_y,rot_z,phi_err,theta_err,psi_err
26.607018987257597,-4.879078348390559,61.415046110949504,1.4386786222457886,-3.2383759021759033,2.121750593185425,9.934045694919984,4.879078348390559,5.850866401532571
26.709873098421525,-5.294576262703311,61.29094840391954,1.420207142829895,-3.253462076187134,2.1173884868621826,10.036899806083913,5.294576262703311,5.72676869450261
28.398702257504294,-6.5717954017712925,58.44769091660498,1.3565526008605957,-3.222083568572998,2.2105038166046143,11.725728965166681,6.5717954017712925,2.883511207188043
27.81921364039478,-5.304703473343231,57.79752520951146,1.356925368309021,-3.1800665855407715,2.255013942718506,11.146240348057166,5.304703473343231,2.2333455000945293
26.087794836742397,-4.2435061466702475,55.848479503429544,1.2846651077270508,-3.1130402088165283,2.352297306060791,9.414821544404784,4.2435061466702475,0.2842997940126111
22.097588078337193,0.0020274896470427895,52.79464728400349,1.2131296396255493,-2.9925990104675293,2.488375186920166,5.42461478599958,0.0020274896470427895,2.769532425413445
18.607272620001467,1.1755432412080942,53.2884255647658,1.0816069841384888,-3.0621695518493652,2.4211666584014893,1.9342993276638545,1.1755432412080942,2.275754144651131
16.188274040529535,-0.30207465141419787,55.80322266998904,0.9187182188034058,-3.2001068592071533,2.263382911682129,0.4846992518080775,0.30207465141419787,0.23904296057210672
16.73310286269582,0.08644896028343292,55.162106963545796,0.9577152132987976,-3.1626858711242676,2.2984912395477295,0.06012957035820676,0.08644896028343292,0.4020727458711377
16.547381481426708,-0.11936113758673636,55.41812977439455,0.940983772277832,-3.176848888397217,2.286638021469116,0.12559181091090466,0.11936113758673636,0.14604993502238273
16.622556250979162,0.011991461832251379,55.31032206853507,0.9490336179733276,-3.1722397804260254,2.2907724380493164,0.050417041358450376,0.011991461832251379,0.25385764088186136
16.56020516159341,0.014020019691172357,55.37061556343336,0.9462449550628662,-3.174767255783081,2.2874972820281982,0.11276813074420389,0.014020019691172357,0.1935641459835722
16.663884018099616,-0.0031024739004899405,55.33531031561356,0.951227605342865,-3.1712324619293213,2.288698434829712,0.009089274237997103,0.0031024739004899405,0.22886939380337168
16.638470591745293,-0.03261584947867217,55.47978930712684,0.9504389762878418,-3.1776976585388184,2.281067371368408,0.03450270059231997,0.03261584947867217,0.0843904022900901
16.590683173217297,0.09419066917082186,55.27131827327971,0.9508835673332214,-3.16957688331604,2.293565034866333,0.08229011912031581,0.09419066917082186,0.2928614361372226
16.67313721687769,-0.06219187139843254,55.469796740371116,0.950671374797821,-3.1778299808502197,2.2828447818756104,0.0001639245400788525,0.06219187139843254,0.09438296904581733
16.724630013030417,-0.05258011373130185,55.293243180515454,0.9518767595291138,-3.1691858768463135,2.2925024032592773,0.05165672069280447,0.05258011373130185,0.2709365289014798
16.577509445855636,-0.08790708445784935,55.369669582233314,0.9438146948814392,-3.1760683059692383,2.287877082824707,0.09546384648197659,0.08790708445784935,0.19451012718361937
16.558202208619303,0.018439762628615273,55.31386352161972,0.945501446723938,-3.1726841926574707,2.290376663208008,0.1147710837183098,0.018439762628615273,0.25031618779721043
16.585905455892874,-0.04916368287233586,55.34651182585238,0.9464254975318909,-3.1744768619537354,2.288851261138916,0.08706783644473859,0.04916368287233586,0.2176678835645518
16.6388325917713,-0.07156659355316385,55.36081424197439,0.9470674991607666,-3.174421548843384,2.2879180908203125,0.034140700566311466,0.07156659355316385,0.2033654674425449
16.561682190001424,-0.03610685499508301,55.395709678443986,0.9450817704200745,-3.176936388015747,2.2869162559509277,0.11129110233618889,0.03610685499508301,0.16847003097294788
16.609522542495487,0.05282696118640858,55.32519822054736,0.9502540826797485,-3.1718907356262207,2.2905044555664062,0.06345074984212573,0.05282696118640858,0.2389814888695767
16.651755309680965,-0.020701387470879615,55.401221641104186,0.9507158994674683,-3.1751015186309814,2.286123275756836,0.02121798265664765,0.020701387470879615,0.16295806831274717
16.686148727246565,-0.028031807088054275,55.36379903464169,0.9516062140464783,-3.1728832721710205,2.289464235305786,0.0131754349089519,0.028031807088054275,0.20038067477524635
16.62661509089344,-0.028651388480241395,55.376165092133995,0.9489372968673706,-3.173811912536621,2.2874114513397217,0.04635820144417124,0.028651388480241395,0.18801461728293845
16.616537146773087,-0.03407366181049612,55.38217907369819,0.9480599164962769,-3.1741535663604736,2.2863352298736572,0.056436145564525475,0.03407366181049612,0.1820006357187438
16.62358590199654,-0.09531845853173253,55.29534687877982,0.9445890188217163,-3.1712937355041504,2.2919225692749023,0.04938739034107087,0.09531845853173253,0.26883283063711616
16.647074922552214,-0.06451096827100236,55.37136005405289,0.9479730129241943,-3.175363540649414,2.28847599029541,0.0258983697853985,0.06451096827100236,0.19281965536404044
16.60410961757825,-0.023965331075895605,55.27285848093755,0.9461577534675598,-3.1712863445281982,2.293691396713257,0.06886367475936339,0.023965331075895605,0.2913212284793829
16.62982698735064,-0.009192931081260536,55.368224997223855,0.9499280452728271,-3.174140214920044,2.2886312007904053,0.043146304986972694,0.009192931081260536,0.19595471219307825
16.594924720691875,0.019911945134213568,55.33437799479186,0.9482219815254211,-3.172299861907959,2.2903034687042236,0.07804857164573775,0.019911945134213568,0.2298017146250757
16.567820822517973,-0.03967949488586975,55.36490552528723,0.945181131362915,-3.1753008365631104,2.2876791954040527,0.10515246981963955,0.03967949488586975,0.1992741841297061
16.69882043570423,-0.03151645507502205,55.37559818643288,0.9525256752967834,-3.173112154006958,2.287226676940918,0.025847143366618752,0.03151645507502205,0.18858152298405173
16.692968671132824,0.017517832501356682,55.38213809256317,0.9543622136116028,-3.1728525161743164,2.2873404026031494,0.01999537879521185,0.017517832501356682,0.18204161685376619
16.658404498837974,0.006846684817565916,55.335938693017205,0.9515655040740967,-3.171851873397827,2.2896299362182617,0.014568793499638133,0.006846684817565916,0.22824101639972838

Errors:
rotation,[20.663990444843115, 21.058244763289835, 21.181035574126017, 18.684289321494926, 13.942627485087643, 8.196174701060068, 5.38559671352308, 1.025816863794382, 0.5486512765127773, 0.39100288352002377, 0.3162661440725631, 0.32035229641894847, 0.24106114194185874, 0.15150895236108222, 0.46934222442836027, 0.15673876498432873, 0.3751733633255861, 0.3778810581234453, 0.38352703414413547, 0.35389940288162625, 0.30907276156202024, 0.3158679883042198, 0.35525919989811106, 0.20487743844027445, 0.24158791677225253, 0.2630242072073511, 0.2725104430937654, 0.41353867950991957, 0.2832289934204413, 0.3841502343146419, 0.2482939482613115, 0.327762231405027, 0.3441061488352154, 0.24594512142569253, 0.21955482815033472, 0.24965649471693244]
translation,[0.09908907901583852, 0.10231253866533851, 0.10509944452482411, 0.09672261597191145, 0.07675214839129918, 0.04555403339323583, 0.01964933717311723, 0.005258859188295162, 0.005850942873253828, 0.0053950457414586594, 0.004789532754930548, 0.005315843813580301, 0.006245036460263975, 0.0056642915199232036, 0.0048603978044576834, 0.0044975470016392904, 0.005538749355406658, 0.00464433982569723, 0.005495591295620272, 0.004732872555639034, 0.005155910430509003, 0.004208161669580157, 0.004929125262028933, 0.004779398055211104, 0.004419395336547005, 0.0054841687857623, 0.006032931440581812, 0.005925583454083672, 0.0038830530860769485, 0.0045556544781915065, 0.004298574151004431, 0.005200234017840977, 0.005041571144794865, 0.005293324567435143, 0.004998407049185083, 0.005147433964547865]
loss,
[0.16373810172080994, 0.15157011151313782, 0.11829077452421188, 0.11029937118291855, 0.10373058170080185, 0.049958523362874985, 0.01690603233873844, 0.002753831446170807, 0.001997991930693388, 0.0025372726377099752, 0.0015746061690151691, 0.0014326381497085094, 0.0019024675711989403, 0.0015545946080237627, 0.0014554413501173258, 0.0015843678265810013, 0.0014442153042182326, 0.0017492001643404365, 0.0016137601342052221, 0.0017487544100731611, 0.00143815902993083, 0.0013752499362453818, 0.0017470016609877348, 0.0017142898868769407, 0.0018306300044059753, 0.002152911154553294, 0.0011255531571805477, 0.001938056549988687, 0.0023915607016533613, 0.0014160381397232413, 0.0013122487580403686, 0.0010754162212833762, 0.0014045953284949064, 0.0014551676576957107, 0.0015009174821898341, 0.0019052790012210608]

2022-04-28 18:29:01.615149