2022-04-28 16:03:54.847141

reference phi, theta, psi, translation: -86.91639066027085, -0.0, 34.793557367935236, -2.296917200088501, -0.12373751401901245, 3.3104169368743896

phi,theta,psi,rot_x,rot_y,rot_z,phi_err,theta_err,psi_err
-76.53055527251121,6.8177051513072,38.18892636661862,-2.336111545562744,-0.9462913274765015,3.345968008041382,10.385835387759641,6.8177051513072,3.395368998683381
-76.20963200416898,6.348168568519274,38.40681623133119,-2.359105348587036,-0.9440289735794067,3.329868793487549,10.706758656101869,6.348168568519274,3.6132588633959557
-76.51866391316621,5.177413010669848,40.57006349997388,-2.55588960647583,-0.925591230392456,3.1801962852478027,10.397726747104642,5.177413010669848,5.776506132038641
-79.46711997407732,8.005721597662735,39.31395756066268,-2.5084006786346436,-0.9302022457122803,3.2031171321868896,7.449270686193529,8.005721597662735,4.520400192727443
-81.83740735193601,9.038584313014569,37.06070547423215,-2.3977136611938477,-0.8584117889404297,3.287653684616089,5.078983308334841,9.038584313014569,2.267148106296915
-82.03000502615203,7.0999364298369105,35.59459853869974,-2.3289847373962402,-0.7243481874465942,3.352954387664795,4.886385634118824,7.0999364298369105,0.8010411707645062
-83.40214904927257,5.856180202217184,34.17412751210678,-2.2673869132995605,-0.5966628193855286,3.395089626312256,3.5142416109982832,5.856180202217184,0.6194298558284572
-84.25806737492354,4.598724696896025,33.73231331054992,-2.2392027378082275,-0.49156874418258667,3.4110169410705566,2.6583232853473078,4.598724696896025,1.0612440573853164
-85.67863060907031,2.651938469030594,33.90176005857418,-2.260260820388794,-0.3266185224056244,3.3843045234680176,1.2377600512005387,2.651938469030594,0.8917973093610527
-86.76329880021419,0.4050195696234856,34.44561728633103,-2.2837164402008057,-0.15210026502609253,3.3390729427337646,0.1530918600566622,0.4050195696234856,0.3479400816042073
-87.23073645644234,-0.46620414636270735,34.99590513719145,-2.3045997619628906,-0.08633080124855042,3.297344207763672,0.3143457961714944,0.46620414636270735,0.2023477692562139
-86.7915621229997,0.2996352503604905,34.85480367422274,-2.2938199043273926,-0.14700020849704742,3.3029181957244873,0.12482853727115639,0.2996352503604905,0.06124630628750083
-86.98073787244154,0.08019876093028992,34.884132506518775,-2.295269250869751,-0.12754350900650024,3.299173355102539,0.06434721217068784,0.08019876093028992,0.09057513858353872
-86.87657065740967,-0.058771248804654064,34.907283432710535,-2.2967817783355713,-0.1231130063533783,3.300902843475342,0.03982000286117682,0.058771248804654064,0.11372606477529956
-86.8505544668611,0.13091637688587393,34.81264091647625,-2.29158353805542,-0.13433346152305603,3.3053972721099854,0.06583619340975133,0.13091637688587393,0.019083548541011908
-86.91040741455792,-0.0028615057931866083,34.89031724281222,-2.2970283031463623,-0.124336838722229,3.3022146224975586,0.005983245712926077,0.0028615057931866083,0.09675987487698734
-86.85280159909803,0.04965867539782108,34.91126543299665,-2.29756760597229,-0.12947583198547363,3.3012502193450928,0.06358906117282004,0.04965867539782108,0.1177080650614144
-86.84929088186465,0.15638062930319102,34.85792507067343,-2.2942776679992676,-0.13710735738277435,3.3028011322021484,0.0670997784062024,0.15638062930319102,0.06436770273819548
-86.96624421102277,0.07922925206235111,34.87937527976186,-2.295349597930908,-0.12750759720802307,3.301161766052246,0.04985355075191933,0.07922925206235111,0.08581791182662357
-86.85033590080766,0.04683315023689034,34.851996466473864,-2.294795274734497,-0.13063998520374298,3.302135944366455,0.06605475946318506,0.04683315023689034,0.05843909853862783
-86.84084193786134,0.13547998835028038,34.8521945419598,-2.2943291664123535,-0.13635577261447906,3.30316424369812,0.07554872240950772,0.13547998835028038,0.058637174024561034
-86.80412284088335,0.051768389803249895,34.82619542688414,-2.2923905849456787,-0.1320599913597107,3.3034677505493164,0.11226781938749752,0.051768389803249895,0.03263805894890481
-86.89376907373976,0.08954803111042164,34.813836199581004,-2.2907819747924805,-0.1303757280111313,3.3043811321258545,0.0226215865310877,0.08954803111042164,0.02027883164576849
-86.84694129679016,0.09087520349241662,34.871052694258196,-2.2959938049316406,-0.13192299008369446,3.3036017417907715,0.06944936348068609,0.09087520349241662,0.07749532632296052
-86.8950121681687,0.01964453345330892,34.85906571226483,-2.2950525283813477,-0.12678970396518707,3.30318021774292,0.021378492102144264,0.01964453345330892,0.06550834432959363
-86.92739409502374,0.06864773933872506,34.8398250693729,-2.2936384677886963,-0.12844523787498474,3.303985834121704,0.011003434752893781,0.06864773933872506,0.04626770143766379
-86.82867737094955,0.06540670200302837,34.84216440916363,-2.2935919761657715,-0.1322791874408722,3.3037776947021484,0.08771328932130018,0.06540670200302837,0.048607041228393655
-86.87823039337799,0.09694882470376726,34.84015974864223,-2.2928237915039062,-0.1322113573551178,3.3037309646606445,0.03816026689285934,0.09694882470376726,0.046602380706993074
-86.84289782480151,0.17382607875913034,34.955842662614735,-2.3000051975250244,-0.13787628710269928,3.298417329788208,0.07349283546933805,0.17382607875913034,0.16228529467949926
-86.8636752602567,0.157945101982983,34.80012117972762,-2.2915589809417725,-0.13610875606536865,3.303565740585327,0.05271540001415076,0.157945101982983,0.0065638117923825234
-86.87429620441605,0.11462729962408248,34.80299668936819,-2.291912317276001,-0.1329985111951828,3.3039119243621826,0.04209445585479443,0.11462729962408248,0.009439321432957115
-86.89787401743095,0.10761583642732399,34.889022921964504,-2.296424627304077,-0.13128313422203064,3.301698684692383,0.018516642839898623,0.10761583642732399,0.09546555402926771
-86.90415779146736,0.21070977557560946,34.867364392106396,-2.294870615005493,-0.13732562959194183,3.3025341033935547,0.012232868803494057,0.21070977557560946,0.0738070241711597
-86.84690031565513,0.23204269567534047,34.8902762616772,-2.2963221073150635,-0.14130966365337372,3.3015811443328857,0.06949034461571557,0.23204269567534047,0.09671889374196496
-86.89904197977901,0.11636383358563972,34.8658822410565,-2.2948179244995117,-0.13213029503822327,3.302506923675537,0.017348680491835466,0.11636383358563972,0.07232487312126068
-86.85153801410158,0.07164923876049611,34.88358950647976,-2.2964718341827393,-0.13220980763435364,3.3011436462402344,0.06485264616927111,0.07164923876049611,0.09003213854452241

Errors:
rotation,[20.598909537750224, 20.668186088017098, 21.35164588981313, 19.975392476583707, 16.384715727646324, 12.78736323472024, 9.989851669043924, 8.318292039628648, 4.781495829592185, 0.9060515112843551, 0.9828977117904156, 0.4857100939191477, 0.2351211116845165, 0.21231731644113044, 0.21583611883663717, 0.10560462638310003, 0.23095580163205554, 0.2878481104475889, 0.214900714640894, 0.17132700823870323, 0.26966588478434916, 0.19667426813965222, 0.13244844928727784, 0.23781989329606323, 0.10653136988504681, 0.12591887552928263, 0.2017270325527222, 0.18171147230361967, 0.40960420890796767, 0.2172243137895163, 0.16616107691183402, 0.2215980332964903, 0.2967496685502632, 0.398251934033021, 0.20603738719873588, 0.22653402347428964]
translation,[0.1579505536533441, 0.15749799421145383, 0.1525225609805121, 0.14227616926881392, 0.12754500840745298, 0.1150927118410543, 0.0948478121010945, 0.07870146459388128, 0.05163683697411159, 0.017068687091286172, 0.007310786564017846, 0.00713986697477953, 0.010050260761406804, 0.00790590753440057, 0.006821253616449141, 0.0066512440219552715, 0.006972563412994681, 0.007324222873807074, 0.008373962760047426, 0.007790203198995371, 0.007022346129523349, 0.008021403351618162, 0.008242514800424594, 0.00586170246727491, 0.006909521854710832, 0.007001875710981764, 0.007075059896566316, 0.007553452192689214, 0.007624087517578815, 0.008279776012758866, 0.007898233804313648, 0.007198501721808803, 0.007197826074394342, 0.007013840799692694, 0.007424137241386575, 0.007596620152049205]
loss,
[0.14278221130371094, 0.12507468461990356, 0.09679993242025375, 0.0527193546295166, 0.05045866593718529, 0.039694540202617645, 0.03198498487472534, 0.025844525545835495, 0.01778201013803482, 0.0052712587639689445, 0.0018402037676423788, 0.0013206179719418287, 0.0019333328818902373, 0.001583574339747429, 0.0015331865288317204, 0.001093437080271542, 0.0015133079141378403, 0.001312538981437683, 0.001472370931878686, 0.001358182169497013, 0.0022318223491311073, 0.0022370186634361744, 0.001248589949682355, 0.0016269575571641326, 0.0015854255761951208, 0.001637111185118556, 0.0012789713218808174, 0.001416724524460733, 0.0014180763391777873, 0.0013173718471080065, 0.0011236133286729455, 0.0016020763432607055, 0.001767169451341033, 0.0007821987383067608, 0.0018524591578170657, 0.0012501777382567525]

2022-04-28 16:06:26.522942