2022-04-21 03:23:07.370690

reference phi, theta, psi, translation: 16.672973292337613, -0.0, 55.56417970941693, 0.9538894295692444, -3.184936285018921, 2.279534101486206

phi,theta,psi,rot_x,rot_y,rot_z,phi_err,theta_err,psi_err
26.607018987257597,-4.879078348390559,61.415046110949504,1.4386786222457886,-3.2383759021759033,2.121750593185425,9.934045694919984,4.879078348390559,5.850866401532571
26.73667134563007,-4.961654450611982,61.21530405886165,1.4381383657455444,-3.231199264526367,2.1310372352600098,10.063698053292459,4.961654450611982,5.651124349444714
28.19287450686596,-5.228059388496454,60.58877080629638,1.526962161064148,-3.2055912017822266,2.115939140319824,11.519901214528346,5.228059388496454,5.024591096879448
27.168663735160454,-3.8728205722895757,61.74180236084291,1.5870471000671387,-3.277674913406372,1.9687979221343994,10.495690442822841,3.8728205722895757,6.1776226514259776
23.888210961715245,-1.9710583566430973,63.85843017330568,1.4537967443466187,-3.4253013134002686,1.8255685567855835,7.215237669377633,1.9710583566430973,8.294250463888744
21.211290778805292,1.2962186582277786,60.447816192394825,1.3177846670150757,-3.3242855072021484,2.0512843132019043,4.53831748646768,1.2962186582277786,4.8836364829778915
18.87800595077514,3.338579920497001,56.64085316413731,1.223068356513977,-3.194751501083374,2.254849910736084,2.2050326584375277,3.338579920497001,1.0766734547203782
18.576050117758047,1.8643335221895463,55.20139421165171,1.133289098739624,-3.1534712314605713,2.325361967086792,1.9030768254204347,1.8643335221895463,0.3627854977652234
17.473519274387296,0.8886126880964459,55.31695759731374,1.0323468446731567,-3.172731399536133,2.3073604106903076,0.8005459820496839,0.8886126880964459,0.247222112103195
16.72496639984704,0.09921459079524442,55.54783165163851,0.9617239832878113,-3.187718152999878,2.2836596965789795,0.05199310750942843,0.09921459079524442,0.016348057778422742
16.63216803468866,-0.21113539347201649,55.859961051424335,0.9481285810470581,-3.1929330825805664,2.2617413997650146,0.04080525764895171,0.21113539347201649,0.2957813420074018
16.67864064180143,0.03765169357565873,55.55739733157111,0.958919107913971,-3.177790403366089,2.275383710861206,0.005667349463816862,0.03765169357565873,0.006782377845823362
16.81567643466669,0.06951492631093883,55.563599143337484,0.9649217128753662,-3.1756227016448975,2.2776896953582764,0.14270314232907566,0.06951492631093883,0.0005805660794493406
16.65203022479506,0.09119319916637829,55.57005367210315,0.9569942355155945,-3.1808273792266846,2.2775087356567383,0.020943067542553706,0.09119319916637829,0.005873962686216316
16.712627663111412,0.03712977384066723,55.55410859548575,0.9575340151786804,-3.180668830871582,2.278024435043335,0.03965437077379974,0.03712977384066723,0.010071113931182651
16.669981669481146,0.10013891976874847,55.492138289146226,0.9580112099647522,-3.1754369735717773,2.27944016456604,0.0029916228564665914,0.10013891976874847,0.07204142027070759
16.759025138143308,0.07029986209014019,55.568189030459735,0.9631565809249878,-3.1767215728759766,2.2752819061279297,0.08605184580569514,0.07029986209014019,0.004009321042801162
16.719691786260498,0.07852458795339437,55.55557708615731,0.9601110219955444,-3.1771600246429443,2.276305675506592,0.046718493922885074,0.07852458795339437,0.008602623259626796
16.749703637473534,0.12239041010753272,55.5131445359386,0.9623205661773682,-3.173952341079712,2.2783889770507812,0.07673034513592114,0.12239041010753272,0.05103517347833275
16.72420824884917,-0.029210249243094063,55.616171109379074,0.9565218687057495,-3.1807634830474854,2.273637294769287,0.05123495651155707,0.029210249243094063,0.05199139996214086
16.64783478109738,-0.007014575948236877,55.58592361663967,0.9536576271057129,-3.1810483932495117,2.274733781814575,0.025138511240232475,0.007014575948236877,0.021743907222735004
16.80000968825797,0.060710603056340344,55.584998126007136,0.9643843770027161,-3.1766531467437744,2.2768757343292236,0.12703639592035643,0.060710603056340344,0.02081841659020256
16.785956574040668,0.07621980939071983,55.613374146913955,0.9650794267654419,-3.178298234939575,2.273836135864258,0.11298328170305538,0.07621980939071983,0.04919443749702168
16.753757354745936,0.06806558560491513,55.63899077139609,0.9629880785942078,-3.1792640686035156,2.271186590194702,0.08078406240832336,0.06806558560491513,0.07481106197915466
16.764781280066337,0.04908304191958719,55.52847831062528,0.9614078402519226,-3.1752471923828125,2.278136968612671,0.09180798772872478,0.04908304191958719,0.035701398791651684
16.763959949818645,0.037514478612361284,55.605311108598755,0.9618992805480957,-3.17828369140625,2.27286958694458,0.0909866574810323,0.037514478612361284,0.04113139918182185
16.733014070236607,0.042778535428535165,55.51507747947371,0.9599965810775757,-3.1758227348327637,2.2786617279052734,0.06004077789899398,0.042778535428535165,0.04910222994322311
16.67628934917965,0.027696258074355506,55.550495425414816,0.956756055355072,-3.1784236431121826,2.277266263961792,0.003316056842038506,0.027696258074355506,0.013684284002117408
16.736174740275032,0.028594194245820555,55.57220859678628,0.9591454267501831,-3.178234338760376,2.2762014865875244,0.06320144793741989,0.028594194245820555,0.008028887369349036
16.74184379728614,0.02835854213572736,55.54710082139732,0.9586476683616638,-3.176835298538208,2.277261734008789,0.06887050494852787,0.02835854213572736,0.017078888019611327
16.717290974767238,0.01915815879876537,55.58464295617029,0.9577083587646484,-3.1780624389648438,2.2746176719665527,0.044317682429625194,0.01915815879876537,0.020463246753358533
16.69063957662585,0.05257613537126939,55.603436221671586,0.9580733180046082,-3.1788878440856934,2.2727415561676025,0.0176662842882358,0.05257613537126939,0.039256512254652876
16.70428970968212,0.05829033637960722,55.484164043290235,0.958086371421814,-3.1744136810302734,2.2806406021118164,0.031316417344505965,0.05829033637960722,0.08001566612669819
16.725070560231885,0.04505211647574647,55.56435387924077,0.95936119556427,-3.1772944927215576,2.2764334678649902,0.05209726789427194,0.04505211647574647,0.00017416982383622326
16.717179984193226,0.03946023270532349,55.596076692840896,0.9600313901901245,-3.17903470993042,2.2739381790161133,0.044206691855613656,0.03946023270532349,0.03189698342396241
16.723306663878727,0.06244605992570132,55.55504091630746,0.9595597386360168,-3.176546096801758,2.2767200469970703,0.0503333715411145,0.06244605992570132,0.009138793109471521

Errors:
rotation,[20.663990444843115, 20.676476853349154, 21.77255169990425, 20.546133666538395, 17.48054648990947, 10.71817262767335, 6.6202860336549065, 4.130195845375204, 1.9363807822493246, 0.16755575608309559, 0.54772199312837, 0.05010142088529895, 0.21279863471946384, 0.11801022939514831, 0.08685525854564963, 0.17517196289592266, 0.1603610289386365, 0.13384570513590624, 0.2501559287217866, 0.132436605716792, 0.05389699441120436, 0.20856541556689934, 0.23839752859079688, 0.22366070999239315, 0.17659242843996364, 0.16963253527521543, 0.15192154327075225, 0.044696598918511424, 0.09982452955258947, 0.11430793510386655, 0.0839390879817491, 0.10949893191415808, 0.1696224198508114, 0.09732355419385463, 0.11556390798489956, 0.12191822457628734]
translation,[0.09908907901583852, 0.09806117272542103, 0.1022265350723961, 0.1086823163882702, 0.11361656030036826, 0.09139438163497982, 0.06602642881372933, 0.047600507015206794, 0.025455489996014435, 0.0063903827231692745, 0.005058366568360562, 0.006796776592583598, 0.005768778447141187, 0.00365486171410101, 0.0033601338709150497, 0.006575108585771261, 0.0066862543775734196, 0.00648893725780475, 0.007313425748116664, 0.006005638134024771, 0.005840608123105717, 0.005544985139421144, 0.0057979760122810475, 0.007032120661987662, 0.006652770068102498, 0.0071167339150752795, 0.00623846004862294, 0.005746813017537988, 0.00592990194680354, 0.006553248346655494, 0.007303354007822449, 0.007624594844502397, 0.0066843949764754385, 0.006489309271342059, 0.0063659127297315266, 0.0068706485828959885]
loss,
[0.207466721534729, 0.19516217708587646, 0.158744215965271, 0.12680017948150635, 0.1202358826994896, 0.07594868540763855, 0.04290199279785156, 0.01846545748412609, 0.006333732977509499, 0.002788440091535449, 0.00432877242565155, 0.004206817131489515, 0.0018453700467944145, 0.0016058930195868015, 0.0020683524198830128, 0.0019353050738573074, 0.0017139235278591514, 0.0011790532153099775, 0.0020407079719007015, 0.001195353688672185, 0.0018716718768700957, 0.0021816121879965067, 0.0011953574139624834, 0.0016927612014114857, 0.0014729450922459364, 0.0016349883517250419, 0.0025254252832382917, 0.0021120370365679264, 0.0019631562754511833, 0.0015899294521659613, 0.0023693968541920185, 0.0017451982712373137, 0.0021989454980939627, 0.0012867983896285295, 0.0011251304531469941, 0.002226024866104126]

2022-04-21 03:25:42.410262