2022-04-21 03:20:32.232895

reference phi, theta, psi, translation: 164.57178246643477, -4.268868188959204e-07, 11.003265705708584, 0.2046843022108078, 0.7416750192642212, 3.957021951675415

phi,theta,psi,rot_x,rot_y,rot_z,phi_err,theta_err,psi_err
174.68706040079186,1.035587752499106,3.46078983121423,-0.0498787984251976,0.24902896583080292,4.223120212554932,10.115277934357096,1.035588179385925,7.542475874494354
174.68584462711962,1.0089500299314456,3.4613635671045113,-0.047511592507362366,0.24887217581272125,4.222851276397705,10.114062160684853,1.0089504568182646,7.5419021386040725
174.2333582549846,0.8971281840873738,3.4706720477261808,-0.03572176396846771,0.2449323832988739,4.218217372894287,9.66157578854984,0.8971286109741927,7.532593657982403
170.7250862293209,1.5260720821922662,4.443861519775104,-0.031380102038383484,0.2998310625553131,4.211628437042236,6.153303762886139,1.5260725090790852,6.55940418593348
165.02425517819142,1.37247621305784,7.380779256743941,0.04568721726536751,0.543219804763794,4.191911220550537,0.4524727117566556,1.372476639944659,3.6224864489646427
164.36903513111213,0.04691791852747433,10.829559480963173,0.201345294713974,0.7604537606239319,4.1383819580078125,0.20274733532264122,0.046918345414293225,0.17370622474541086
164.04068061695293,0.2524743273236755,11.215039136019415,0.20703303813934326,0.780602216720581,4.073848724365234,0.5311018494818427,0.25247475421049437,0.2117734303108314
164.18399164611813,0.22095459714721968,10.552655074274394,0.1911090463399887,0.7257054448127747,4.030417442321777,0.3877908203166385,0.22095502403403858,0.45061063143418956
164.5132614056261,0.10590461188313421,11.260379639277252,0.2060537338256836,0.7652463316917419,3.9798176288604736,0.058521060808658376,0.10590503876995311,0.2571139335686681
164.3499925637061,-0.047295473072397815,11.15580432044248,0.21644377708435059,0.74983149766922,3.9498982429504395,0.22178990272865917,0.04729504618557892,0.15253861473389563
164.44125755139584,-0.37918621271446956,11.09774344362914,0.23557023704051971,0.7400959730148315,3.9496898651123047,0.13052491503893293,0.37918578582765067,0.09447773792055614
164.39371943477255,-0.0041731326869410956,11.291439924527884,0.21441254019737244,0.759219765663147,3.952219009399414,0.17806303166221937,0.0041727058001222,0.28817421881930017
164.50027038582473,-0.09800555724362926,11.111967312575691,0.215484157204628,0.7470919489860535,3.9494500160217285,0.07151208061003445,0.09800513035681037,0.10870160686710761
164.48951966807113,-0.3074172807845894,11.19581642237406,0.23080109059810638,0.747207760810852,3.9479970932006836,0.0822627983636437,0.3074168538977705,0.19255071666547607
164.5220586892771,0.053101027064388705,11.10276790153733,0.20533952116966248,0.7496632933616638,3.950612783432007,0.049723777157680615,0.0531014539512076,0.09950219582874631
164.69607824895067,0.4165797867408104,11.206574824090476,0.1804600954055786,0.7650757431983948,3.957172393798828,0.12429578251590101,0.4165802136276293,0.2033091183818918
164.53839650177176,-0.07994990506218447,11.160205523588905,0.21575738489627838,0.7522944211959839,3.955732583999634,0.03338596466301169,0.07994947817536557,0.1569398178803212
164.53511801097014,-0.18555009538420794,11.32444937501291,0.2234179526567459,0.7584113478660583,3.943903684616089,0.036664455464631374,0.18554966849738905,0.3211836693043253
164.4654774021927,-0.16497960420119243,11.007985366425062,0.2183961123228073,0.7380015254020691,3.9513983726501465,0.10630506424206487,0.16497917731437353,0.0047196607164785576
164.49125453612032,-0.04530421659112198,11.29531520310822,0.21692588925361633,0.7593066096305847,3.9465701580047607,0.08052793031444594,0.045303789704303085,0.2920494973996366
164.45290985411987,-0.3136609529589577,11.262304898849548,0.23419827222824097,0.7520637512207031,3.945223093032837,0.11887261231490243,0.3136605260721388,0.25903919314096413
164.51634865113095,-0.12238735141561788,11.285950159982487,0.22073383629322052,0.7576001882553101,3.9480412006378174,0.055433815303814526,0.12238692452879898,0.28268445427390354
164.51021514125628,0.06514950808147049,11.091545046957352,0.20402131974697113,0.7477758526802063,3.952284097671509,0.061567325178486954,0.06514993496828939,0.0882793412487679
164.58993710924867,-0.13964461937536277,11.207275772254048,0.21959903836250305,0.7523826360702515,3.950486660003662,0.018154642813897226,0.13964419248854387,0.2040100665454645
164.48829023402052,-0.2092751352017416,11.274996244101079,0.2263246327638626,0.7548138499259949,3.9488296508789062,0.08349223241424397,0.2092747083149227,0.27173053839249484
164.46946623266797,-0.1406305631885417,11.213700418942091,0.21915346384048462,0.7512986660003662,3.9437451362609863,0.10231623376679977,0.1406301363017228,0.21043471323350715
164.52935333131066,-0.1794224413740893,11.179853416510094,0.2199528068304062,0.7489421963691711,3.9468793869018555,0.04242913512410951,0.1794220144872704,0.1765877108015097
164.5401586905776,-0.17240953080782748,11.265549238705304,0.22236624360084534,0.7552909255027771,3.94765305519104,0.03162377585715603,0.17240910392100858,0.2622835329967206
164.4557921939496,-0.06709435721283563,11.122568619941196,0.21373242139816284,0.7464839220046997,3.9495670795440674,0.11599027248516336,0.06709393032601674,0.11930291423261252
164.4973197441033,-0.20376798621404188,11.182751978039118,0.22306720912456512,0.7484249472618103,3.948066473007202,0.0744627223314751,0.20376755932722299,0.17948627233053394
164.53375197313613,-0.1714640364659934,11.121828398189896,0.22013640403747559,0.745437741279602,3.950237512588501,0.03803049329863484,0.1714636095791745,0.11856269248131213
164.5169087266429,-0.213974285404086,11.207896465694873,0.22397750616073608,0.7500544786453247,3.94728946685791,0.05487373979187282,0.2139738585172671,0.20463075998628888
164.4597127225332,-0.3552096576217728,11.254241860534348,0.23681119084358215,0.7491689324378967,3.943774938583374,0.11206974390157143,0.3552092307349539,0.2509761548257643
164.4196468328619,-0.38769973012148334,11.16787582602683,0.23772980272769928,0.7431764602661133,3.9455392360687256,0.1521356335728683,0.38769930323466445,0.16461012031824573
164.389880868459,-0.1656914180802235,11.280149621829853,0.22507762908935547,0.7559359073638916,3.946479558944702,0.18190159797578076,0.1656909911934046,0.2768839161212693
164.5013768764703,-0.0748844652842086,11.190899539945297,0.21579734981060028,0.7524827122688293,3.949571371078491,0.07040558996447999,0.0748840383973897,0.18763383423671343

Errors:
rotation,[18.693341988237375, 18.66491475610719, 18.091298057506435, 14.238780457898706, 5.447435800665957, 0.4233719054823453, 0.9953500340031685, 1.0593564757848666, 0.42154003314727956, 0.4216235636481337, 0.6041884387871397, 0.47040995628164173, 0.2782188178339524, 0.5822303689268903, 0.20232742693763453, 0.7441851145254221, 0.27027526071869845, 0.5433977932663457, 0.27600390227291693, 0.41788121741838563, 0.6915723315280053, 0.460505194106517, 0.21499660139554425, 0.3618089018479056, 0.5644974791216615, 0.45338108330202975, 0.3984388604128896, 0.4663164127748852, 0.3023871170437926, 0.45771655398923206, 0.32805679535912147, 0.47347835829542884, 0.7182551294622896, 0.7044450571257785, 0.6244765052904546, 0.33292346259858313]
translation,[0.19962134480110283, 0.19931641908057163, 0.1943445297657469, 0.19127532655756418, 0.19607995963061597, 0.18135671588337754, 0.12199593712908996, 0.06855838123690194, 0.026827289127636433, 0.0048662039232834076, 0.005798428964473246, 0.0009400120158202796, 0.005866769911525793, 0.006421505196644972, 0.004778105346773032, 0.003362403460333674, 0.0012796117970630405, 0.008756513919225384, 0.005474642940829, 0.00632836263953962, 0.008041285362812012, 0.005000390093243823, 0.003556057941699997, 0.00364231353040001, 0.00444013828583234, 0.010481736834419664, 0.007803095380466196, 0.005725099482217999, 0.005958109311579918, 0.006563365512946895, 0.005149037533021428, 0.006971626234731687, 0.009848708285327135, 0.009175822427681446, 0.006604092155707342, 0.0047269418850861555]
loss,
[0.16895058751106262, 0.15053386986255646, 0.13915875554084778, 0.138685941696167, 0.0470343753695488, 0.03541300445795059, 0.02678757719695568, 0.01769384555518627, 0.004206629935652018, 0.0037101299967616796, 0.003161862026900053, 0.0053268419578671455, 0.004053446464240551, 0.005145133938640356, 0.00373450736515224, 0.0036863188724964857, 0.0043042004108428955, 0.0023909155279397964, 0.0037753786891698837, 0.0033952826634049416, 0.0022628861479461193, 0.004543292336165905, 0.00427287258207798, 0.00360111054033041, 0.002982760313898325, 0.0035481397062540054, 0.0059160878881812096, 0.005041353404521942, 0.004128779284656048, 0.0023199848365038633, 0.0018887607147917151, 0.0034872086253017187, 0.002458595670759678, 0.002630585804581642, 0.0031737040262669325, 0.0019164634868502617]

2022-04-21 03:23:03.557432