2022-04-21 03:31:01.592535

reference phi, theta, psi, translation: 175.36684180812657, -0.0, 39.4597479484966, 0.2069414258003235, 2.553555727005005, 3.112318754196167

phi,theta,psi,rot_x,rot_y,rot_z,phi_err,theta_err,psi_err
-174.60268024378553,2.426304892454245,32.24175771288345,-0.3459881842136383,2.1274664402008057,3.6064906120300293,10.030477948087878,2.426304892454245,7.217990235613151
-173.66249104415493,1.684227988686581,33.19553898896237,-0.35663020610809326,2.1955764293670654,3.557222366333008,10.970667147718473,1.684227988686581,6.26420895953423
-173.83842305679613,1.2525617492105516,34.62041890266458,-0.34634116291999817,2.2773306369781494,3.5043888092041016,10.794735135077303,1.2525617492105516,4.839329045832017
-174.6863227403615,1.3659613538038364,35.97026577323962,-0.3383249044418335,2.356710195541382,3.45438289642334,9.946835451511902,1.3659613538038364,3.489482175256981
-174.7099005533764,1.6087939442482022,36.77497134049384,-0.34748542308807373,2.4166529178619385,3.4122395515441895,9.923257638497034,1.6087939442482022,2.684776608002757
-175.11532692213,1.818194479794608,37.198268899210795,-0.34810540080070496,2.444197416305542,3.3900344371795654,9.517831269743397,1.818194479794608,2.2614790492858035
-175.6394756390368,1.5439461814500977,38.31651430031445,-0.3288804292678833,2.512484073638916,3.3301174640655518,8.993682552836617,1.5439461814500977,1.1432336481821466
-175.76721383689437,1.281465237393308,37.11892600671734,-0.29498374462127686,2.4419126510620117,3.3846275806427,8.865944354979092,1.281465237393308,2.340821941779261
-176.49038060583698,0.7724796835577076,37.5373263197994,-0.23778560757637024,2.4650468826293945,3.358335256576538,8.142777586036459,0.7724796835577076,1.922421628697201
-176.80070342058735,0.09223219570745339,37.725457050298225,-0.17321062088012695,2.4815661907196045,3.3380017280578613,7.832454771286052,0.09223219570745339,1.734290898198374
-177.47223395940466,0.2672823403210807,37.23786350582936,-0.14136555790901184,2.450671911239624,3.358250617980957,7.160924232468801,0.2672823403210807,2.221884442667239
-178.65329661030492,-0.6245930284907367,38.93883332616182,-0.05163358151912689,2.5533292293548584,3.2661499977111816,5.979861581568514,0.6245930284907367,0.5209146223347787
-179.20177446103528,-0.9928922459815217,38.4252167609552,-0.015819791704416275,2.5200374126434326,3.2849152088165283,5.431383730838149,0.9928922459815217,1.034531187541397
-179.1282679651876,-1.7691576132318214,37.999911126622266,0.027654800564050674,2.4931509494781494,3.3056488037109375,5.504890226685802,1.7691576132318214,1.4598368218743332
-178.97760765247546,-2.2558062384383692,37.92381940417374,0.0567290335893631,2.4866249561309814,3.3079051971435547,5.65555053939795,2.2558062384383692,1.5359285443228572
-179.9070597947308,-2.6648524788853063,38.570580261966,0.11514036357402802,2.5185656547546387,3.267610549926758,4.726098397142664,2.6648524788853063,0.8891676865305982
178.3949925162734,-3.545104688350391,39.115646433205946,0.2429286688566208,2.534799575805664,3.229095458984375,3.028150708146825,3.545104688350391,0.344101515290653
176.94185610997482,-5.930328528250735,39.59343524112126,0.453736811876297,2.5419328212738037,3.1827523708343506,1.575014301848256,5.930328528250735,0.13368729262466417
174.53010265366498,-6.059705117709472,40.61898472990409,0.5650967955589294,2.590752363204956,3.11164927482605,0.8367391544615828,6.059705117709472,1.1592367814074933
171.79890124987364,-3.7508929249251364,40.06115976529456,0.564163088798523,2.559666872024536,3.112788200378418,3.5679405582529284,3.7508929249251364,0.6014118167979632
173.0299199043634,-2.439119948807427,39.52158506614731,0.44676119089126587,2.550595998764038,3.1357240676879883,2.3369219037631694,2.439119948807427,0.06183711765071109
174.2885461834783,-1.227197555742106,39.141963152078006,0.32050544023513794,2.5425469875335693,3.1518115997314453,1.0782956246482627,1.227197555742106,0.3177847964185929
175.05826752180374,-0.6337906725309093,39.258393971764626,0.2574114501476288,2.5509393215179443,3.137911319732666,0.30857428632282335,0.6337906725309093,0.20135397673197275
175.44608566287707,-0.07143314060638481,39.37529607450398,0.20612230896949768,2.556540012359619,3.1257030963897705,0.07924385475050144,0.07143314060638481,0.08445187399262011
175.51109540339723,0.07602281460631603,39.392586698387866,0.1959589272737503,2.5526340007781982,3.1199159622192383,0.14425359527066917,0.07602281460631603,0.06716125010873242
175.36363161921665,-0.06011051666198324,39.483687761537496,0.21087297797203064,2.55190110206604,3.109935760498047,0.003210188909918088,0.06011051666198324,0.023939813040897207
175.36171916624906,0.008683684130740487,39.46697770373306,0.20583827793598175,2.5506458282470703,3.1089367866516113,0.005122641877505885,0.008683684130740487,0.007229755236458857
175.35488897707904,0.02557359725509149,39.5534991250442,0.2070341259241104,2.555335283279419,3.103959321975708,0.011952831047523205,0.02557359725509149,0.0937511765475989
175.3746692049154,0.04435603091353383,39.511606159769926,0.20532390475273132,2.55307936668396,3.1088619232177734,0.00782739678882649,0.04435603091353383,0.051858211273327015
175.37270211043443,0.011204574211531017,39.41702853033276,0.20683395862579346,2.548248052597046,3.112220048904419,0.00586030230786605,0.011204574211531017,0.04271941816384128
175.3991076217657,0.07686593959187418,39.52859967042492,0.20240916311740875,2.5553133487701416,3.1075050830841064,0.03226581363912828,0.07686593959187418,0.06885172192831845
175.30053433166407,-0.041831546810671194,39.5498074077978,0.21311792731285095,2.5531270503997803,3.1046810150146484,0.06630747646249802,0.041831546810671194,0.09005945930120163
175.36013456236162,-0.027556358231804086,39.56914367333811,0.21033090353012085,2.5551111698150635,3.1036930084228516,0.006707245764943082,0.027556358231804086,0.10939572484151228
175.42620981239233,0.0867676111194722,39.487382893878475,0.20099303126335144,2.5525383949279785,3.1091771125793457,0.05936800426576383,0.0867676111194722,0.02763494538187672
175.4089021130355,0.061147129547487425,39.49185666778483,0.2021910548210144,2.5523877143859863,3.108426570892334,0.042060304908943635,0.061147129547487425,0.03210871928823167
175.36333109089318,0.013172469596283867,39.570656560239264,0.2078663557767868,2.5554325580596924,3.104173421859741,0.0035107172333823655,0.013172469596283867,0.11090861174266564

Errors:
rotation,[19.674773076155276, 18.919104095939282, 16.88662593011987, 14.80227898057272, 14.216828190747993, 13.597504798823808, 11.680862382468861, 12.48823153415166, 10.837678898291367, 9.65897786519188, 9.650091015457122, 7.125369232394029, 7.458807164361068, 8.733884661791958, 9.447285322159177, 8.280118562558568, 6.917356911787869, 7.639030122723655, 8.055681053578548, 7.9202452999760276, 4.837878970221308, 2.6232779768089616, 1.1437189355857054, 0.23512886934950636, 0.28743765998571763, 0.08726051861279854, 0.021036081244705226, 0.13127760485021361, 0.10404163897568733, 0.05978429468323835, 0.17798347515932092, 0.19819848257437084, 0.14365932883825944, 0.17377056076711275, 0.13531615374466271, 0.12759179857233188]
translation,[0.170370405351016, 0.1642939063665505, 0.162548311781733, 0.16426243828677833, 0.16462333307796495, 0.16262985134785524, 0.1534166523275715, 0.15284735023838358, 0.14156979755639743, 0.13185426229235642, 0.12863369480215514, 0.1149406339386454, 0.1091014495939655, 0.10938810274823219, 0.10756162242703216, 0.09606258531003231, 0.08120392925355446, 0.06731138894566957, 0.05710959470054355, 0.03822306910289086, 0.03555298089721948, 0.0310362691843995, 0.02103596662472107, 0.0121870245394744, 0.004737355360337148, 0.002684081255754478, 0.004510957280508876, 0.005316486703557999, 0.003053032826071167, 0.003441892252511458, 0.002830971995236631, 0.005843597484882501, 0.00549316823003565, 0.003371043677808494, 0.003985919012147399, 0.005046785962043998]
loss,
[0.13020548224449158, 0.11877025663852692, 0.10183976590633392, 0.10416047275066376, 0.11104228347539902, 0.10695306956768036, 0.09789437055587769, 0.09910361468791962, 0.10440009087324142, 0.10703764855861664, 0.10666954517364502, 0.0915052741765976, 0.09736190736293793, 0.09842504560947418, 0.0894145518541336, 0.11588706076145172, 0.09429838508367538, 0.09992972016334534, 0.05790363997220993, 0.027080651372671127, 0.01787250116467476, 0.012504471465945244, 0.008103815838694572, 0.002494450192898512, 0.003161199390888214, 0.0015328486915677786, 0.0020949149038642645, 0.0009403705480508506, 0.002300660125911236, 0.0016456613084301353, 0.0015781782567501068, 0.0023966170847415924, 0.0016987822018563747, 0.0023030657321214676, 0.0017386188264936209, 0.0012901357840746641]

2022-04-21 03:33:42.008138