2022-04-27 11:05:51.166438

reference phi, theta, psi, translation: 164.57178246643477, -4.268868188959204e-07, 11.003265705708584, 0.2046843022108078, 0.7416750192642212, 3.957021951675415

phi,theta,psi,rot_x,rot_y,rot_z,phi_err,theta_err,psi_err
174.68706040079186,1.035587752499106,3.46078983121423,-0.0498787984251976,0.24902896583080292,4.223120212554932,10.115277934357096,1.035588179385925,7.542475874494354
174.34837864060762,0.8530854208868301,3.3591009076340224,-0.04008126258850098,0.24376089870929718,4.229752540588379,9.776596174172852,0.853085847773649,7.644164798074561
172.51954084882334,-1.2465301727588427,3.7475741065374333,0.10202649235725403,0.2489558309316635,4.2630181312561035,7.947758382388571,1.2465297458720237,7.255691599171151
167.4899671289444,-5.695549177568569,6.253549595560778,0.4849979281425476,0.33348721265792847,4.258534908294678,2.918184662509617,5.69554875068175,4.749716110147806
163.46657589645667,-6.2828713275560215,8.631168327719836,0.6297178268432617,0.4710523188114166,4.174554824829102,1.105206569978094,6.282870900669202,2.372097377988748
163.8486703390055,-5.662256951922376,9.069003090311517,0.5739153027534485,0.4939236640930176,4.104815483093262,0.7231121274292605,5.6622565250355565,1.934262615397067
164.29393037099865,-2.549671896056851,8.793510825233637,0.34725141525268555,0.5490075349807739,4.052554130554199,0.277852095436117,2.549671469170032,2.2097548804749465
164.6191293377613,-0.12303219421930257,9.829986055367549,0.193431094288826,0.6602073311805725,3.9791882038116455,0.04734687132653903,0.12303176733248368,1.1732796503410352
164.49050321531163,-0.22213146160800262,11.534662960872039,0.23308545351028442,0.7732683420181274,3.943467140197754,0.08127925112313505,0.22213103472118373,0.5313972551634549
164.59265552453834,-0.4491472379480847,11.307125453956818,0.24264685809612274,0.7544872760772705,3.952059507369995,0.020873058103575204,0.4491468110612658,0.30385974824823414
164.64608126422618,-0.2641442523756668,11.103306632708115,0.22588221728801727,0.7451726794242859,3.9566195011138916,0.07429879779141402,0.2641438254888479,0.10004092699953127
164.4730179310364,-0.323492995955339,11.384750553874014,0.23673582077026367,0.76014643907547,3.9436004161834717,0.09876453539837371,0.3234925690685201,0.3814848481654298
164.5904288828689,-0.3918840486666114,11.380059067687862,0.23910042643547058,0.7598975896835327,3.947573661804199,0.018646416434137336,0.3918836217797925,0.3767933619792778
164.54611461553387,-0.3527213776610389,11.177321123875311,0.23404666781425476,0.7479286789894104,3.950615167617798,0.025667850900902067,0.35272095077422,0.1740554181667271
164.58239658040497,-0.22282655881364,11.317930813223779,0.22828751802444458,0.7588732242584229,3.9505810737609863,0.010614113970206063,0.2228261319268211,0.3146651075151947
164.64299401872134,-0.2727637076454075,11.14642476316476,0.22659112513065338,0.7473523020744324,3.9549877643585205,0.07121155228657017,0.27276328075858863,0.14315905745617563
164.52794631234164,-0.2072429972733214,11.376461265542558,0.2289149910211563,0.763653039932251,3.9492220878601074,0.04383615409312824,0.2072425703865025,0.3731955598339738
164.4897792152596,-0.3291897353552977,11.094523863209124,0.2317759096622467,0.7441818714141846,3.956864833831787,0.08200325117516627,0.3291893084684788,0.09125815750054045
164.45017777845186,-0.29641246519793196,11.385947544526058,0.23591943085193634,0.7611414194107056,3.9447178840637207,0.12160468798290935,0.29641203831111307,0.382681838817474
164.53358804859607,-0.3493237666666357,11.356680183932554,0.23752813041210175,0.7605581879615784,3.9515604972839355,0.03819441783869593,0.34932333977981683,0.35341447822396965
164.5889945431432,-0.3423937045211719,11.157458079995267,0.23251304030418396,0.7470898032188416,3.954859495162964,0.017212076708432278,0.342393277634353,0.15419237428668353
164.64105424499704,-0.3481308211106655,11.305778199143035,0.23500658571720123,0.7574580907821655,3.952942371368408,0.06927177856226763,0.3481303942238466,0.30251249343445075
164.6794672288892,-0.20712974562073344,11.034639325887392,0.21933960914611816,0.740835964679718,3.953612804412842,0.10768476245442571,0.20712931873391455,0.03137362017880818
164.5928877509701,-0.2244307138591039,11.317966671716922,0.22711804509162903,0.7589906454086304,3.951446533203125,0.021105284535337887,0.224430286972285,0.3147009660083384
164.58272442948513,-0.2685376663476775,11.209604866761023,0.22835500538349152,0.7512518763542175,3.952033758163452,0.010941963050356662,0.2685372394608586,0.20633916105243877
164.49677332896968,-0.2759277743890058,11.312083317520601,0.23256941139698029,0.758480429649353,3.9525485038757324,0.07500913746508786,0.2759273475021869,0.3088176118120174
164.62692941379345,-0.15752364836573893,11.229397047428428,0.22093099355697632,0.7549195289611816,3.952199697494507,0.0551469473586792,0.15752322147892003,0.22613134171984406
164.57768374987765,-0.2307958878746807,11.270227918286764,0.22695624828338623,0.7556493282318115,3.9504892826080322,0.005901283442881322,0.2307954609878618,0.2669622125781803
164.5989256381964,-0.3326434110233081,11.20863327235159,0.23238128423690796,0.7495720982551575,3.9503173828125,0.027143171761622398,0.3326429841364892,0.20536756664300526
164.54709816277435,-0.31850696040099014,11.296566835273625,0.23432981967926025,0.7566443681716919,3.952763557434082,0.024684303660421847,0.31850653351417124,0.29330112956504095
164.63136903675397,-0.2197266303835716,11.086923570210192,0.2222987413406372,0.7442891001701355,3.958864450454712,0.05958657031919756,0.2197262034967527,0.08365786450160861
164.58705476941893,-0.2775894416212256,11.287101046857634,0.23077379167079926,0.755954384803772,3.9513354301452637,0.01527230298415816,0.2775890147344067,0.2838353411490502
164.55556759734517,-0.2918622724106356,11.333305569045478,0.23271527886390686,0.7593821287155151,3.94962477684021,0.016214869089594686,0.2918618455238167,0.3300398633368946
164.5774925045809,-0.33849915510092227,11.125593539969866,0.23172445595264435,0.7448742389678955,3.9546027183532715,0.005710038146133911,0.3384987282141034,0.12232783426128258
164.60985394086842,-0.3372955035451119,11.247714761008755,0.23358072340488434,0.7528932094573975,3.951812267303467,0.03807147443365011,0.337295076658293,0.24444905530017103
164.55661944647736,-0.38638702931259783,11.130150129919912,0.23562073707580566,0.7434238791465759,3.951831102371216,0.015163019957412871,0.38638660242577894,0.12688442421132784

Errors:
rotation,[18.693341988237375, 18.273846820021063, 16.449979727431746, 13.363449523339174, 9.760174848636044, 8.319631267861883, 5.037278445081096, 1.343658289000058, 0.8348075410077738, 0.7738796174130751, 0.4384835502797932, 0.8037419526323236, 0.7873234001932077, 0.5524442198418491, 0.5481053534122219, 0.48713389050133443, 0.6242742843136045, 0.5024507171441855, 0.8006985651114964, 0.7409322358424824, 0.5137977286294688, 0.719914666220565, 0.34618770136714844, 0.5602365375159613, 0.48581836356365404, 0.6597540967792921, 0.4388015105574433, 0.5036589570089234, 0.5651537225411168, 0.636491966739634, 0.3629706383175589, 0.576696658867615, 0.638116577950306, 0.46653660062151986, 0.6198156063921141, 0.5284340465945196]
translation,[0.19962134480110283, 0.20583138088296593, 0.24037106862925306, 0.2678891576559561, 0.21685212606160498, 0.1429397979233844, 0.07316004989803293, 0.007092002119025942, 0.005808313034386892, 0.00038419437754555474, 0.0013818513109962183, 0.00796463727970309, 0.003977157053645541, 0.003532180019574227, 0.001849241506475252, 0.0002241237664213358, 0.0022428104754164124, 0.0017740281463183294, 0.0067291425608981825, 3.739541845959593e-05, 0.0003868322111779676, 0.0005859002532702107, 0.0027294681495666495, 0.0010446458443835738, 0.001849038724287766, 0.0002506099655317229, 0.0014147125415258088, 0.002620416391583724, 0.0036151754656401636, 0.00021837973874117012, 0.0032224377862206666, 0.0015166058760094359, 0.0024376136303692064, 0.00032048232807468935, 0.0014603876020951034, 0.0030815762824953907]
loss,
[0.09195876121520996, 0.09600137174129486, 0.0859147235751152, 0.05941250920295715, 0.04534940421581268, 0.029580241069197655, 0.017435342073440552, 0.0063995919190347195, 0.0033195405267179012, 0.0025501332711428404, 0.0028228587470948696, 0.0033031348139047623, 0.0026225727051496506, 0.0021263191010802984, 0.002440584124997258, 0.0027106020133942366, 0.0020908769220113754, 0.0031168251298367977, 0.0033009459730237722, 0.0026644382160156965, 0.0019972408190369606, 0.002540305722504854, 0.0024623656645417213, 0.00242093438282609, 0.0027664636727422476, 0.002172861248254776, 0.0025432019028812647, 0.0024262783117592335, 0.003160931169986725, 0.0027583460323512554, 0.0039704409427940845, 0.002477227710187435, 0.0028967224061489105, 0.002737616654485464, 0.0017991084605455399, 0.003249803092330694]

2022-04-27 11:10:16.831648