2022-04-20 17:09:20.293127

reference phi, theta, psi, translation: -33.091320547511735, -0.0, 74.32085247222868, -2.1190009117126465, -3.251617431640625, 1.089412808418274

phi,theta,psi,rot_x,rot_y,rot_z,phi_err,theta_err,psi_err
-22.822884158753556,1.294954214858955,81.82337814338081,-1.5357718467712402,-3.6827800273895264,0.7731812596321106,10.268436388758179,1.294954214858955,7.502525671152128
-23.72210417619512,1.3040188067363576,81.42105951069954,-1.6007236242294312,-3.6637778282165527,0.7791795134544373,9.369216371316615,1.3040188067363576,7.100207038470856
-26.827857786144325,3.6150506068476664,79.87365283347647,-1.8038136959075928,-3.60604190826416,0.7839508056640625,6.2634627613674105,3.6150506068476664,5.55280036124779
-30.892136238551025,3.3432079862084634,75.25479887895789,-2.005038022994995,-3.4172308444976807,1.068015694618225,2.19918430896071,3.3432079862084634,0.9339464067292056
-33.41290634420344,1.0875032223813859,73.06722589158619,-2.1356523036956787,-3.29198956489563,1.1970882415771484,0.32158579669170706,1.0875032223813859,1.2536265806424893
-33.9467163636912,-0.4240107181569165,73.9670964845462,-2.195640802383423,-3.252628803253174,1.134167194366455,0.8553958161794668,0.4240107181569165,0.35375598768247585
-34.13614824522692,0.02773275451639911,73.55571419083634,-2.195263624191284,-3.237091541290283,1.149946689605713,1.044827697715185,0.02773275451639911,0.7651382813923391
-33.505551030105494,0.4704000137778554,73.8405945509284,-2.1492576599121094,-3.2634382247924805,1.1382594108581543,0.4142304825937586,0.4704000137778554,0.48025792130027867
-33.22352227399191,-0.029308779250352572,74.08172754938653,-2.137148857116699,-3.264742851257324,1.1142055988311768,0.1322017264801758,0.029308779250352572,0.23912492284215148
-33.5010840863883,-0.11450479532348841,73.97257429626056,-2.144314765930176,-3.2404747009277344,1.1144232749938965,0.40976353887656813,0.11450479532348841,0.34827817596811883
-33.300795619166855,0.15424931888218413,73.97728712678787,-2.1263844966888428,-3.2463185787200928,1.1140705347061157,0.20947507165512036,0.15424931888218413,0.3435653454408083
-33.30096978899069,-0.11617998913556594,74.31353733962759,-2.129668951034546,-3.239851713180542,1.0913788080215454,0.20964924147895658,0.11617998913556594,0.007315132601092955
-33.20829095214278,0.26213845321873913,74.15192140348675,-2.1151983737945557,-3.2433717250823975,1.0996018648147583,0.11697040463104713,0.26213845321873913,0.16893106874192654
-33.10794181285696,-0.2036771523632653,74.28455684697923,-2.11767840385437,-3.239556312561035,1.0892772674560547,0.016621265345222014,0.2036771523632653,0.03629562524945129
-33.13784438104327,0.11949940742601001,74.25016001431905,-2.111049175262451,-3.2407748699188232,1.0907385349273682,0.04652383353153766,0.11949940742601001,0.07069245790962952
-33.18827166768548,-0.12439215015736833,74.37849926882359,-2.117994785308838,-3.2351298332214355,1.0816909074783325,0.09695112017374186,0.12439215015736833,0.05764679659490923
-33.115103266201714,0.0792949701550081,74.17660570714717,-2.10912823677063,-3.2377896308898926,1.0945634841918945,0.023782718689979276,0.0792949701550081,0.1442467650815047
-33.053300299496854,-0.01719885719304028,74.31832530223578,-2.1102492809295654,-3.2442069053649902,1.0871522426605225,0.03802024801488102,0.01719885719304028,0.002527169992902145
-32.98871403070522,0.05244420280638624,74.24660831595064,-2.1029441356658936,-3.2462048530578613,1.092531442642212,0.10260651680651733,0.05244420280638624,0.07424415627804137
-32.9017998735168,-0.017342488550748273,74.23587808876455,-2.098766326904297,-3.245802879333496,1.0916569232940674,0.18952067399493444,0.017342488550748273,0.08497438346412878
-33.13390336189217,0.007594058624005613,74.2972063573221,-2.113161325454712,-3.2396562099456787,1.0882267951965332,0.042582814380438094,0.007594058624005613,0.023646114906583193
-33.16902077950979,0.03132973671900494,74.3130114150615,-2.1161086559295654,-3.2406928539276123,1.0869481563568115,0.0777002319980582,0.03132973671900494,0.007841057167183862
-33.15639858992361,0.06586694211119132,74.27609424259758,-2.1144795417785645,-3.2423408031463623,1.0900182723999023,0.06507804241187642,0.06586694211119132,0.044758229631099766
-33.18090189357103,0.020139068169747466,74.23861699462172,-2.114638090133667,-3.2373979091644287,1.0926955938339233,0.08958134605929757,0.020139068169747466,0.08223547760695737
-33.11525694545804,-0.03762478289286625,74.27662699735285,-2.111844539642334,-3.2378714084625244,1.08968985080719,0.023936397946307864,0.03762478289286625,0.04422547487583017
-33.13709306023457,-0.028099605391496165,74.26629292113861,-2.114616870880127,-3.238337278366089,1.090699315071106,0.045772512722834335,0.028099605391496165,0.054559551090065384
-33.04562316686976,0.06366950562289675,74.2734714499563,-2.107100486755371,-3.242568016052246,1.0899583101272583,0.04569738064197537,0.06366950562289675,0.04738102227237562
-33.13508498461859,-0.08486246237771769,74.31624892472809,-2.1146109104156494,-3.238752841949463,1.0865588188171387,0.04376443710685152,0.08486246237771769,0.004603547500593663
-33.017909674312435,-0.015500099007574913,74.36440175837667,-2.1062893867492676,-3.245959758758545,1.0832109451293945,0.0734108731993004,0.015500099007574913,0.043549286147992916
-33.083250679007364,0.05566333407548426,74.27106039317928,-2.1087734699249268,-3.2420096397399902,1.0892729759216309,0.008069868504371414,0.05566333407548426,0.04979207904939642
-33.06532143243608,0.03128717080995138,74.36426515459328,-2.107786178588867,-3.2423179149627686,1.0821805000305176,0.02599911507565622,0.03128717080995138,0.04341268236460394
-33.04994667661438,-0.022577096742342585,74.352483078275,-2.1087374687194824,-3.2414591312408447,1.0844532251358032,0.04137387089735256,0.022577096742342585,0.03163060604632051
-33.078360263561635,0.0057026833719099074,74.26233141142,-2.1086978912353516,-3.2403392791748047,1.0901768207550049,0.012960283950100404,0.0057026833719099074,0.05852106080867259
-32.991005559171754,0.0542893279194402,74.26065801507336,-2.10345196723938,-3.244624376296997,1.0911463499069214,0.10031498833998143,0.0542893279194402,0.060194457155319014
-33.091897698496595,0.024244570309909782,74.31318216979075,-2.110485553741455,-3.240086793899536,1.086694359779358,0.0005771509848599976,0.024244570309909782,0.007670302437929877
-33.07760211256376,0.02194770475929854,74.3305035295259,-2.108053207397461,-3.242694616317749,1.0855144262313843,0.013718434947975311,0.02194770475929854,0.009651057297219268

Errors:
rotation,[19.06591627476926, 17.773442216523826, 15.431313729462868, 6.47633870189838, 2.6627155997155825, 1.6331625220188593, 1.837698733623923, 1.3648884176718927, 0.40063542857267986, 0.8725465101681754, 0.7072897359781127, 0.33314436321561547, 0.5480399265917129, 0.25659404295793864, 0.2367156988671772, 0.2789900669260194, 0.24732445392649205, 0.05774627520082344, 0.22929487589094494, 0.2918375460098115, 0.0738229879110269, 0.116871025884247, 0.1757032141541675, 0.19195589183600242, 0.10578665571500429, 0.1284316692043959, 0.15674790853724774, 0.13323044698516287, 0.13246025835486824, 0.1135252816292521, 0.10069896825021155, 0.09558157368601565, 0.0771840281306829, 0.21479877341474063, 0.03249202373269966, 0.04531719700449312]
translation,[0.03326186669987141, 0.04228538738951748, 0.0764080869399999, 0.07232096355706208, 0.07145875372524912, 0.053815045029091735, 0.045673837616885926, 0.03887984319362747, 0.02687607644221579, 0.01123433107105054, 0.006351459451074959, 0.0033210814248860743, 0.005877637583767026, 0.010455940447957168, 0.012564468793007322, 0.0159052042728689, 0.01494016031432377, 0.011187404253096389, 0.01194439352448562, 0.014691371123053187, 0.013037330332539732, 0.010996878562208323, 0.009694254475442143, 0.012867796778007978, 0.0147721246271173, 0.012664393089842463, 0.013402170080021314, 0.01345438618816619, 0.012913519231256387, 0.013160902848060374, 0.015347303612967877, 0.014928087316270933, 0.014303026271841546, 0.013331364392642264, 0.014511480472660487, 0.014003381910540291]
loss,
[0.2463177889585495, 0.20695613324642181, 0.1055305227637291, 0.03985022008419037, 0.015848055481910706, 0.007873784750699997, 0.013686632737517357, 0.008402030915021896, 0.005057291593402624, 0.005542078986763954, 0.002283196896314621, 0.002389012835919857, 0.0008861839305609465, 0.002867732895538211, 0.0020433682948350906, 0.0028724910225719213, 0.001538976444862783, 0.0009582880884408951, 0.0008776543545536697, 0.0026728399097919464, 0.0019543699454516172, 0.0023939169477671385, 0.0013763632159680128, 0.0011322040809318423, 0.001501833787187934, 0.0016686965245753527, 0.0023136234376579523, 0.0014094950165599585, 0.0015669174026697874, 0.002011262346059084, 0.0009125184151344001, 0.0011796588078141212, 0.0016364356270059943, 0.0013539139181375504, 0.0019494428997859359, 0.001510834088549018]

2022-04-20 17:11:52.359011