2022-04-20 17:14:35.050176

reference phi, theta, psi, translation: -139.02455270626928, -8.537736090602699e-07, 56.38966954231551, -2.2014424800872803, 2.5346622467041016, 2.231398344039917

phi,theta,psi,rot_x,rot_y,rot_z,phi_err,theta_err,psi_err
-129.04008655489625,6.852725648450977,53.065809209147574,-2.6847352981567383,1.8050535917282104,2.604990243911743,9.984466151373027,6.852726502224586,3.3238603331679357
-129.4190391104269,7.125288321932713,52.883388516794874,-2.6798031330108643,1.8092398643493652,2.6087310314178467,9.605513595842382,7.125289175706322,3.506281025520636
-133.03416261546627,9.805266617783172,51.304737139213586,-2.670849561691284,1.8562779426574707,2.6007397174835205,5.990390090803004,9.80526747155678,5.084932403101924
-132.06159831916983,6.823141570683531,51.89267299277911,-2.646472215652466,1.8992042541503906,2.5796902179718018,6.962954387099444,6.82314242445714,4.496996549536398
-132.526706880891,5.0886304909799005,51.22473171837064,-2.5574541091918945,1.9635547399520874,2.6125264167785645,6.497845825378278,5.08863134475351,5.164937823944868
-132.5719227331965,4.141455003430782,50.71102636070481,-2.5017597675323486,2.0089876651763916,2.630605936050415,6.4526299730727885,4.141455857204392,5.678643181610703
-132.96413951609532,3.819249611056441,51.78848187208515,-2.510622024536133,2.104315996170044,2.559340476989746,6.060413190173961,3.8192504648300503,4.60118767023036
-133.96007671973155,2.948583877045742,52.3877558396729,-2.463209390640259,2.184305191040039,2.5363965034484863,5.06447598653773,2.948584730819351,4.001913702642611
-135.07155340336772,2.2150343143851847,53.29319645190105,-2.4220871925354004,2.284778594970703,2.4881091117858887,3.95299930290156,2.215035168158794,3.096473090414456
-136.51881584698006,1.910294938019953,54.03888576963178,-2.367971897125244,2.384117364883423,2.4433107376098633,2.5057368592892146,1.9102957917935621,2.3507837726837266
-137.56596580901305,0.8480101736367296,54.70302945886173,-2.307101249694824,2.476167678833008,2.3941431045532227,1.4585868972562253,0.8480110274103386,1.6866400834537814
-137.95124311971514,0.32011882517290574,54.75047536793122,-2.268099784851074,2.492990255355835,2.3857874870300293,1.0733095865541316,0.3201196789465148,1.6391941743842864
-138.00973685976712,0.43346881552500716,55.13232050857537,-2.267988920211792,2.50038480758667,2.3538858890533447,1.0148158465021595,0.4334696692986162,1.257349033740141
-138.02988591781866,0.7350417024131727,55.552923557664755,-2.283179521560669,2.495522975921631,2.323184013366699,0.9946667884506155,0.7350425561867817,0.8367459846507543
-137.94796462891352,0.5943784911235479,55.27922421724401,-2.2692339420318604,2.4811065196990967,2.33197283744812,1.0765880773557512,0.5943793448971569,1.1104453250715025
-138.68196407787977,0.5340478791796798,55.46596158915215,-2.236757516860962,2.5126535892486572,2.3124806880950928,0.34258862838950677,0.5340487329532888,0.9237079531633583
-138.393238321285,0.326378988278879,55.60314593863186,-2.2392234802246094,2.5036754608154297,2.3031110763549805,0.6313143849842788,0.32637984205248805,0.7865236036836478
-138.4632750810343,0.24401070615599185,55.91747465933043,-2.2363638877868652,2.511420249938965,2.2765607833862305,0.5612776252349647,0.2440115599296009,0.47219488298507883
-138.66669177489564,0.14959290569097783,55.99632577820364,-2.2218570709228516,2.5171382427215576,2.266284227371216,0.3578609313736365,0.1495937594645869,0.39334376411186867
-138.83498763604476,0.2777875234299701,56.10679384274484,-2.217363119125366,2.519796848297119,2.257035493850708,0.18956507022451774,0.27778837720357913,0.28287569957066694
-138.93041903912817,0.026558533218801857,56.143461713304056,-2.2029900550842285,2.526885747909546,2.251164436340332,0.09413366714110794,0.026559386992410918,0.24620782901145333
-138.9741185894379,0.09727853055527533,56.18755741458566,-2.2022407054901123,2.52533221244812,2.24586820602417,0.05043411683138288,0.09727938432888439,0.20211212772984766
-138.9937758738692,0.04636142591154041,56.27193415649741,-2.2005951404571533,2.529067277908325,2.239065647125244,0.030776832400079,0.04636227968514947,0.11773538581810072
-138.9813176088231,0.1372830137286564,56.37298680526775,-2.205721616744995,2.5269429683685303,2.2316951751708984,0.04323509744617127,0.13728386750226546,0.016682737047759133
-138.99183610014492,-0.04750833629465619,56.397776976860314,-2.1995227336883545,2.5329344272613525,2.2294058799743652,0.03271660612435312,0.047507482521047126,0.008107434544804448
-139.0107420637675,0.05764817899112648,56.299012441461926,-2.1986169815063477,2.5267770290374756,2.2363250255584717,0.013810642501766779,0.05764903276473554,0.09065710085358347
-139.07883904979255,-0.0016276410280184784,56.313471951934844,-2.1941640377044678,2.531377077102661,2.233461380004883,0.05428634352327322,0.001626787254409418,0.07619759038066576
-139.04340402837852,0.00768176252655245,56.28794070481734,-2.194812297821045,2.5284762382507324,2.2346293926239014,0.01885132210924212,0.00768261630016151,0.10172883749817174
-139.06168161459746,0.024247194105108606,56.365920974571374,-2.1967623233795166,2.5316221714019775,2.2318308353424072,0.03712890832818516,0.024248047878717666,0.023748567744135585
-139.0537039536469,-0.024784371796142124,56.280663138256685,-2.1940979957580566,2.530763626098633,2.2358012199401855,0.029151247377626532,0.024783518022533063,0.10900640405882456
-139.00107051590277,0.009370894084845866,56.346963784530004,-2.1986334323883057,2.529669761657715,2.2315971851348877,0.023482190366507893,0.009371747858454927,0.04270575778550523
-139.01902025304156,0.009568143587953132,56.37091725794924,-2.1985700130462646,2.531172513961792,2.231578826904297,0.00553245322771545,0.009568997361562193,0.018752284366271965
-139.0521330101378,-0.036424331184946805,56.38972418382887,-2.1966896057128906,2.5334768295288086,2.2294464111328125,0.027580303868518286,0.036423477411337744,5.464151335843326e-05
-138.98497859021822,-0.006008858865442125,56.32943751911975,-2.198657989501953,2.5287413597106934,2.233802318572998,0.03957411605105676,0.006008005091833065,0.060232023195759155
-138.96959700420734,0.002573395458535873,56.31731734843756,-2.1984152793884277,2.527193307876587,2.2340266704559326,0.05495570206193179,0.0025742492321449333,0.072352193877947
-139.03843165066274,0.03568934089832524,56.352871898162064,-2.1974778175354004,2.529890775680542,2.231718063354492,0.013878944393468373,0.0356901946719343,0.03679764415344522

Errors:
rotation,[20.161052986765547, 20.23708379706934, 20.88058996546171, 18.28309336109298, 16.751414994076654, 16.272729011887883, 14.48085132523437, 12.014974419999692, 9.26450756147481, 6.766816423766503, 3.993238008120345, 3.032623439884933, 2.7056345495409166, 2.566455329288152, 2.781412747324411, 1.8003453145061539, 1.7442178307204146, 1.2774840681496444, 0.900798454950092, 0.7502291469987639, 0.36690088314497216, 0.3498256288901149, 0.1948744979033292, 0.19720170199619586, 0.0883315231902047, 0.1621167761200858, 0.13211072115834838, 0.12826277590757537, 0.08512552395103841, 0.16294116945898415, 0.07555969601046805, 0.03385373495554961, 0.06405842279321447, 0.10581414433864898, 0.12988214517202373, 0.08636678321884789]
translation,[0.12242333873291766, 0.12340732580690528, 0.133370133298774, 0.12405984982917229, 0.1187401286151335, 0.11795785529351299, 0.1259845670293629, 0.12481826415421438, 0.1254810753543696, 0.12351594817238887, 0.11447644711948346, 0.09818810403285028, 0.08426617778880185, 0.07225111537226425, 0.06074224900937164, 0.051037084069055716, 0.04156470221544506, 0.029817301446760425, 0.019633733894368177, 0.013655954559938621, 0.006947130210522623, 0.002615123555363752, 0.00027472419267215997, 0.002343486068141054, 0.003237691543539256, 0.0037639616730453795, 0.004893014273362084, 0.005714440200971893, 0.004226325758543759, 0.004016090312419784, 0.004561626196999846, 0.0036621528902731626, 0.004420404166749492, 0.003908697644146031, 0.004888611463270465, 0.004986633457371603]
loss,
[0.1531480848789215, 0.15945707261562347, 0.0701727643609047, 0.04730553552508354, 0.050022996962070465, 0.037084102630615234, 0.04219941049814224, 0.026359811425209045, 0.024519145488739014, 0.01841317117214203, 0.01678749918937683, 0.017870530486106873, 0.011335323564708233, 0.009507626295089722, 0.005690156947821379, 0.011876679956912994, 0.005225205793976784, 0.003822087310254574, 0.0012355032376945019, 0.002290823496878147, 0.0015248153358697891, 0.001136816805228591, 0.001429645693860948, 0.0008727465174160898, 0.0012988831149414182, 0.001164624816738069, 0.001317615038715303, 0.0011007101275026798, 0.0011375180911272764, 0.0016583235701546073, 0.0006630021380260587, 0.0012502699391916394, 0.000750130508095026, 0.0009536170400679111, 0.0007993681356310844, 0.0009433839004486799]

2022-04-20 17:17:05.188685