2022-04-28 13:06:18.109584

reference phi, theta, psi, translation: -139.02455270626928, -8.537736090602699e-07, 56.38966954231551, -2.2014424800872803, 2.5346622467041016, 2.231398344039917

phi,theta,psi,rot_x,rot_y,rot_z,phi_err,theta_err,psi_err
-129.04008655489625,6.852725648450977,53.065809209147574,-2.6847352981567383,1.8050535917282104,2.604990243911743,9.984466151373027,6.852726502224586,3.3238603331679357
-129.2944974411009,6.540665333906131,51.87730506714658,-2.618516206741333,1.8029394149780273,2.6605846881866455,9.730055265168374,6.54066618767974,4.51236447516893
-131.33513939904725,6.290919691158158,49.476766781453904,-2.4715018272399902,1.8390932083129883,2.7545583248138428,7.689413307222026,6.290920544931767,6.912902760861606
-134.23861183408465,4.932759333936741,46.893080388261914,-2.2624614238739014,1.9502341747283936,2.8256845474243164,4.785940872184625,4.93276018771035,9.496589154053595
-136.8006021313781,5.631016175298593,49.75000508410567,-2.344128370285034,2.109226703643799,2.6624720096588135,2.2239505748911768,5.631017029072202,6.639664458209836
-138.3052245036402,2.533459701284133,52.94062891713417,-2.2642319202423096,2.3830716609954834,2.4923336505889893,0.7193282026290717,2.5334605550577423,3.4490406251813397
-140.15531784412158,-0.4969158022235828,55.158193265151375,-2.148263931274414,2.606442451477051,2.3506317138671875,1.1307651378523076,0.49691494844997375,1.231476277164134
-139.7483341922372,-0.4008287755445241,54.89445575563509,-2.1544556617736816,2.569920063018799,2.355695962905884,0.723781485967919,0.4008279217709151,1.4952137866804165
-139.84586929358497,-0.302605363655824,55.240398006907064,-2.1500375270843506,2.568929433822632,2.327925205230713,0.8213165873156925,0.302604509882215,1.1492715354084453
-139.40522646947076,-0.11539107144690916,55.61664922262097,-2.1812498569488525,2.5545406341552734,2.3026328086853027,0.3806737632014858,0.1153902176733001,0.7730203196945382
-139.2860260080757,-0.15301029067774388,55.580592653992476,-2.179443359375,2.541398286819458,2.298576593399048,0.2614733018064328,0.15300943690413482,0.8090768883230339
-139.28248797008564,-0.011363390138083561,55.984185116953945,-2.1896374225616455,2.544147491455078,2.265899419784546,0.2579352638163641,0.0113625363644745,0.40548442536156415
-139.2214533996624,-0.13303212986861418,56.11660540948757,-2.18391489982605,2.5427446365356445,2.2513303756713867,0.19690069339313254,0.13303127609500512,0.2730641328279404
-139.06603927528795,-0.04393481279339322,56.325506745252405,-2.196643829345703,2.5357325077056885,2.2371714115142822,0.04148656901867298,0.04393395901978416,0.0641627970631049
-139.1163641090926,0.0136885116108422,56.362540030932216,-2.1970298290252686,2.53544282913208,2.2330105304718018,0.09181140282331057,0.013689365384451261,0.027129511383293448
-139.0305632727389,-0.01912995874403851,56.35103457727533,-2.197566032409668,2.5323288440704346,2.2336010932922363,0.00601056646962661,0.01912910497042945,0.03863496504018116
-139.04679180220685,-0.034515859731028636,56.409292675800955,-2.197472095489502,2.534471273422241,2.228878974914551,0.022239095937578668,0.034515005957419576,0.019623133485445976
-138.98541572232511,-0.008846178594690987,56.378228975455734,-2.1997909545898438,2.5299036502838135,2.2304840087890625,0.039136983944160875,0.008845324821081926,0.011440566859775458
-138.96693323043104,0.04680413732480883,56.41804214812774,-2.2042791843414307,2.5292553901672363,2.2296013832092285,0.05761947583823712,0.04680499109841789,0.02837260581222978
-138.99740953450765,-0.010997761618725569,56.436524640021794,-2.2010281085968018,2.5327210426330566,2.2258505821228027,0.027143171761622398,0.010996907845116508,0.04685509770628471
-139.07714516287837,-0.015742357858283637,56.367587540728856,-2.1946158409118652,2.5320420265197754,2.2299249172210693,0.05259245660909073,0.015741504084674576,0.022082001586653632
-138.9847053826514,0.03954168383964158,56.32371382059528,-2.1996865272521973,2.5261943340301514,2.2331316471099854,0.03984732361786314,0.03954253761325064,0.06595572172022912
-138.983844778816,0.018643227672009956,56.33765423669127,-2.198796510696411,2.52616548538208,2.2316620349884033,0.04070792745326912,0.018644081445619017,0.05201530562423784
-138.97238372138872,0.045796646127489335,56.4573191509499,-2.203572988510132,2.52968168258667,2.224634885787964,0.052168984880552216,0.045797499901098396,0.06764960863439029
-139.01421179986588,0.07920410770521288,56.3793764472363,-2.2007339000701904,2.5286967754364014,2.230095863342285,0.010340906403399686,0.07920496147882194,0.010293095079212833
-139.0213151966027,0.026988511703121706,56.334283538335875,-2.1987860202789307,2.5284929275512695,2.2323668003082275,0.0032375096665759884,0.026989365476730767,0.05538600397963478
-139.00417142178597,0.08753860926569978,56.38029169258508,-2.2027690410614014,2.527578592300415,2.23095440864563,0.020381284483306672,0.08753946303930885,0.009377849730427101
-139.08781391836195,0.019012107569600225,56.32808855675867,-2.1944005489349365,2.5311601161956787,2.232611894607544,0.06326121209266944,0.019012961343209286,0.06158098555683722
-139.11200644840213,-0.09992611264727137,56.5037371165493,-2.194202423095703,2.541017532348633,2.221778631210327,0.08745374213285118,0.09992525887366231,0.11406757423379332
-138.9408828889366,0.047814722639777436,56.31331827267852,-2.2015597820281982,2.524374485015869,2.2347195148468018,0.08366981733266243,0.0478155764133865,0.07635126963698724
-138.95641473910922,0.02422677456842015,56.38114205113675,-2.2017509937286377,2.5274264812469482,2.2313685417175293,0.06813796716005527,0.02422762834202921,0.008527491178760727
-139.02325497032697,0.032965823228508315,56.43669197965646,-2.2002036571502686,2.5315988063812256,2.22670841217041,0.0012977359423018697,0.032966677002117376,0.04702243734094935
-138.99107111895788,0.023860932535904822,56.42176118613081,-2.201308250427246,2.5302648544311523,2.226943016052246,0.03348158731139961,0.023861786309513883,0.032091643815299165
-139.05744689731205,-0.04194067843940327,56.404245166004316,-2.1958186626434326,2.533928632736206,2.227573871612549,0.03289419104277158,0.04193982466579421,0.01457562368880616
-139.04235217924634,0.03367245158547229,56.356720709759365,-2.197737216949463,2.5289597511291504,2.2307169437408447,0.017799472977060304,0.03367330535908135,0.032948832556144225
-139.00347474249062,0.03261701759272364,56.46549830248099,-2.2021636962890625,2.5307114124298096,2.2248029708862305,0.021077963778651565,0.0326178713663327,0.07582876016547857

Errors:
rotation,[20.161052986765547, 20.783085928017044, 20.893236613015397, 19.21529021394857, 14.494632062173215, 6.701829382868153, 2.8591563634664157, 2.6198231944192507, 2.273192632606353, 1.2690843005693242, 1.2235596270336015, 0.6747822255424027, 0.602996102316078, 0.14958332510156205, 0.13263027959105528, 0.06377463648023722, 0.07637723538044422, 0.05942287562501826, 0.1327970727488848, 0.08499517731302361, 0.09041596228041894, 0.1453455829513429, 0.11136731452312598, 0.1656160934160409, 0.09983896296143446, 0.08561287912294153, 0.11729859725304262, 0.14385515899271595, 0.3014465752403068, 0.20783666338303616, 0.1008930866808452, 0.0812868502853686, 0.08943501743621265, 0.08940963939737195, 0.08442161089228588, 0.12952459531046284]
translation,[0.12242333873291766, 0.1144625512897921, 0.10144615858659023, 0.08063934879421009, 0.09591995422676192, 0.09409881434348133, 0.08397128892723948, 0.06709897777220775, 0.04824550116746096, 0.04141902257193486, 0.029921814394633373, 0.01874747113710118, 0.0066332248987901465, 0.0012549270615389574, 0.001023891533306731, 0.0023623858006303067, 0.0036818585407152327, 0.004399261971841817, 0.0028411967826027507, 0.004516009584082603, 0.006189075554246415, 0.005317736334403023, 0.0066371887246585715, 0.005706730005146099, 0.0048571032356887756, 0.004790871534058994, 0.003970782585317245, 0.005371689779905431, 0.005263204272714539, 0.004554268234361558, 0.00439355158735566, 0.005198083040213852, 0.005303098450490928, 0.005647660543172783, 0.005984887494630442, 0.005737813628901023]
loss,
[0.15092366933822632, 0.14163842797279358, 0.11445953696966171, 0.10475955903530121, 0.06400291621685028, 0.027617160230875015, 0.015682866796851158, 0.008608706295490265, 0.009262414649128914, 0.006485363002866507, 0.004987794905900955, 0.003381782677024603, 0.0025078419130295515, 0.0013111525913700461, 0.002207570243626833, 0.001614719396457076, 0.0014057711232453585, 0.0016446508234366775, 0.0018479672726243734, 0.0030589881353080273, 0.0006514393026009202, 0.0017545055598020554, 0.001632890198379755, 0.0019468612736091018, 0.0018145795911550522, 0.0015520307933911681, 0.0016607794677838683, 0.0011088487226516008, 0.002071527298539877, 0.0021958397701382637, 0.001664461800828576, 0.001361815258860588, 0.0010264812735840678, 0.0022634416818618774, 0.0010022607166320086, 0.0013011818518862128]

2022-04-28 13:08:48.631610