2022-04-27 06:55:43.784120

reference phi, theta, psi, translation: 16.672973292337613, -0.0, 55.56417970941693, 0.9538894295692444, -3.184936285018921, 2.279534101486206

phi,theta,psi,rot_x,rot_y,rot_z,phi_err,theta_err,psi_err
26.607018987257597,-4.879078348390559,61.415046110949504,1.4386786222457886,-3.2383759021759033,2.121750593185425,9.934045694919984,4.879078348390559,5.850866401532571
26.851324608585198,-5.161829055365456,61.61826472932489,1.4577947854995728,-3.246354341506958,2.1009938716888428,10.178351316247586,5.161829055365456,6.0540850199079586
26.798995114259146,-5.141894883234205,62.919661653022445,1.5526973009109497,-3.2957661151885986,1.9614567756652832,10.126021821921533,5.141894883234205,7.355481943605511
25.922739900354454,-2.8050015938226966,60.63638405500054,1.5136001110076904,-3.225294828414917,2.089660406112671,9.249766608016841,2.8050015938226966,5.072204345583607
21.911994763115022,2.2713225949920233,57.391169935030725,1.3937995433807373,-3.1798791885375977,2.2213058471679688,5.239021470777409,2.2713225949920233,1.826990225613791
19.385623902343195,2.5070279871255807,54.877322226102116,1.2032206058502197,-3.1330859661102295,2.3566207885742188,2.712650610005582,2.5070279871255807,0.6868574833148173
16.883464354631773,0.6730684959786146,55.0798134293309,0.9943731427192688,-3.188119411468506,2.333432674407959,0.21049106229416026,0.6730684959786146,0.48436628008603577
16.17269608658003,-0.3180407267672048,55.432982020744745,0.9193102717399597,-3.199958324432373,2.2938153743743896,0.5002772057575839,0.3180407267672048,0.13119768867218795
16.62902785521775,0.09460857442407704,55.60413631606151,0.9559564590454102,-3.1838722229003906,2.2746694087982178,0.043945437119862873,0.09460857442407704,0.039956606644580006
16.683835000665223,0.07037592848799855,55.5478794629627,0.9580206274986267,-3.176555633544922,2.2755556106567383,0.010861708327610131,0.07037592848799855,0.01630024645423589
16.667155678712053,-0.003514891807849917,55.51376266805848,0.953737735748291,-3.177361249923706,2.2797136306762695,0.005817613625559659,0.003514891807849917,0.050417041358450376
16.67465693396802,-0.05898058213007153,55.55200489722139,0.9517174959182739,-3.179811716079712,2.2773027420043945,0.001683641630407351,0.05898058213007153,0.01217481219554628
16.745820674930382,0.006546874774163277,55.55167021795206,0.9588819146156311,-3.177675485610962,2.276228189468384,0.07284738259276935,0.006546874774163277,0.012509491464875566
16.6901717086677,0.017340080934093026,55.5411824624815,0.9559345841407776,-3.17767071723938,2.276280641555786,0.017198416330089117,0.017340080934093026,0.02299724693543226
16.659538310240197,-0.0010691539705565067,55.59794474957889,0.9538271427154541,-3.181147336959839,2.273378849029541,0.013434982097415116,0.0010691539705565067,0.0337650401619598
16.658413036574437,0.02386302461100883,55.54727157612657,0.9551941156387329,-3.1779637336730957,2.276376485824585,0.014560255763175434,0.02386302461100883,0.016908133290364447
16.697394633714993,0.034642527755408076,55.54203282103317,0.956532895565033,-3.177365303039551,2.27748966217041,0.024421341377379946,0.034642527755408076,0.022146888383765884
16.690178538856873,-0.06423986068896857,55.61753373211849,0.9545323848724365,-3.181121349334717,2.273587226867676,0.017205246519260697,0.06423986068896857,0.05335402270155498
16.715433163312994,0.012796526256200843,55.60625367470421,0.9578821063041687,-3.17995548248291,2.2736382484436035,0.04245987097538162,0.012796526256200843,0.04207396528727969
16.722473380799986,-0.009562194782554635,55.52138515917222,0.9566942453384399,-3.1771206855773926,2.2783162593841553,0.049500088462373526,0.009562194782554635,0.04279455024471446
16.667307650421087,0.011552742826627098,55.550584217874025,0.9549763202667236,-3.1793649196624756,2.2777183055877686,0.005665641916525743,0.011552742826627098,0.013595491542908178
16.719715691922595,0.0005093841126254916,55.56632097372174,0.9576002955436707,-3.1795685291290283,2.277107000350952,0.04674239958498205,0.0005093841126254916,0.0021412643048037694
16.711428964912077,-0.033324231123606954,55.615833015015156,0.9567037224769592,-3.1822316646575928,2.2738051414489746,0.03845567257446447,0.033324231123606954,0.05165330559822223
16.703898681352136,-0.003280038012862442,55.56986584190097,0.9566129446029663,-3.179410934448242,2.277149200439453,0.030925389014523574,0.003280038012862442,0.005686132484036932
16.713298729197366,-0.006450341018383738,55.576013012153986,0.9567298889160156,-3.1800169944763184,2.2768516540527344,0.04032543685975298,0.006450341018383738,0.01183330273705252
16.612351948359162,-0.02752129076202514,55.51904240428691,0.9496007561683655,-3.179417133331299,2.279160976409912,0.060621343978450426,0.02752129076202514,0.04513730513002656
16.703504237927568,0.00047266384063550875,55.57138214389671,0.9563133716583252,-3.1793575286865234,2.276649236679077,0.030530945589955394,0.00047266384063550875,0.00720243447977964
16.691869010676452,-0.009334995496700695,55.60884231639965,0.9553459882736206,-3.181243419647217,2.273987054824829,0.01889571833883963,0.009334995496700695,0.044662606982718955
16.695068954302602,-0.011281151574141418,55.597241240094384,0.9555221796035767,-3.1799991130828857,2.275097370147705,0.022095661964989688,0.011281151574141418,0.033061530677450435
16.729887551144035,-0.0037151247912396716,55.57725269148834,0.9579495787620544,-3.180116653442383,2.2769775390625,0.056914258806422424,0.0037151247912396716,0.013072982071406614
16.700724350935374,-0.013156002060274015,55.57281648362242,0.9564985036849976,-3.1803877353668213,2.2772715091705322,0.027751058597761613,0.013156002060274015,0.008636774205484699
16.628874175961425,0.021568388469762893,55.52838610307148,0.9527437686920166,-3.1797330379486084,2.27864408493042,0.04409911637618791,0.021568388469762893,0.03579360634545026
16.658553055452423,-0.039001367433008284,55.551233085845176,0.9528388977050781,-3.1797680854797363,2.2775375843048096,0.014420236885190008,0.039001367433008284,0.012946623571757243
16.708085587313356,0.0030319660800495435,55.56635853976217,0.9569526314735413,-3.179439067840576,2.276951789855957,0.0351122949757432,0.0030319660800495435,0.002178830345236804
16.71759150309072,-0.03292585598666547,55.596138164543426,0.9561302661895752,-3.180419683456421,2.2752771377563477,0.044618210753107235,0.03292585598666547,0.031958455126492424
16.69675942612218,-0.0013253386159392845,55.557479293841155,0.956016480922699,-3.17866849899292,2.2769925594329834,0.02378613378456862,0.0013253386159392845,0.006700415575778607

Errors:
rotation,[20.663990444843115, 21.394265391521, 22.62339864876125, 17.126972547423144, 9.337334291383224, 5.90653608044598, 1.3679258383588107, 0.9495156211969766, 0.17851061818851993, 0.09753788326984457, 0.05974954679185995, 0.07283903595602516, 0.0919037488318082, 0.0575357441996144, 0.048269176229931425, 0.05533141366454871, 0.0812107575165539, 0.13479912990978427, 0.09733036251886215, 0.10185683348964261, 0.03081387628606102, 0.049393048002411316, 0.12343320929629366, 0.039891559511422946, 0.05860908061518924, 0.13327993987050213, 0.03820604391037054, 0.07289332081825928, 0.06643834421658154, 0.07370236566906871, 0.04954383486352033, 0.10146111119140105, 0.06636822788995553, 0.04032309140102954, 0.10950252186626513, 0.03181188797628651]
translation,[0.09908907901583852, 0.10144387115666298, 0.1065342315575446, 0.09926974319819504, 0.09058297729613507, 0.06980140285876324, 0.04290984344472726, 0.011945911520772512, 0.003100063517106122, 0.007888557015782283, 0.005916517571836977, 0.0058243369691126645, 0.006418836756050261, 0.007094111377472956, 0.006487761531395186, 0.006984332407852456, 0.0065090527149545, 0.0062233985290856, 0.006320061115747677, 0.006195979789363371, 0.005170374509273934, 0.004732129530796492, 0.004707349022403662, 0.005067424854329872, 0.00472927691105518, 0.005584220716722932, 0.005463537406044772, 0.00570804218392329, 0.006022026484447274, 0.004289401941371729, 0.0042540116922173965, 0.004884738014210299, 0.0054606579530220856, 0.005076132953626633, 0.005443764879754731, 0.0058840181752719545]
loss,
[0.14235536754131317, 0.13605152070522308, 0.11670798063278198, 0.10581066459417343, 0.0474918894469738, 0.019857153296470642, 0.009179448708891869, 0.0031524307560175657, 0.0023847846314311028, 0.002085593529045582, 0.0013549502473324537, 0.00175289751496166, 0.0015246816910803318, 0.001942897099070251, 0.0013861577026546001, 0.0017930734902620316, 0.0012391649652272463, 0.0012405916349962354, 0.0015166518278419971, 0.0012984038330614567, 0.0016205445863306522, 0.0014402730157598853, 0.0017727010417729616, 0.0013145946431905031, 0.002166549675166607, 0.001473272917792201, 0.001659140456467867, 0.0015138214221224189, 0.001716383034363389, 0.0013241581618785858, 0.001768620451912284, 0.0017259838059544563, 0.001276765251532197, 0.0014984778827056289, 0.001600370742380619, 0.0016667908057570457]

2022-04-27 07:00:08.513122