2022-04-27 07:18:15.914939

reference phi, theta, psi, translation: 132.9853677440357, -8.537735924097414e-07, 76.34363348549546, 2.865516185760498, 2.6707684993743896, 0.9517420530319214

phi,theta,psi,rot_x,rot_y,rot_z,phi_err,theta_err,psi_err
143.3552887910292,-3.0579185397180266,69.36864430507845,2.3124754428863525,2.981729030609131,1.6183615922927856,10.369921046993511,3.0579176859444344,6.974989180417012
143.95713773993407,-4.4081194464910185,69.53269861875297,2.336858034133911,2.968627691268921,1.5826542377471924,10.97176999589837,4.408118592717426,6.810934866742485
146.2871201715005,-9.319921284208274,70.66661247381265,2.3728864192962646,3.020678997039795,1.4022693634033203,13.301752427464805,9.319920430434681,5.677021011682811
148.35444084834495,-10.470285900233371,73.82941353125709,2.248417377471924,3.210181951522827,1.176655650138855,15.369073104309251,10.470285046459779,2.5142199542383707
147.94279900744664,-9.51445672557934,73.7483050348632,2.247007131576538,3.216134548187256,1.1822998523712158,14.957431263410939,9.514455871805747,2.595328450632266
148.386460775174,-8.842745405328447,73.52088022606927,2.2055654525756836,3.2258412837982178,1.201671838760376,15.401093031138288,8.842744551554855,2.822753259426193
150.06500708446129,-8.578580104133794,75.54860629629515,2.119758367538452,3.330580472946167,1.0394853353500366,17.079639340425587,8.578579250360201,0.7950271892003116
149.68123241537663,-7.387934233247739,76.1997418902508,2.1205685138702393,3.336245536804199,1.0052694082260132,16.695864671340928,7.387933379474147,0.14389159524465356
150.23102166242762,-7.285912178125004,76.45115432340981,2.0882372856140137,3.3602657318115234,0.9912418723106384,17.245653918391923,7.285911324351412,0.10752083791435041
149.9142238283441,-7.235352101984042,76.43732319034052,2.106099843978882,3.3392529487609863,0.9886653423309326,16.928856084308393,7.23535124821045,0.09368970484506178
149.77216955398617,-7.391011348972905,75.54489750357583,2.1025288105010986,3.3085460662841797,1.0511372089385986,16.786801809950475,7.391010495199312,0.7987359819196342
150.43308597883328,-6.935774278502769,75.13512030432092,2.045950174331665,3.3331878185272217,1.0715464353561401,17.447718234797577,6.9357734247291765,1.2085131811745384
150.6324455403276,-6.7083351184329105,74.89738874006946,2.033177137374878,3.3279027938842773,1.0928579568862915,17.64707779629191,6.708334264659318,1.4462447454260001
150.61549301080763,-6.312293071057406,75.22497144285244,2.0250015258789062,3.340273141860962,1.0702557563781738,17.630125266771927,6.312292217283813,1.1186620426430238
150.30734219621334,-5.837761370120366,75.2302853300267,2.0420312881469727,3.32452392578125,1.0763587951660156,17.321974452177642,5.837760516346774,1.1133481554687563
150.44737473457695,-5.934371670268134,75.60600720607994,2.036501169204712,3.3325605392456055,1.0455949306488037,17.462006990541255,5.934370816494542,0.7376262794155224
150.02046059069446,-5.516394970348016,74.95911998978802,2.0405280590057373,3.3044538497924805,1.099426031112671,17.035092846658756,5.516394116574424,1.3845134957074379
149.85007469165933,-5.108519042142922,76.0971114677822,2.043562650680542,3.3220863342285156,1.011468768119812,16.86470694762363,5.10851818836933,0.24652201771326077
149.86339356054086,-4.611405212827198,77.00389421218226,2.040135145187378,3.3412232398986816,0.9412844777107239,16.878025816505158,4.611404359053606,0.6602607266868006
149.65953973457266,-2.931395279921672,78.82190615413207,2.029200792312622,3.3802905082702637,0.8105103969573975,16.674171990536962,2.9313944261480795,2.478272668636606
149.24023442142558,-0.8821621118497898,80.51711129480503,2.0429928302764893,3.395658493041992,0.676781177520752,16.254866677389884,0.8821612580761974,4.173477809309574
149.23916891191504,0.4792465530961669,82.2911709694458,2.039524793624878,3.421454668045044,0.5543087124824524,16.253801167879345,0.47924740686975936,5.947537483950342
148.8345894866185,1.655800943038113,84.25894846932648,2.0709455013275146,3.4316141605377197,0.40485215187072754,15.849221742582813,1.6558017968117056,7.915314983831024
148.13209087010435,3.0993029751763825,84.34440779622167,2.102651357650757,3.412184000015259,0.4093657433986664,15.14672312606865,3.099303828949975,8.000774310726214
148.36491835853175,3.8321384890605263,86.10886422488942,2.1018052101135254,3.418431043624878,0.27205759286880493,15.379550614496054,3.8321393428341186,9.765230739393957
147.70174797125853,3.872387461223972,85.83383299758052,2.122968912124634,3.4003946781158447,0.30462646484375,14.716380227222828,3.8723883149975644,9.490199512085056
147.376070891254,3.4864342178267735,86.529877085329,2.149754285812378,3.377563714981079,0.2499789148569107,14.39070314721829,3.486435071600366,10.186243599833546
147.19867721813043,3.8861607925607635,86.1406177743408,2.155597686767578,3.364861011505127,0.27439945936203003,14.213309474094729,3.886161646334356,9.796984288845337
147.67280162955603,3.1134205375404416,85.9853265933714,2.1326498985290527,3.3722317218780518,0.29173707962036133,14.687433885520335,3.113421391314034,9.641693107875938
147.429141461105,3.5389133858604356,85.95847711974407,2.14250111579895,3.3678624629974365,0.2894081473350525,14.443773717069291,3.538914239634028,9.614843634248615
147.84986745359944,4.317541828922882,86.97453606067516,2.117455244064331,3.3905014991760254,0.2076365053653717,14.864499709563745,4.317542682696474,10.630902575179704
147.43728304659564,3.9673819717109784,85.91410821089566,2.139556646347046,3.363722085952759,0.30298852920532227,14.45191530255994,3.9673828254845707,9.570474725400203
147.3817672690218,3.653993978155192,85.6566783810779,2.142361879348755,3.3599841594696045,0.318006694316864,14.396399524986094,3.653994831928784,9.313044895582436
147.64080902348368,3.2707374023131357,86.10836562108,2.132035255432129,3.3740806579589844,0.2736760675907135,14.655441279447984,3.270738256086728,9.764732135584538
147.54892931876867,3.1533867693049755,85.74679589698704,2.132155656814575,3.374082565307617,0.30439138412475586,14.563561574732972,3.153387623078568,9.403162411491579
147.50450576840691,3.2313746291180756,86.03816493679061,2.133995532989502,3.373622179031372,0.28471505641937256,14.519138024371216,3.231375482891668,9.694531451295148

Errors:
rotation,[20.402827913354958, 22.19082345535828, 28.298693869582298, 28.3535781050074, 27.067215585848952, 27.066590842119336, 26.453245779986098, 24.22768964605973, 24.639086080657684, 24.257897037363904, 24.97654828706942, 25.592004840701293, 25.801656806377228, 25.061079526698762, 24.27308312399317, 24.13400408645132, 23.93600045894062, 22.219747153706223, 22.149690902245563, 22.08383908532165, 21.310505744775657, 22.680586058699447, 25.420338523225542, 26.24680126574484, 28.97692069672413, 28.07896805430545, 28.0633818186522, 27.89645540927442, 27.442548384710307, 27.597531590951935, 29.812944967439922, 27.989772853444713, 27.363439252497315, 27.69091167111925, 27.12011160930312, 27.445044958558032]
translation,[0.07464079787699607, 0.06502175155881496, 0.05805816012799703, 0.060957031070141277, 0.0664795860826457, 0.057218693476704274, 0.05135459283370114, 0.047830718629711555, 0.04743470527595761, 0.038726853148544294, 0.027441511825150755, 0.024023969703410586, 0.01894328153885283, 0.018994938892739732, 0.016203462820134185, 0.011959697021550753, 0.005194611258438897, 0.001802048892296071, 0.004723492892839687, 0.006088929468759829, 0.010886500182954784, 0.009528290403872042, 0.0026433078672143395, 0.002267698801363238, 0.00903104438109903, 0.010870433557831127, 0.019661652051904177, 0.02560946267667763, 0.030472355752205083, 0.029058740414948936, 0.0283511231928939, 0.033113035970647964, 0.033587641005483615, 0.030517310197463843, 0.02823308537587721, 0.029088658991099692]
loss,
[0.12756919860839844, 0.11164939403533936, 0.08225932717323303, 0.07081049680709839, 0.07372233271598816, 0.06670791655778885, 0.07620277255773544, 0.06345666944980621, 0.06781189888715744, 0.06800621002912521, 0.06492865085601807, 0.06819815933704376, 0.06622351706027985, 0.06407374888658524, 0.0706244558095932, 0.06681694835424423, 0.06852498650550842, 0.06747453659772873, 0.05912225693464279, 0.0529724583029747, 0.055650051683187485, 0.04632046818733215, 0.05007903277873993, 0.04495411738753319, 0.042774807661771774, 0.04662873595952988, 0.04827794060111046, 0.04438880831003189, 0.046999216079711914, 0.04591082036495209, 0.04117452725768089, 0.04707542806863785, 0.04400729387998581, 0.04355379194021225, 0.04515613615512848, 0.04158381000161171]

2022-04-27 07:22:41.550865