2022-04-27 06:51:12.582280

reference phi, theta, psi, translation: 164.57178246643477, -4.268868188959204e-07, 11.003265705708584, 0.2046843022108078, 0.7416750192642212, 3.957021951675415

phi,theta,psi,rot_x,rot_y,rot_z,phi_err,theta_err,psi_err
174.68706040079186,1.035587752499106,3.46078983121423,-0.0498787984251976,0.24902896583080292,4.223120212554932,10.115277934357096,1.035588179385925,7.542475874494354
173.84679686871857,1.0918856983763818,3.5958448692201848,-0.050728440284729004,0.2710826098918915,4.216684341430664,9.275014402283801,1.0918861252632008,7.407420836488399
168.90499107967426,0.37544565889706133,2.292952347537814,-0.020234132185578346,0.2141350954771042,4.232239723205566,4.333208613239492,0.3754460857838802,8.710313358170769
165.5319431391985,2.917491878073726,2.8090956558505145,-0.15527594089508057,0.2521020174026489,4.224446773529053,0.9601606727637204,2.9174923049605446,8.19417004985807
165.41898547070483,2.894517622960523,6.067005176496682,-0.09130474925041199,0.48193666338920593,4.160303115844727,0.8472030042700567,2.894518049847342,4.936260529211902
164.92999856764527,2.3442033259072614,10.440272849218296,0.03631399944424629,0.7660900950431824,4.04702615737915,0.35821610121050185,2.34420375279408,0.562992856490288
164.51446351892002,0.44588858444976065,11.507285001357689,0.18819773197174072,0.7863729596138,3.9669265747070312,0.05731894751474442,0.44588901133657954,0.5040192956491047
164.40755739803097,-0.46773005794704203,11.408311291415973,0.24739481508731842,0.7563775777816772,3.935014247894287,0.1642250684037947,0.46772963106022314,0.4050455857073896
164.51700434929128,0.1673466839031105,11.245609355197098,0.20128652453422546,0.7616977095603943,3.953090190887451,0.054778117143484906,0.1673471107899294,0.2423436494885145
164.44907128780633,0.009791570218413776,11.336906786285367,0.21397654712200165,0.7639685869216919,3.9506969451904297,0.12271117862843539,0.009791997105232672,0.33364108057678266
164.51181340552205,0.05342531464817655,11.287552693116501,0.2095869779586792,0.7619779109954834,3.9529454708099365,0.059969060912720806,0.05342574153499544,0.284286987407917
164.49801642339864,-0.018342304339103502,11.281176711526294,0.214872807264328,0.7596092224121094,3.9515247344970703,0.07376604303613021,0.018341877452284605,0.27791100581771033
164.53924344522883,-0.013792784217837565,11.153508523107709,0.2113494575023651,0.7503626942634583,3.9530580043792725,0.03253902120593466,0.013792357331018669,0.15024281739912482
164.61239477123968,0.22490444466707857,11.208822810101056,0.1935463845729828,0.7593423128128052,3.9541964530944824,0.04061230480490963,0.22490487155389746,0.2055571043924722
164.4821294033892,-0.09014677901462728,11.1025809251088,0.21569415926933289,0.7455007433891296,3.9535820484161377,0.0896530630455743,0.09014635212780839,0.09931521940021604
164.5287522746637,0.025283463141967513,11.242991685197692,0.20897448062896729,0.7566747665405273,3.949894666671753,0.043030191771066484,0.02528389002878641,0.23972597948910845
164.45084713699052,0.026924965958653343,11.227381287849628,0.21077647805213928,0.7555403709411621,3.9476966857910156,0.12093532944425078,0.02692539284547224,0.2241155821410441
164.48359106387156,-0.029763281952514282,11.291959018904805,0.2154950648546219,0.7605195641517639,3.9521853923797607,0.08819140256321134,0.029762855065695384,0.28869331319622127
164.54096465289967,0.1548744968177156,11.281235621907886,0.2011539340019226,0.7630124688148499,3.950110912322998,0.030817813535094274,0.15487492370453448,0.2779699161993019
164.45348359001017,0.09067480925363944,11.300320877996194,0.20718684792518616,0.7632511258125305,3.9487128257751465,0.11829887642460335,0.09067523614045833,0.29705517228761025
164.47969785604465,-0.09845152992059326,11.248227878970152,0.2190876603126526,0.7549159526824951,3.9497506618499756,0.09208461039011695,0.09845110303377437,0.24496217326156788
164.48152834674224,0.02644190108623362,11.268995069141576,0.21016085147857666,0.7594760656356812,3.9500796794891357,0.09025411969253128,0.02644232797305252,0.26572936343299247
164.45494525049253,-0.07467574882240442,11.263331134772343,0.21856579184532166,0.7568142414093018,3.9504287242889404,0.11683721594224039,0.07467532193558553,0.2600654290637596
164.5799786934388,0.07822703856306128,11.236724986634204,0.20558780431747437,0.7585657238960266,3.9503073692321777,0.008196227004020784,0.07822746544988017,0.2334592809256204
164.5098463110411,-0.0713797946276484,11.178031463548994,0.21553480625152588,0.7515295147895813,3.9538650512695312,0.06193615539368125,0.07137936774082951,0.17476575784040982
164.51592517940242,0.12526922886465855,11.217077947486663,0.20239342749118805,0.7576906681060791,3.9496958255767822,0.05585728703235304,0.12526965575147744,0.21381224177807923
164.4978661592369,0.04359748800900736,11.184493676277471,0.20765826106071472,0.7542881965637207,3.952404499053955,0.07391630719786235,0.043597914895826255,0.1812279705688873
164.47430200660034,0.058101185216130787,11.2524079547422,0.20867373049259186,0.7592298984527588,3.9513370990753174,0.09748045983442921,0.05810161210294968,0.24914224903361593
164.51789227388338,0.02897828639430808,11.226705099121796,0.20924882590770721,0.7567012906074524,3.9516916275024414,0.0538901925513926,0.02897871328112698,0.22343939341321217
164.46467143987064,0.05034211901209038,11.322410563545661,0.20957344770431519,0.7635095119476318,3.9463977813720703,0.10711102656412663,0.050342545898909276,0.31914485783707747
164.42475581436108,-0.027791981973578708,11.247710492140524,0.21370121836662292,0.7561549544334412,3.947556257247925,0.14702665207369137,0.02779155508675981,0.24444478643193968
164.5205970287947,-0.02110751348580621,11.227709990703435,0.21173077821731567,0.7558727860450745,3.9517436027526855,0.051185437640071996,0.021107086598987312,0.22444428499485092
164.5207063118214,0.11571720264878645,11.276621829123542,0.2046206295490265,0.7620470523834229,3.9541232585906982,0.05107615461335513,0.11571762953560534,0.27335612341495796
164.52597921786068,0.2047655456457448,11.108431835906563,0.19531132280826569,0.7526048421859741,3.954514980316162,0.045803248574088684,0.2047659725325637,0.10516613019797916
164.5254874442404,-0.014057231917707944,11.240121298198993,0.21313288807868958,0.7572329640388489,3.9552078247070312,0.046295022194357216,0.014056805030889049,0.236855592490409
164.5463331815873,0.08629955944739377,11.198363229160828,0.20514437556266785,0.7569937705993652,3.9538724422454834,0.025449284847468334,0.08629998633421267,0.19509752345224385

Errors:
rotation,[18.693341988237375, 17.7743213640354, 13.418968057194142, 12.071823027582335, 8.6779815833293, 3.26541271049487, 1.0072272545004286, 1.0370002851714073, 0.46446887742192877, 0.46614425631045076, 0.3976817898556333, 0.37001892630612515, 0.19657419593607814, 0.47107428075127933, 0.27911463457359875, 0.30804006128896133, 0.3719763044307671, 0.406647570825128, 0.46366265343893065, 0.506029284852672, 0.4354978866854592, 0.38242581109857626, 0.45157796694158553, 0.3198829733795214, 0.3080812809749206, 0.3949391845619097, 0.2987421926625759, 0.4047243209709948, 0.3063082992457318, 0.4765984303001134, 0.41926299359239083, 0.2967368092339102, 0.4401499075639184, 0.3557353513046315, 0.29720741971565523, 0.30684679463392484]
translation,[0.19962134480110283, 0.19456464960400233, 0.20657287309734151, 0.2036811985998579, 0.157990518739485, 0.08792844884282491, 0.017365542577832294, 0.01644979071880659, 0.00029502751129140137, 0.00155816580680046, 3.903472729493984e-05, 0.001522938367382487, 0.00193787242073018, 3.345021513112556e-05, 0.002095972993199524, 0.003984142446271655, 0.006259078073675539, 0.0006701803529667316, 0.002974591014560879, 0.003994480084808849, 0.003917982514169083, 0.003213690279850745, 0.0029250953663249035, 0.0033979508452528506, 0.0007069999303492835, 0.004324292470124114, 0.0020379422759342347, 0.0021042513236908533, 0.002202415459231055, 0.006091851939343584, 0.006127171477606552, 0.002177289762525625, 0.0009519574245606677, 0.0008994678895586361, 0.0015496529009899618, 0.00021944211058588792]
loss,
[0.10814555734395981, 0.10575362294912338, 0.07368253916501999, 0.043838050216436386, 0.032523758709430695, 0.011993343010544777, 0.00396303553134203, 0.003944946452975273, 0.0037307478487491608, 0.003836048301309347, 0.004536434076726437, 0.004223370458930731, 0.002696403069421649, 0.004757584538310766, 0.0038643674924969673, 0.004217872861772776, 0.0036051326896995306, 0.003492245450615883, 0.0030941308941692114, 0.0035615572705864906, 0.004184666555374861, 0.00340232253074646, 0.003907765261828899, 0.003419257700443268, 0.0036535486578941345, 0.004836748354136944, 0.0040087150409817696, 0.0036222904454916716, 0.003553203772753477, 0.005115080624818802, 0.005370252765715122, 0.004161023069173098, 0.00366099807433784, 0.004242406226694584, 0.0044779651798307896, 0.0033724389504641294]

2022-04-27 06:55:40.360077