2022-04-21 09:52:05.028057

reference phi, theta, psi, translation: -33.091320547511735, -0.0, 74.32085247222868, -2.1190009117126465, -3.251617431640625, 1.089412808418274

phi,theta,psi,rot_x,rot_y,rot_z,phi_err,theta_err,psi_err
-22.822884158753556,1.294954214858955,81.82337814338081,-1.5357718467712402,-3.6827800273895264,0.7731812596321106,10.268436388758179,1.294954214858955,7.502525671152128
-23.047196108833237,1.5332515967635827,81.63823903573844,-1.5513206720352173,-3.675785779953003,0.7724446654319763,10.044124438678498,1.5332515967635827,7.317386563509757
-25.22749835983344,2.699469900932432,80.92109649364377,-1.7285258769989014,-3.6220626831054688,0.7379235029220581,7.863822187678295,2.699469900932432,6.600244021415094
-26.27032139702723,4.184161958120826,77.08512565198122,-1.7569737434387207,-3.5317397117614746,0.9589699506759644,6.820999150484504,4.184161958120826,2.7642731797525357
-28.357056886587433,3.947811151007544,75.27498208795527,-1.8433849811553955,-3.4648451805114746,1.0568976402282715,4.734263660924302,3.947811151007544,0.9541296157265862
-32.285949036813435,0.9967791049750866,73.18950676829694,-2.073606252670288,-3.315697193145752,1.1798880100250244,0.8053715106983006,0.9967791049750866,1.1313457039317427
-33.627254755831366,-0.6050327805560345,74.37593794788484,-2.1816141605377197,-3.266202211380005,1.100501537322998,0.535934208319631,0.6050327805560345,0.05508547565615629
-33.2810153913305,0.12647446262275472,73.8404101358208,-2.139017343521118,-3.2682642936706543,1.1324994564056396,0.18969484381876356,0.12647446262275472,0.4804423364078758
-33.28421191986206,-0.0011210433333471092,73.83377119194756,-2.1365034580230713,-3.2582998275756836,1.1334052085876465,0.19289137235032427,0.0011210433333471092,0.4870812802811173
-33.30077512859934,-0.0055675682121762125,74.0627601140614,-2.133610248565674,-3.25333309173584,1.1133378744125366,0.20945458108760562,0.0055675682121762125,0.25809235816727494
-33.354412604151456,-0.028110686937177158,74.06617520864641,-2.1337509155273438,-3.247633934020996,1.1083030700683594,0.2630920566397208,0.028110686937177158,0.2546772635822663
-33.18406085606217,0.030742343223123518,74.25428544857773,-2.1233081817626953,-3.250662088394165,1.096159815788269,0.09274030855043236,0.030742343223123518,0.06656702365094702
-33.177339949918874,0.10948790404937467,74.1229614014059,-2.1176838874816895,-3.247375726699829,1.1032052040100098,0.08601940240713901,0.10948790404937467,0.19789107082277724
-33.045025525317385,0.010387309185548376,74.18915959484166,-2.1097464561462402,-3.245239496231079,1.0980631113052368,0.04629502219435011,0.010387309185548376,0.1316928773870245
-33.21015900888079,-0.13118351902579709,74.28643514900098,-2.119420051574707,-3.2352213859558105,1.0897704362869263,0.11883846136905163,0.13118351902579709,0.03441732322770008
-33.05704324316202,0.17973419803153198,74.36032413544218,-2.1051881313323975,-3.244368314743042,1.0838885307312012,0.034277304349714655,0.17973419803153198,0.03947166321350437
-33.19547751725984,0.08258336607600367,74.2834025450095,-2.1161305904388428,-3.239832878112793,1.0896390676498413,0.10415696974810373,0.08258336607600367,0.0374499272191855
-33.22644559495668,0.03061408241804559,74.23389733390525,-2.1180593967437744,-3.236481189727783,1.092745065689087,0.13512504744494436,0.03061408241804559,0.08695513832343238
-33.10294211438451,0.06741081492511349,74.28897597937222,-2.1091907024383545,-3.239859104156494,1.0876351594924927,0.011621566872776157,0.06741081492511349,0.031876492856454774
-33.101780982225605,-0.009542996574135742,74.34543432305155,-2.1122517585754395,-3.2414391040802,1.085200548171997,0.01046043471387037,0.009542996574135742,0.024581850822869455
-33.139326532093165,0.020864291906166708,74.34293447381533,-2.113471269607544,-3.24088454246521,1.0849303007125854,0.04800598458142957,0.020864291906166708,0.022082001586653632
-33.16942034557624,-0.03192529563441093,74.30407069743795,-2.115610361099243,-3.2388322353363037,1.0860803127288818,0.07809979806450684,0.03192529563441093,0.016781774790729287
-33.167798175648365,0.06911344995609583,74.20044306735052,-2.11312198638916,-3.238651752471924,1.0941166877746582,0.0764776281366295,0.06911344995609583,0.12040940487815988
-33.09792875553372,-0.05938353457454152,74.24758503300195,-2.1115217208862305,-3.2416577339172363,1.0931212902069092,0.006608208021987139,0.05938353457454152,0.07326743922672563
-33.07668686721498,-0.023035462417720448,74.28342986576618,-2.1117446422576904,-3.2454142570495605,1.091341257095337,0.014633680296753937,0.023035462417720448,0.037422606462499175
-33.08781666046752,-0.024537892903922172,74.27479650665528,-2.1130211353302,-3.244022846221924,1.0899872779846191,0.0035038870442178904,0.024537892903922172,0.046055965573401636
-33.14558640046749,-0.09209686109263086,74.22962163548482,-2.1158199310302734,-3.239912986755371,1.0930849313735962,0.05426585295575137,0.09209686109263086,0.09123083674386123
-33.152314136799944,0.10450497086038131,74.22335835201592,-2.11230206489563,-3.2400310039520264,1.0940423011779785,0.06099358928820919,0.10450497086038131,0.09749412021275816
-33.124955814079456,-0.015130101147321651,74.36055636187396,-2.1143651008605957,-3.2418320178985596,1.0842825174331665,0.03363526656772109,0.015130101147321651,0.039703889645281265
-33.07403675381701,-0.021506233604532996,74.29029420588203,-2.1134867668151855,-3.2459027767181396,1.0898447036743164,0.017283793694723215,0.021506233604532996,0.03055826634664527
-33.14473604191581,0.041558561576006806,74.20695906781872,-2.1144354343414307,-3.244142532348633,1.095760464668274,0.05341549440407789,0.041558561576006806,0.1138934044099642
-33.17327257226813,0.027219409837205343,74.28386699787306,-2.1179025173187256,-3.2438912391662598,1.0909388065338135,0.08195202475639718,0.027219409837205343,0.0369854743556175
-33.14008468309104,0.004118552204486918,74.25737952427174,-2.1162517070770264,-3.2439393997192383,1.0924277305603027,0.04876413557930448,0.004118552204486918,0.0634729479569387
-33.16217351486686,0.027199669121336638,74.27443450662928,-2.115572214126587,-3.2424721717834473,1.0915471315383911,0.07085296735512259,0.027199669121336638,0.04641796559940303
-33.177281893310926,-0.04578520861882647,74.36349334321707,-2.1189827919006348,-3.241863489151001,1.0849517583847046,0.08596134579919124,0.04578520861882647,0.042640870988392976
-33.19581561162376,0.04214183373597641,74.22068091786127,-2.116107225418091,-3.240780830383301,1.094116449356079,0.10449506411202236,0.04214183373597641,0.10017155436740666

Errors:
rotation,[19.06591627476926, 18.894762598951836, 17.16353611002582, 13.769434288357864, 9.636204427658432, 2.93349631960513, 1.1960524645318218, 0.7966116428493941, 0.6810936959647886, 0.47311450746705674, 0.5458800071591643, 0.1900496754245029, 0.39339837727929095, 0.18837520876692299, 0.28443930362254877, 0.25348316559475104, 0.2241902630432929, 0.2526942681864223, 0.11090887465434442, 0.04458528211087557, 0.09095227807424991, 0.12680686848964706, 0.2660004829708852, 0.13925918182325428, 0.07509174917697356, 0.07409774552154169, 0.23759355079224348, 0.26299268036134865, 0.088469257360324, 0.06934829364590148, 0.2088674603900489, 0.14615690894922, 0.1163556357407301, 0.14447060207586226, 0.17438742540641067, 0.24680845221540543]
translation,[0.03326186669987141, 0.032695264204945396, 0.049516885813158495, 0.028398737890727332, 0.03338239710230262, 0.05369981469325502, 0.047917558472557076, 0.03574961504310625, 0.026674854430720707, 0.015596847265786806, 0.009706903109243825, 0.00332362102408279, 0.00036035844737636324, 0.0076538782292141505, 0.012895764236223073, 0.014593535310692296, 0.010950022186827724, 0.011791014684178869, 0.015120703662420354, 0.012896160946622715, 0.012775214619911601, 0.012993629411909957, 0.012268341599330768, 0.010956993884597033, 0.008293577640738015, 0.009112742782314776, 0.010113609394083234, 0.011607954064772663, 0.0117157154970986, 0.0073903666500108045, 0.006704950015651079, 0.006394364527313456, 0.006820062402660199, 0.008599114426433907, 0.009078871685315626, 0.008982689037409841]
loss,
[0.20965149998664856, 0.19554153084754944, 0.11295336484909058, 0.06768860667943954, 0.060408540070056915, 0.014057988300919533, 0.006249985657632351, 0.004001486115157604, 0.006584372371435165, 0.0016593020409345627, 0.0023771782871335745, 0.0019049955299124122, 0.0014428779250010848, 0.0022346326150000095, 0.0024659698829054832, 0.0020238789729774, 0.0012060287408530712, 0.0016142986714839935, 0.0014607475604861975, 0.0009948196820914745, 0.0020246212370693684, 0.002376292832195759, 0.0016347269993275404, 0.0019797608256340027, 0.0015078852884471416, 0.0018123355694115162, 0.0016651218757033348, 0.0015584405045956373, 0.0018031214131042361, 0.0021060032304376364, 0.0015466989716514945, 0.0014271908439695835, 0.001145198242738843, 0.0011766300303861499, 0.0015410268679261208, 0.0013139591319486499]

2022-04-21 09:54:55.684815