2022-04-21 09:45:48.625248

reference phi, theta, psi, translation: 16.672973292337613, -0.0, 55.56417970941693, 0.9538894295692444, -3.184936285018921, 2.279534101486206

phi,theta,psi,rot_x,rot_y,rot_z,phi_err,theta_err,psi_err
26.607018987257597,-4.879078348390559,61.415046110949504,1.4386786222457886,-3.2383759021759033,2.121750593185425,9.934045694919984,4.879078348390559,5.850866401532571
25.74741065190752,-4.644169366970133,60.403228717492986,1.3689125776290894,-3.223215103149414,2.1835763454437256,9.074437359569906,4.644169366970133,4.839049008076053
25.11791821988434,-5.4533836752139555,58.46508057823183,1.266974687576294,-3.205120086669922,2.2712299823760986,8.444944927546729,5.4533836752139555,2.900900868814894
21.604830910855792,-8.089563540051532,55.6981402096084,0.8940528035163879,-3.2743053436279297,2.3585259914398193,4.93185761851818,8.089563540051532,0.13396050019146344
20.308558336583047,-4.624771611184468,56.40151309033631,0.9835291504859924,-3.254265069961548,2.3274474143981934,3.6355850442454347,4.624771611184468,0.8373333809193753
19.245777486634477,-2.516268773793725,56.826661630318334,1.0221081972122192,-3.261617422103882,2.283036947250366,2.5728041942968645,2.516268773793725,1.2624819209014007
17.153207307975794,-0.6770711139012694,54.48121906556556,0.9595270156860352,-3.187969923019409,2.3799901008605957,0.4802340156381817,0.6770711139012694,1.0829606438513721
17.110931852108,0.007384305083071321,54.97376108208811,0.984045147895813,-3.1930553913116455,2.348217010498047,0.43795855977038656,0.007384305083071321,0.5904186273288232
16.798505339093275,-0.07671426304855958,55.03590555825147,0.9625881314277649,-3.1921417713165283,2.336069345474243,0.1255320467556622,0.07671426304855958,0.5282741511654621
16.75231276973648,-0.21647714573126728,55.11096933722991,0.9524933099746704,-3.1855666637420654,2.3205807209014893,0.07933947739886804,0.21647714573126728,0.45321037218702287
16.610048467061578,0.10698492570076969,55.22349670380587,0.956900954246521,-3.180530071258545,2.3061180114746094,0.06292482527603482,0.10698492570076969,0.34068300561106213
16.71274889896918,-0.11570362416140292,55.402017358142494,0.9534657597541809,-3.1820943355560303,2.2923007011413574,0.03977560663156865,0.11570362416140292,0.16216235127443923
16.685621095133182,-0.014452735166919915,55.44005126653571,0.9548345804214478,-3.1786882877349854,2.2866969108581543,0.012647802795569874,0.014452735166919915,0.12412844288122216
16.729879013407572,-0.12749661263977055,55.59180440951505,0.9543722867965698,-3.182191848754883,2.276296615600586,0.056905721069959725,0.12749661263977055,0.027624700098115795
16.566239633725115,0.021134258599725106,55.51601663048459,0.9492999911308289,-3.1796765327453613,2.279075860977173,0.10673365861249806,0.021134258599725106,0.0481630789323404
16.63866012949476,-0.05514568954124453,55.54121319833277,0.951241135597229,-3.181069850921631,2.2781522274017334,0.03431316284285302,0.05514568954124453,0.0229665110841637
16.64834704528513,-0.05573849900305211,55.372073808821156,0.9487175941467285,-3.1731293201446533,2.287484645843506,0.024626247052481176,0.05573849900305211,0.19210590059577726
16.644359922357136,-0.027229467160337292,55.45323694672842,0.9526498913764954,-3.178400993347168,2.283109664916992,0.028613369980476477,0.027229467160337292,0.11094276268851644
16.584370370876915,-0.048445949340742284,55.48009666563949,0.9476458430290222,-3.1798954010009766,2.2824368476867676,0.08860292146069781,0.048445949340742284,0.08408304377744003
16.703225907718892,-0.0064367883627406966,55.55577174654865,0.9565140008926392,-3.1802279949188232,2.2774016857147217,0.030252615381279213,0.0064367883627406966,0.008407962868282937
16.630007987363644,0.013244247474762045,55.52975897109466,0.9535067677497864,-3.1793367862701416,2.279111385345459,0.04296530497396844,0.013244247474762045,0.03442073832227521
16.678649179537892,-0.011629730071395419,55.48993213804431,0.9549345374107361,-3.1769144535064697,2.2808666229248047,0.005675887200279561,0.011629730071395419,0.07424757137262361
16.69215587862159,-0.021146201334704056,55.47261077830916,0.9539305567741394,-3.175368547439575,2.2810311317443848,0.01918258628397851,0.021146201334704056,0.09156893110777276
16.681143906132238,-0.06842455621332615,55.60223752347225,0.9521886706352234,-3.181108236312866,2.27445912361145,0.00817061379462558,0.06842455621332615,0.038057814055314054
16.67870040595667,0.05646999879136716,55.591305805705645,0.9581882953643799,-3.1782023906707764,2.273531913757324,0.005727113619055757,0.05646999879136716,0.02712609628871121
16.641009714569243,-0.008207202680917635,55.5579471617993,0.9522531628608704,-3.177161693572998,2.2744431495666504,0.03196357776836933,0.008207202680917635,0.0062325476176354755
16.619877109277226,-0.032532889785909846,55.54863761396057,0.9496338367462158,-3.1779847145080566,2.274643659591675,0.05309618306038644,0.032532889785909846,0.015542095456360983
16.658985064917424,-0.04543954764972149,55.60916675038523,0.9528326988220215,-3.179966449737549,2.2722222805023193,0.013988227420188792,0.04543954764972149,0.04498704096829442
16.650546366197876,-0.004704405185877468,55.545943104333,0.952808141708374,-3.177443265914917,2.2762694358825684,0.022426926139736736,0.004704405185877468,0.018236605083934876
16.641228280622684,-0.052210373588595406,55.5419132927227,0.9513264894485474,-3.1786890029907227,2.2766940593719482,0.031745011714928495,0.052210373588595406,0.022266416694236568
16.620334731951615,-0.014765669070581943,55.544734160849906,0.9512145519256592,-3.178927183151245,2.2770586013793945,0.052638560385997124,0.014765669070581943,0.019445548567027515
16.610658061445,-0.04038207078706223,55.5960971834084,0.9504743814468384,-3.1808273792266846,2.272700548171997,0.062315230892611595,0.04038207078706223,0.03191747399147005
16.666754405098313,-0.008336991584111832,55.56094219975035,0.9541044235229492,-3.1777138710021973,2.275764226913452,0.00621888723929942,0.008336991584111832,0.003237509666583094
16.612539778561338,0.05625113383120607,55.523038064951365,0.95250403881073,-3.178227663040161,2.2774221897125244,0.060433513776274594,0.05625113383120607,0.04114164446556856
16.677409500203535,-0.047366520189701736,55.626515430877056,0.9539446234703064,-3.1816790103912354,2.27215313911438,0.004436207865921915,0.047366520189701736,0.062335721460122784
16.66909715998363,-0.018343605248347893,55.5489722932299,0.9535144567489624,-3.1779913902282715,2.276397228240967,0.0038761323539837633,0.018343605248347893,0.015207416187031697

Errors:
rotation,[20.663990444843115, 18.55765573461609, 16.79922947157558, 13.155381658761176, 9.097690036349277, 6.3515548889919895, 2.2402657733908233, 1.035761492182281, 0.7305204609696838, 0.7490269953171582, 0.5105927565878666, 0.3176415820674108, 0.15122898084371195, 0.21202703380784607, 0.17603099614456358, 0.11242536346826125, 0.27247064665131054, 0.16678559982933022, 0.22113191457888012, 0.04509736661230285, 0.0906302907710057, 0.0915531886442986, 0.13189771872645534, 0.11465298406326578, 0.08932320869913413, 0.04640332806692245, 0.10117116830265727, 0.10441481603820471, 0.04536793640954908, 0.10622180199776046, 0.08684977802360658, 0.13461477567114388, 0.017793388489994344, 0.1578262920730492, 0.11413844951574643, 0.03742715378936336]
translation,[0.09908907901583852, 0.09573955139166124, 0.09640130269714131, 0.10203587579934936, 0.0888932497034487, 0.07923743265090977, 0.06132727127983806, 0.052750508426401055, 0.03993549324399304, 0.02351950199414432, 0.012336390972795819, 0.0048919281582771035, 0.0006510903930863066, 0.003884431248365239, 0.005498463555559496, 0.0044624163593161015, 0.006032495512145353, 0.0034292169389145144, 0.003811471039401937, 0.004302869930877584, 0.004752542997414899, 0.005332299088621539, 0.006696983841055548, 0.006296296620194042, 0.007692195784038347, 0.009408564336745862, 0.009264238917750411, 0.008310091019696486, 0.008021654071493245, 0.007148033767932382, 0.006780090779011871, 0.00791719137844904, 0.007786531028886046, 0.00682185942198732, 0.006731819443398734, 0.007349117148577555]
loss,
[0.15374457836151123, 0.14334508776664734, 0.12037992477416992, 0.09102515876293182, 0.0838841050863266, 0.06802662461996078, 0.009043941274285316, 0.008446457795798779, 0.007068726234138012, 0.004678480327129364, 0.001998152118176222, 0.002078782534226775, 0.0014910975005477667, 0.002171832835301757, 0.001866683829575777, 0.001825688872486353, 0.00183803029358387, 0.001765455468557775, 0.001955078449100256, 0.0018538448493927717, 0.001654473482631147, 0.001902683055959642, 0.0021311771124601364, 0.002133173868060112, 0.002614708384498954, 0.0019038107711821795, 0.0012591275153681636, 0.0018027162877842784, 0.0018776869401335716, 0.001961118308827281, 0.0014621273148804903, 0.0025616264902055264, 0.0024469182826578617, 0.0017206601332873106, 0.0018756192876026034, 0.0016839866293594241]

2022-04-21 09:48:41.065901