2022-04-28 20:59:39.269854

reference phi, theta, psi, translation: 132.9853677440357, -8.537735924097414e-07, 76.34363348549546, 2.865516185760498, 2.6707684993743896, 0.9517420530319214

phi,theta,psi,rot_x,rot_y,rot_z,phi_err,theta_err,psi_err
143.3552887910292,-3.0579185397180266,69.36864430507845,2.3124754428863525,2.981729030609131,1.6183615922927856,10.369921046993511,3.0579176859444344,6.974989180417012
142.50113265418412,-2.841124357428411,68.40074502798511,2.3437070846557617,2.939215660095215,1.6687891483306885,9.51576491014842,2.841123503654819,7.9428884575103496
137.12611528684258,-1.0591157120546937,63.065793550314865,2.529651403427124,2.6826062202453613,1.917446494102478,4.140747542806878,1.0591148582811012,13.277839935180594
130.37286136764084,4.539925620069689,61.8175150077925,2.70050048828125,2.49426007270813,1.9249356985092163,2.6125063763948617,4.539926473843281,14.526118477702958
128.97200322924957,4.084243906897789,65.23995887634581,2.8397469520568848,2.436096429824829,1.7310949563980103,4.013364514786133,4.084244760671381,11.10367460914965
128.6496319608033,1.75816466051488,69.41610045943169,2.999642848968506,2.443634271621704,1.4631794691085815,4.335735783232394,1.7581655142884725,6.92753302606377
128.2495331396023,-0.29778980294766905,74.06471354816402,3.1431193351745605,2.447406768798828,1.1416001319885254,4.735834604433393,0.2977889491740766,2.2789199373314375
130.1984046758604,-0.8152914737483382,75.50226346277661,3.0712099075317383,2.5675365924835205,1.036998987197876,2.786963068175311,0.8152906199747458,0.8413700227188485
131.90526894944657,-0.011408706147908313,75.34509397978545,2.9599809646606445,2.6570539474487305,1.043296217918396,1.0800987945891336,0.011407852374315904,0.9985395057100135
132.14917500470773,-0.2101347094529584,75.66131124778953,2.937641143798828,2.6537110805511475,1.0146653652191162,0.83619273932797,0.210133855679366,0.6823222377059324
132.02520707127198,-0.01993845263070407,75.78403608679632,2.927034854888916,2.63185977935791,0.9976707696914673,0.9601606727637204,0.01993759885711166,0.5595973986991396
132.66068787164997,-0.21943494332026417,76.10987709134095,2.8890726566314697,2.6546168327331543,0.9718881845474243,0.3246798723857296,0.21943408954667176,0.23375639415451133
132.66484062666535,-0.10507766137382177,76.32959061656192,2.8820252418518066,2.6530590057373047,0.9534058570861816,0.32052711737034656,0.10507680760022936,0.014042868933543673
132.9324064572114,-0.017133384485882277,76.2603529889455,2.862642765045166,2.662971258163452,0.9564050436019897,0.052961286824285025,0.017132530712289866,0.0832804965499605
132.9394278916782,-0.061554874741979376,76.4565774936108,2.862417697906494,2.6621875762939453,0.9413492679595947,0.04593985235749187,0.06155402096838697,0.11294400811533478
133.0900472232553,-0.020406972850460326,76.33064929588326,2.8511297702789307,2.666602373123169,0.9503036737442017,0.1046794792196124,0.020406119076867915,0.012984189612197383
133.02711386024282,-0.05748984484625338,76.43642843555925,2.854611396789551,2.6623499393463135,0.942231297492981,0.041746116207121986,0.05748899107266097,0.0927949500637908
133.12975794308977,-0.027009953240977515,76.40365718792154,2.850057601928711,2.668130397796631,0.9446836113929749,0.14439019905407235,0.027009099467385105,0.06002370242607924
133.10781937547569,-0.023293971997940328,76.46177526756918,2.8513097763061523,2.668306827545166,0.9406691193580627,0.12245163143998639,0.023293118224347917,0.11814178207372095
133.09404971410893,0.0029163011433661528,76.39718216858836,2.8513846397399902,2.6675667762756348,0.9450228810310364,0.10868197007323488,0.0029171549169585624,0.05354868309289884
133.05711205107752,0.005229078070949782,76.42468051018683,2.852942705154419,2.6651856899261475,0.9417120814323425,0.07174430704182555,0.005229931844542192,0.08104702469137237
133.11126179081737,-0.10331541570434193,76.4315926616269,2.851292371749878,2.666895627975464,0.9425780773162842,0.12589404678166716,0.10331456193074952,0.08795917613143445
133.06612790078194,0.0037038848659620796,76.44394164364627,2.8519911766052246,2.6647934913635254,0.9410755634307861,0.08076015674623704,0.003704738639554489,0.10030815815080985
133.0706904671475,-0.06273138564856272,76.39967518763542,2.85117506980896,2.66397762298584,0.9443089365959167,0.08532272311180122,0.06273053187497031,0.0560417021399644
133.15817153003704,-0.036007580719991134,76.42717352923388,2.8472468852996826,2.668696880340576,0.9433242678642273,0.17280378600133872,0.036006726946398726,0.08354004373842372
133.20857832611173,-0.0030181521034921923,76.44019869998111,2.843557357788086,2.6706936359405518,0.9407362341880798,0.22321058207603528,0.0030172983298997827,0.09656521448565059
133.10492337526762,0.027130734591269072,76.46376968280681,2.8479795455932617,2.666578769683838,0.9388265013694763,0.11955563123191837,0.027131588364861483,0.1201361973113535
133.1674196061732,0.0035093803229532417,76.3650119775976,2.8454389572143555,2.668063163757324,0.9465476870536804,0.1820518621375129,0.0035102340965456513,0.021378492102144264
133.1187749989044,-0.08079801445381858,76.4326581711374,2.8492815494537354,2.666106939315796,0.942107081413269,0.13340725486870042,0.08079716068022617,0.08902468564194521
133.04678480505245,0.03431333299337527,76.40736598064085,2.850308656692505,2.663130521774292,0.9435999393463135,0.061417061016754815,0.03431418676696768,0.0637324951453877
133.15262541643096,-0.007817647489467276,76.41476990570115,2.847926139831543,2.668165445327759,0.9440940618515015,0.1672576723952659,0.007816793715874867,0.07113642020568989
133.09098978936078,-0.06116739770555159,76.39608933832116,2.850374698638916,2.6647872924804688,0.9455863237380981,0.10562204532507735,0.06116654393195918,0.052455852825701754
133.17609394641914,0.04237590925098445,76.4231642081911,2.8452210426330566,2.6702027320861816,0.9430013298988342,0.19072620238344484,0.04237676302457686,0.07953072269563677
133.10409009218887,-0.1446691367545907,76.48626149574366,2.8507399559020996,2.6644513607025146,0.9382838010787964,0.11872234815317029,0.1446682829809983,0.14262801024820249
133.06349144776232,0.016959151677913082,76.39934733855526,2.850458860397339,2.6640946865081787,0.9445518851280212,0.07812370372661803,0.016960005451505493,0.05571385305979959
133.13926556641442,-0.02301694583886206,76.3900446209057,2.848400115966797,2.6682329177856445,0.9455775022506714,0.15389782237872396,0.02301609206526965,0.04641113541023856

Errors:
rotation,[20.402827913354958, 20.29977687131359, 18.477702336268575, 21.6785513279411, 19.201283884607165, 13.021434323584636, 7.312543490938907, 4.443623710868906, 2.0900461526734633, 1.7286488327132683, 1.5396956703199716, 0.7778703560869127, 0.4396467939041196, 0.1533743140865354, 0.22043788144121362, 0.1380697879086777, 0.19203005734357376, 0.2314230009475367, 0.26388653173805526, 0.16514780808309226, 0.1580212635777401, 0.3171677848438511, 0.1847730535366014, 0.20409495712673592, 0.29235055668616117, 0.32279309489158564, 0.2668234169081334, 0.20694058833620282, 0.3032291011908718, 0.1594637429291102, 0.24621088631683066, 0.2192444420827383, 0.31263368810365844, 0.4060186413823711, 0.15079756223792312, 0.22332504985423215]
translation,[0.07464079787699607, 0.08187592606826932, 0.12484430669153568, 0.11849921855735435, 0.0914210629932386, 0.1053067293097758, 0.11281243525592632, 0.10407861971868648, 0.08103474844751357, 0.05561352831199695, 0.029605736563564022, 0.010937139994402045, 0.0004680783334638505, 0.006100947988781691, 0.01033095704821374, 0.013320275783414992, 0.015570018668754848, 0.014392019794416733, 0.01432830204814195, 0.013744800800671086, 0.01499663496875403, 0.014830380619917705, 0.016082060373656226, 0.016443942562601066, 0.016328976641879933, 0.01822378129620006, 0.01827145024653909, 0.01727335773243599, 0.016892086101627513, 0.017788103946838163, 0.016019483750199903, 0.016174277876742416, 0.016839821551048573, 0.017851470466490937, 0.016817705974530917, 0.015289408412471062]
loss,
[0.17152932286262512, 0.1598932445049286, 0.0976664274930954, 0.06184203550219536, 0.04244717210531235, 0.029856225475668907, 0.014065302908420563, 0.01241629384458065, 0.009081991389393806, 0.006360411643981934, 0.0038352571427822113, 0.0027024259325116873, 0.0014975101221352816, 0.0016748639754951, 0.0014759215991944075, 0.0013005428481847048, 0.0020264096092432737, 0.0011558644473552704, 0.0014140133280307055, 0.0011426731944084167, 0.00132464780472219, 0.0010926502291113138, 0.0015076957643032074, 0.0010036801686510444, 0.0012111791875213385, 0.0013167120050638914, 0.0015905292239040136, 0.0012929305667057633, 0.0011970613850280643, 0.0013078724732622504, 0.001259020296856761, 0.0013455317821353674, 0.0009926734492182732, 0.00203159311786294, 0.0011916253715753555, 0.0012651156866922975]

2022-04-28 21:04:07.849099