2022-04-27 10:25:35.321968

reference phi, theta, psi, translation: -139.02455270626928, -8.537736090602699e-07, 56.38966954231551, -2.2014424800872803, 2.5346622467041016, 2.231398344039917

phi,theta,psi,rot_x,rot_y,rot_z,phi_err,theta_err,psi_err
-129.04008655489625,6.852725648450977,53.065809209147574,-2.6847352981567383,1.8050535917282104,2.604990243911743,9.984466151373027,6.852726502224586,3.3238603331679357
-130.4984412257207,7.659975373632565,51.71153979108496,-2.6482625007629395,1.8204023838043213,2.6452767848968506,8.526111480548565,7.659976227406174,4.67812975123055
-132.44732642235712,8.173333355076489,50.80419355607837,-2.6542751789093018,1.8997085094451904,2.6093332767486572,6.577226283912154,8.173334208850097,5.585475986237142
-131.82663981172138,5.226847978628107,51.08907733126502,-2.5858495235443115,1.997232437133789,2.614285707473755,7.197912894547898,5.226848832401716,5.300592211050493
-134.24163077769782,3.881612857931054,51.31640993250514,-2.4587972164154053,2.1494171619415283,2.618288516998291,4.782921928571454,3.881613711704663,5.073259609810371
-136.1380464611302,2.237217311925229,53.214106276406895,-2.3887226581573486,2.3482730388641357,2.5156409740448,2.8865062451390884,2.237218165698838,3.1755632659086146
-137.09544773746921,1.522061033901505,54.65974313499677,-2.3620827198028564,2.4540951251983643,2.425014019012451,1.9291049688000612,1.5220618876751142,1.729926407318736
-137.14555400522042,1.2800278564953573,54.127008870303285,-2.327321767807007,2.4397151470184326,2.4429633617401123,1.8789987010488574,1.2800287102689665,2.262660672012224
-137.53200610845974,1.0019266883518476,54.663311908838104,-2.3102550506591797,2.471158981323242,2.404104709625244,1.492546597809536,1.0019275421254568,1.7263576334774058
-137.6220280017205,1.1373666396848208,54.58756511094266,-2.2995033264160156,2.458739757537842,2.396223783493042,1.4025247045487674,1.13736749345843,1.8021044313728467
-137.88658854903179,0.8022448075272602,55.061986635597165,-2.285128593444824,2.482217788696289,2.358950614929199,1.1379641572374908,0.8022456613008693,1.3276829067183442
-138.10072863989004,0.7789058136964946,55.3878720363714,-2.274502754211426,2.4916515350341797,2.333369493484497,0.9238240663792396,0.7789066674701036,1.0017975059441113
-138.2978478993366,0.4293760347246165,55.44162221004481,-2.248206615447998,2.5010287761688232,2.321153402328491,0.7267048069326734,0.42937688849822553,0.948047332270697
-138.38640813211498,0.45291836561689275,55.63829067700616,-2.2437283992767334,2.5015487670898438,2.301636219024658,0.6381445741542962,0.4529192193905018,0.7513788653093485
-138.60207818534732,0.21872285084490306,55.92994658475487,-2.2282328605651855,2.5156993865966797,2.2744083404541016,0.42247452092195203,0.21872370461851212,0.4597229575606363
-138.91968198175292,0.24280021632206136,56.12377027792691,-2.2130165100097656,2.5253679752349854,2.256284236907959,0.10487072451635981,0.24280107009567042,0.2658992643886009
-138.85713110933392,0.01905971841396964,56.17689548929127,-2.2059805393218994,2.5233335494995117,2.2478177547454834,0.1674215969353554,0.0190605721875787,0.21277405302424057
-138.96795775880656,0.06619502910499066,56.294487441136795,-2.2033638954162598,2.5271921157836914,2.237267017364502,0.05659494746271321,0.06619588287859972,0.09518210117871462
-139.0276262913958,0.058161063695919495,56.28258242141346,-2.198969841003418,2.528803825378418,2.2372961044311523,0.0030735851265148995,0.058161917469528555,0.10708712090205097
-138.97966470304397,-0.0035212867483753515,56.32154865062839,-2.199781656265259,2.5293467044830322,2.2358767986297607,0.04488800322531006,0.003520432974766291,0.06812089168712276
-138.97663209905247,0.06277333610281928,56.322067745005306,-2.202575922012329,2.5275371074676514,2.2348146438598633,0.047920607216809685,0.06277418987642834,0.06760179731020344
-138.92891639751076,0.04863267695528141,56.2932784976537,-2.20285701751709,2.5253939628601074,2.236973524093628,0.09563630875851459,0.04863353072889047,0.09639104466180726
-139.01927980023004,0.06285431111275412,56.27345045849315,-2.1983299255371094,2.526829242706299,2.2382972240448,0.005272906039238023,0.06285516488636318,0.11621908382235802
-139.06538357712762,0.09837626094187267,56.347728765717044,-2.1999869346618652,2.5304412841796875,2.2332122325897217,0.04083087085834336,0.09837711471548173,0.041940776598465845
-139.00583798794344,-0.006118162924212174,56.25492698546408,-2.196881055831909,2.5287985801696777,2.2384982109069824,0.01871471832583893,0.006117309150603114,0.13474255685142822
-138.99743685526434,0.08198641956368319,56.38415416456072,-2.203770160675049,2.5293991565704346,2.2316441535949707,0.027115851004936076,0.08198727333729225,0.005515377754790052
-138.94397013444146,-0.034379006762572495,56.281677421348434,-2.199453115463257,2.5277202129364014,2.2376320362091064,0.08058257182781858,0.034378152988963434,0.10799212096707578
-138.958696022292,0.09657330631437079,56.277316345563385,-2.202493906021118,2.5246667861938477,2.2383430004119873,0.06585668397727318,0.09657416008797985,0.11235319675212452
-139.0231593476786,0.027270170048988594,56.28741478025125,-2.1979222297668457,2.5289103984832764,2.236931085586548,0.001393358590689786,0.027271023822597655,0.10225476206426265
-139.06968659630473,-0.007145052441429377,56.31214689523586,-2.1960184574127197,2.5320732593536377,2.2349398136138916,0.045133890035458535,0.007144198667820317,0.07752264707964684
-138.98549768459515,0.023713903910713784,56.283839176220745,-2.1993978023529053,2.527695417404175,2.236452341079712,0.03905502167413033,0.023714757684322844,0.10583036609476437
-138.9968084778607,0.03353224631263065,56.30172744165701,-2.1996970176696777,2.527987480163574,2.2354798316955566,0.027744228408579374,0.03353310008623971,0.08794210065850194
-139.0419970094095,0.045331373495861325,56.3654804273699,-2.1989707946777344,2.5307114124298096,2.231750965118408,0.017444303140223383,0.045332227269470386,0.024189114945606605
-139.05494704807583,0.021273331510580824,56.3012971397393,-2.195225477218628,2.52882719039917,2.23447847366333,0.030394341806555758,0.021274185284189884,0.08837240257621204
-139.05136802895075,0.03925555728427556,56.35504048322354,-2.196606159210205,2.528597593307495,2.230961561203003,0.026815322681471798,0.03925641105788462,0.03462905909196934
-139.05273406678475,-0.006982823391408632,56.35147853957138,-2.193901300430298,2.5300745964050293,2.2309107780456543,0.028181360515475262,0.006981969617799572,0.0381910027441279

Errors:
rotation,[20.161052986765547, 20.86421745918529, 20.336036478999393, 17.725353938000104, 13.737795250086489, 8.299287676746541, 5.181093263793912, 5.421688083330048, 4.220831773412399, 4.341996629380044, 3.2678927252567043, 2.7045282397934547, 2.104129027701596, 1.8424426588541465, 1.1009211831011005, 0.6135710590006311, 0.3992562221471747, 0.21797293152002756, 0.16832262349809443, 0.11652932788719911, 0.17829659440344148, 0.24066088414921233, 0.1843471547479592, 0.18114876217229092, 0.15957458432787025, 0.11461850209701838, 0.2229528457838578, 0.27478404081737756, 0.1309191444775501, 0.1298007357829257, 0.16860014545321755, 0.14921942915332104, 0.08696564535530038, 0.1400409296669577, 0.10070079283132576, 0.07335433287740273]
translation,[0.12242333873291766, 0.13115993179932506, 0.14770936366086573, 0.15337165144310827, 0.1546939084928498, 0.15800366548987377, 0.15010424221308227, 0.13260818763921112, 0.11900658017309595, 0.10106241977405794, 0.08564966851009803, 0.07085882349031625, 0.05510787506937831, 0.041903457910975384, 0.026789078962766943, 0.014330775000818363, 0.004493349543531977, 0.00038751740955511593, 0.0017603454432126853, 0.0017642992188351414, 0.001962614659445805, 0.001954766826996135, 0.0027924086990722685, 0.002442709463511328, 0.0022354025941444533, 0.001898380003069633, 0.0019899656694777335, 0.0018484288088593814, 0.0024677633454084358, 0.002624466940821968, 0.002690762116706935, 0.0028839114224776807, 0.003637730569602482, 0.005352472438882927, 0.006694301717180551, 0.007269655475862891]
loss,
[0.11297323554754257, 0.09124013036489487, 0.050585053861141205, 0.03227844834327698, 0.02798876166343689, 0.018972022458910942, 0.01684916578233242, 0.011661281809210777, 0.012822948396205902, 0.010389845818281174, 0.007728345692157745, 0.006360133644193411, 0.0038898861967027187, 0.0029890844598412514, 0.0017870314186438918, 0.0016130519798025489, 0.0009573979186825454, 0.0006726718274876475, 0.0008889489690773189, 0.0007893971051089466, 0.0008276930311694741, 0.0008245650678873062, 0.0008920121472328901, 0.001064228592440486, 0.0007255121017806232, 0.0013408081140369177, 0.0007592774927616119, 0.0011767277028411627, 0.000871711119543761, 0.0008423528634011745, 0.0008745744707994163, 0.000912433722987771, 0.0007908400148153305, 0.0005832320312038064, 0.0006644229288212955, 0.0011469931341707706]

2022-04-27 10:30:01.217880