2022-04-27 10:16:35.206925

reference phi, theta, psi, translation: -33.091320547511735, -0.0, 74.32085247222868, -2.1190009117126465, -3.251617431640625, 1.089412808418274

phi,theta,psi,rot_x,rot_y,rot_z,phi_err,theta_err,psi_err
-22.822884158753556,1.294954214858955,81.82337814338081,-1.5357718467712402,-3.6827800273895264,0.7731812596321106,10.268436388758179,1.294954214858955,7.502525671152128
-23.308915297449783,1.1453215026150732,81.16725651133103,-1.566928744316101,-3.666407346725464,0.8076973557472229,9.782405250061952,1.1453215026150732,6.846404039102353
-27.441080707564534,-1.0788891569773027,80.265295880485,-1.8668304681777954,-3.5625038146972656,0.7748127579689026,5.650239839947201,1.0788891569773027,5.944443408256319
-34.42142817138543,-2.7172897208344033,76.86080174907049,-2.2853851318359375,-3.261345863342285,0.9412075877189636,1.330107623873694,2.7172897208344033,2.53994927684181
-33.42468842052171,0.12777349724278356,73.94604584152422,-2.1573705673217773,-3.272421360015869,1.1256194114685059,0.3333678730099763,0.12777349724278356,0.3748066307044553
-33.41022207985963,-0.17770099291923253,74.17784880157612,-2.1512033939361572,-3.2540674209594727,1.1075778007507324,0.3189015323478941,0.17770099291923253,0.14300367065256125
-33.287405033299045,-0.019405929140077494,74.26670956267799,-2.130052328109741,-3.2470149993896484,1.0964807271957397,0.19608448578730986,0.019405929140077494,0.05414290955069134
-33.29088842977575,-0.13688175437290723,74.213679973962,-2.129530906677246,-3.240532875061035,1.0966256856918335,0.199567882264013,0.13688175437290723,0.10717249826667796
-33.18862342242773,0.010314380711098848,74.18874978349146,-2.120453119277954,-3.2437851428985596,1.0973966121673584,0.09730287491599654,0.010314380711098848,0.13210268873721986
-33.16789721339133,-0.09309771331286275,74.28390797900808,-2.119584321975708,-3.2424559593200684,1.0912522077560425,0.07657666587959255,0.09309771331286275,0.036944493220602226
-33.20280972533385,0.08614738491384671,74.27487846892532,-2.1180479526519775,-3.2422878742218018,1.0913647413253784,0.11148917782211498,0.08614738491384671,0.04597400330335688
-33.19354798881931,0.10226844595596116,74.24840465570234,-2.118197202682495,-3.2453713417053223,1.0930417776107788,0.10222744130757633,0.10226844595596116,0.07244781652633492
-33.14441502302483,0.006619423720273181,74.32197945344173,-2.1191651821136475,-3.2456302642822266,1.088437795639038,0.053094475513091766,0.006619423720273181,0.001126981213047884
-33.04770295947203,0.09140387888971921,74.2750423934654,-2.1086690425872803,-3.2452869415283203,1.0905115604400635,0.043617588039701616,0.09140387888971921,0.04581007876328158
-33.099970982095556,0.026088569255201227,74.2998701310984,-2.113410472869873,-3.2447867393493652,1.0903186798095703,0.008650434583820754,0.026088569255201227,0.02098234113027786
-33.118398832476245,0.048127620172542546,74.27416812925163,-2.1132211685180664,-3.2459115982055664,1.092226266860962,0.027078284964510146,0.048127620172542546,0.046684342977044935
-33.13467517326839,0.03445767188552752,74.1782381223588,-2.115739583969116,-3.244886875152588,1.0979599952697754,0.04335462575665616,0.03445767188552752,0.14261434986987354
-33.19515649836885,0.0302754666432011,74.2641072606042,-2.1183857917785645,-3.2406253814697266,1.0912957191467285,0.10383595085711761,0.0302754666432011,0.05674521162447377
-33.182506988025985,-0.01335922732772098,74.35502390864625,-2.1199514865875244,-3.2420694828033447,1.0855289697647095,0.09118644051424951,0.01335922732772098,0.034171436417565815
-33.137759003678646,0.04379670375757938,74.2010851051325,-2.1151983737945557,-3.2441394329071045,1.0963633060455322,0.04643845616691067,0.04379670375757938,0.11976736709617342
-33.109010737462064,-0.05369249444646302,74.32446564229961,-2.116144895553589,-3.245873212814331,1.0883872509002686,0.017690189950329227,0.05369249444646302,0.003613170070934757
-33.05249433717479,-0.059693931464601946,74.31990307593405,-2.1125435829162598,-3.2447896003723145,1.0885306596755981,0.03882621033694278,0.059693931464601946,0.0009493962946294232
-33.080269301434654,0.05734013628726528,74.31812722674984,-2.111571788787842,-3.247065544128418,1.0880458354949951,0.011051246077080634,0.05734013628726528,0.002725245478842453
-33.209199367302396,0.07383780820341294,74.29327899854934,-2.119980573654175,-3.2430741786956787,1.0903124809265137,0.11787881979066128,0.07383780820341294,0.0275734736793396
-33.23751733160127,-0.03935603588186174,74.292582319254,-2.1233017444610596,-3.240787982940674,1.0903494358062744,0.14619678408953263,0.03935603588186174,0.028270152974684493
-33.22908546307089,-0.03352741865508529,74.1407472140046,-2.1218557357788086,-3.2393593788146973,1.0993512868881226,0.1377649155591527,0.03352741865508529,0.1801052582240743
-33.22915034986801,0.027715213375954156,74.19540238774306,-2.1206753253936768,-3.241088628768921,1.096543312072754,0.13782980235627207,0.027715213375954156,0.125450084485621
-33.1843955353315,-0.03021461778389586,74.31818869845237,-2.120180606842041,-3.2434377670288086,1.0891066789627075,0.09307498781976165,0.03021461778389586,0.0026637737763053337
-33.17563240262637,0.04132397728270072,74.28258292230909,-2.1181373596191406,-3.244391441345215,1.0910252332687378,0.08431185511463468,0.04132397728270072,0.03826954991959042
-33.184296497588534,-0.08730541180127878,74.24314541004144,-2.120980739593506,-3.241309642791748,1.0938094854354858,0.0929759500767986,0.08730541180127878,0.07770706218724399
-33.19296742273986,-0.034196046318317366,74.23105597521052,-2.120253324508667,-3.2414636611938477,1.0941452980041504,0.10164687522812699,0.034196046318317366,0.08979649701815617
-33.16305460926979,0.013976265768133383,74.24452510825378,-2.117776393890381,-3.2431907653808594,1.0933009386062622,0.07173406175805752,0.013976265768133383,0.07632736397489737
-33.18418038437264,-0.1036130028062536,74.27934541264251,-2.1194496154785156,-3.2395224571228027,1.0915782451629639,0.09285983686090304,0.1036130028062536,0.041507059586166406
-33.12555687072642,0.11735005117188212,74.24643073103222,-2.1131772994995117,-3.2443082332611084,1.0921216011047363,0.03423632321468517,0.11735005117188212,0.07442174119645983
-33.1691573832932,0.12085745034319724,74.23134284315566,-2.1155295372009277,-3.243685722351074,1.0945863723754883,0.07783683578146139,0.12085745034319724,0.08950962907302085
-33.182787025781955,-0.0006106478423636115,74.25008488223817,-2.1183934211730957,-3.241727590560913,1.0928549766540527,0.09146647827022036,0.0006106478423636115,0.0707675899905098

Errors:
rotation,[19.06591627476926, 17.774130791779378, 12.673572405180822, 6.587346621549907, 0.8359480009572151, 0.6396061959196879, 0.2696333244780787, 0.4436221349035982, 0.23971994436431526, 0.20661887241305754, 0.24361056603931858, 0.27694370378987243, 0.06084088044641283, 0.1808315456927024, 0.05572134496929984, 0.12189024811409763, 0.2204266475120572, 0.19085662912479248, 0.13871710425953632, 0.21000252702066347, 0.074995854467727, 0.09946953809617415, 0.07111662784318837, 0.21929010167341384, 0.21382297294607885, 0.3513975924383123, 0.29099510021784725, 0.12595337937996284, 0.1639053823169258, 0.25798842406532135, 0.2256394185646005, 0.16203769150108827, 0.23797989925332305, 0.22600811558302714, 0.28820391519767946, 0.16284471610309378]
translation,[0.03326186669987141, 0.03706267467860602, 0.06482317231052637, 0.0609650514200375, 0.04686172377234321, 0.023912228967857274, 0.004028899478993431, 0.0014214357610669026, 0.0033823879748098307, 0.006580616765295311, 0.007494480110675106, 0.004475945096214851, 0.00500509748068545, 0.010235083284794833, 0.008202254927484276, 0.006877021006723716, 0.004820401186851342, 0.008674831901616109, 0.008246707042279589, 0.006142381208069203, 0.006411754958682181, 0.009139579395793795, 0.007944469159941292, 0.006128499475462235, 0.0062092613551651965, 0.005673229218838394, 0.005669208562400385, 0.006056618744810116, 0.005844200078414019, 0.006074136948511999, 0.006242079595793371, 0.006384275238477954, 0.008926189342710167, 0.008221622852206956, 0.0068176829278048245, 0.007359570690288919]
loss,
[0.14988380670547485, 0.1423625349998474, 0.09112548828125, 0.016377199441194534, 0.00543355755507946, 0.002136077731847763, 0.0021453709341585636, 0.0009314424823969603, 0.0013337534619495273, 0.0011810099240392447, 0.000803216069471091, 0.0011276494478806853, 0.0011051937472075224, 0.0014840718358755112, 0.0012337816879153252, 0.0017295507714152336, 0.0009983814088627696, 0.0011122748255729675, 0.0010447974782437086, 0.0009650610154494643, 0.0010223867138847709, 0.0013751884689554572, 0.0013240056578069925, 0.0009035193361341953, 0.0010444873478263617, 0.0011862436076626182, 0.0009130054386332631, 0.0012634763261303306, 0.0010670274496078491, 0.0012000752612948418, 0.0008807778358459473, 0.0009268004214391112, 0.0010289378697052598, 0.0010317101841792464, 0.0011321360943838954, 0.0009536172728985548]

2022-04-27 10:21:02.502914