2022-04-27 10:38:20.298196

reference phi, theta, psi, translation: 132.9853677440357, -8.537735924097414e-07, 76.34363348549546, 2.865516185760498, 2.6707684993743896, 0.9517420530319214

phi,theta,psi,rot_x,rot_y,rot_z,phi_err,theta_err,psi_err
143.3552887910292,-3.0579185397180266,69.36864430507845,2.3124754428863525,2.981729030609131,1.6183615922927856,10.369921046993511,3.0579176859444344,6.974989180417012
143.43475121183315,-4.45829619068426,69.59012001910527,2.3650143146514893,2.9469168186187744,1.5784951448440552,10.449383467797446,4.458295336910668,6.753513466390189
145.56126230802494,-9.452869224449799,70.54498729526223,2.4143311977386475,2.97061824798584,1.4159185886383057,12.575894563989237,9.452868370676207,5.798646190233228
147.5663736219089,-12.41675261471839,74.26150495853044,2.3537023067474365,3.1584033966064453,1.101606845855713,14.581005877873196,12.416751760944798,2.082128526965022
146.7410682041179,-11.607321599029284,76.06968142807543,2.381359338760376,3.173999547958374,1.0190024375915527,13.75570046008221,11.607320745255691,0.2739520574200327
146.2730909629453,-11.195002209237895,78.16712323915962,2.4076459407806396,3.211815357208252,0.8534455299377441,13.287723218909605,11.195001355464303,1.8234897536641625
145.71613001726578,-10.564594273471815,77.66388856149142,2.4160945415496826,3.1759145259857178,0.9062860608100891,12.730762273230084,10.564593419698223,1.3202550759959593
144.70975628457776,-9.462589773663721,76.63548063854094,2.4424867630004883,3.134328603744507,0.9725813269615173,11.724388540542066,9.462588919890129,0.2918471530454809
144.10573533551687,-8.404276834068469,76.35654937321596,2.4497287273406982,3.1252670288085938,0.9836175441741943,11.12036759148117,8.404275980294877,0.012915887720495789
142.7827276932854,-6.604408158321459,77.25200083378297,2.492743730545044,3.1095023155212402,0.9165949821472168,9.79735994924971,6.604407304547867,0.9083673482875128
141.28154773636498,-4.4199767781534876,77.63709372937745,2.5517029762268066,3.063669443130493,0.8920750617980957,8.296179992329286,4.419975924379895,1.293460243881995
138.59420980742345,-0.6009280036442264,78.2330413948394,2.649954319000244,3.000596284866333,0.8262786269187927,5.608842063387755,0.600927149870634,1.8894079093439444
134.85112953847306,1.623693385806613,76.43697485069286,2.7995667457580566,2.8141090869903564,0.9638237357139587,1.8657617944373612,1.6236942395802054,0.09334136519740355
133.54701419948586,-0.02649204005231619,75.94433379642734,2.8619534969329834,2.7231926918029785,0.9872599244117737,0.561646455450159,0.02649118627872378,0.3992996890681155
133.22337251585398,0.05006501491907047,76.20909241922455,2.8630802631378174,2.691952705383301,0.965320348739624,0.23800477181828228,0.05006586869266288,0.13454106627091278
133.02957272834402,-0.02499871565056538,76.29560359525193,2.859337091445923,2.6676361560821533,0.9538018703460693,0.04420498430832254,0.02499786187697297,0.04802989024352655
133.0318813322835,-0.023060733365383168,76.33396193763072,2.8548805713653564,2.6644887924194336,0.9506762027740479,0.04651358824779095,0.023059879591790757,0.009671547864741115
132.91026298392225,-0.03449826533776143,76.33383899422566,2.861149549484253,2.6578822135925293,0.949246346950531,0.07510476011344736,0.03449741156416902,0.009794491269801142
132.87962275530558,0.011656759862687452,76.37504552548835,2.8623287677764893,2.659320831298828,0.9480841755867004,0.10574498873012317,0.011657613636279861,0.031412039992886776
132.87712290606933,-0.018915368780698466,76.31914725732096,2.8628880977630615,2.656564474105835,0.9514355063438416,0.10824483796636741,0.018914515007106055,0.02448622817449575
132.8890210956035,-0.026750519990759575,76.34855122169787,2.863462209701538,2.657160997390747,0.9479091167449951,0.09634664843218843,0.026749666217167165,0.004917736202415313
132.91776253163093,0.00500164278102171,76.37348141216842,2.861422061920166,2.660029411315918,0.9478064179420471,0.06760521240477146,0.00500249655461412,0.029847926672957215
132.94254245793974,-0.01811305424409229,76.28773521732808,2.8591225147247314,2.661215305328369,0.9534401893615723,0.0428252860959617,0.01811220047049988,0.055898268167382525
132.96049219507853,0.0021743877654751744,76.31664740808475,2.8602919578552246,2.661994457244873,0.9521989822387695,0.024875548957169258,0.002175241539067584,0.026986077410711573
132.85747928201639,0.025541430217383372,76.31250148325854,2.863762378692627,2.6585376262664795,0.9517837166786194,0.12788846201931392,0.025542283990975783,0.031132002236915923
132.9884003480272,-0.01738077671841782,76.31131986053214,2.859353542327881,2.6633214950561523,0.9529850482940674,0.0030326039914996272,0.017379922944825408,0.03231362496332224
132.94433196750228,0.048041215553962714,76.35341431638692,2.859844446182251,2.6623306274414062,0.9490036964416504,0.04103577653341972,0.04804206932755512,0.009780830891457981
132.9201121167054,-0.02514617638364099,76.26807793289679,2.8602049350738525,2.6596391201019287,0.9553502202033997,0.06525562733028778,0.02514532261004858,0.0755555525986722
132.95807430811234,-0.003176505949219585,76.2964300481415,2.8586676120758057,2.6613996028900146,0.9527239799499512,0.027293435923354536,0.0031756521756271753,0.047203437353957156
132.95834751567912,-0.04701331823075448,76.30834872824317,2.8599772453308105,2.6609368324279785,0.951666533946991,0.02702022835657658,0.047012464457162076,0.03528475725228475
132.93903174070633,0.018755044465400893,76.31810906856713,2.860795259475708,2.6605801582336426,0.9514135718345642,0.04633600332937249,0.018755898238993304,0.025524416928334404
132.96759559181532,0.03927381413175779,76.25867276240967,2.8573832511901855,2.6624016761779785,0.9561151266098022,0.017772152220373982,0.0392746679053502,0.08496072308578562
132.90934773857347,0.01690669172399407,76.37543484627105,2.8626182079315186,2.6597330570220947,0.9475131034851074,0.07602000546222598,0.016907545497586482,0.031801360775588705
132.97199423364083,-0.013570444459330354,76.31275420025783,2.8587491512298584,2.6624221801757812,0.9516979455947876,0.013373510394870891,0.013569590685737945,0.030879285237631393
132.9517222321842,0.024033620868982114,76.36435627943729,2.859555721282959,2.662423610687256,0.9482587575912476,0.03364551185148912,0.024034474642574525,0.020722793941828854
132.96023264789005,-0.021004845379206494,76.35898775074965,2.8603479862213135,2.661278247833252,0.9477580189704895,0.025135096145646685,0.021003991605614083,0.015354265254188704

Errors:
rotation,[20.402827913354958, 21.6611922710983, 27.827409124898672, 29.079886165783016, 25.636973262757934, 26.30621432803807, 24.615610768924267, 21.478824613477677, 19.537559459496542, 17.31013460208509, 14.009616160591175, 8.099177122602333, 3.58279739921497, 0.9874373307969984, 0.42261170678185794, 0.11723273642882207, 0.07924501570432282, 0.11939666294741752, 0.14881464235928982, 0.15164558114796922, 0.12801405085177092, 0.10245563563234279, 0.11683575473384411, 0.054036867906948415, 0.18456274824720562, 0.05272615189964727, 0.09885867675243282, 0.16595650253900857, 0.07767252545293887, 0.1093174500660234, 0.0906163184967002, 0.1420075432115098, 0.12472891173540117, 0.05782238631824023, 0.0784027804358925, 0.061493353005449475]
translation,[0.07464079787699607, 0.0638995797098394, 0.050340595249639186, 0.05897673316327623, 0.0656394949038166, 0.07263595927874444, 0.06097327579538536, 0.05979663150614645, 0.059832868974826425, 0.05823806822828548, 0.054584787322974115, 0.056483142504793804, 0.053689332703534376, 0.04087776714548852, 0.015558785161262634, 0.005979318108463971, 0.011971186081445317, 0.012225676707151578, 0.01070892843924387, 0.011341284559309273, 0.011371199444341507, 0.010951095907980601, 0.010470180920655103, 0.009416906157174054, 0.009332112457025588, 0.009019446817402077, 0.010267981350208899, 0.010289877092716004, 0.010841443899915149, 0.010466796948374046, 0.010180757485966474, 0.010285984649612168, 0.010364805282527811, 0.010349443241103096, 0.010587523230198848, 0.01090034153407693]
loss,
[0.12756919860839844, 0.11159779876470566, 0.08790236711502075, 0.07640957087278366, 0.07153844088315964, 0.07630021870136261, 0.07678568363189697, 0.06290218234062195, 0.07025747001171112, 0.07042573392391205, 0.060948457568883896, 0.041015662252902985, 0.013519193977117538, 0.0074726007878780365, 0.003128478303551674, 0.0013239131076261401, 0.0016483580693602562, 0.0014882448595017195, 0.0018593976274132729, 0.0011970649939030409, 0.0022430201061069965, 0.001320109236985445, 0.0012414382072165608, 0.0014694994315505028, 0.002278499072417617, 0.0013767022173851728, 0.001576884649693966, 0.0014796738978475332, 0.0014660846209153533, 0.0013886098749935627, 0.001223861938342452, 0.001693629426881671, 0.0012827790342271328, 0.0011991460341960192, 0.0015120103489607573, 0.0019456562586128712]

2022-04-27 10:42:52.517987