2022-04-27 10:11:01.599378

reference phi, theta, psi, translation: 164.57178246643477, -4.268868188959204e-07, 11.003265705708584, 0.2046843022108078, 0.7416750192642212, 3.957021951675415

phi,theta,psi,rot_x,rot_y,rot_z,phi_err,theta_err,psi_err
174.68706040079186,1.035587752499106,3.46078983121423,-0.0498787984251976,0.24902896583080292,4.223120212554932,10.115277934357096,1.035588179385925,7.542475874494354
173.05121643419548,1.7238213609263786,2.6172224085733395,-0.09498827904462814,0.21805810928344727,4.214060306549072,8.479433967760713,1.7238217878131976,8.386043297135245
168.13010611833633,1.368296698950729,-0.1570458458950156,-0.11567166447639465,0.0347282700240612,4.221914291381836,3.55832365190156,1.368297125837548,11.1603115516036
165.39211550650998,1.5980479355787014,1.100582852075122,-0.09591400623321533,0.09250017255544662,4.201199531555176,0.8203330400752122,1.5980483624655204,9.902682853633461
165.67227620588557,0.9156581938091615,4.788887245037829,0.018470287322998047,0.3569863438606262,4.145766735076904,1.1004937394507976,0.9156586206959804,6.214378460670755
165.08186099365133,1.2292474481281404,9.438964555573488,0.08904951810836792,0.6712640523910522,4.040836811065674,0.5100785272165638,1.2292478750149594,1.5643011501350959
164.4224745311783,0.23863910855728585,11.896958392564317,0.21153093874454498,0.8058865666389465,3.9502391815185547,0.14930793525647346,0.23863953544410474,0.8936926868557329
164.49659574405126,-0.20271514896944465,11.091583466771434,0.22477318346500397,0.7436659932136536,3.954122543334961,0.07518672238350632,0.20271472208262575,0.08831776106285005
164.57534782518152,0.19892610153736878,11.241672604914234,0.19754134118556976,0.760978639125824,3.9467668533325195,0.0035653587467550096,0.19892652842418768,0.23840689920564984
164.46442555306052,0.06096620774159742,11.285326051447077,0.20900116860866547,0.7621423602104187,3.9522037506103516,0.10735691337424669,0.06096663462841631,0.28206034573849337
164.53614253934563,0.11388574479825263,11.253198549138629,0.20541296899318695,0.7609507441520691,3.9553165435791016,0.03563992708913588,0.11388617168507152,0.24993284343004518
164.54905159687698,0.003288186199898127,11.143829291280154,0.20997977256774902,0.751438319683075,3.954615354537964,0.022730869557790356,0.003288613086717023,0.14056358557157012
164.55021272903588,-0.006869445787912331,11.261261587453829,0.2121928632259369,0.7577623128890991,3.94942569732666,0.021569737398891675,0.006869018901093435,0.257995881745245
164.58098956143596,0.21027390875550425,11.155648079865214,0.19497890770435333,0.7551924586296082,3.9541373252868652,0.009207095001187326,0.21027433564232315,0.15238237415663036
164.41531649292813,-0.10116407731007955,11.096323618055422,0.21769723296165466,0.7447609901428223,3.953645944595337,0.15646597350664138,0.10116365042326066,0.09305791234683802
164.400768189996,0.03928770177746226,11.302714859300282,0.21133950352668762,0.760369598865509,3.9459571838378906,0.17101427643876832,0.039288128664281156,0.29944915359169855
164.51093914130828,0.16523395028659088,11.251232308431312,0.20187127590179443,0.7605891227722168,3.9513776302337646,0.06084332512648416,0.16523437717340977,0.24796660272272852
164.5772875989058,0.03345575571144059,11.166901670296458,0.20764286816120148,0.7533954381942749,3.9536168575286865,0.005505132471029128,0.033456182598259485,0.16363596458787377
164.4890961963426,0.16737774562589355,11.284790735370876,0.20213140547275543,0.7630460262298584,3.9501893520355225,0.08268627009218221,0.16737817251271245,0.2815250296622924
164.5012812538219,0.13201773661573898,11.253087558564618,0.20304876565933228,0.7608076930046082,3.95039963722229,0.0705012126128679,0.13201816350255788,0.24982185285603364
164.59023763757216,-0.0787702906272845,11.277825649964756,0.21649867296218872,0.7581900358200073,3.9499502182006836,0.018455171137389925,0.0787698637404656,0.2745599442561719
164.5182747644769,0.22475303665436025,11.257026870168422,0.19701607525348663,0.7629004716873169,3.9526522159576416,0.05350770195786936,0.22475346354117914,0.25376116445983854
164.4500138539118,-0.05851881324334475,11.249937987583595,0.21771666407585144,0.7553879618644714,3.9485557079315186,0.12176861252297044,0.058518386356525856,0.24667228187501067
164.5777930329044,0.09719183597642636,11.192496096663787,0.2039364129304886,0.7550912499427795,3.949244737625122,0.00601056646962661,0.09719226286324525,0.18923039095520267
164.44905762742798,-0.09247694259008753,11.355343174402524,0.2206893116235733,0.7622920274734497,3.9484505653381348,0.12272483900679276,0.09247651570326863,0.3520774686939401
164.52860201050194,0.016721642247809993,11.19391677601115,0.209971085190773,0.7540321350097656,3.9520530700683594,0.043180455932827044,0.01672206913462889,0.19065107030256634
164.5064721975911,-0.010178087013554311,11.253146468946207,0.21255123615264893,0.757897138595581,3.951153516769409,0.06531026884366042,0.010177660126735415,0.24988076323762343
164.52017355706616,0.13039420035270816,11.182087742142334,0.20214645564556122,0.755514919757843,3.951829671859741,0.05160890936861051,0.13039462723952705,0.1788220364337505
164.50931355628583,0.06476669926183411,11.344799069871316,0.2094557285308838,0.7653713226318359,3.949362277984619,0.06246891014893663,0.064767126148653,0.34153336416273206
164.50263363127758,0.09240533442594011,11.196487488460013,0.2045907825231552,0.7562904953956604,3.9514758586883545,0.06914883515719339,0.092405761312759,0.19322178275142932
164.50853491472046,0.00908042001775493,11.272113904271334,0.21123473346233368,0.7593508958816528,3.95198655128479,0.06324755171431207,0.009080846904573826,0.26884819856275044
164.51532412275546,0.0686804403243145,11.231095203210822,0.20670634508132935,0.757844090461731,3.953258991241455,0.05645834367931002,0.0686808672111334,0.22782949750223835
164.5258152933206,0.12717637252559597,11.274559111994199,0.20408277213573456,0.7612490057945251,3.9514315128326416,0.045967173114178195,0.12717679941241486,0.27129340628561494
164.49740170637332,0.13196717540698522,11.156755424284404,0.20202720165252686,0.7540767788887024,3.952969789505005,0.07438076006144456,0.1319676022938041,0.15348971857581972
164.49946442350267,-0.02726942395806381,11.329406384803047,0.21661023795604706,0.7620375752449036,3.950260877609253,0.0723180429320962,0.027268997071244912,0.326140679094463
164.51494163216194,0.07286640910492449,11.239888217993567,0.20737937092781067,0.7589412927627563,3.9517364501953125,0.05684083427283326,0.07286683599174339,0.236622512284983

Errors:
rotation,[18.693341988237375, 18.589299052709155, 16.08693232934271, 12.321064256174193, 8.230530820817533, 3.3036275523666188, 1.281640157556311, 0.36621920552898213, 0.4408987863765925, 0.4503838937411564, 0.3994589422042526, 0.1665830682160775, 0.2864346380452301, 0.3718638048001408, 0.35068753627674004, 0.5097515586947481, 0.47404430502262246, 0.2025972796571624, 0.5315894722671871, 0.45234122897145945, 0.3717849791340274, 0.5320223299588871, 0.42695928075450695, 0.2924332202880745, 0.5672788234040015, 0.25055359537002225, 0.3253686922080193, 0.36082557304188806, 0.4687694004603217, 0.3547763792213817, 0.34117659718163634, 0.3529687083926818, 0.444437378812208, 0.3598380809310684, 0.4257277190978041, 0.3663301825495596]
translation,[0.19962134480110283, 0.18963837187015198, 0.19251245010803597, 0.17218327808030676, 0.13002024500698095, 0.06605151617901939, 0.006022084558123808, 0.001408417660740291, 0.0068178223277612915, 0.0006876168834670793, 0.0019554615477765935, 0.0002811429982276792, 0.004071306997290414, 0.0008020651325795214, 0.0020623508471198093, 0.00702596966378799, 0.0021547145483671315, 0.0010164341088758633, 0.0028423852680550254, 0.003013406949897046, 0.0032472586543716986, 0.0007080797222256408, 0.005075785347135486, 0.0051772313208298115, 0.003715988595248909, 0.002310739485537283, 0.0023325290758551276, 0.002652299160676108, 0.0028380277934880738, 0.002730440546350188, 0.0013110899941901621, 0.0005815655824683574, 0.0018658393496115977, 0.0018092403037313076, 0.002210652249970302, 0.0018337946797082338]
loss,
[0.10814555734395981, 0.09773965924978256, 0.06097772344946861, 0.04436977952718735, 0.03518697991967201, 0.010726782493293285, 0.0037070661783218384, 0.004003383684903383, 0.003924042917788029, 0.0038474244065582752, 0.0048707458190619946, 0.003964094445109367, 0.0026662114541977644, 0.004581549670547247, 0.0041974931955337524, 0.00427742674946785, 0.0033576420973986387, 0.0034343968145549297, 0.003033878281712532, 0.0034621451050043106, 0.004472187254577875, 0.0035367365926504135, 0.004085030406713486, 0.0033943960443139076, 0.00356695125810802, 0.004691373091191053, 0.00407178420573473, 0.0033904125448316336, 0.0036478571128100157, 0.004888014402240515, 0.005076445639133453, 0.003917294554412365, 0.0036048106849193573, 0.0041827852837741375, 0.004134670831263065, 0.0034134830348193645]

2022-04-27 10:15:27.716238