2022-04-27 10:15:31.149010

reference phi, theta, psi, translation: 16.672973292337613, -0.0, 55.56417970941693, 0.9538894295692444, -3.184936285018921, 2.279534101486206

phi,theta,psi,rot_x,rot_y,rot_z,phi_err,theta_err,psi_err
26.607018987257597,-4.879078348390559,61.415046110949504,1.4386786222457886,-3.2383759021759033,2.121750593185425,9.934045694919984,4.879078348390559,5.850866401532571
27.314121151272335,-5.80255737490774,61.87593361576362,1.4745112657546997,-3.25030255317688,2.074951410293579,10.641147858934723,5.80255737490774,6.311753906346688
27.681896102226258,-5.548976210892768,62.5388854369834,1.574777364730835,-3.237941265106201,1.9807960987091064,11.008922809888645,5.548976210892768,6.974705727566466
26.273350585924135,-2.8747885880975774,60.572747182503534,1.5291788578033447,-3.184248685836792,2.0775132179260254,9.600377293586522,2.8747885880975774,5.0085674730866
21.936450255438253,2.2230988103085068,57.55557258835293,1.3789581060409546,-3.158670663833618,2.18080735206604,5.26347696310064,2.2230988103085068,1.9913928789359971
19.454298039353088,1.5827453489224537,56.00596317512253,1.1746671199798584,-3.155146598815918,2.2702996730804443,2.781324747015475,1.5827453489224537,0.4417834657055977
16.856560239491092,0.3425328697992379,55.35818120404935,0.977254331111908,-3.174264430999756,2.2999186515808105,0.18358694715347923,0.3425328697992379,0.20599850536758169
16.419242009955394,-0.12287410239768096,55.47949902408712,0.9348340034484863,-3.187077283859253,2.2828876972198486,0.2537312823822191,0.12287410239768096,0.08468068532981476
16.790406442284933,0.04477970231386204,55.5993790893046,0.9648547172546387,-3.1797187328338623,2.2758982181549072,0.11743314994732046,0.04477970231386204,0.03519937988766486
16.642216950505045,0.008824043618283072,55.534270311041446,0.9528077840805054,-3.1792876720428467,2.276883840560913,0.030756341832567813,0.008824043618283072,0.02990939837548723
16.643038280752737,0.008613087934139112,55.543351047542984,0.9534919857978821,-3.1795406341552734,2.277858257293701,0.029935011584875326,0.008613087934139112,0.020828661873949272
16.693755850434666,-0.012562656378241414,55.5737317289712,0.9550615549087524,-3.179887533187866,2.2759592533111572,0.02078255809705354,0.012562656378241414,0.009552019554263325
16.765624808428836,0.008473465591664403,55.543938443811605,0.9599453210830688,-3.1779916286468506,2.278101921081543,0.09265151609122313,0.008473465591664403,0.02024126560532835
16.648256545278628,-0.014219395214804384,55.52711568788586,0.9531561136245728,-3.1784026622772217,2.277158260345459,0.024716747058985078,0.014219395214804384,0.03706402153107291
16.753919571738724,0.007381649801163962,55.602227278188494,0.9596093893051147,-3.1796162128448486,2.274754524230957,0.0809462794011111,0.007381649801163962,0.038047568771560236
16.630101902464734,-5.6788580608858334e-05,55.570832313668525,0.9535707235336304,-3.1810462474823,2.275622844696045,0.04287138987287875,5.6788580608858334e-05,0.006652604251591754
16.705905049420828,0.012803888649751795,55.579909635075474,0.957162082195282,-3.179685354232788,2.2760133743286133,0.032931757083215274,0.012803888649751795,0.015729925658540367
16.67553119818178,-0.032532484711833884,55.63228352563113,0.9547618627548218,-3.1818037033081055,2.2719852924346924,0.002557905844167152,0.032532484711833884,0.06810381621419737
16.730264919095678,0.025707732157163654,55.58768580544553,0.9590144157409668,-3.178171157836914,2.2745842933654785,0.057291626758065206,0.025707732157163654,0.023506096028597767
16.709067427006545,-0.0027143316517078565,55.52605017837534,0.9563776254653931,-3.176781415939331,2.2772092819213867,0.0360941346689323,0.0027143316517078565,0.03812953104159078
16.706343889075,0.010356446051220719,55.558736048648434,0.9567887187004089,-3.17818021774292,2.2764790058135986,0.03337059673738807,0.010356446051220719,0.0054436607684991145
16.700579209415512,-0.0012664276917582552,55.576590163138846,0.9566311836242676,-3.178645372390747,2.27496600151062,0.027605917077899278,0.0012664276917582552,0.012410453721912518
16.720478965562343,-0.015045942160905747,55.63167222370042,0.9576240181922913,-3.1815176010131836,2.271838426589966,0.047505673224730316,0.015045942160905747,0.06749251428348657
16.739021221611633,-0.0010969137849927478,55.57033029476453,0.9584115147590637,-3.1786317825317383,2.276815891265869,0.06604792927402059,0.0010969137849927478,0.006150585347597826
16.724729050773384,-0.02712604236399141,55.56745820021854,0.9565094709396362,-3.1796114444732666,2.2776994705200195,0.05175575843577107,0.02712604236399141,0.0032784908016054715
16.64800553582663,-0.01104130740223062,55.52181887618452,0.9527283310890198,-3.1792654991149902,2.279736042022705,0.024967756510982042,0.01104130740223062,0.04236083323241502
16.67573439630959,0.004951270027161564,55.58196552201565,0.9550046920776367,-3.180783987045288,2.2757568359375,0.0027611039719772634,0.004951270027161564,0.017785812598717143
16.685153227175036,0.0070302427021884445,55.600997844137886,0.9562291502952576,-3.180936574935913,2.273977279663086,0.01217993483742319,0.0070302427021884445,0.036818134720952855
16.68700420844011,-0.00912115421147564,55.58310274851245,0.9552848935127258,-3.179617166519165,2.2760226726531982,0.014030916102498736,0.00912115421147564,0.018923039095518845
16.715349493495662,-0.04226504571348766,55.58669542801588,0.9557958245277405,-3.180751085281372,2.27571439743042,0.0423762011580493,0.04226504571348766,0.022515718598945966
16.69792568092296,-0.0012040861523787056,55.55218931232898,0.9566265940666199,-3.1790566444396973,2.27793025970459,0.024952388585347762,0.0012040861523787056,0.01199039708795624
16.626147222935295,0.003470082780299075,55.52262825360116,0.9515824317932129,-3.179516315460205,2.278681993484497,0.04682606940231793,0.003470082780299075,0.04155145581577102
16.65180653609974,-0.01980721413306767,55.56680250205822,0.9534394145011902,-3.1803319454193115,2.2762656211853027,0.021166756237871454,0.01980721413306767,0.0026227926412900615
16.70238750199827,-0.02956625806337476,55.58885376779361,0.955604612827301,-3.1805713176727295,2.27510929107666,0.029414209660657775,0.02956625806337476,0.024674058376675134
16.69453619954734,-0.019627444364438088,55.568530539918235,0.9551695585250854,-3.1794381141662598,2.2766194343566895,0.0215629072097272,0.019627444364438088,0.004350830501302028
16.711797795127257,0.008880782055885996,55.56139982242474,0.9573442339897156,-3.178591728210449,2.276947259902954,0.038824502789644555,0.008880782055885996,0.0027798869921937808

Errors:
rotation,[20.663990444843115, 22.75545914018915, 23.53260474834788, 17.4837333547707, 9.477968652345144, 4.805853561643526, 0.7321183223202988, 0.4612860701097148, 0.19741223214884734, 0.06948978382633811, 0.05937676139296371, 0.04289723402955828, 0.12136624728821588, 0.07600016380486238, 0.1263754979738353, 0.04958078270507937, 0.061465571391507434, 0.1031942067701984, 0.10650545494382663, 0.07693799736223093, 0.049170703557107905, 0.04128279849157005, 0.13004412966912263, 0.07329542840661116, 0.08216029160136795, 0.07836989714562768, 0.025498186597855972, 0.05602831226056449, 0.042075109409493223, 0.10715696547048292, 0.03814687182568271, 0.09184760799838802, 0.04359676301222919, 0.08365452610070767, 0.04554118207546731, 0.05048517183772433]
translation,[0.09908907901583852, 0.09731800259827317, 0.0783407592674008, 0.0669058916080374, 0.04743050698390938, 0.029542696633888532, 0.008748179224220998, 0.0008742218872885843, 0.00356526306307714, 0.006217335375568567, 0.005304244572547745, 0.005732258078885444, 0.004855874137341232, 0.0066786135922365375, 0.00554597435799753, 0.005360403252937296, 0.005362465104108871, 0.006534200579466187, 0.006925305459979825, 0.007165586874801733, 0.006376594923962919, 0.006902236712640786, 0.006163291831112083, 0.0054434244623147165, 0.004622413157772343, 0.004639472127205835, 0.0051519731954057235, 0.005746352374117691, 0.005856975708708134, 0.0050142160772352895, 0.00490211033189869, 0.00530910064156398, 0.005592478223591435, 0.00554364144620223, 0.005688307852505403, 0.005654706062663273]
loss,
[0.14235536754131317, 0.13371500372886658, 0.11763744056224823, 0.10701792687177658, 0.04168760031461716, 0.018338430672883987, 0.005366845987737179, 0.0025662172120064497, 0.0014606823679059744, 0.0024925011675804853, 0.0013946122489869595, 0.0017553915968164802, 0.0012981104664504528, 0.002067369408905506, 0.0011750396806746721, 0.0018893738742917776, 0.0012637374456971884, 0.0011011913884431124, 0.0015499715227633715, 0.001494434429332614, 0.0015955258859321475, 0.0013901450438424945, 0.0018522944301366806, 0.0012562270276248455, 0.002417522482573986, 0.0013334150426089764, 0.0014797461917623878, 0.0015900416765362024, 0.001727944239974022, 0.0014515937073156238, 0.001677064225077629, 0.001760726561769843, 0.0013612189795821905, 0.0014515344519168139, 0.0015528402291238308, 0.0017253037076443434]

2022-04-27 10:20:00.539166