2022-04-27 10:24:38.057416

reference phi, theta, psi, translation: -33.091320547511735, -0.0, 74.32085247222868, -2.1190009117126465, -3.251617431640625, 1.089412808418274

phi,theta,psi,rot_x,rot_y,rot_z,phi_err,theta_err,psi_err
-22.822884158753556,1.294954214858955,81.82337814338081,-1.5357718467712402,-3.6827800273895264,0.7731812596321106,10.268436388758179,1.294954214858955,7.502525671152128
-23.80353198393272,0.7645133389726956,81.60976397708865,-1.5854705572128296,-3.6730589866638184,0.7699679136276245,9.287788563579014,0.7645133389726956,7.288911504859968
-27.04461213190739,0.9951082504928584,79.93703698897419,-1.7556687593460083,-3.5721638202667236,0.8805588483810425,6.046708415604346,0.9951082504928584,5.616184516745506
-29.897834865221004,1.089556214016138,78.58939968459566,-1.9047214984893799,-3.4625840187072754,0.9847448468208313,3.1934856822907314,1.089556214016138,4.2685472123669825
-33.24743135118155,0.2650471963272511,78.10393032895865,-2.1169309616088867,-3.337219715118408,1.002289056777954,0.15611080366981156,0.2650471963272511,3.7830778567299745
-39.814371370203666,-0.17159489032697484,76.20483721137164,-2.471341848373413,-3.0302157402038574,1.14345121383667,6.723050822691931,0.17159489032697484,1.88398473914296
-44.03345435260141,1.9104106788447572,76.10777339307658,-2.6635630130767822,-2.8533389568328857,1.1362361907958984,10.942133805089675,1.9104106788447572,1.7869209208479049
-46.04273891206825,3.7530263282120986,76.1466508298323,-2.7467291355133057,-2.7788267135620117,1.0993810892105103,12.951418364556517,3.7530263282120986,1.8257983576036168
-44.8377569386946,3.2653223478632847,72.68341707155567,-2.6608214378356934,-2.7546279430389404,1.3008418083190918,11.746436391182868,3.2653223478632847,1.637435400673013
-46.71671124351384,5.098536145450422,69.11445881511642,-2.6552324295043945,-2.630403995513916,1.479581594467163,13.625390696002107,5.098536145450422,5.206393657112258
-46.49083688766152,5.734480131319365,70.32928309108405,-2.6343936920166016,-2.673701047897339,1.398654818534851,13.399516340149788,5.734480131319365,3.991569381144629
-49.726464837131225,5.001143848397026,69.85010433967264,-2.75888991355896,-2.526381492614746,1.4318279027938843,16.63514428961949,5.001143848397026,4.470748132556039
-50.806379216612775,5.215406181122653,69.96032993249831,-2.795790672302246,-2.4744138717651367,1.4178255796432495,17.71505866910104,5.215406181122653,4.360522539730368
-50.65131001679139,4.553060527499611,69.59164998147936,-2.800623655319214,-2.4215166568756104,1.435375690460205,17.559989469279657,4.553060527499611,4.729202490749316
-49.608247922976645,4.736682192012469,71.02406359383609,-2.785100221633911,-2.490649938583374,1.3391512632369995,16.51692737546491,4.736682192012469,3.29678887839259
-51.165619846198766,4.76579607101493,70.92216400160868,-2.8352296352386475,-2.419790744781494,1.3435232639312744,18.07429929868703,4.76579607101493,3.3986884706200016
-51.7868767776302,5.529546981572862,70.49485370675433,-2.83040189743042,-2.404876470565796,1.3739441633224487,18.695556230118463,5.529546981572862,3.8259987654743526
-51.704012922619604,5.147184309970294,70.03023008846422,-2.820608615875244,-2.3945722579956055,1.4031161069869995,18.61269237510787,5.147184309970294,4.2906223837644575
-52.13300685910435,4.675305826499088,69.8457876601172,-2.839888095855713,-2.3651223182678223,1.4114978313446045,19.041686311592613,4.675305826499088,4.4750648121114835
-52.17320935255904,4.324118542202695,70.47913744147414,-2.865792989730835,-2.3510582447052,1.3728899955749512,19.081888805047306,4.324118542202695,3.8417150307545427
-52.351979308800374,4.232562512895106,70.09997998026839,-2.859408378601074,-2.339601755142212,1.3892182111740112,19.26065876128864,4.232562512895106,4.220872491960293
-53.12581583610072,4.62070916245452,69.87519845468327,-2.8703155517578125,-2.3078224658966064,1.411692500114441,20.034495288588985,4.62070916245452,4.445654017545408
-50.78238134696393,4.062103142350496,70.65976862426429,-2.8120357990264893,-2.410686731338501,1.3657355308532715,17.691060799452195,4.062103142350496,3.6610838479643917
-51.81503764757816,4.400404853277195,70.43571109873119,-2.8474767208099365,-2.367039680480957,1.3633074760437012,18.723717100066423,4.400404853277195,3.88514137349749
-52.11478732949334,4.8942618838346945,71.03059325468263,-2.8612000942230225,-2.372131586074829,1.3346587419509888,19.023466781981604,4.8942618838346945,3.290259217546051
-52.48731950720418,4.729101938807573,70.1685345889678,-2.854858875274658,-2.340501546859741,1.3857109546661377,19.39599895969244,4.729101938807573,4.152317883260878
-52.82527385224182,4.3743541491332465,69.9418132896584,-2.868006467819214,-2.3105616569519043,1.4008837938308716,19.733953304730086,4.3743541491332465,4.379039182570281
-51.87419733107423,4.435202455141214,70.7651789337251,-2.84562349319458,-2.3662819862365723,1.3469786643981934,18.782876783562493,4.435202455141214,3.5556735385035836
-52.51079486738151,4.171211799537013,70.5407115968418,-2.871803045272827,-2.322033405303955,1.3590295314788818,19.419474319869778,4.171211799537013,3.780140875386877
-52.41469410575943,4.347965765589913,71.00739110207209,-2.8758935928344727,-2.343109369277954,1.3247807025909424,19.323373558247695,4.347965765589913,3.3134613701565883
-53.38123076011335,4.572126866756905,70.4176930597007,-2.8992271423339844,-2.277184247970581,1.3662701845169067,20.28991021260161,4.572126866756905,3.903159412527984
-52.481346506775,4.185058105622265,70.61591880979282,-2.8672709465026855,-2.323448657989502,1.3563956022262573,19.390025959263262,4.185058105622265,3.704933662435863
-52.35011808225155,4.161106983701823,70.47456121473023,-2.8616857528686523,-2.320727825164795,1.369344711303711,19.258797534739813,4.161106983701823,3.84629125749845
-52.64266874478153,4.205623418817737,70.2237703287857,-2.867095708847046,-2.3053536415100098,1.380199670791626,19.551348197269796,4.205623418817737,4.097082143442975
-52.57842740054298,4.449029123090375,70.58954061921823,-2.865095615386963,-2.325363874435425,1.3545401096343994,19.487106853031243,4.449029123090375,3.731311853010453
-52.045273079215534,4.55917970398517,70.72441636475847,-2.8443191051483154,-2.358985424041748,1.3486793041229248,18.9539525317038,4.55917970398517,3.596436107470211

Errors:
rotation,[19.06591627476926, 17.34121340741168, 12.65800118284271, 8.551589108673852, 4.2042358567270375, 8.778630452161867, 14.639465404782337, 18.53024305037223, 16.649194139719164, 23.930320498564786, 23.125565852613782, 26.107036270572557, 27.29098738995406, 26.842252487528583, 24.55039844586997, 26.23878384032196, 28.05110197716568, 28.05049906884262, 28.192056950203185, 27.247722378004543, 27.71409376614404, 29.100858468588914, 25.41424778976708, 27.009263326841108, 27.20798788336235, 28.277418781760893, 28.487346636433614, 26.773752777207292, 27.370826994793667, 26.984800693994195, 28.7651964918865, 27.28001772732139, 27.266195775940087, 27.854053759530508, 27.667447829132072, 27.10956834315918]
translation,[0.03326186669987141, 0.04292668896867635, 0.04540273645271853, 0.04160649942402639, 0.046004237705439266, 0.04283940974837108, 0.03422999645637237, 0.027816378893557037, 0.013637396303495919, 0.011372030852754733, 0.02551510427526793, 0.02560679849720504, 0.03745915527476518, 0.060292927646917516, 0.06206784785918096, 0.06893654425676177, 0.07103704826897594, 0.0740411774965799, 0.07498263417155204, 0.07827291451154084, 0.0839933487667186, 0.0868126361206305, 0.08344748364274945, 0.08529477116124085, 0.08210530280789641, 0.08798792958322732, 0.09074429332329492, 0.0927010155707344, 0.0958967201427261, 0.09209747607953833, 0.09949062624301774, 0.09927634005005048, 0.1004639305877828, 0.10177227017326596, 0.10036967064609392, 0.09744126061975855]
loss,
[0.1482471227645874, 0.1412070095539093, 0.14470498263835907, 0.14013010263442993, 0.13287153840065002, 0.1215287372469902, 0.11816790699958801, 0.12004541605710983, 0.10120533406734467, 0.08456399291753769, 0.07873251289129257, 0.09134320914745331, 0.0832742378115654, 0.08589192479848862, 0.08864324539899826, 0.08395086228847504, 0.0828278437256813, 0.07567955553531647, 0.08541880548000336, 0.09019067138433456, 0.0775734931230545, 0.08749932050704956, 0.08981230109930038, 0.08762310445308685, 0.08420982211828232, 0.08224610984325409, 0.08413588255643845, 0.08966775983572006, 0.09076148271560669, 0.08321093767881393, 0.09243828058242798, 0.07505866885185242, 0.07664202898740768, 0.0842805728316307, 0.09054001420736313, 0.0833941325545311]

2022-04-27 10:29:08.842592