2022-04-27 09:27:16.319077

reference phi, theta, psi, translation: 164.57178246643477, -4.268868188959204e-07, 11.003265705708584, 0.2046843022108078, 0.7416750192642212, 3.957021951675415

phi,theta,psi,rot_x,rot_y,rot_z,phi_err,theta_err,psi_err
174.68706040079186,1.035587752499106,3.46078983121423,-0.0498787984251976,0.24902896583080292,4.223120212554932,10.115277934357096,1.035588179385925,7.542475874494354
174.11783243536303,0.9091854121414558,3.5726544559972875,-0.04722544550895691,0.25996488332748413,4.229528903961182,9.546049968928259,0.9091858390282747,7.430611249711296
171.78320547516097,-0.7503860518405326,4.387734013383701,0.07277202606201172,0.301233172416687,4.243483066558838,7.2114230087262,0.7503856249537137,6.615531692324883
168.941901421949,-3.368505143791025,6.506773736397124,0.29335179924964905,0.40710920095443726,4.247727394104004,4.3701189555142435,3.3685047169042064,4.49649196931146
167.45477799434047,-3.96344997530328,7.211533145526549,0.3867780864238739,0.43530067801475525,4.2490692138671875,2.882995527905706,3.9634495484164614,3.7917325601820346
163.01172627886885,-5.733968902565864,9.24477715482815,0.6135474443435669,0.5267466306686401,4.2036662101745605,1.5600561875659196,5.7339684756790446,1.7584885508804344
165.08029005014222,-5.601984519665273,8.07314528762438,0.5445557832717896,0.4513565003871918,4.18660306930542,0.5085075837074555,5.601984092778454,2.930120418084204
163.335982679526,-6.688434196105518,7.915463540445464,0.6327657103538513,0.39560821652412415,4.133506774902344,1.235799786908757,6.688433769218698,3.0878021652631196
163.10584628563163,-5.009133366762192,7.353681334985562,0.5032046437263489,0.38529402017593384,4.095489025115967,1.4659361808031406,5.009132939875372,3.649584370723022
163.987773971642,-2.900170237830124,7.1056609445231205,0.34332528710365295,0.42121878266334534,4.072059631347656,0.5840084947927551,2.9001698109433054,3.8976047611854634
164.02329095532608,-1.419461171753338,7.6084892259357035,0.24729934334754944,0.4821029305458069,4.034389972686768,0.5484915111086934,1.419460744866519,3.3947764797728803
164.2275682530228,-0.484732335364495,9.68917402166492,0.22090759873390198,0.6421234011650085,3.9841792583465576,0.34421421341195924,0.4847319084776761,1.3140916840436638
164.64528896228245,-0.18517194759937677,11.657666130087506,0.23036934435367584,0.7847955226898193,3.9410853385925293,0.07350649584768121,0.18517152071255788,0.6544004243789221
164.8154426348858,-0.49852959676170433,11.313872827083145,0.2402888536453247,0.7530477046966553,3.9428915977478027,0.24366016845104355,0.49852916987488544,0.31060712137456115
164.40550834127998,-0.2159457923794105,11.462756436837436,0.23073872923851013,0.7680890560150146,3.94541072845459,0.16627412515478568,0.2159453654925916,0.4594907311288523
164.50730548066986,-0.22847225172373575,11.165535632462454,0.22653838992118835,0.7492528557777405,3.9573559761047363,0.06447698576491234,0.22847182483691686,0.1622699267538703
164.62941560265133,-0.251900221482086,11.135994210528503,0.22590963542461395,0.7485206723213196,3.9604759216308594,0.05763313621656607,0.2518997945952671,0.13272850481991938
164.6740167379315,-0.3936889437121763,11.130194526149516,0.23599816858768463,0.7456486225128174,3.957031488418579,0.1022342714967408,0.3936885168253574,0.12692882044093245
164.58109884446267,-0.404984448221776,11.3303395593984,0.240046426653862,0.7579296827316284,3.947031021118164,0.009316378027904193,0.4049840213349571,0.3270738536898161
164.61121997870242,-0.4035664540727915,11.289185108328134,0.2378024160861969,0.7542076110839844,3.9490909576416016,0.039437512267653574,0.4035660271859726,0.28591940261954996
164.50734646180487,-0.3654656109659833,11.341985885706917,0.2379513531923294,0.756766676902771,3.9491608142852783,0.06443600462989707,0.3654651840791644,0.33872017999833304
164.62956586681307,-0.24030971282676805,11.333486569058483,0.22668281197547913,0.759312629699707,3.94500994682312,0.05778340037829821,0.24030928593994916,0.33022086334989886
164.692635833609,-0.3470253496385355,11.374741765419007,0.23557119071483612,0.7614356875419617,3.9485602378845215,0.12085336717422024,0.3470249227517166,0.37147605971042275
164.56231582424513,-0.3253341169786756,11.290919122603672,0.23359505832195282,0.7552417516708374,3.95143461227417,0.009466642189636332,0.3253336900918567,0.28765341689508794
164.569542164387,-0.22164434490365942,11.230147514463482,0.22603249549865723,0.7535451650619507,3.951258420944214,0.002240302047766818,0.22164391801684052,0.22688180875489827
164.49517506470391,-0.31247865744997955,11.286154211883941,0.2333926111459732,0.755404531955719,3.953021287918091,0.07660740173085401,0.31247823056316065,0.28288850617535743
164.55213884238182,-0.3033195345334336,11.206952192042118,0.2308201789855957,0.7505348920822144,3.9535679817199707,0.019643624052946507,0.3033191076466147,0.2036864863335346
164.49475159297538,-0.3407070437967106,11.139234281516028,0.23320786654949188,0.7461932897567749,3.954226016998291,0.07703087345939252,0.3407066169098917,0.13596857580744448
164.63608186728126,-0.31569270675159283,11.293476174674195,0.23217415809631348,0.7568775415420532,3.951190710067749,0.06429940084649388,0.31569227986477394,0.2902104689656113
164.59176759994622,-0.3297924315338126,11.313984671430804,0.2332257181406021,0.756170392036438,3.9442334175109863,0.019985133511454478,0.3297920046469937,0.31071896572222
164.6187878283028,-0.23778184308116146,11.273869262888027,0.2267177850008011,0.7559472918510437,3.948888063430786,0.04700536186803106,0.23778141619434257,0.2706035571794434
164.60928020497815,-0.3099382555731927,11.393320733735088,0.23516519367694855,0.7630235552787781,3.9503333568573,0.037497738543379455,0.3099378286863738,0.39005502802650405
164.49562585718914,-0.3189126051183098,11.298988137334394,0.23558804392814636,0.7560673356056213,3.949995279312134,0.07615660924562917,0.31891217823149093,0.29572243162581024
164.54103295479138,-0.2718278684942189,11.170404703567028,0.22941870987415314,0.7482678890228271,3.953416347503662,0.03074951164339268,0.2718274416074,0.16713899785844433
164.53183952016855,-0.26869085853671926,11.224938641447702,0.23006480932235718,0.7528921961784363,3.954826831817627,0.039942946266222634,0.26869043164990036,0.22167293573911806
164.5839811842924,-0.2991263872895937,11.153303617432607,0.23031948506832123,0.747253954410553,3.954070806503296,0.01219871785764326,0.2991259604027748,0.1500379117240236

Errors:
rotation,[18.693341988237375, 17.88584705766783, 14.577340326004796, 12.23511564172991, 10.638177636504203, 9.052513214125398, 9.040612094570115, 11.012035721390575, 10.124653491401535, 7.381783066921524, 5.362728735748092, 2.1430378059332993, 0.9130784409391612, 1.0527964597004902, 0.8417102217762296, 0.4552187373556995, 0.4422614356317526, 0.6228516087630307, 0.7413742530526775, 0.7289229420731762, 0.7686213687073945, 0.6283135496681462, 0.8393543496363596, 0.6224537491765809, 0.4507660288195056, 0.671974138469372, 0.5266492180330957, 0.5537060661767287, 0.6702021496768791, 0.6604961038806683, 0.555390335241817, 0.7374905952562574, 0.6907912191029304, 0.46971595110923703, 0.5303063136552411, 0.46136258998444163]
translation,[0.19962134480110283, 0.20664489251449858, 0.22365496194418455, 0.2461343813410224, 0.2576556756425612, 0.24960842779683468, 0.21479961273259107, 0.16920162833943841, 0.11310766835204955, 0.07702970711245616, 0.03948317154743464, 0.010505296300165945, 0.006066456019026667, 0.00978413550085655, 0.005030669707249302, 0.0028971026680517653, 0.005786738289675242, 0.002453278258028213, 0.004823700787641272, 0.003636071197448132, 0.0030787797238582826, 0.007319233523477742, 0.002927560819800945, 0.0013904178618728835, 0.0023121880480925228, 0.00018421177532612631, 0.0003373710389196205, 0.00036052253049501104, 0.0014047823324503383, 0.008298412166984015, 0.004148122268800236, 0.0009128723989579868, 0.002530851843362214, 0.0009876395107397684, 0.0012936633998998914, 0.00048236811087853937]
loss,
[0.0992312952876091, 0.0956544503569603, 0.07879982888698578, 0.06916004419326782, 0.05975550413131714, 0.0439765602350235, 0.044648103415966034, 0.03970593959093094, 0.031087074428796768, 0.020357053726911545, 0.010301001369953156, 0.009594468399882317, 0.003960448317229748, 0.004330206662416458, 0.003966243006289005, 0.001821822253987193, 0.0019717998802661896, 0.003884365549311042, 0.002380562946200371, 0.0029368193354457617, 0.0025203325785696507, 0.00345277925953269, 0.0017133054789155722, 0.002501699374988675, 0.0021009319461882114, 0.0023882146924734116, 0.0018401568522676826, 0.0022750836797058582, 0.0031889276579022408, 0.0022860574536025524, 0.002994348993524909, 0.0027664988301694393, 0.0029739155434072018, 0.0028469953685998917, 0.00191430130507797, 0.0033429842442274094]

2022-04-27 09:29:41.564477