2022-04-27 09:37:23.008402

reference phi, theta, psi, translation: 175.36684180812657, -0.0, 39.4597479484966, 0.2069414258003235, 2.553555727005005, 3.112318754196167

phi,theta,psi,rot_x,rot_y,rot_z,phi_err,theta_err,psi_err
-174.60268024378553,2.426304892454245,32.24175771288345,-0.3459881842136383,2.1274664402008057,3.6064906120300293,10.030477948087878,2.426304892454245,7.217990235613151
-174.56706763745308,2.863110909661846,32.47518625795781,-0.36757704615592957,2.148587465286255,3.5893077850341797,10.066090554420384,2.863110909661846,6.98456169053879
-174.8032419185738,2.8096320293137422,32.317005906969484,-0.3539269268512726,2.1377146244049072,3.5952627658843994,9.82991627329966,2.8096320293137422,7.142742041527114
-174.7630667458758,2.5619673903754703,32.39463783707585,-0.3458632528781891,2.1386895179748535,3.5996081829071045,9.870091445997673,2.5619673903754703,7.065110111420751
-174.64946703960013,2.4681393826944236,32.32056102043247,-0.3463992178440094,2.1331160068511963,3.603290557861328,9.983691152273309,2.4681393826944236,7.139186928064127
-174.65398862483067,2.478414748182171,32.334853191270724,-0.34719160199165344,2.134160280227661,3.602506399154663,9.979169567042732,2.478414748182171,7.124894757225874
-174.8467229028301,2.667953223586493,32.545093244112884,-0.3532147705554962,2.1493873596191406,3.5925581455230713,9.786435289043311,2.667953223586493,6.9146547043837145
-174.85087565784545,2.799857865882277,32.569938057218806,-0.3614971935749054,2.1497275829315186,3.590675115585327,9.782282534028013,2.799857865882277,6.8898098912777925
-174.77168644460832,2.787010417939067,32.60544138052453,-0.3624526858329773,2.1513123512268066,3.5897514820098877,9.861471747265114,2.787010417939067,6.854306567972067
-174.8141019193541,2.7922079142960103,32.57388590655908,-0.3616606593132019,2.1498677730560303,3.590000867843628,9.819056272519333,2.7922079142960103,6.885862041937521
-174.74560878235724,2.781855732475057,32.61841873994756,-0.36438360810279846,2.15132999420166,3.5883822441101074,9.887549409516168,2.781855732475057,6.841329208549041
-174.8249892408911,2.8571565195786657,32.75856739152705,-0.36694762110710144,2.160229444503784,3.5830752849578857,9.808168950982349,2.8571565195786657,6.701180556969547
-174.89080494373334,3.009526515833605,32.91549440280268,-0.37356817722320557,2.168900489807129,3.576031446456909,9.742353248140091,3.009526515833605,6.54425354569392
-174.7343389702267,2.7685052412916997,32.64718066654248,-0.36372438073158264,2.1517221927642822,3.5879552364349365,9.898819221646704,2.7685052412916997,6.8125672819541165
-174.74601859370742,2.8216812845350945,32.75376235344595,-0.3673747777938843,2.1591198444366455,3.5828123092651367,9.887139598166016,2.8216812845350945,6.705985595050649
-174.8348793548093,2.948030974263872,32.830591736324834,-0.3717075288295746,2.1649675369262695,3.578171968460083,9.798278837064117,2.948030974263872,6.629156212171765
-174.8308222224423,2.870755054490706,32.7739079964029,-0.3659934401512146,2.1608293056488037,3.5811028480529785,9.80233596943117,2.870755054490706,6.685839952093701
-174.75063580158636,2.672447541384577,32.57543294440608,-0.3563646078109741,2.14835262298584,3.5910778045654297,9.882522390287079,2.672447541384577,6.884315004090517
-174.849250072823,2.805170411438531,32.805169772234045,-0.36172720789909363,2.163304567337036,3.580209255218506,9.783908119050466,2.805170411438531,6.654578176262554
-174.76608568948893,2.7217285171864165,32.67483268739728,-0.35989925265312195,2.1545016765594482,3.586186408996582,9.86707250238453,2.7217285171864165,6.7849152610993215
-174.7676839537547,2.7287244891826754,32.70267253845425,-0.3608091175556183,2.155609607696533,3.5852534770965576,9.865474238118736,2.7287244891826754,6.757075410042347
-174.8326253923832,2.8071521085355724,32.84703541675164,-0.36332273483276367,2.165531873703003,3.5776195526123047,9.80053279949027,2.8071521085355724,6.612712531744961
-174.75578576422055,2.683110565317961,32.62717504246351,-0.35783228278160095,2.151365280151367,3.587782382965088,9.877372427652858,2.683110565317961,6.832572906033086
-174.69910885448778,2.5858491231213145,32.521836449988996,-0.35323378443717957,2.145017623901367,3.593226194381714,9.934049337385659,2.5858491231213145,6.937911498507603
-174.84363565732525,2.8188226293523018,32.907728477716375,-0.363495796918869,2.170006513595581,3.5741617679595947,9.789522534548155,2.8188226293523018,6.552019470780223
-174.89158358529875,2.960068340436969,32.95046838644773,-0.370969295501709,2.1724283695220947,3.570610761642456,9.741574606574659,2.960068340436969,6.509279562048867
-174.9552272879849,3.065313855507966,33.082885263886766,-0.3753633499145508,2.180903911590576,3.5632152557373047,9.677930903888523,3.065313855507966,6.376862684609833
-174.81668373086038,2.8635269243878327,32.90852419475468,-0.3678286373615265,2.1694748401641846,3.5732553005218506,9.816474461013058,2.8635269243878327,6.551223753741915
-174.80306433365539,2.8375515350262255,32.826930754929705,-0.36659926176071167,2.163294792175293,3.5779707431793213,9.83009385821805,2.8375515350262255,6.632817193566893
-174.78820184202144,2.8040415036979045,32.752485108071156,-0.36421704292297363,2.1585981845855713,3.581477642059326,9.844956349851998,2.8040415036979045,6.707262840425443
-174.80589203197175,2.795866979621143,32.7140038222873,-0.3625371754169464,2.1564908027648926,3.5829291343688965,9.827266159901683,2.795866979621143,6.745744126209296
-174.8559436582096,2.852235779619283,32.78500363870958,-0.36467358469963074,2.1611526012420654,3.579425573348999,9.777214533663823,2.852235779619283,6.674744309787016
-174.84949595963312,2.871116178325129,32.72393833243508,-0.36563122272491455,2.1572418212890625,3.5817477703094482,9.783662232240317,2.871116178325129,6.735809616061516
-174.79833784274973,2.834834668622096,32.67894787637221,-0.3651571571826935,2.153686285018921,3.5845882892608643,9.834820349123675,2.834834668622096,6.780800072124386
-174.8293878827166,2.919245506180665,32.79934703596661,-0.36907216906547546,2.161071300506592,3.578444719314575,9.803770309156846,2.919245506180665,6.660400912529987
-174.803009692142,2.840953608291556,32.75270708921918,-0.36582252383232117,2.1581802368164062,3.5814642906188965,9.830148499731422,2.840953608291556,6.70704085927742

Errors:
rotation,[19.674773076155276, 19.91376315462102, 19.782290344140517, 19.497168947793895, 19.59101746303186, 19.582479072450777, 19.36904321701352, 19.471950291188083, 19.502788733176246, 19.497126228752865, 19.510734350540268, 19.366506027530562, 19.296133309667617, 19.47989174489252, 19.41480647775176, 19.375466023499754, 19.35893097601558, 19.439284935762174, 19.24365670675155, 19.37371628067027, 19.351274137343758, 19.220397439770803, 19.393055899003905, 19.457809959014575, 19.16036463468068, 19.210922509060495, 19.120107444006322, 19.231225139142808, 19.300462586811168, 19.356260693975344, 19.368877265732124, 19.304194623070124, 19.390588026626965, 19.450455089870157, 19.3834167278675, 19.3781429673004]
translation,[0.170370405351016, 0.16823676122267894, 0.16660894800461445, 0.1701558933479017, 0.1705231276684449, 0.17044640773450404, 0.17019247846845165, 0.169461211846321, 0.16956545747161922, 0.16897070661005387, 0.1685715521515041, 0.16883192212699516, 0.16788098613037405, 0.1683504961577338, 0.16807428316476347, 0.16750970778777674, 0.16737472566208478, 0.1686633716483401, 0.16751756465364043, 0.1679351036191079, 0.1677851376026478, 0.16659595624923718, 0.16751368287795465, 0.16853177646561424, 0.16597610306451926, 0.16486026224615102, 0.16336070830465044, 0.165306853226868, 0.16602663862504397, 0.1663921395258532, 0.16640222766533874, 0.16599576149873574, 0.1660482652453652, 0.16660598528000303, 0.16550196782180482, 0.1663054494965568]
loss,
[0.08497648686170578, 0.09469674527645111, 0.09509392082691193, 0.09073283523321152, 0.09913188219070435, 0.09313476085662842, 0.09509553760290146, 0.09429758787155151, 0.08595150709152222, 0.09285839647054672, 0.09876656532287598, 0.09362374246120453, 0.08919589221477509, 0.10062026977539062, 0.09628548473119736, 0.09292757511138916, 0.093099445104599, 0.08437977731227875, 0.09175270050764084, 0.10009267926216125, 0.0973619669675827, 0.09332527965307236, 0.09148087352514267, 0.09053810685873032, 0.09342082589864731, 0.10181369632482529, 0.10170157998800278, 0.09673766791820526, 0.09743702411651611, 0.10636286437511444, 0.09480065107345581, 0.09326629340648651, 0.09396030008792877, 0.08972509205341339, 0.09372523427009583, 0.10863308608531952]

2022-04-27 09:39:52.488822