2022-04-27 09:29:44.983403

reference phi, theta, psi, translation: 16.672973292337613, -0.0, 55.56417970941693, 0.9538894295692444, -3.184936285018921, 2.279534101486206

phi,theta,psi,rot_x,rot_y,rot_z,phi_err,theta_err,psi_err
26.607018987257597,-4.879078348390559,61.415046110949504,1.4386786222457886,-3.2383759021759033,2.121750593185425,9.934045694919984,4.879078348390559,5.850866401532571
26.213116855181084,-4.795642988354751,61.79093191154281,1.4263261556625366,-3.270658016204834,2.094804525375366,9.540143562843472,4.795642988354751,6.22675220212588
24.070554814439785,-3.724120222564842,63.26716801761435,1.3440512418746948,-3.4041013717651367,1.9784109592437744,7.397581522102172,3.724120222564842,7.702988308197419
22.529544609374433,-3.433816484819131,63.00366614962443,1.258001685142517,-3.436783790588379,1.994378924369812,5.8565713170368205,3.433816484819131,7.439486440207496
19.387307543973602,-1.838100609783921,62.84931070457131,1.1337329149246216,-3.502454996109009,1.9829835891723633,2.7143342516359894,1.838100609783921,7.2851309951543755
18.022606719501084,-0.5345868057044191,60.23641500739376,1.0885261297225952,-3.4117672443389893,2.1183605194091797,1.3496334271634716,0.5345868057044191,4.672235297976826
16.094329911137887,-1.9108156771361884,60.90991947088121,0.9372009634971619,-3.470688819885254,2.074415445327759,0.5786433811997256,1.9108156771361884,5.34573976146428
14.991478048876145,-2.030774947319332,60.763446064130285,0.879054844379425,-3.46862530708313,2.0686447620391846,1.6814952434614678,2.030774947319332,5.199266354713352
14.785884232216883,-1.405649927931667,60.979724004198744,0.891024112701416,-3.4727730751037598,2.0520498752593994,1.8870890601207293,1.405649927931667,5.41554429478181
15.233312849271494,-1.6664115067302347,61.06782661430273,0.902551531791687,-3.465796947479248,2.047865867614746,1.4396604430661188,1.6664115067302347,5.503646904885798
15.213607753516007,-1.529460968124286,60.79241289640031,0.9027595520019531,-3.4524824619293213,2.0609383583068848,1.459365538821606,1.529460968124286,5.228233186983374
15.37165662336281,-1.8901120680626091,61.003950685184776,0.9033985733985901,-3.4595887660980225,2.0498647689819336,1.3013166689748026,1.8901120680626091,5.439770975767843
15.113166406676385,-1.700228386414759,60.89056954496257,0.8946018815040588,-3.455029249191284,2.0577597618103027,1.559806885661228,1.700228386414759,5.326389835545633
15.125732247201915,-1.6377398160118173,60.92733645326474,0.8925554156303406,-3.456744432449341,2.053670883178711,1.5472410451356975,1.6377398160118173,5.36315674384781
15.44538339281122,-1.7921076614526803,60.809802558027165,0.9062198996543884,-3.448577404022217,2.062617063522339,1.227589899526393,1.7921076614526803,5.245622848610232
15.416993711526061,-1.9020991640166143,60.91054784828485,0.9021474123001099,-3.458556890487671,2.0572938919067383,1.2559795808115517,1.9020991640166143,5.346368138867916
15.329970271310929,-1.8008419927675396,60.8751879589517,0.9000527262687683,-3.4565744400024414,2.058770179748535,1.343003021026684,1.8008419927675396,5.3110082495347655
15.418066051225754,-1.4303307305417112,61.26910545895384,0.924239456653595,-3.4624619483947754,2.0351076126098633,1.2549072411118587,1.4303307305417112,5.704925749536905
14.908030212691514,-1.0569061630959222,61.323856255340665,0.9080113172531128,-3.4686403274536133,2.027940034866333,1.7649430796460983,1.0569061630959222,5.759676545923732
15.085739782064199,-1.7022251868402316,61.00584947777404,0.8913263082504272,-3.461897373199463,2.046743631362915,1.587233510273414,1.7022251868402316,5.441669768357109
15.29543341977276,-1.8952889457907023,60.86617893943645,0.8944404125213623,-3.4550936222076416,2.0573830604553223,1.3775398725648529,1.8952889457907023,5.3019992300195184
15.40431175778464,-1.64527328170353,60.95557928548275,0.9109414219856262,-3.4552814960479736,2.0510642528533936,1.2686615345529724,1.64527328170353,5.391399576065815
15.313687100329618,-1.7566817803057126,61.02433879985726,0.9017572402954102,-3.457091808319092,2.047740936279297,1.3592861920079944,1.7566817803057126,5.460159090440328
15.23350750966284,-1.673590637833568,60.993172646674495,0.9011147618293762,-3.4577083587646484,2.0472419261932373,1.4394657826747732,1.673590637833568,5.428992937257561
15.056778072436051,-1.4958682826969418,61.01274113864658,0.8983027935028076,-3.4605188369750977,2.046189546585083,1.6161952199015612,1.4958682826969418,5.448561429229649
15.03082164604271,-1.6652824408795643,61.010623780003876,0.8923380970954895,-3.461297035217285,2.045118808746338,1.6421516462949022,1.6652824408795643,5.446444070586942
15.163477580102699,-1.5855035142659908,60.96543524845507,0.9013500809669495,-3.4570000171661377,2.0513055324554443,1.509495712234914,1.5855035142659908,5.401255539038139
15.377991623817996,-1.8297927080808842,61.24116998524849,0.90601646900177,-3.4639384746551514,2.036593437194824,1.2949816685196165,1.8297927080808842,5.676990275831557
15.280425786618949,-1.7001891501581623,61.179233829854816,0.9046307802200317,-3.4631381034851074,2.0390756130218506,1.3925475057186638,1.7001891501581623,5.6150541204378825
15.378481689890945,-1.4087481929496344,61.06963661443279,0.9192352890968323,-3.4564340114593506,2.0464727878570557,1.2944916024466675,1.4087481929496344,5.505456905015855
15.345234036558615,-1.2652089905451611,60.994880193967,0.9227263331413269,-3.454052209854126,2.0479846000671387,1.3277392557789973,1.2652089905451611,5.430700484550066
15.309367005679585,-1.6733901728999634,61.06618736890193,0.9046032428741455,-3.4618566036224365,2.044585704803467,1.3636062866580279,1.6733901728999634,5.502007659484995
15.184258430652461,-1.4509510487696662,61.01565762942218,0.9072805643081665,-3.456570625305176,2.047513246536255,1.4887148616851515,1.4509510487696662,5.451477920005246
15.11608289745198,-1.5848970087417709,61.01390910099465,0.8986755609512329,-3.4575202465057373,2.04844069480896,1.5568903948856327,1.5848970087417709,5.449729391577719
15.099656292498098,-1.6555871148704462,60.907146414078184,0.8944790959358215,-3.455446243286133,2.0532195568084717,1.5733169998395145,1.6555871148704462,5.342966704661251
15.206084300145237,-1.791593452664403,60.90018645131394,0.8950685262680054,-3.454406261444092,2.0543129444122314,1.4668889921923753,1.791593452664403,5.336006741897009

Errors:
rotation,[20.663990444843115, 20.5625387533241, 18.824690052864433, 16.729874242063445, 11.837565856574287, 6.556455530844717, 7.835198819800194, 8.911536545494151, 8.708283282834206, 8.609718854682152, 8.217059693929265, 8.631199712805255, 8.58642510762162, 8.548137604995325, 8.265320409589306, 8.504446883696083, 8.454853263328989, 8.390163721190476, 8.581525788665752, 8.731128465470753, 8.574828048375075, 8.305334392322319, 8.576127062754036, 8.542049357765903, 8.560624931828151, 8.75387815776141, 8.496254765539044, 8.801764652432057, 8.70779077631471, 8.208696700412156, 8.023648730874225, 8.539004119042986, 8.391143830460063, 8.591516795205123, 8.571870819371211, 8.594489186753787]
translation,[0.09908907901583852, 0.10648109539431516, 0.1292184567211665, 0.13679608402972487, 0.15034997159094132, 0.12969992004823805, 0.11944049279582902, 0.10207692655946499, 0.09984989488542162, 0.09441381250292302, 0.08980269216462577, 0.09037923367955436, 0.08856953414413482, 0.08752399255887777, 0.08813196580696836, 0.09293998740637299, 0.09155672158165196, 0.0900996333552726, 0.0881539708751733, 0.08813751705083028, 0.08840031570088591, 0.08902272007349143, 0.08686735368497533, 0.08699624675163875, 0.0882194103772802, 0.0870449306087524, 0.08847493852951427, 0.08802741391779545, 0.08827785822823309, 0.08954832293479065, 0.08908247664413338, 0.08992547810011953, 0.08752977929874106, 0.08690140715868111, 0.08662685446459761, 0.08642768990176108]
loss,
[0.0984637662768364, 0.09571360796689987, 0.07790429145097733, 0.07604177296161652, 0.05527741461992264, 0.049449991434812546, 0.04426650330424309, 0.04160063713788986, 0.050222210586071014, 0.045576196163892746, 0.034473709762096405, 0.043711405247449875, 0.03677970916032791, 0.03683198615908623, 0.04352569580078125, 0.03312920778989792, 0.041904058307409286, 0.03700313717126846, 0.038581252098083496, 0.0376925989985466, 0.03856416791677475, 0.03574451059103012, 0.042336683720350266, 0.038905128836631775, 0.035728201270103455, 0.03699176758527756, 0.04125243052840233, 0.036716245114803314, 0.03800911083817482, 0.03006066381931305, 0.034054048359394073, 0.04394618794322014, 0.0317528061568737, 0.038291096687316895, 0.03895296901464462, 0.03824779391288757]

2022-04-27 09:32:11.334868