2022-04-27 00:44:57.408981

reference phi, theta, psi, translation: 164.57178246643477, -4.268868188959204e-07, 11.003265705708584, 0.2046843022108078, 0.7416750192642212, 3.957021951675415

phi,theta,psi,rot_x,rot_y,rot_z,phi_err,theta_err,psi_err
174.68706040079186,1.035587752499106,3.46078983121423,-0.0498787984251976,0.24902896583080292,4.223120212554932,10.115277934357096,1.035588179385925,7.542475874494354
173.16532157446971,1.2559950172805632,2.3853135805893113,-0.07741901278495789,0.191360741853714,4.227827548980713,8.593539108034946,1.2559954441673822,8.617952125119272
168.02363712955415,1.3342278224987414,-1.3655897095599738,-0.1230400949716568,-0.05108798295259476,4.236797332763672,3.451854663119377,1.3342282493855604,12.368855415268557
166.30591285518764,1.1744633048185624,-0.6319951093846056,-0.09992922097444534,-0.02772766351699829,4.233252048492432,1.7341303887528738,1.1744637317053814,11.63526081509319
165.43046018851044,0.7557034515937869,1.6343793179062494,-0.024824779480695724,0.12101119011640549,4.222383499145508,0.8586777220756687,0.7557038784806058,9.368886387802334
165.34892139019883,1.1351258281636276,3.3707664438495812,-0.019780663773417473,0.25467756390571594,4.175181865692139,0.7771389237640562,1.1351262550504466,7.632499261859003
165.2029056061223,2.0188070148665407,7.151418516207151,-0.004225677810609341,0.5342879891395569,4.097455024719238,0.6311231396875314,2.0188074417533595,3.8518471895014326
164.81467765369877,1.2716644081592219,10.98168572302593,0.1237303763628006,0.7746852040290833,4.002920150756836,0.24289518726399706,1.2716648350460409,0.021579982682654375
164.50707325423807,0.0470796802710667,11.116033836452788,0.20529337227344513,0.7493402361869812,3.9521946907043457,0.06470921219670345,0.047080107157885596,0.11276813074420389
164.52267340630237,-0.2935829333871049,11.121054879266392,0.229208841919899,0.7420014142990112,3.949779987335205,0.04910906013239469,0.293582506500286,0.11778917355780827
164.59876171365633,0.04788645773072018,11.046637406938165,0.20405958592891693,0.746907114982605,3.957275152206421,0.02697924722156131,0.04788688461753907,0.04337170122958156
164.5229192931125,0.1643497103502331,11.048864048607589,0.19772490859031677,0.7480220794677734,3.957037925720215,0.04886317332227463,0.164350137237052,0.04559834289900522
164.40195664291159,-0.08711251870335565,11.231166920197108,0.21799126267433167,0.753135621547699,3.9496874809265137,0.16982582352318332,0.08711209181653676,0.22790121448852396
164.5260611801307,-0.12300099896700382,11.164764674859889,0.22108522057533264,0.7491132616996765,3.9494800567626953,0.04572128630405814,0.12300057208018493,0.1614989691513049
164.48721106413169,0.08823483059920241,11.231596368341172,0.20708779990673065,0.7579061985015869,3.951402187347412,0.08457140230308369,0.0882352574860213,0.2283306626325885
164.52167619868356,0.03102531363390068,11.220722707182512,0.20869122445583344,0.7565361857414246,3.952131509780884,0.05010626775120386,0.031025740520719578,0.2174570014739281
164.45133891061076,0.003645940963192473,11.257371794721507,0.21243540942668915,0.7576080560684204,3.9488179683685303,0.12044355582401067,0.003646367850011369,0.2541060890129234
164.51505091518865,0.006665259877617812,11.283841339076245,0.21272817254066467,0.7608755826950073,3.9524335861206055,0.056731551246116396,0.006665686764436708,0.2805756333676612
164.56630465472043,-0.09378171134346816,11.045322595522938,0.2138161063194275,0.7418856024742126,3.955434799194336,0.005477811714342806,0.09378128445664927,0.04205688981435429
164.64726971714174,0.05625515861151943,11.237123698927004,0.20632871985435486,0.7578337788581848,3.9499261379241943,0.0754872507069706,0.056255585498338326,0.23385799321841994
164.5499805026041,-0.02964639133146172,11.086541079616673,0.21085499227046967,0.7462843656539917,3.9563755989074707,0.02180196383068278,0.029645964444642823,0.08327537390808892
164.41483837968622,-0.2483574228482775,11.268027743600374,0.23113031685352325,0.7523492574691772,3.9483931064605713,0.15694408674855254,0.2483569959614586,0.2647620378917903
164.4880443472104,-0.23377197062798824,11.120365883933868,0.22652515769004822,0.7441036105155945,3.9483981132507324,0.08373811922436403,0.23377154374116935,0.11710017822528407
164.51453182081173,0.0003091355133128597,11.134619634958039,0.2101340889930725,0.7501323223114014,3.9537017345428467,0.05725064562304283,0.0003095624001317556,0.131353929249455
164.54709816277435,0.07345790403389556,11.128367450546538,0.20474939048290253,0.7523660659790039,3.958268880844116,0.024684303660421847,0.07345833092071445,0.1251017448379539
164.54147008689824,0.006442544659208135,11.160089410373015,0.20904582738876343,0.7516064047813416,3.951286554336548,0.030312379536525214,0.0064429715460270305,0.15682370466443096
164.50384940494982,-0.13329160537236298,11.168420533613139,0.22011347115039825,0.7500277757644653,3.952390193939209,0.06793306148495049,0.1332911784855441,0.16515482790455494
164.53666163372256,0.10088206156730563,11.075536791090135,0.20224477350711823,0.7489970326423645,3.9592154026031494,0.03512083271220945,0.10088248845412452,0.07227108538155136
164.5479314458531,0.238420039825775,11.143742206368236,0.19378377497196198,0.756492555141449,3.9584670066833496,0.023851020581673765,0.2384204667125939,0.140476500659652
164.58021091987058,0.12446557640561426,11.094669004728987,0.19966071844100952,0.7511287927627563,3.9594218730926514,0.008428453435811889,0.12446600329243315,0.09140329902040278
164.5152148397287,0.06494732636245334,11.133964790571364,0.20510564744472504,0.7512273788452148,3.9542288780212402,0.05656762670605531,0.06494775324927224,0.1306990848627798
164.47177483660744,-0.1086642625411246,11.26446153107998,0.2207842767238617,0.7563408017158508,3.951866626739502,0.10000762982733136,0.10866383565430571,0.26119582537139685
164.54911989876868,-0.01471254462986924,11.133269818823313,0.2111664116382599,0.7496528029441833,3.952526092529297,0.022662567666088762,0.014712117743050344,0.1300041131147296
164.5489559742286,0.03496617154493202,11.223264391327403,0.20863431692123413,0.7566669583320618,3.9522042274475098,0.022826492206178273,0.034966598431750914,0.21999868561881897
164.4937407249782,-0.0903581128361215,11.084568008720185,0.2155405879020691,0.7443163990974426,3.952996253967285,0.07804174145655907,0.0903576859493026,0.08130230301160069
164.48133710144546,-0.11185228941928746,11.20214630018737,0.21945084631443024,0.7512698769569397,3.9500515460968018,0.09044536498930711,0.11185186253246857,0.19888059447878526

Errors:
rotation,[18.693341988237375, 18.467486677321602, 17.154938327773493, 14.543854935551446, 10.983267988358609, 9.544764440673505, 6.501777770942324, 1.5361400049926923, 0.22455745009879294, 0.46048074019048896, 0.11823783306868194, 0.25881165345833185, 0.48483912982824406, 0.330220827535548, 0.4011373224216935, 0.29858900974585156, 0.37819601268694547, 0.3439728713782143, 0.14131598598534637, 0.36560082942372885, 0.13472330218341452, 0.6700631206018015, 0.43460984119081747, 0.18891413727262957, 0.2232443794190902, 0.1935790557469832, 0.3663790678750495, 0.20827440654788532, 0.40274798795391964, 0.22429775574864783, 0.2522144648181074, 0.4698672908530339, 0.1673787985238687, 0.27779177625674817, 0.24970173041746235, 0.40117782200056096]
translation,[0.19962134480110283, 0.2017351900476676, 0.2077625198991404, 0.20339321736095606, 0.1930612443389661, 0.15185992760194278, 0.10101572180413232, 0.0479415932779057, 0.003288409598929398, 0.005726469805777512, 0.0011827407203623963, 0.0008410032898620301, 0.00437280648592786, 0.005157954128789832, 0.002371474517262051, 0.0018308863612759296, 0.004683556806067024, 0.0005065950659250973, 0.0010450286936416475, 0.0038717618613466342, 0.0005342861324129089, 0.005056529022311906, 0.006846171910567023, 0.0014127528417731128, 0.0032074181307182315, 0.0035641562927830606, 0.0021861311886546275, 0.0033829778009693, 0.003631832065233098, 0.003853184163126855, 0.0009506277987432199, 0.0014828950345808778, 0.00260149223632844, 0.00173795295958179, 0.0028980208806066443, 0.004284936868189426]
loss,
[0.10627460479736328, 0.10570047795772552, 0.051985807716846466, 0.04297811910510063, 0.03728702664375305, 0.032571520656347275, 0.02161726914346218, 0.008176910690963268, 0.0043362779542803764, 0.00383402849547565, 0.004341211169958115, 0.003162094857543707, 0.0033380435779690742, 0.004560073371976614, 0.0025550853461027145, 0.003317255526781082, 0.002678385702893138, 0.004086092114448547, 0.0036731408908963203, 0.003365929238498211, 0.003438384737819433, 0.0032625801395624876, 0.0037375695537775755, 0.003616519970819354, 0.0034209322184324265, 0.0032425138633698225, 0.003907421138137579, 0.0030411011539399624, 0.004696302581578493, 0.003904889803379774, 0.0034311464987695217, 0.003632059320807457, 0.0034430716186761856, 0.0037510606925934553, 0.002619141712784767, 0.0034297534730285406]

2022-04-27 00:49:28.450893