2022-04-27 00:49:31.939828

reference phi, theta, psi, translation: 16.672973292337613, -0.0, 55.56417970941693, 0.9538894295692444, -3.184936285018921, 2.279534101486206

phi,theta,psi,rot_x,rot_y,rot_z,phi_err,theta_err,psi_err
26.607018987257597,-4.879078348390559,61.415046110949504,1.4386786222457886,-3.2383759021759033,2.121750593185425,9.934045694919984,4.879078348390559,5.850866401532571
27.24514990103355,-5.152003734165458,61.53103638343466,1.4778170585632324,-3.2482340335845947,2.0956315994262695,10.572176608695937,5.152003734165458,5.966856674017727
25.784126333790923,-2.599996063657807,60.991547061652035,1.5143481492996216,-3.2856972217559814,2.0593998432159424,9.11115304145331,2.599996063657807,5.427367352235102
20.719880866137675,4.0313108808087135,57.918419557820684,1.3841958045959473,-3.2255213260650635,2.202009677886963,4.046907573800063,4.0313108808087135,2.3542398484037506
20.84416298827523,2.5592370163926295,55.08581375051675,1.2903721332550049,-3.1173629760742188,2.355356454849243,4.171189695937617,2.5592370163926295,0.4783659589001843
18.5278870388257,1.6798024208096358,54.954284797669814,1.1245951652526855,-3.1520020961761475,2.343796730041504,1.8549137464880872,1.6798024208096358,0.6098949117471193
16.80379532060545,0.3157087263496095,54.99373597031581,0.9749500155448914,-3.1735312938690186,2.329179048538208,0.1308220282678363,0.3157087263496095,0.5704437391011226
16.323880616310966,-0.18577640325767805,55.366534525404276,0.9279036521911621,-3.188821792602539,2.2925617694854736,0.34909267602664684,0.18577640325767805,0.19764518401265718
16.874774646460224,0.028013786643525232,55.571334332572526,0.9663777351379395,-3.1778981685638428,2.278059482574463,0.2018013541226118,0.028013786643525232,0.0071546231555927875
16.655308715596664,-0.03151465667784335,55.56968825698255,0.9527990818023682,-3.1791720390319824,2.27521014213562,0.017664576740948235,0.03151465667784335,0.005508547565618471
16.76079927978022,-0.0029398168464563564,55.51812032874896,0.9587982296943665,-3.175379991531372,2.2786154747009277,0.08782598744260639,0.0029398168464563564,0.04605938066797677
16.671093282768567,-0.04380127270446148,55.52809923512634,0.951964259147644,-3.1774888038635254,2.277528762817383,0.0018800095690458818,0.04380127270446148,0.03608047429059269
16.765349893314742,0.007626004320091574,55.58121761630153,0.9603670835494995,-3.1773204803466797,2.2745039463043213,0.09237660097712919,0.007626004320091574,0.017037906884596055
16.854208946869313,0.038598021515992696,55.584868352412904,0.965470016002655,-3.1767385005950928,2.2749781608581543,0.18123565453170087,0.038598021515992696,0.02068864299597095
16.66540715028453,-0.12877326362810926,55.57390589879503,0.9498153328895569,-3.1797924041748047,2.2754485607147217,0.007566142053082814,0.12877326362810926,0.009726189378099548
16.732821117392554,0.02321365936620892,55.50566547879744,0.9586353302001953,-3.175689697265625,2.2797725200653076,0.05984782505494124,0.02321365936620892,0.0585142306194939
16.710566653529362,-0.09725088951112312,55.60225118385058,0.9529470205307007,-3.1811723709106445,2.274749517440796,0.03759336119174961,0.09725088951112312,0.03807147443365011
16.711852436640616,-0.01184631766575453,55.61525927912488,0.9571151733398438,-3.1811683177948,2.2723355293273926,0.03887914430300299,0.01184631766575453,0.05107956970794447
16.713616332993773,-0.0057036980069522045,55.52588625383526,0.9564036130905151,-3.1764585971832275,2.2785229682922363,0.04064304065616042,0.0057036980069522045,0.038293455581673186
16.651005696419556,-0.0018509935532207728,55.51927804581327,0.9526007175445557,-3.1774253845214844,2.277844190597534,0.021967595918056304,0.0018509935532207728,0.044901663603660324
16.760459477869013,0.00521650585635448,55.5806780313571,0.9590137004852295,-3.1771302223205566,2.2742247581481934,0.0874861855314002,0.00521650585635448,0.01649832194016909
16.678707236145836,0.027764849270079953,55.583020786242415,0.9565233588218689,-3.178548812866211,2.2743210792541504,0.005733943808223785,0.027764849270079953,0.018841076825481196
16.740139665088225,0.0007625987099954033,55.550150500861726,0.9585258960723877,-3.1772103309631348,2.2771828174591064,0.06716637275061288,0.0007625987099954033,0.014029208555207617
16.67639863220637,-0.004368086668314276,55.52634046141507,0.9539108872413635,-3.1775643825531006,2.2773852348327637,0.0034253398687589254,0.004368086668314276,0.03783924800186611
16.67591881141718,0.02464488341357746,55.547910198813966,0.9559812545776367,-3.178205728530884,2.2763590812683105,0.0029455190795673047,0.02464488341357746,0.01626951060296733
16.73699265542814,0.011377498127706661,55.55229176516653,0.9590611457824707,-3.17699933052063,2.276876449584961,0.06401936309052658,0.011377498127706661,0.011887944250403848
16.647686224482932,0.029011213443685072,55.58331448437673,0.954002320766449,-3.179412603378296,2.274338960647583,0.0252870678546806,0.029011213443685072,0.01913477495979521
16.71259180461827,-0.028928294800417476,55.59796865524099,0.956059992313385,-3.1785199642181396,2.2736475467681885,0.039618512280657825,0.028928294800417476,0.03378894582405678
16.734740400549327,-0.006486349004416506,55.59993574972195,0.9579665660858154,-3.1773202419281006,2.2733614444732666,0.06176710821171483,0.006486349004416506,0.03575604030501722
16.77427865810724,-0.0008091412891441644,55.56674786054486,0.9596785306930542,-3.1761367321014404,2.2746636867523193,0.10130536576962612,0.0008091412891441644,0.002568151127924523
16.677079943576082,0.0521279861278717,55.570555691007144,0.9571862816810608,-3.17756724357605,2.2743165493011475,0.004106651238469539,0.0521279861278717,0.006375981590210245
16.714464983998145,0.016333547907552374,55.57668578578723,0.9580983519554138,-3.1776785850524902,2.2741076946258545,0.041491691660532126,0.016333547907552374,0.012506076370293329
16.757522496525908,-0.025054224436350813,55.62215777018659,0.9586634039878845,-3.178964138031006,2.272373914718628,0.08454920418829559,0.025054224436350813,0.05797806076965628
16.74919478838037,-0.014609779430203567,55.551718029276245,0.9579150080680847,-3.1765410900115967,2.276428699493408,0.07622149604275563,0.014609779430203567,0.012461680140688713
16.692342001276476,-0.0018693470243966535,55.572929181743724,0.955630362033844,-3.1784474849700928,2.2750234603881836,0.01936870893886322,0.0018693470243966535,0.008749472326790908
16.663323942587674,-0.01875707112059309,55.580128201128915,0.9534484148025513,-3.1798853874206543,2.274649143218994,0.009649349749938807,0.01875707112059309,0.015948491711981205

Errors:
rotation,[20.663990444843115, 21.691037016879122, 17.13851645734622, 10.432458303012528, 7.20879267123043, 4.144611079044842, 1.0169744937185683, 0.7325142632969821, 0.2369697639217298, 0.05468778098441006, 0.13682518495703952, 0.08176175656410005, 0.11704051218181681, 0.24052231904366453, 0.14606559505929162, 0.14157571504064406, 0.17291572513652284, 0.10180503167670199, 0.0846401942447858, 0.0687202530749374, 0.10920101332792377, 0.05233986990378493, 0.0819581800158159, 0.04563267453893931, 0.04385991309611209, 0.0872848054686371, 0.07343305625816088, 0.10233575290513208, 0.10400949752114856, 0.10468265818669481, 0.06261061895655148, 0.07033131593837783, 0.16758148939430267, 0.10329295561364792, 0.02998752829005078, 0.044354912582513104]
translation,[0.09908907901583852, 0.10730555148716281, 0.13182492867261963, 0.11240012553840018, 0.08356629013338956, 0.054604194684137575, 0.02434933974828457, 0.004392055845475085, 0.003415155488936783, 0.007257326567724931, 0.00689966671696407, 0.007472774115223402, 0.007319899028612298, 0.0062902957859867215, 0.00733773279886929, 0.00603886404831222, 0.005902030724599605, 0.00627978684685182, 0.006670636781851869, 0.007193679042162948, 0.007950767928775804, 0.0073686974245852355, 0.006330859181715276, 0.00703332478409191, 0.006616161363814044, 0.006543244462262621, 0.007274660216944007, 0.007882282743410407, 0.00853813990790897, 0.008328555019017969, 0.00798892776326987, 0.007801949180627155, 0.007631413253979424, 0.007431298585157009, 0.00726386083391084, 0.006857042116708456]
loss,
[0.14766153693199158, 0.13707570731639862, 0.09372791647911072, 0.04481862112879753, 0.02878231182694435, 0.01841145008802414, 0.006829158402979374, 0.0016845598584041, 0.001892479951493442, 0.0017528453608974814, 0.0019497493049129844, 0.0014322189381346107, 0.0011514489306136966, 0.0016621293034404516, 0.0011455317726358771, 0.0013545857509598136, 0.0022269419860094786, 0.002109148073941469, 0.0012944911140948534, 0.0012756787473335862, 0.0013515808386728168, 0.0019781729206442833, 0.0013834168203175068, 0.001495959935709834, 0.0013880850747227669, 0.0014192303642630577, 0.0015562174376100302, 0.00144431262742728, 0.0015800934052094817, 0.0015933032846078277, 0.001809093402698636, 0.0013240495463833213, 0.0013427443336695433, 0.0015028754714876413, 0.0014851572923362255, 0.0014461500104516745]

2022-04-27 00:54:01.623053