2022-04-28 19:39:52.988126

reference phi, theta, psi, translation: 16.672973292337613, -0.0, 55.56417970941693, 0.9538894295692444, -3.184936285018921, 2.279534101486206

phi,theta,psi,rot_x,rot_y,rot_z,phi_err,theta_err,psi_err
26.607018987257597,-4.879078348390559,61.415046110949504,1.4386786222457886,-3.2383759021759033,2.121750593185425,9.934045694919984,4.879078348390559,5.850866401532571
25.8435336116444,-5.160817871213035,60.27950667086737,1.370550513267517,-3.235736846923828,2.177388906478882,9.170560319306787,5.160817871213035,4.715326961450437
23.423250956608506,-5.820647874521919,56.514088268236456,1.1571242809295654,-3.2181971073150635,2.342255115509033,6.750277664270893,5.820647874521919,0.9499085588195229
18.318584429447125,-4.267452683264824,53.75381757933754,0.8674802184104919,-3.231384515762329,2.4601457118988037,1.645611137109512,4.267452683264824,1.8103621300793904
16.966497256824326,-0.6082596426792263,54.70699779876951,0.9589751362800598,-3.235734701156616,2.387941837310791,0.29352396448671314,0.6082596426792263,0.8571819106474265
17.41177265674309,0.31616237988364493,54.85285648849513,1.0201362371444702,-3.2018465995788574,2.3672711849212646,0.7387993644054767,0.31616237988364493,0.7113232209218054
16.900432252077376,-0.2868848164753417,54.91325585132555,0.9616042375564575,-3.1995344161987305,2.3459863662719727,0.2274589597397636,0.2868848164753417,0.6509238580913816
16.550139170304103,0.09714242765457816,55.22882425135848,0.9574260711669922,-3.1968419551849365,2.3137502670288086,0.12283412203350963,0.09714242765457816,0.33535545805845146
16.81600428374685,-0.12931261129769017,55.30213608681481,0.9612738490104675,-3.183419942855835,2.301797866821289,0.14303099140923692,0.12931261129769017,0.2620436226021212
16.629297647689963,-0.11681667792391187,55.280009688998554,0.9473326802253723,-3.1781914234161377,2.2980339527130127,0.04367564464764939,0.11681667792391187,0.28417002041837947
16.66666902773369,-0.06089041583618356,55.44717856893462,0.9519228935241699,-3.178011894226074,2.2846426963806152,0.00630426460392286,0.06089041583618356,0.11700114048231569
16.7292574661931,-0.18504903655864657,55.41607047235979,0.9501944780349731,-3.176170587539673,2.2856435775756836,0.05628417385548801,0.18504903655864657,0.14810923705714174
16.670913990302854,-0.11586843592000512,55.51908680051651,0.9497738480567932,-3.177899122238159,2.2794888019561768,0.002059302034759014,0.11586843592000512,0.045092908900421946
16.600339353156404,-0.10680829536039241,55.50634508261985,0.9467585682868958,-3.179338216781616,2.2786011695861816,0.07263393918120897,0.10680829536039241,0.05783462679708151
16.57089099254989,-0.07843001832720708,55.6974332850293,0.9464404582977295,-3.184028387069702,2.265150785446167,0.1020822997877211,0.07843001832720708,0.13325357561236473
16.549153915516328,-0.1265929971380187,55.48048598642218,0.9400158524513245,-3.176419734954834,2.276127576828003,0.12381937682128452,0.1265929971380187,0.0836937229947523
16.516806139607148,-0.0011243503573756487,55.571908068462804,0.945501446723938,-3.178880214691162,2.272526979446411,0.15616715273046466,0.0011243503573756487,0.0077283590458705476
16.609891372710667,-0.15923489639779614,55.54040723601071,0.9443175196647644,-3.1789393424987793,2.2750513553619385,0.06308191962694565,0.15923489639779614,0.02377247340622546
16.59053461660285,-0.004011038123693133,55.4886822134262,0.9490256905555725,-3.1766414642333984,2.277631998062134,0.08243867573476393,0.004011038123693133,0.07549749599073152
16.641050695704266,-0.07035771955701077,55.52782944265413,0.9496514201164246,-3.177976131439209,2.276336908340454,0.031922596633346956,0.07035771955701077,0.03635026676280262
16.661741046247524,-0.11417786248698111,55.50445653531435,0.949062168598175,-3.1771633625030518,2.2769007682800293,0.011232246090088438,0.11417786248698111,0.05972317410258654
16.579228945979185,-0.025497113066077208,55.53916072648718,0.9483116865158081,-3.1773500442504883,2.273435354232788,0.09374434635842732,0.025497113066077208,0.025018982929751132
16.57675641749964,-0.08381482323867466,55.61581593954223,0.9461745619773865,-3.1804959774017334,2.270453453063965,0.09621687483797103,0.08381482323867466,0.051636230125296834
16.650607837900406,-0.02657286664869767,55.67195667942515,0.9528865218162537,-3.182279348373413,2.268728494644165,0.022365454437206722,0.02657286664869767,0.10777697000821718
16.625764732341775,-0.015616513153958983,55.62841080837173,0.9519070386886597,-3.180241823196411,2.2706332206726074,0.04720855999583762,0.015616513153958983,0.06423109895479939
16.590305805265654,0.0035242139312402785,55.51801104572223,0.9499480724334717,-3.175952196121216,2.2770509719848633,0.08266748707195859,0.0035242139312402785,0.04616866369470074
16.654687168382196,-0.0809820040710454,55.59910246664321,0.9505428671836853,-3.179403066635132,2.2716665267944336,0.0182861239554164,0.0809820040710454,0.034922757226276246
16.63424782729093,-0.03597333751918008,55.61757812834809,0.9516436457633972,-3.180349349975586,2.271360397338867,0.038725465046681506,0.03597333751918008,0.0533984189311596
16.61525648630371,-0.042185388097861314,55.50382132772153,0.9490860104560852,-3.177044630050659,2.2789344787597656,0.057716806033901946,0.042185388097861314,0.06035838169540142
16.615898524085694,-0.11124154358188461,55.53007657489106,0.9469817876815796,-3.1782588958740234,2.2766549587249756,0.05707476825191904,0.11124154358188461,0.034103134525871326
16.59200822991628,-0.08175785189056875,55.59940982515586,0.9476136565208435,-3.1805083751678467,2.271624803543091,0.08096506242133117,0.08175785189056875,0.035230115738926315
16.570769756692126,-0.0021641390605214987,55.600973938475796,0.9492127299308777,-3.17887020111084,2.271162748336792,0.10220353564548645,0.0021641390605214987,0.03679422905886298
16.569296143378693,-0.05124401545133104,55.49904019530253,0.9457359313964844,-3.1759631633758545,2.275880813598633,0.10367714895891922,0.05124401545133104,0.06513951411440644
16.651987536112745,-0.0032419454737493197,55.53892166986623,0.9525672197341919,-3.174811840057373,2.275534152984619,0.020985756224867202,0.0032419454737493197,0.025258039550706712
16.532472886015864,-0.0699819173907962,55.54320761357041,0.943553626537323,-3.178354501724243,2.27344012260437,0.14050040632174898,0.0699819173907962,0.02097209584652404
16.650273158631073,-0.004274471093566941,55.58944457915681,0.9527825713157654,-3.1768345832824707,2.2722549438476562,0.02270013370653956,0.004274471093566941,0.025264869739878293

Errors:
rotation,[20.663990444843115, 19.046705151970258, 13.520834097612335, 7.723425950453726, 1.7589655178133659, 1.766284965210927, 1.165267634306487, 0.5553320077465392, 0.5343872253090483, 0.44466234298994073, 0.18419582092242212, 0.3894424474712763, 0.16302064685518608, 0.2372768613386829, 0.3137658937272929, 0.3341060969540555, 0.16501986213371087, 0.24608928943096725, 0.1619472098491886, 0.13863058295316033, 0.1851332826796561, 0.14426044235425567, 0.23166792820194254, 0.15671529109412158, 0.127056172104596, 0.1323603646978996, 0.13419088525273803, 0.12809722149702119, 0.1602605758271647, 0.20241944635967496, 0.19795303005082623, 0.14116190376487092, 0.2200606785246567, 0.049485741249323235, 0.23145441955906923, 0.052239474539984794]
translation,[0.09908907901583852, 0.10280680522080488, 0.11397526791967572, 0.12178393993971692, 0.10310366476433419, 0.07940303195733112, 0.05119342066968713, 0.029647352602859556, 0.013186081695579333, 0.0036325903607670185, 0.003038862518745411, 0.004331659545992572, 0.00655653806828127, 0.006633046113098118, 0.010594769330714016, 0.011921367952472117, 0.010726982067596147, 0.009530971918696451, 0.008777774519262316, 0.00830897655411178, 0.0087709541019807, 0.010761134155095498, 0.010462269844926375, 0.008440264097741235, 0.009208886929086724, 0.009433346409065457, 0.009611187019473277, 0.00877561175569408, 0.007707532609245504, 0.008534933298087743, 0.00945204587596038, 0.010631282054678337, 0.011080113103861144, 0.010572904421474405, 0.011083989788973625, 0.010778737157275842]
loss,
[0.11312701553106308, 0.11799701303243637, 0.07950714230537415, 0.03129968047142029, 0.01603478007018566, 0.011958743445575237, 0.006679439451545477, 0.004182000644505024, 0.0026448904536664486, 0.0015821190318092704, 0.0014937855303287506, 0.0019630640745162964, 0.0025378295686095953, 0.0020011947490274906, 0.0015828744508326054, 0.002898177830502391, 0.0025050812400877476, 0.001752577256411314, 0.002450443571433425, 0.0018753970507532358, 0.002495615277439356, 0.0015088170766830444, 0.0014923750422894955, 0.002183254575356841, 0.0017852889141067863, 0.0018217975739389658, 0.0016657605301588774, 0.0022583422251045704, 0.0017233840189874172, 0.0019562714733183384, 0.0017369817942380905, 0.0014926319709047675, 0.0021771653555333614, 0.0023116152733564377, 0.002105114981532097, 0.0014160777209326625]

2022-04-28 19:42:21.331762