2022-04-28 19:50:14.283508

reference phi, theta, psi, translation: -139.02455270626928, -8.537736090602699e-07, 56.38966954231551, -2.2014424800872803, 2.5346622467041016, 2.231398344039917

phi,theta,psi,rot_x,rot_y,rot_z,phi_err,theta_err,psi_err
-129.04008655489625,6.852725648450977,53.065809209147574,-2.6847352981567383,1.8050535917282104,2.604990243911743,9.984466151373027,6.852726502224586,3.3238603331679357
-129.98075386776875,7.345186367328437,51.71430601769881,-2.6546032428741455,1.8023368120193481,2.648322105407715,9.043798838500521,7.345187221102046,4.675363524616699
-130.8517532511071,7.08507269848851,48.73580395462882,-2.6090385913848877,1.7787688970565796,2.7248799800872803,8.172799455162163,7.085073552262119,7.653865587686688
-131.33672400293472,5.10287771181018,47.5067865455659,-2.4792189598083496,1.8517193794250488,2.805083751678467,7.68782870333456,5.102878565583789,8.882882996749608
-132.42348906215378,4.502127673086421,48.214465860565504,-2.4470374584198,1.9368367195129395,2.7764647006988525,6.601063644115499,4.50212852686003,8.175203681750006
-133.07582676940336,4.030426789895755,49.49549857525266,-2.4499928951263428,2.0300774574279785,2.7109334468841553,5.9487259368659124,4.0304276436693645,6.894170967062848
-134.52032981659102,3.085954563893368,50.91858214920316,-2.40836763381958,2.1876635551452637,2.63639760017395,4.50422288967826,3.0859554176669772,5.471087393112349
-135.94155557908726,2.2538645777980233,52.950641974457405,-2.394380569458008,2.332336902618408,2.524214506149292,3.0829971271820114,2.2538654315716324,3.439027567858105
-137.10749619116513,1.285289517297207,53.08926066366281,-2.311030387878418,2.416416645050049,2.5148398876190186,1.91705651510415,1.2852903710708161,3.3004088786526964
-136.97652048364097,0.7555954830560061,53.738132049908614,-2.315516710281372,2.4428212642669678,2.4682352542877197,2.048032222628308,0.7555963368296151,2.651537492406895
-137.64392558819958,0.8834481089003346,53.79852116745528,-2.2864511013031006,2.4488964080810547,2.4612040519714355,1.3806271180696967,0.8834489626739437,2.591148374860232
-137.62965049283426,0.449903836282321,54.30495578874963,-2.2781810760498047,2.476883888244629,2.420844554901123,1.3949022134350173,0.44990469005593003,2.084713753565879
-137.6910948746077,1.1421357302745607,54.55244427823045,-2.299027442932129,2.456078290939331,2.3971097469329834,1.3334578316615762,1.1421365840481699,1.8372252640850562
-138.1144026786084,0.42108089626652395,54.542543919028525,-2.2494778633117676,2.4864346981048584,2.389561414718628,0.910150027660876,0.421081750040133,1.8471256232869848
-138.31003295681592,0.5106356503923152,55.06285065452717,-2.2535951137542725,2.500974416732788,2.354464054107666,0.714519749453359,0.5106365041659242,1.3268188877883418
-138.31924005181708,0.4991390902612964,55.16212403901872,-2.2510602474212646,2.4939253330230713,2.3420441150665283,0.7053126544522001,0.4991399440349054,1.2275455032967884
-138.23130819644234,0.5547335868082851,55.5918385604609,-2.2601284980773926,2.4973819255828857,2.311462879180908,0.7932445098269341,0.5547344405818941,0.7978309818546094
-138.4645318358416,0.19681678555740573,55.52153542333396,-2.230618476867676,2.5090954303741455,2.306933879852295,0.5600208704276781,0.1968176393310148,0.8681341189815512
-138.64950701894386,0.3109696703802627,55.844388220116706,-2.229537010192871,2.515183210372925,2.282486915588379,0.3750456873254109,0.3109705241538717,0.5452813221988038
-138.66652785035555,0.13715256099979745,55.82371323749908,-2.218111515045166,2.5131990909576416,2.277642250061035,0.358024855913726,0.1371534147734065,0.5659563048164316
-138.78783201001497,0.20466158556566866,56.06213123576213,-2.216586112976074,2.5194647312164307,2.260249614715576,0.23672069625430936,0.20466243933927772,0.3275383065533788
-138.93074688820832,0.12787074373496474,56.17058780959276,-2.2084288597106934,2.5268943309783936,2.250457286834717,0.09380581806095734,0.1278715975085738,0.21908173272274922
-138.90542054676592,0.08899521732960415,56.06992106651053,-2.204843759536743,2.522352933883667,2.2554211616516113,0.11913215950335143,0.08899607110321321,0.3197484758049782
-138.86890635546303,0.17764252180963835,56.183196338800606,-2.2097325325012207,2.5204544067382812,2.248094081878662,0.15564635080625067,0.17764337558324741,0.2064732035149035
-139.0081465918829,0.028829108546730306,56.303479385179116,-2.2003443241119385,2.5312650203704834,2.238290786743164,0.01640611438637052,0.028829962320339367,0.086190157136393
-138.97157775906666,0.03931026485756121,56.236068833165675,-2.199903964996338,2.52541446685791,2.241245985031128,0.052974947202613976,0.03931111863117027,0.1536007091498348
-139.00087927060602,0.06893403583469805,56.32091002794099,-2.2009902000427246,2.527621030807495,2.2360002994537354,0.023673435663255304,0.06893488960830711,0.06875951437451988
-139.01776349823427,0.0072544946519697,56.32765825484096,-2.197601079940796,2.5298588275909424,2.2343292236328125,0.006789208035002048,0.00725534842557876,0.062011287474547316
-139.01277746014017,0.024017125902681225,56.319625952377024,-2.1977546215057373,2.5284078121185303,2.2337520122528076,0.011775246129104744,0.024017979676290286,0.0700435899384857
-139.028719121663,0.010405236093885039,56.334618217605204,-2.1963582038879395,2.5285441875457764,2.233213186264038,0.004166415393711986,0.0104060898674941,0.055051324710305494
-139.1120337691588,-0.04150881245730781,56.29349023351797,-2.189807415008545,2.5308709144592285,2.233694314956665,0.0874810628895375,0.04150795868369875,0.096179308797538
-139.0765441062314,0.023255433664593435,56.343825312606384,-2.1942389011383057,2.529752492904663,2.23093843460083,0.051991399962133755,0.023256287438202496,0.04584422970912527
-139.09794991909024,0.016363437611862583,56.369001389887046,-2.193598747253418,2.5308969020843506,2.22992205619812,0.07339721282096434,0.016364291385471644,0.020668152428463316
-139.04808953814916,0.0547567572726232,56.345307463656276,-2.1969118118286133,2.527817964553833,2.2310023307800293,0.023536831879880538,0.05475761104623226,0.04436207865923336
-139.07396229472516,0.000794623870311894,56.36756021997218,-2.194547176361084,2.5313961505889893,2.2300853729248047,0.04940958845588739,0.0007954776439209543,0.02210932234333285
-139.09314146591456,-0.03164964666012778,56.34574118066857,-2.192084550857544,2.531628131866455,2.231065034866333,0.0685887596452801,0.03164879288651872,0.04392836164694103

Errors:
rotation,[20.161052986765547, 21.064349584219265, 22.91173859511097, 21.673590265667958, 19.278395852725534, 16.873324547598124, 13.061265700457586, 8.775890126611749, 6.502755764827663, 5.455166051864818, 4.855224455603873, 3.929520657056826, 4.312819679794802, 3.178357400987994, 2.551975141407625, 2.431998101783894, 2.145809932263438, 1.6249726287402442, 1.2312975336780863, 1.061134575503564, 0.7689214421469659, 0.44075914829228036, 0.5278767064115428, 0.5397629299044016, 0.13142623384310287, 0.24588677498361905, 0.1613678396460823, 0.07605584393512813, 0.10583681574388072, 0.06962382997151158, 0.22516833037077424, 0.12109191710946152, 0.1104296566348993, 0.12265652158534615, 0.0723143884431412, 0.14416591417873986]
translation,[0.12242333873291766, 0.12927327692430168, 0.13973096397592588, 0.14545895412577803, 0.14596159143917742, 0.14892370268335942, 0.15655527322379115, 0.1574881211753647, 0.15269117917578523, 0.1427396381531718, 0.12609103408783362, 0.11441703618956467, 0.09972849678605478, 0.08621391540207046, 0.07704160418683514, 0.0642473196918214, 0.05396080424364591, 0.04234167606727546, 0.03171841703738032, 0.021505122897189644, 0.014817811131616843, 0.009528339694077737, 0.007500184724952952, 0.004900736062843691, 0.0010867855303926532, 0.0011811099301857197, 0.002118696999260372, 0.003491476601637622, 0.0046391839228761, 0.005614505022029981, 0.007454666927345421, 0.007272755659907482, 0.007465530582531521, 0.006994643845851023, 0.006543891362227328, 0.007197140301996363]
loss,
[0.16064295172691345, 0.10911761224269867, 0.06490511447191238, 0.050140779465436935, 0.044029027223587036, 0.03325329348444939, 0.03723864257335663, 0.02819303795695305, 0.020384106785058975, 0.010573064908385277, 0.019938796758651733, 0.012885959818959236, 0.012535154819488525, 0.009504752233624458, 0.006251093931496143, 0.0075077516958117485, 0.00533622270449996, 0.004969391971826553, 0.0026633068919181824, 0.0029241740703582764, 0.001607410958968103, 0.0014098755782470107, 0.0013645363505929708, 0.001576293259859085, 0.0007108597783371806, 0.0008869857992976904, 0.0012481326702982187, 0.001064718933776021, 0.0010040272027254105, 0.0012469091452658176, 0.0014563994482159615, 0.0008126946049742401, 0.001000838354229927, 0.0016043087234720588, 0.001074319239705801, 0.0009615705348551273]

2022-04-28 19:52:47.310414