2022-04-28 19:47:36.576079

reference phi, theta, psi, translation: 175.36684180812657, -0.0, 39.4597479484966, 0.2069414258003235, 2.553555727005005, 3.112318754196167

phi,theta,psi,rot_x,rot_y,rot_z,phi_err,theta_err,psi_err
-174.60268024378553,2.426304892454245,32.24175771288345,-0.3459881842136383,2.1274664402008057,3.6064906120300293,10.030477948087878,2.426304892454245,7.217990235613151
-174.91884970046542,2.058464251650831,32.32542070002694,-0.3000844419002533,2.1493635177612305,3.5906898975372314,9.714308491408019,2.058464251650831,7.13432724846966
-174.80892463596325,1.4412256233607108,31.47558124273727,-0.25035780668258667,2.1161458492279053,3.6071109771728516,9.824233555910155,1.4412256233607108,7.984166705759328
-175.67954152870809,1.1469466424265526,29.63675088419727,-0.19521065056324005,2.0603227615356445,3.626629590988159,8.953616663165349,1.1469466424265526,9.82299706429933
-176.22836088889696,1.4315893660399308,31.96068518325367,-0.20006109774112701,2.2143735885620117,3.5544369220733643,8.404797302976476,1.4315893660399308,7.499062765242929
-176.87000251990628,1.1655370076758877,33.580437224165514,-0.15570609271526337,2.3152451515197754,3.4971771240234375,7.7631556719671835,1.1655370076758877,5.879310724331084
-177.7785952644364,1.7798515981257468,35.95350790411099,-0.1606549769639969,2.4698243141174316,3.3926961421966553,6.85456292743703,1.7798515981257468,3.5062400443856063
-179.1784425348305,2.5106976315902165,37.894101251095016,-0.13204547762870789,2.5822465419769287,3.309391975402832,5.454715657042925,2.5106976315902165,1.5656466974015828
179.70864279934193,3.776467608105764,38.00925824050143,-0.15142393112182617,2.58013653755188,3.294346570968628,4.341800991215365,3.776467608105764,1.4504897079951675
178.81283616893808,4.320259894213777,38.03033961937467,-0.16213618218898773,2.5775601863861084,3.2799854278564453,3.445994360811511,4.320259894213777,1.4294083291219266
175.73448357039166,3.866592565086387,38.29707899703118,-0.022604452446103096,2.5818636417388916,3.2637805938720703,0.3676417622650945,3.866592565086387,1.1626689514654203
175.1073082800444,0.1629682961434536,37.51334894071807,0.21166843175888062,2.5017824172973633,3.2777388095855713,0.2595335280821587,0.1629682961434536,1.9463990077785311
174.973750761014,-0.9614316370164375,38.450901687329036,0.2772020697593689,2.532418727874756,3.207425117492676,0.3930910471125628,0.9614316370164375,1.0088462611675624
175.2990726711817,-0.5318628769222876,38.68580213816953,0.23887357115745544,2.5316972732543945,3.177858829498291,0.06776913694486097,0.5318628769222876,0.7739458103270707
175.35329071281325,-0.14091550378436019,39.09768645078339,0.21604768931865692,2.5435264110565186,3.1431355476379395,0.013551095313317774,0.14091550378436019,0.3620614977132064
175.29782957675275,-0.3231825902897233,39.1187985655079,0.22748878598213196,2.5351314544677734,3.132513999938965,0.06901223137381862,0.3231825902897233,0.3409493829886969
175.38477788488703,-0.16940187659993203,39.44037411691586,0.2156250923871994,2.5513129234313965,3.114166736602783,0.017936076760463493,0.16940187659993203,0.019373831580736578
175.41625139658242,-0.22157895909714703,39.58790620298814,0.21862556040287018,2.5573630332946777,3.103666067123413,0.049409588455858966,0.22157895909714703,0.12815825449153806
175.29370414249408,-0.1563789630540497,39.55654880450861,0.21997325122356415,2.55477237701416,3.103691339492798,0.07313766563248691,0.1563789630540497,0.09680085601200972
175.37608988426277,-0.17652088793475912,39.586608467045835,0.21792443096637726,2.5557944774627686,3.103320598602295,0.009248076136202599,0.17652088793475912,0.1268605185492362
175.3495477691481,-0.11193255086913034,39.446224173939974,0.21451996266841888,2.5473744869232178,3.10772967338562,0.017294038978462822,0.11193255086913034,0.013523774556624346
175.3973317725815,-0.05233420981643797,39.580854032670096,0.2097635567188263,2.5571813583374023,3.1039602756500244,0.030489964454943674,0.05233420981643797,0.12110608417349766
175.342594636573,-0.16807340100053958,39.47960330841383,0.21812081336975098,2.5487542152404785,3.107635498046875,0.02424717155355438,0.16807340100053958,0.019855359917229976
175.3934385647546,-0.16995126851931183,39.52365461346582,0.21583718061447144,2.550715208053589,3.1036009788513184,0.026596756628038065,0.16995126851931183,0.06390666496922393
175.45350324831568,-0.05142864075730929,39.564133729581904,0.20748592913150787,2.554304361343384,3.1026864051818848,0.08666144018911837,0.05142864075730929,0.1043857810853055
175.431701284485,-0.14165491260293672,39.47036547756139,0.21197909116744995,2.549837827682495,3.1076111793518066,0.06485947635843559,0.14165491260293672,0.0106175290647883
175.45798385241122,-0.19339826215733116,39.514140159952,0.21482892334461212,2.5515451431274414,3.1047770977020264,0.091142044284652,0.19339826215733116,0.05439221145540074
175.34741675012705,-0.19628192140495712,39.599254562294114,0.21932420134544373,2.5543558597564697,3.099303960800171,0.019425057999512774,0.19628192140495712,0.13950661379751494
175.3565828639932,-0.10145134796948523,39.55522716290421,0.21384292840957642,2.5528669357299805,3.1024651527404785,0.010258944133369141,0.10145134796948523,0.09547921440761087
175.35620037339967,-0.17971680690873543,39.55535010630927,0.2176770716905594,2.5512757301330566,3.10125732421875,0.010641434726892385,0.17971680690873543,0.0956021578126709
175.3440562970554,-0.13370097451196578,39.50474181965406,0.21532881259918213,2.5498247146606445,3.105865955352783,0.022785511071163,0.13370097451196578,0.0449938711574589
175.3416930516026,-0.10520591470087277,39.52153042463395,0.21443912386894226,2.5524826049804688,3.1046762466430664,0.025148756523975635,0.10520591470087277,0.06178247613735266
175.35747078858532,-0.24700601624216745,39.54164874683423,0.22147347033023834,2.5519542694091797,3.104111433029175,0.009371019541248415,0.24700601624216745,0.08190079833762809
175.3598203736598,-0.09448837068777989,39.56729610716762,0.2129330039024353,2.553800582885742,3.1024081707000732,0.007021434466764731,0.09448837068777989,0.10754815867102252
175.40757705633652,-0.06455217236431263,39.434776776891034,0.20861698687076569,2.546570062637329,3.1087663173675537,0.040735248209955444,0.06455217236431263,0.02497117160556428
175.3232378804652,-0.18332539518835742,39.58301237244782,0.21999332308769226,2.5543124675750732,3.1007776260375977,0.04360392766136556,0.18332539518835742,0.12326442395121973

Errors:
rotation,[19.674773076155276, 18.90709999152851, 19.249625885030195, 19.92356036989123, 17.33544943425934, 14.808003403974155, 12.140654569948383, 9.531059986034725, 9.568758307316298, 9.195662584147215, 5.396903278816902, 2.3689008320041434, 2.3633689452965627, 1.3735778241942191, 0.5165280968108843, 0.7331442046522388, 0.2067117849411321, 0.39914680204454406, 0.3263174846985463, 0.3126294826201979, 0.1427503644042175, 0.2039302584448793, 0.21217593247132394, 0.26045469011657385, 0.24247586203173316, 0.2171319180261606, 0.3389325178973839, 0.35521359320198487, 0.20718950651046525, 0.2859603994482987, 0.20148035674058767, 0.19213714736220106, 0.33827783412104395, 0.20905796382556713, 0.13025859217983235, 0.35019374680094273]
translation,[0.170370405351016, 0.16444838371095205, 0.15838210809000408, 0.14445248068587624, 0.1614236953383621, 0.16587633415247893, 0.16842225192502536, 0.16857454890281698, 0.15608421702019726, 0.1436057813362499, 0.13045675758821318, 0.09770762890125706, 0.06491334470776344, 0.03892502940262066, 0.018007410037271576, 0.005117769343459422, 0.00046220689886578015, 0.0036425311244814296, 0.005194146955624035, 0.004942642298315647, 0.0070613199381677205, 0.004002478162865586, 0.006066949812531419, 0.008061243103331783, 0.006929018640054352, 0.005727565990147454, 0.006681672709707875, 0.008875479367105754, 0.007679013583182126, 0.009414250196691398, 0.006905188434750187, 0.006185824847140253, 0.006575576337817246, 0.007178737043098238, 0.007080102808211919, 0.007730870311051241]
loss,
[0.10397039353847504, 0.10502003133296967, 0.10666356980800629, 0.09113316982984543, 0.08936692774295807, 0.08560352772474289, 0.0705394297838211, 0.07502956688404083, 0.07378701865673065, 0.05438219755887985, 0.03469377011060715, 0.01660175248980522, 0.014054193161427975, 0.007761748041957617, 0.004346385132521391, 0.005067187361419201, 0.004401457961648703, 0.002484861295670271, 0.003944636322557926, 0.0033091031946241856, 0.004546154756098986, 0.002841179259121418, 0.003481971798464656, 0.003084658645093441, 0.0030837636440992355, 0.002439851639792323, 0.004871679004281759, 0.003743499983102083, 0.0032389897387474775, 0.003236844204366207, 0.004256168380379677, 0.003620518371462822, 0.0036052167415618896, 0.0035116495564579964, 0.0038643116131424904, 0.0034566805697977543]

2022-04-28 19:50:10.677851