2022-04-28 22:32:11.426578

reference phi, theta, psi, translation: 16.672973292337613, -0.0, 55.56417970941693, 0.9538894295692444, -3.184936285018921, 2.279534101486206

phi,theta,psi,rot_x,rot_y,rot_z,phi_err,theta_err,psi_err
26.607018987257597,-4.879078348390559,61.415046110949504,1.4386786222457886,-3.2383759021759033,2.121750593185425,9.934045694919984,4.879078348390559,5.850866401532571
27.53483188411213,-5.834235374884617,61.94129852612065,1.4841887950897217,-3.237109422683716,2.081116199493408,10.861858591774517,5.834235374884617,6.377118816703714
28.029257325298303,-6.676434758292614,63.13592593271255,1.5498268604278564,-3.2566628456115723,1.9850578308105469,11.35628403296069,6.676434758292614,7.571746223295619
26.759991319003788,-4.8392835278068995,63.0472905678533,1.5286883115768433,-3.264157295227051,1.9759763479232788,10.087018026666176,4.8392835278068995,7.483110858436369
25.533431070494775,-2.5680172855510524,64.10497951177562,1.571295142173767,-3.30124831199646,1.8676577806472778,8.860457778157162,2.5680172855510524,8.540799802358691
22.530500835858234,1.005686594698301,64.85143039559881,1.4827789068222046,-3.3892083168029785,1.7616974115371704,5.8575275435206215,1.005686594698301,9.287250686181878
21.051664135260214,2.8856654153188406,62.95399701398009,1.3735464811325073,-3.365598678588867,1.875905156135559,4.378690842922602,2.8856654153188406,7.389817304563159
20.565960845644145,2.876115571666706,59.20013187633026,1.3198115825653076,-3.24118709564209,2.0874288082122803,3.892987553306533,2.876115571666706,3.6359521669133272
18.5358134733575,1.922697281904198,54.94557630647805,1.1258444786071777,-3.121581554412842,2.3218624591827393,1.8628401810198874,1.922697281904198,0.6186034029388807
16.353742203362263,-0.21264292133283347,55.67386913239275,0.9344512224197388,-3.2002880573272705,2.2771642208099365,0.31923108897535,0.21264292133283347,0.10968942297581918
16.694435454257082,0.005034201511940868,55.69787041713618,0.9585157632827759,-3.1862895488739014,2.2720251083374023,0.02146216191946948,0.005034201511940868,0.1336907077192464
16.693064293781205,0.08901977873132812,55.63024812925847,0.961613118648529,-3.1787500381469727,2.2714715003967285,0.02009100144359266,0.08901977873132812,0.06606841984153533
16.721103927871397,0.04478866962311835,55.60856227864368,0.958613395690918,-3.1771328449249268,2.2724616527557373,0.04813063553378427,0.04478866962311835,0.0443825692267481
16.672814490439407,0.028094080973179638,55.54616167038644,0.9572752714157104,-3.176914691925049,2.2764787673950195,0.00015880189820549617,0.028094080973179638,0.018018039030494037
16.581971266930946,0.008117579509378293,55.52064066855269,0.9481890201568604,-3.177607536315918,2.2781903743743896,0.09100202540666658,0.008117579509378293,0.0435390408642462
16.754795543499778,0.054728660396290804,55.70608371961312,0.9628791213035583,-3.1824262142181396,2.268749237060547,0.08182225116216557,0.054728660396290804,0.14190401019618548
16.58307775757649,-0.05538495434329308,55.51424078130039,0.9477270841598511,-3.178398847579956,2.2767274379730225,0.08989553476112278,0.05538495434329308,0.04993892811654632
16.77888220560783,-0.02298877063067764,55.623588694817705,0.9592700004577637,-3.179175615310669,2.2729344367980957,0.10590891327021623,0.02298877063067764,0.059408985400771996
16.736096193099577,0.04303566999970279,55.62283054381984,0.9606244564056396,-3.1790144443511963,2.2728238105773926,0.06312290076196447,0.04303566999970279,0.058650834402904195
16.594875201820393,0.026419761714704997,55.561850614909964,0.9517405033111572,-3.1794521808624268,2.275540828704834,0.07809809051721928,0.026419761714704997,0.002329094506968943
16.80628492455792,-0.038404225911940905,55.710410644452324,0.9630578756332397,-3.183583974838257,2.268078088760376,0.13331163222030895,0.038404225911940905,0.14623093503539053
16.708181209961733,-0.00324470703234642,55.593423164348344,0.9563952684402466,-3.179490804672241,2.2745206356048584,0.035207917624120455,0.00324470703234642,0.029243454931410895
16.714352285876842,0.03355178032967656,55.56879008710669,0.9584088921546936,-3.178520917892456,2.2759714126586914,0.04137899353922947,0.03355178032967656,0.004610377689758138
16.710918408271617,0.03883575930384435,55.59305091903858,0.9586114883422852,-3.179083824157715,2.2747788429260254,0.03794511593400429,0.03883575930384435,0.028871209621648575
16.719461267376012,-0.03201627116877901,55.55883850148599,0.955510139465332,-3.1779627799987793,2.2759788036346436,0.0464879750383993,0.03201627116877901,0.005341207930946723
16.716524286032904,0.03300013913384085,55.544307274026785,0.9582581520080566,-3.176826000213623,2.2772276401519775,0.04355099369529114,0.03300013913384085,0.01987243539014827
16.7313765323831,0.018586961008985686,55.583946276874954,0.959135890007019,-3.178931951522827,2.274773120880127,0.058403240045485916,0.018586961008985686,0.019766567458020745
16.710739115805904,0.00309483242822475,55.61607548673069,0.9576663374900818,-3.1799535751342773,2.2725791931152344,0.03776582346829116,0.00309483242822475,0.05189577731376005
16.704559502154336,-0.0445734193775775,55.653344413936864,0.9558531641960144,-3.182004928588867,2.271014928817749,0.031586209816723,0.0445734193775775,0.08916470451993064
16.732855268338405,-0.003334803196299733,55.58987829616911,0.9586708545684814,-3.178417682647705,2.2743418216705322,0.059881976000792037,0.003334803196299733,0.025698586752177732
16.714342040593085,0.037020621302369126,55.60519158028828,0.9586477875709534,-3.1784374713897705,2.2733516693115234,0.0413687482554721,0.037020621302369126,0.04101187087134406
16.740366768878125,0.0012446794132755434,55.59984012707357,0.9595366716384888,-3.178495168685913,2.273836374282837,0.06739347654051286,0.0012446794132755434,0.03566041765663641
16.663542508641115,-0.014433159605638584,55.60852471260324,0.9544177055358887,-3.1813297271728516,2.2724132537841797,0.009430783696497969,0.014433159605638584,0.04434500318630796
16.69954102066167,-0.005599129444249582,55.615334411205744,0.9564056396484375,-3.1807260513305664,2.2729251384735107,0.02656772832405707,0.005599129444249582,0.05115470178881054
16.706975681573226,0.07558145545642214,55.603057146172645,0.9600123167037964,-3.1786539554595947,2.2739388942718506,0.034002389235613606,0.07558145545642214,0.03887743675571187
16.74239362751433,-0.012499693976984083,55.65514075368858,0.9588807821273804,-3.1808598041534424,2.2710084915161133,0.06942033517671575,0.012499693976984083,0.0909610442716442

Errors:
rotation,[20.663990444843115, 23.073212783362848, 25.604465014548925, 22.409412412909443, 19.969274866066904, 16.1504648244008, 14.654173562804601, 10.405055291886566, 4.404140865862966, 0.6415634332840027, 0.16018707115065675, 0.1751792000164561, 0.1373018743836507, 0.046270921901879175, 0.14265864578029108, 0.27845492175464187, 0.19521941722096217, 0.18830666930166587, 0.16480940516457146, 0.10684694673889322, 0.3179467931676404, 0.06769607958787777, 0.07954115155866417, 0.10565208485949722, 0.08384545413812503, 0.09642356821928026, 0.09675676851249235, 0.09275643321027596, 0.16532433371423114, 0.0889153659492695, 0.11940124042918529, 0.10429857361042481, 0.06820894648844451, 0.0833215595571172, 0.14846128144774762, 0.17288107342534403]
translation,[0.09908907901583852, 0.09352123569301352, 0.0856988946182895, 0.0793569156423235, 0.07439843977308414, 0.06630253702746192, 0.05945844970534875, 0.04373990036622022, 0.01891341789706047, 0.006261337649408283, 0.0020729366773357683, 0.007606229923711183, 0.009040509081353676, 0.0072602654659759125, 0.007895901627313684, 0.0059337225581108655, 0.008207823015227156, 0.007003183111987887, 0.006869892164100833, 0.007099510979365675, 0.005353705322768576, 0.006542199121260417, 0.006009149492134824, 0.006190510973280716, 0.007135003777565707, 0.006672644654078574, 0.0061887682681982525, 0.0069710940080147665, 0.006663749377034733, 0.006949505496948838, 0.007498890040606554, 0.006967580772632154, 0.0067489117036787505, 0.00646506920836476, 0.006670797812584617, 0.006852403394110418]
loss,
[0.14592868089675903, 0.15791890025138855, 0.15285633504390717, 0.12371218204498291, 0.1287555694580078, 0.07911637425422668, 0.05316945165395737, 0.030208757147192955, 0.0179937481880188, 0.0037010270170867443, 0.002034219214692712, 0.003125022863969207, 0.001419886713847518, 0.0015284338733181357, 0.0019071181304752827, 0.001534859067760408, 0.0020546498708426952, 0.0018487343331798911, 0.0016056548338383436, 0.0030522446613758802, 0.002161595970392227, 0.0017681679455563426, 0.0014517506351694465, 0.0016065724194049835, 0.0010695699602365494, 0.0016476602759212255, 0.002007898408919573, 0.0021116025745868683, 0.0021560508757829666, 0.0013173946645110846, 0.001628763391636312, 0.0017464908305555582, 0.003001395147293806, 0.0012246144469827414, 0.002242293208837509, 0.0022909727413207293]

2022-04-28 22:34:41.944421