2022-04-28 22:34:45.504497

reference phi, theta, psi, translation: -86.91639066027085, -0.0, 34.793557367935236, -2.296917200088501, -0.12373751401901245, 3.3104169368743896

phi,theta,psi,rot_x,rot_y,rot_z,phi_err,theta_err,psi_err
-76.53055527251121,6.8177051513072,38.18892636661862,-2.336111545562744,-0.9462913274765015,3.345968008041382,10.385835387759641,6.8177051513072,3.395368998683381
-75.67866675847053,6.356097054357611,38.48334850098118,-2.3514275550842285,-0.9760885238647461,3.318434000015259,11.237723901800322,6.356097054357611,3.6897911330459436
-75.59967562071934,7.338049410735485,38.31276111136553,-2.320418357849121,-1.0417109727859497,3.318556547164917,11.31671503955151,7.338049410735485,3.519203743430296
-75.87849077282843,8.782409996470536,37.963062256050044,-2.2793195247650146,-1.1227707862854004,3.3165061473846436,11.037899887442421,8.782409996470536,3.1695048881148082
-76.22215857110679,9.907369374368125,37.94879740596848,-2.277850389480591,-1.1698102951049805,3.2976126670837402,10.69423208916406,9.907369374368125,3.1552400380332415
-75.86610080967402,10.416449971874279,37.99108993730919,-2.268782138824463,-1.2086594104766846,3.2848095893859863,11.050289850596826,10.416449971874279,3.197532569373955
-75.55837346680826,11.678315872883493,37.5789153416556,-2.223731756210327,-1.298171877861023,3.2675609588623047,11.358017193462587,11.678315872883493,2.785357973720366
-75.89967801963381,12.667933412918499,37.16457216094054,-2.1915504932403564,-1.3294622898101807,3.2729897499084473,11.016712640637039,12.667933412918499,2.371014793005301
-76.16083030254924,12.585310012749112,36.92368504929252,-2.1831958293914795,-1.3093198537826538,3.288957118988037,10.755560357721606,12.585310012749112,2.130127681357287
-75.55471248541313,12.998675606214304,36.93878318245284,-2.174762487411499,-1.362886667251587,3.2669432163238525,11.361678174857715,12.998675606214304,2.1452258145176017
-76.29945582194382,13.918346303849415,36.30885532587008,-2.148536205291748,-1.374866008758545,3.27485728263855,10.616934838327026,13.918346303849415,1.5152979579348411
-77.33026114129298,15.50273694603844,35.58354387752808,-2.1259970664978027,-1.4086741209030151,3.2681355476379395,9.58612951897787,15.50273694603844,0.7899865095928433
-78.53550266185509,15.9667147823585,34.9131676406805,-2.1203479766845703,-1.3877904415130615,3.276071786880493,8.380887998415758,15.9667147823585,0.11961027274526259
-80.72224236614802,16.360402501700634,34.08493207173558,-2.1316473484039307,-1.3129286766052246,3.2996878623962402,6.194148294122826,16.360402501700634,0.7086252961996564
-81.48121981690902,13.861599607777324,34.366568091971885,-2.19193172454834,-1.1501976251602173,3.32037091255188,5.435170843361831,13.861599607777324,0.4269892759633507
-83.312536967362,12.040479190560918,33.67050351365589,-2.1992709636688232,-0.9750048518180847,3.361018419265747,3.6038536929088423,12.040479190560918,1.1230538542793482
-84.46821180511733,9.544873906046265,33.14529270233317,-2.1954243183135986,-0.7867955565452576,3.399571418762207,2.4481788551535146,9.544873906046265,1.6482646656020634
-85.46242097089356,6.944450626674747,32.95163293370122,-2.19710111618042,-0.5986706614494324,3.4208264350891113,1.4539696893772884,6.944450626674747,1.8419244342340164
-85.80018065553986,4.492396300053154,33.338279697331885,-2.226470947265625,-0.4349483847618103,3.412346363067627,1.1162100047309877,4.492396300053154,1.4552776706033512
-86.45255934392445,2.339519099662199,33.77406967204079,-2.2547342777252197,-0.27826645970344543,3.3840956687927246,0.4638313163464005,2.339519099662199,1.0194876958944477
-86.76770427222884,0.17183803075230322,34.27350334943588,-2.2738544940948486,-0.13731029629707336,3.349403142929077,0.14868638804200884,0.17183803075230322,0.5200540184993585
-86.87099039285778,-0.022145373413777696,34.652039263427156,-2.2865264415740967,-0.12417620420455933,3.3172826766967773,0.045400267413072015,0.022145373413777696,0.14151810450808
-86.95319854970805,0.2561969660916344,34.921005282753086,-2.300811529159546,-0.13753075897693634,3.304450511932373,0.03680788943719904,0.2561969660916344,0.12744791481785
-86.94288496406134,0.08897232363585117,34.83136588008584,-2.2967333793640137,-0.12721996009349823,3.3082847595214844,0.026494303790485674,0.08897232363585117,0.037808512150604656
-86.96149039936044,0.00885688468801447,34.64844999901831,-2.2851414680480957,-0.12249955534934998,3.3131208419799805,0.04509973908959353,0.00885688468801447,0.14510736891692488
-86.90349526311786,0.06323846481678666,34.86627156183919,-2.2975807189941406,-0.12828537821769714,3.304955244064331,0.012895397152988153,0.06323846481678666,0.0727141939039555
-86.90411681033234,0.11770685717684923,34.74903819492509,-2.2904040813446045,-0.1319144368171692,3.3097212314605713,0.01227384993850933,0.11770685717684923,0.044519173010144186
-86.90467688584428,0.17738361578533327,34.787977103383334,-2.292750835418701,-0.13438335061073303,3.309325933456421,0.011713774426567625,0.17738361578533327,0.005580264551902303
-86.84149763602166,0.1311061266116023,34.854653410061,-2.297288179397583,-0.13525556027889252,3.3064517974853516,0.07489302424919231,0.1311061266116023,0.061096042125761585
-86.90240926303983,0.09256055042608746,34.85681516493331,-2.2967875003814697,-0.13002894818782806,3.305957078933716,0.013981397231020765,0.09256055042608746,0.06325779699807299
-86.88577775241086,0.049878200565186326,34.93201213260056,-2.3020615577697754,-0.12849754095077515,3.3027520179748535,0.03061290785998949,0.049878200565186326,0.13845476466532602
-86.89455454549432,0.09419528162002237,34.90347218715367,-2.299666404724121,-0.13065141439437866,3.3046765327453613,0.021836114776533577,0.09419528162002237,0.1099148192184316
-86.88366039376815,0.06235874218908927,34.866715524135245,-2.2982449531555176,-0.12927842140197754,3.3063409328460693,0.03273026650269628,0.06235874218908927,0.07315815620000876
-86.92957975555815,0.06662383347421644,34.85164129663702,-2.296997547149658,-0.1273009181022644,3.3069777488708496,0.013189095287302166,0.06662383347421644,0.058083928701783805
-86.91652043386507,0.15806933308879254,34.89744454521113,-2.299006462097168,-0.13353589177131653,3.3050992488861084,0.00012977359422450263,0.15806933308879254,0.1038871772758938
-86.89493020589867,0.11671570252457567,34.87562209081294,-2.298194408416748,-0.1320727914571762,3.3056724071502686,0.02146045437217481,0.11671570252457567,0.08206472287770339

Errors:
rotation,[20.598909537750224, 21.283612089203878, 22.173968193717293, 22.989814772027763, 23.756841501565425, 24.66427239184506, 25.821691040066447, 26.05566084656084, 25.470998051828005, 26.505579595589623, 26.050579100111282, 25.878852974609153, 24.467213053519522, 23.263176092023116, 19.723759727102504, 16.767386737749106, 13.641317426801843, 10.240344750286052, 7.063883975387493, 3.8228381119030472, 0.8405784372936705, 0.20906374533492972, 0.42045277034668344, 0.1532751395769415, 0.1990639926945329, 0.14884805587373032, 0.17449988012550274, 0.1946776547638032, 0.2670951929865562, 0.16979974465518122, 0.21894587309050184, 0.22594621561498757, 0.1682471648917943, 0.1378968574633024, 0.26208628395891087, 0.22024087977445386]
translation,[0.1579505536533441, 0.1514498372855133, 0.15005765297675122, 0.14680421192180582, 0.14395291390731924, 0.13998657784425905, 0.12906197231333838, 0.1261329119834711, 0.12794572851857833, 0.12338313498247278, 0.11991372981883242, 0.11434291734365765, 0.11066835835153377, 0.11080813981294835, 0.11041460256217128, 0.10213523036825034, 0.0914942139545527, 0.07833745182476193, 0.06648760221327343, 0.04482040057193615, 0.01952167851335318, 0.0002496446968214272, 0.002228069246518416, 0.0017471235845931687, 0.00451149834701603, 0.0039631746358077535, 0.0040198599839573745, 0.0029278464421489403, 0.002673755567695224, 0.003537451903209643, 0.0032050871890021426, 0.0029254956296398404, 0.0024152771420222763, 0.002666984738612932, 0.002860797210499477, 0.002902101479238972]
loss,
[0.11965230107307434, 0.11757409572601318, 0.1039419025182724, 0.10507656633853912, 0.10934887826442719, 0.09766261279582977, 0.10168829560279846, 0.1067066639661789, 0.0952627882361412, 0.1188681423664093, 0.09324153512716293, 0.09167373180389404, 0.09153670072555542, 0.08260442316532135, 0.07173516601324081, 0.04691540449857712, 0.050976961851119995, 0.02682255208492279, 0.019465062767267227, 0.0159536674618721, 0.005498162936419249, 0.002143068704754114, 0.0013231642078608274, 0.001703283516690135, 0.0019529685378074646, 0.001445430563762784, 0.0026152487844228745, 0.001786302193067968, 0.002597882878035307, 0.001977605279535055, 0.0019195685163140297, 0.0022141002118587494, 0.0023946224246174097, 0.0016876589506864548, 0.0019091026624664664, 0.0012435984099283814]

2022-04-28 22:37:14.721797