2022-04-28 22:37:18.174327

reference phi, theta, psi, translation: -33.091320547511735, -0.0, 74.32085247222868, -2.1190009117126465, -3.251617431640625, 1.089412808418274

phi,theta,psi,rot_x,rot_y,rot_z,phi_err,theta_err,psi_err
-22.822884158753556,1.294954214858955,81.82337814338081,-1.5357718467712402,-3.6827800273895264,0.7731812596321106,10.268436388758179,1.294954214858955,7.502525671152128
-23.265026209390577,1.0545725879763295,81.54884551988131,-1.5608761310577393,-3.6728861331939697,0.7901793122291565,9.826294338121158,1.0545725879763295,7.227993047652632
-26.09988597912061,0.6100978846946352,79.95455642419527,-1.7019175291061401,-3.6099371910095215,0.8816121816635132,6.991434568391124,0.6100978846946352,5.633703951966595
-31.111651688286067,1.5200060128932007,78.60916625205367,-1.9268321990966797,-3.4921305179595947,0.9625229835510254,1.9796688592256686,1.5200060128932007,4.288313779824989
-34.821096690668725,-0.10061954250934801,76.90521846924308,-2.1289427280426025,-3.336864471435547,1.0564866065979004,1.7297761431569896,0.10061954250934801,2.5843659970144017
-38.90928934290693,-0.8613743857693614,74.5909113218218,-2.318864345550537,-3.1431193351745605,1.1934847831726074,5.8179687953951955,0.8613743857693614,0.2700588495931271
-40.75437956982125,-2.806207272436523,71.55897668887481,-2.389310598373413,-2.9835357666015625,1.4024428129196167,7.663059022309518,2.806207272436523,2.7618757833538723
-40.679742677665935,-7.065246122457598,67.62609229307894,-2.392207622528076,-2.8416590690612793,1.6343804597854614,7.5884221301542,7.065246122457598,6.694760179149739
-38.042750073096585,-7.52053861451548,65.20609479844089,-2.2663230895996094,-2.829691171646118,1.7856810092926025,4.9514295255848495,7.52053861451548,9.114757673787793
-37.61467138196062,-7.338861864114269,62.59632049771404,-2.1977932453155518,-2.76798939704895,1.945087194442749,4.523350834448884,7.338861864114269,11.72453197451464
-36.08684002689881,-8.615330472379751,60.56950284264777,-2.1471588611602783,-2.7243881225585938,2.0458950996398926,2.9955194793870774,8.615330472379751,13.751349629580908
-37.51893262036455,-8.697805858982413,59.650453078498366,-2.199887275695801,-2.6387040615081787,2.0939126014709473,4.427612072852817,8.697805858982413,14.670399393730314
-37.26647516826254,-8.642799805398468,59.406301136427096,-2.197092294692993,-2.628181219100952,2.121190071105957,4.175154620750803,8.642799805398468,14.914551335801583
-36.013316455578206,-8.316713495189664,59.605052811085294,-2.1504483222961426,-2.688687324523926,2.103685140609741,2.921995908066471,8.316713495189664,14.715799661143386
-33.53382801326935,-8.422551434098553,59.663232362435465,-2.066779136657715,-2.7692322731018066,2.088331699371338,0.4425074657576147,8.422551434098553,14.657620109793214
-33.030992901667595,-6.811005482923193,59.92799098523267,-2.0164682865142822,-2.822275400161743,2.07307505607605,0.060327645844139965,6.811005482923193,14.392861486996011
-32.24685986419345,-5.399322897917653,61.91177161833868,-1.9754996299743652,-2.9338881969451904,1.9639277458190918,0.8444606833182817,5.399322897917653,12.409080853889996
-30.957122073409113,-5.924987933038237,62.41621523948997,-1.951182246208191,-2.9900527000427246,1.9161385297775269,2.1341984741026216,5.924987933038237,11.904637232738708
-31.219158865822067,-5.02960149490322,63.35388409931683,-1.9831159114837646,-3.0068953037261963,1.852671504020691,1.8721616816896685,5.02960149490322,10.96696837291185
-31.877503724446672,-3.8076633120227186,64.67273215634377,-2.014307975769043,-3.0483577251434326,1.7593891620635986,1.2138168230650628,3.8076633120227186,9.64812031588491
-32.14513785688445,-2.291865973798322,66.80082785642298,-2.0289227962493896,-3.123577356338501,1.6192851066589355,0.9461826906272819,2.291865973798322,7.520024615805696
-31.44508103299858,-0.6536535764140695,69.12113874012469,-1.9879415035247803,-3.2347350120544434,1.4548888206481934,1.6462395145131552,0.6536535764140695,5.199713732103987
-30.961694885058435,0.3274855398279661,72.68905197762093,-1.989423155784607,-3.342226266860962,1.2183045148849487,2.1296256624533,0.3274855398279661,1.6318004946077451
-32.43428708520777,0.3661026522061772,73.95515731387702,-2.098909854888916,-3.3104500770568848,1.1264231204986572,0.6570334623039642,0.3661026522061772,0.3656951583516559
-32.71061946355356,0.09032914949884975,73.63572985696304,-2.106428861618042,-3.2833943367004395,1.1460751295089722,0.38070108395817215,0.09032914949884975,0.6851226152656409
-32.79282079021466,0.034429538352538085,73.91451085812628,-2.108638048171997,-3.2784171104431152,1.123594045639038,0.2984997572970727,0.034429538352538085,0.4063416141024021
-32.78571056328868,0.12152744303038752,74.01300218595786,-2.102419376373291,-3.272987127304077,1.1154252290725708,0.30560998422305374,0.12152744303038752,0.30785028627082056
-32.86796994655773,0.029017652982685136,74.10629573983107,-2.1064910888671875,-3.264073133468628,1.1060388088226318,0.2233506009540065,0.029017652982685136,0.21455673239761097
-32.968114180168456,0.004978128536502303,74.22555767292866,-2.1112492084503174,-3.2563440799713135,1.0967793464660645,0.12320636734327906,0.004978128536502303,0.09529479930002083
-33.003566277055405,-0.04763948771805635,74.21001899256687,-2.1111226081848145,-3.2513794898986816,1.096760630607605,0.08775427045632966,0.04763948771805635,0.11083347966180668
-33.032498958379584,0.020882613600963558,74.27578005389576,-2.111696720123291,-3.249768018722534,1.0916529893875122,0.058821589132151075,0.020882613600963558,0.045072418332921416
-33.10035688778366,-0.07311002529784104,74.25267352393361,-2.116513252258301,-3.2450504302978516,1.0930492877960205,0.009036340271926235,0.07311002529784104,0.06817894829507054
-33.078138282413605,-0.00020751911255171394,74.31017688655595,-2.1142332553863525,-3.247007131576538,1.0891282558441162,0.013182265098130586,0.00020751911255171394,0.010675585672728971
-33.09363598164037,-0.018458476378100937,74.26633390227363,-2.1136879920959473,-3.2452292442321777,1.0917882919311523,0.0023154341286328872,0.018458476378100937,0.05451856995505011
-33.153181570824536,-0.0072860361166585275,74.27011099688465,-2.1170883178710938,-3.242455005645752,1.091048002243042,0.06186102331280097,0.0072860361166585275,0.050741475344025844
-33.16658581707069,-0.01617414671479381,74.28296541290261,-2.1172327995300293,-3.2405407428741455,1.0899631977081299,0.07526526955895463,0.01617414671479381,0.037887059326067174

Errors:
rotation,[19.06591627476926, 18.10885997375012, 13.235236405052355, 7.787988651943858, 4.414761682680739, 6.949402030757684, 13.231142078099914, 21.348428431761537, 21.586725813888123, 23.586744673077792, 25.36219958134774, 27.795817325565544, 27.732505761950854, 25.95450906439952, 23.52267900964938, 21.264194615763344, 18.65286443512593, 19.963823639879564, 17.868731549504737, 14.669600450972691, 10.758073280231299, 7.499606823031212, 4.088911696889012, 1.3888312728617973, 1.1561528487226629, 0.7392709097520129, 0.7349877135242618, 0.4669249863343026, 0.2234792951798022, 0.24622723783619269, 0.12477662106603604, 0.15032531386483783, 0.02406536988341127, 0.07529248046178394, 0.11988853477348534, 0.1293264755998156]
translation,[0.03326186669987141, 0.0371396920784024, 0.056096195550995986, 0.07180998724230125, 0.06560452211516399, 0.05307678537415317, 0.04037399166360167, 0.02705815968589853, 0.010161524337928718, 0.003152176020389419, 0.003937852553409726, 0.007855072640825966, 0.0019853749205278604, 0.0035901536236107034, 0.0063643598159952575, 0.00978957562302174, 0.014524333241859644, 0.020921608513930323, 0.01937217263098301, 0.024160339486638094, 0.030317470463327112, 0.03484240443364062, 0.04472020772847163, 0.04726912910534775, 0.0347299600958646, 0.025573689291592316, 0.01569510947873365, 0.008029320313960753, 0.001745270798849674, 0.0023337586278708855, 0.004720994782252852, 0.005618181523322718, 0.006301315448141942, 0.007301044939757695, 0.007950764514512265, 0.009711492703599944]
loss,
[0.16253040730953217, 0.1587858945131302, 0.14795514941215515, 0.14480236172676086, 0.14259910583496094, 0.1363285481929779, 0.13238117098808289, 0.13864880800247192, 0.11862906068563461, 0.11799035966396332, 0.10902496427297592, 0.1185041218996048, 0.12480979412794113, 0.11377250403165817, 0.08420636504888535, 0.10555484145879745, 0.10068047046661377, 0.09860919415950775, 0.0952332466840744, 0.08801853656768799, 0.06209356337785721, 0.045840196311473846, 0.021370407193899155, 0.008114201948046684, 0.006741113029420376, 0.0039023642893880606, 0.0037282202392816544, 0.002387380227446556, 0.002609667833894491, 0.003133239224553108, 0.002097374526783824, 0.0026736492291092873, 0.0018044871976599097, 0.0012688933638855815, 0.0012793972855433822, 0.0016179069643840194]

2022-04-28 22:39:47.961266