2022-04-27 10:34:35.327684

reference phi, theta, psi, translation: 164.57178246643477, -4.268868188959204e-07, 11.003265705708584, 0.2046843022108078, 0.7416750192642212, 3.957021951675415

phi,theta,psi,rot_x,rot_y,rot_z,phi_err,theta_err,psi_err
174.68706040079186,1.035587752499106,3.46078983121423,-0.0498787984251976,0.24902896583080292,4.223120212554932,10.115277934357096,1.035588179385925,7.542475874494354
174.39285683248275,0.7136433442788159,3.6499186231055294,-0.024400269612669945,0.26523464918136597,4.224263668060303,9.82107436604798,0.7136437711656348,7.3533470826030545
172.23227675271096,-1.8223204907474133,6.302098580181229,0.22327762842178345,0.4637969434261322,4.210005283355713,7.66049428627619,1.8223200638605943,4.701167125527355
170.82044933051264,-4.8866181683858505,10.093179711071175,0.5251170992851257,0.6954392194747925,4.147485256195068,6.248666864077876,4.886617741499031,0.9100859946374094
170.52888221522312,-5.421706692053912,11.245812553324907,0.5710666179656982,0.7555230259895325,4.113279819488525,5.957099748788352,5.421706265167093,0.24254684761632284
168.61955747425944,-4.597803462709966,12.702548469316056,0.5441201329231262,0.8389663696289062,4.074111461639404,4.047775007824669,4.597803035823147,1.6992827636074725
163.38427211695802,-1.837823482280303,14.906196306899366,0.4206961691379547,0.9874464273452759,4.0097198486328125,1.187510349476753,1.837823055393484,3.902930601190782
164.12709617033192,-1.1156290628251404,11.156121070465238,0.28906357288360596,0.7412761449813843,4.006796836853027,0.4446862961028444,1.1156286359383214,0.15285536475665396
164.6002916760304,-0.405520176800951,11.288544778093446,0.23938342928886414,0.754265546798706,3.9469971656799316,0.028509209595625862,0.4055197499141321,0.2852790723848617
164.6132963562101,-0.19185987505124705,11.249978968718615,0.2237805873155594,0.7537754774093628,3.950808048248291,0.04151388977533088,0.19185944816442815,0.24671326301003127
164.64270715077618,-0.32015085768272084,11.25155418109595,0.23248422145843506,0.7540114521980286,3.957594394683838,0.07092468434140642,0.32015043079590194,0.24828847538736554
164.5120319715755,-0.41390808437361165,11.042571736834715,0.2368358075618744,0.7384002804756165,3.958618402481079,0.05975049485925865,0.41390765748679276,0.03930603112613085
164.60676669536358,-0.380970609450885,11.171288359290898,0.23509299755096436,0.7472816109657288,3.951099395751953,0.03498422892880626,0.3809701825640661,0.16802265358231416
164.53806865269158,-0.3546486656652112,11.08370825865841,0.23243474960327148,0.7412577271461487,3.955497980117798,0.03371381374319071,0.3546482387783923,0.08044255294982605
164.66618934114268,-0.42884338120197946,10.984621850595389,0.23424236476421356,0.7342661619186401,3.9610848426818848,0.09440687470791431,0.42884295431516056,0.01864385511319533
164.60130254402756,-0.515009864310905,11.011447418560612,0.241158589720726,0.7347421646118164,3.96177339553833,0.029520077592792404,0.5150094374240861,0.008181712852028511
164.6017533365128,-0.36957608217350346,11.300425892154683,0.23655512928962708,0.7560470700263977,3.9534542560577393,0.029970870078017242,0.36957565528668457,0.2971601864460993
164.54962533276725,-0.2832264198568954,11.161565585007384,0.22953960299491882,0.7484573721885681,3.955209970474243,0.0221571336675197,0.2832259929700765,0.1582998792988004
164.53842382252844,-0.3285228615882433,11.236621680023008,0.2333582192659378,0.7519104480743408,3.9519600868225098,0.03335864390632537,0.3285224347014244,0.23335597431442423
164.5244902366216,-0.3411265895751266,11.049141525042621,0.2314622700214386,0.7405022978782654,3.958617925643921,0.047292229813166387,0.3411261626883077,0.045875819334037615
164.55622329550548,-0.3533519541134692,11.246566435454547,0.2368152141571045,0.7531367540359497,3.9567720890045166,0.015559170929293487,0.3533515272266503,0.24330072974596284
164.56021212598077,-0.31915265649561014,11.039211283763068,0.229558527469635,0.7387808561325073,3.9546055793762207,0.011570340453999961,0.31915222960879125,0.03594557805448417
164.52750918023474,-0.32275816578056843,11.21547712189994,0.23311296105384827,0.7509040832519531,3.9555039405822754,0.04427328620002413,0.32275773889374954,0.21221141619135686
164.52883423693373,-0.43566585785099227,11.005409531334323,0.23603883385658264,0.7345535755157471,3.9560747146606445,0.04294822950103594,0.4356654309641734,0.002143825625738671
164.55698827669252,-0.3738237570098724,11.223090221503567,0.2360524982213974,0.7506223320960999,3.95292329788208,0.014794189742247,0.3738233301230535,0.21982451579498274
164.60631590287835,-0.36326156962088435,11.030324353879235,0.23127178847789764,0.7382332682609558,3.961395740509033,0.03453343644358142,0.36326114273406546,0.027058648170651622
164.4737419310884,-0.3892978366673206,11.048482411787715,0.23535627126693726,0.7394548654556274,3.958195447921753,0.09804053534637092,0.3892974097805017,0.045216706079131086
164.5349677468084,-0.3412690401109381,11.208698159148703,0.2337031364440918,0.749068021774292,3.951766014099121,0.03681471962636351,0.3412686132241192,0.2054324534401193
164.5854428447748,-0.36568824405674416,11.068215682073527,0.23200927674770355,0.7401242256164551,3.95556640625,0.01366037834003464,0.36568781716992527,0.06494997636494304
164.58221899548656,-0.38775244409577864,11.213297437781062,0.2371625304222107,0.7493930459022522,3.9541399478912354,0.010436529051787602,0.38775201720895974,0.21003173207247805
164.57575763653173,-0.3692052011300151,11.106123231967098,0.2339824140071869,0.7430679202079773,3.9557688236236572,0.003975170096964575,0.3692047742431962,0.1028575262585143
164.54838223833832,-0.31744240760406417,11.124530591780283,0.2310902625322342,0.7448553442955017,3.955629587173462,0.023400228096448927,0.3174419807172453,0.1212648860716996
164.57932299527846,-0.30299381561109046,11.081895697207417,0.22859159111976624,0.742883026599884,3.9568986892700195,0.007540528843691163,0.30299338872427156,0.07862999149883265
164.52987242568759,-0.35704479552343804,11.150871216314437,0.2344142645597458,0.746454656124115,3.957346200942993,0.041910040747183075,0.35704436863661915,0.14760551060585314
164.5570155974492,-0.37349199416532947,10.984783213814529,0.23190511763095856,0.7341598868370056,3.959139347076416,0.014766868985560677,0.3734915672785106,0.01848249189405493
164.53969423771406,-0.3519803072591349,11.15221676358093,0.23417136073112488,0.7463653683662415,3.9560842514038086,0.03208822872070982,0.351979880372316,0.14895105787234542

Errors:
rotation,[18.693341988237375, 17.88806521981667, 14.18398147566414, 12.045370600214316, 11.621352861571767, 10.344860807255289, 6.928264006061019, 1.7131702967978197, 0.7193080318946197, 0.4800866009497903, 0.639363590524674, 0.5129641834721823, 0.5839770650751865, 0.46880460547140906, 0.5418936841362703, 0.552711227868907, 0.6967067118108011, 0.4636830059363966, 0.595237052922174, 0.4342942118355117, 0.6122114279019066, 0.3666681481172754, 0.5792424412851305, 0.480757486090948, 0.6084420356602833, 0.4248532273482985, 0.5325546512060038, 0.583515786290602, 0.44429817187490295, 0.6082202783332253, 0.47603747059867507, 0.4621070948853938, 0.3891639090667954, 0.5465599199896554, 0.4067409281581262, 0.5330191669653712]
translation,[0.19962134480110283, 0.20152373320887573, 0.21022760161207987, 0.2069151783588392, 0.1897718311525134, 0.16390572134200454, 0.11976124095395857, 0.053900958948184474, 0.0055845204390960745, 0.0028365272545327613, 0.004355650917175602, 0.002726057110304936, 0.0031163698171088328, 6.785032644796019e-05, 0.004240896871040789, 0.005410699215047998, 0.000913515529416209, 0.0008139024792495064, 0.0015118098947537462, 0.0027989998796131843, 0.0036377307792010427, 0.0015632231604474356, 0.0017621230023472378, 0.0005197129201341966, 0.000650361302471758, 0.005098446919229893, 0.0024175867795834804, 0.002211592331852863, 0.000233496656250054, 0.00037934322520349895, 0.0006206798547996328, 0.0006470869422807723, 0.001386013609665504, 0.0028187372143975153, 0.0021768257275081027, 0.0015501199673026989]
loss,
[0.09414171427488327, 0.10776267945766449, 0.08503246307373047, 0.07672759145498276, 0.08113603293895721, 0.06976641714572906, 0.036748263984918594, 0.016749849542975426, 0.0033042076975107193, 0.0032095573842525482, 0.00263187731616199, 0.0023809396661818027, 0.002765905112028122, 0.003048800630494952, 0.002323137130588293, 0.0030587310902774334, 0.0027104762848466635, 0.002267054747790098, 0.0028159988578408957, 0.0019541773945093155, 0.0032642807345837355, 0.0034033432602882385, 0.0024653361178934574, 0.002487185876816511, 0.00267596822232008, 0.0025995327159762383, 0.0035753315314650536, 0.003349726554006338, 0.003213380230590701, 0.003233557101339102, 0.0032505595590919256, 0.002444341080263257, 0.002389986766502261, 0.003317173570394516, 0.0026782709173858166, 0.002818926004692912]

2022-04-27 10:39:02.196815