2022-04-27 10:43:32.063513

reference phi, theta, psi, translation: -86.91639066027085, -0.0, 34.793557367935236, -2.296917200088501, -0.12373751401901245, 3.3104169368743896

phi,theta,psi,rot_x,rot_y,rot_z,phi_err,theta_err,psi_err
-76.53055527251121,6.8177051513072,38.18892636661862,-2.336111545562744,-0.9462913274765015,3.345968008041382,10.385835387759641,6.8177051513072,3.395368998683381
-75.80331771082326,5.651061117523532,38.924360155310566,-2.402418851852417,-0.9346142411231995,3.300949811935425,11.113072949447584,5.651061117523532,4.13080278737533
-77.46583356612855,4.961873793810187,39.973880192985554,-2.5668654441833496,-0.8842786550521851,3.1794142723083496,9.450557094142297,4.961873793810187,5.180322825050318
-81.16491375644573,8.162485628347858,37.679110801685106,-2.4357409477233887,-0.859636127948761,3.26355242729187,5.751476903825122,8.162485628347858,2.8855534337498696
-82.56131178130899,7.498832221045356,36.53091160597636,-2.3852717876434326,-0.7470830678939819,3.298535108566284,4.355078878961862,7.498832221045356,1.7373542380411209
-83.70039608957035,5.622744226226634,34.467183608635345,-2.2744362354278564,-0.5892646908760071,3.3747103214263916,3.215994570700502,5.622744226226634,0.32637375929989076
-85.34901934010384,2.6986483451445737,33.66092758843953,-2.235121965408325,-0.3467053472995758,3.3849518299102783,1.5673713201670125,2.6986483451445737,1.1326297794957085
-87.00600274218142,-0.2963045715902394,35.15694392234742,-2.3145980834960938,-0.10684620589017868,3.294578790664673,0.08961208191057324,0.2963045715902394,0.3633865544121875
-86.86338156212238,0.11460417811932477,34.876035317257724,-2.2966673374176025,-0.13106459379196167,3.3038275241851807,0.05300909814846477,0.11460417811932477,0.08247794932248809
-86.78779868876703,0.14811668858134855,34.72192234392014,-2.2877893447875977,-0.13865923881530762,3.3091697692871094,0.1285919715038233,0.14811668858134855,0.07163502401509447
-86.82115050248419,0.1536862495403168,34.80560582163114,-2.291233777999878,-0.1380629688501358,3.30696964263916,0.0952401577866624,0.1536862495403168,0.012048453695904016
-86.87122261928955,0.25732027994029266,34.778496800815354,-2.2902700901031494,-0.14070972800254822,3.3064146041870117,0.04516804098129512,0.25732027994029266,0.015060567119881796
-86.8731009213113,0.14930513403231213,34.875516222880805,-2.2947990894317627,-0.1359192579984665,3.3027803897857666,0.04328973895954391,0.14930513403231213,0.08195885494556876
-86.80197816148397,0.2033920910023074,34.74592021356898,-2.289029359817505,-0.14056473970413208,3.3089187145233154,0.11441249878687643,0.2033920910023074,0.047637154366256595
-86.91832360380596,0.08504334246212822,34.86067080671978,-2.295278310775757,-0.12937819957733154,3.3040361404418945,0.0019329435351096436,0.08504334246212822,0.06711343878454556
-86.85748710886865,0.2594939165460554,34.80891504828401,-2.2913427352905273,-0.14202377200126648,3.3056180477142334,0.05890355140219583,0.2594939165460554,0.015357680348770941
-86.851032580103,0.11197076140866474,34.81822459612273,-2.293282985687256,-0.13398228585720062,3.3067524433135986,0.06535808016785438,0.11197076140866474,0.02466722818749645
-86.87458990255037,0.18791594449684762,34.81057819934691,-2.292570114135742,-0.13744854927062988,3.3072805404663086,0.04180075772048042,0.18791594449684762,0.017020831411670656
-86.86339522250073,0.13204709293741201,34.936421019709805,-2.3003087043762207,-0.13448438048362732,3.3005640506744385,0.05299543777012161,0.13204709293741201,0.14286365177456872
-86.84944797621556,0.19832993602029117,34.79460921706742,-2.2912683486938477,-0.13890138268470764,3.3057076930999756,0.06694268405529158,0.19832993602029117,0.0010518491321818146
-86.83097914469984,0.20426448282252416,34.81768159608372,-2.2927210330963135,-0.13968205451965332,3.3051066398620605,0.08541151557101045,0.20426448282252416,0.024124228148487248
-86.88293639371612,0.2246449044828121,34.87038333571954,-2.295572280883789,-0.13935686647891998,3.3037478923797607,0.033454266554727496,0.2246449044828121,0.07682596778430195
-86.89189077171801,0.12187784729507883,34.885672714176614,-2.2966341972351074,-0.13268637657165527,3.302509307861328,0.02449988855283891,0.12187784729507883,0.0921153462413784
-86.91249745244394,0.16950314981295275,34.82106595481746,-2.2925641536712646,-0.13445982336997986,3.3047330379486084,0.003893207826905609,0.16950314981295275,0.02750858688222735
-86.84629925900818,0.0865334518107064,34.82752389867771,-2.293139934539795,-0.1319599151611328,3.304399251937866,0.07009140126267255,0.0865334518107064,0.03396653074247524
-86.83077423902473,0.23966781482959537,34.83360959722819,-2.2931480407714844,-0.14257223904132843,3.3040881156921387,0.08561642124611524,0.23966781482959537,0.04005222929295371
-86.82612971038913,0.1778038624494464,34.86811571291509,-2.296321392059326,-0.13867872953414917,3.3031458854675293,0.09026094988172417,0.1778038624494464,0.07455834497985592
-86.906835225622,0.2009076221401288,34.800452443902365,-2.291949510574341,-0.13693423569202423,3.3057618141174316,0.009555434648845562,0.2009076221401288,0.006895075967129571
-86.86191990164,0.19830483355574136,34.82267787946159,-2.293196439743042,-0.13904473185539246,3.3046963214874268,0.05447075863085615,0.19830483355574136,0.029120511526350867
-86.79554412328582,0.22023071129209545,34.83767697487893,-2.2938075065612793,-0.14211808145046234,3.304359197616577,0.12084653698502734,0.22023071129209545,0.044119606943695544
-86.83255691839811,0.182433502472106,34.832728502825255,-2.2933497428894043,-0.13878768682479858,3.3040285110473633,0.08383374187273773,0.182433502472106,0.03917113489001878
-86.85459110866057,0.12246226690825084,34.87558793986709,-2.2962939739227295,-0.13462214171886444,3.3029165267944336,0.06179955161027806,0.12246226690825084,0.08203057193185259
-86.78570182069183,0.16746484160729838,34.87073850555638,-2.2956056594848633,-0.13973243534564972,3.3037078380584717,0.13068883957902244,0.16746484160729838,0.07718113762114598
-86.78036744295005,0.20325514822253465,34.8550871270733,-2.2938246726989746,-0.1421285718679428,3.3037660121917725,0.13602321732079758,0.20325514822253465,0.061529759138061024
-86.8383011074901,0.16057657859812577,34.86721412794465,-2.2945594787597656,-0.137279212474823,3.3021440505981445,0.07808955278075302,0.16057657859812577,0.07365676000941335
-86.76158442273251,0.23602412355929678,34.839504050481914,-2.2931833267211914,-0.14394277334213257,3.304624557495117,0.1548062375383381,0.23602412355929678,0.045946682546677664

Errors:
rotation,[20.598909537750224, 20.894936854346447, 19.592753713002804, 16.79951596592285, 13.59126533804834, 9.165112556227026, 5.398649444807295, 0.7493032079130001, 0.25009122559027763, 0.3483436841002663, 0.2609748610228832, 0.3175488880414696, 0.27455372793742483, 0.3654417441554404, 0.15408972478178343, 0.3337551482970222, 0.20199606976401557, 0.2467375336289987, 0.32790618248210235, 0.26632446920776454, 0.3138002265420219, 0.33492513882184155, 0.23849308208929615, 0.2009049445220857, 0.1905913838158542, 0.3653364653686643, 0.3426231573110265, 0.21735813275610394, 0.2818961037129484, 0.38519685522081837, 0.3054383792348625, 0.2662923904503815, 0.3753348188074668, 0.40080812468139326, 0.31232289138829217, 0.4367770436443126]
translation,[0.1579505536533441, 0.15711537519606544, 0.14971101454479818, 0.13091182647895216, 0.10746854335731193, 0.08092206525551049, 0.039973408721319714, 0.0033466164717017577, 0.0053202344415401726, 0.005733099811012998, 0.005602581399481998, 0.006515357872210359, 0.007084227760124406, 0.005168488979488295, 0.00599581209446054, 0.006512983508342174, 0.004752099154546663, 0.004607483076545904, 0.005805366145263058, 0.006590677101128151, 0.006230015759389751, 0.005731666808774349, 0.006367745039206341, 0.0068040360747314566, 0.006832823629034479, 0.006721692472062557, 0.005821858057544205, 0.006225791706858885, 0.006318166375810286, 0.00613940328620366, 0.006787987187175659, 0.006163430056710162, 0.005732485710034041, 0.006616216599561575, 0.00769697811121528, 0.00621236999659569]
loss,
[0.12248797714710236, 0.10246603935956955, 0.06805446743965149, 0.04461660608649254, 0.04188501089811325, 0.022233232855796814, 0.01227856706827879, 0.0031376867555081844, 0.0015165666118264198, 0.0015083958860486746, 0.0020578792318701744, 0.0011479330714792013, 0.001218723482452333, 0.0012323909904807806, 0.0011434704065322876, 0.0016534954775124788, 0.0012846169993281364, 0.001157685648649931, 0.001374205807223916, 0.0010468540713191032, 0.0013054909650236368, 0.0010134915355592966, 0.0013596070930361748, 0.0013088444247841835, 0.0016698092222213745, 0.0014302944764494896, 0.0014549843035638332, 0.0012400129344314337, 0.0012623672373592854, 0.0011123961303383112, 0.0008746059611439705, 0.0011583735467866063, 0.0014292326522991061, 0.001761406078003347, 0.0013048745458945632, 0.0012156055308878422]

2022-04-27 10:47:55.600161