2022-04-21 16:44:53.677517

reference phi, theta, psi, translation: 16.672973292337613, -0.0, 55.56417970941693, 0.9538894295692444, -3.184936285018921, 2.279534101486206

phi,theta,psi,rot_x,rot_y,rot_z,phi_err,theta_err,psi_err
26.607018987257597,-4.879078348390559,61.415046110949504,1.4386786222457886,-3.2383759021759033,2.121750593185425,9.934045694919984,4.879078348390559,5.850866401532571
26.541594312745335,-4.825310548354618,61.330986972834154,1.4338852167129517,-3.2373666763305664,2.1261632442474365,9.868621020407723,4.825310548354618,5.7668072634172205
25.1893790740756,-5.495328644919093,57.21831150751604,1.2177461385726929,-3.203016519546509,2.3100674152374268,8.516405781737987,5.495328644919093,1.6541317980991082
20.196524451174618,-0.6517759629595528,51.76393758730271,1.0985283851623535,-3.013119697570801,2.5377283096313477,3.523551158837005,0.6517759629595528,3.80024212211422
17.517599607743264,0.5132964775484142,53.194841727852875,0.999819278717041,-3.0985493659973145,2.442657709121704,0.8446263154056517,0.5132964775484142,2.3693379815640583
16.05007370041079,-0.38141235607533325,55.84948354123754,0.9104997515678406,-3.2109837532043457,2.2628326416015625,0.6228995919268243,0.38141235607533325,0.28530383182060604
16.80749899068289,0.16087958061107327,55.669446584905174,0.9687811136245728,-3.178309679031372,2.2680349349975586,0.1345256983452785,0.16087958061107327,0.10526687548824043
16.672469565886324,-0.00329066780857754,55.48672536422899,0.9542325735092163,-3.1788718700408936,2.2838635444641113,0.0005037264512885997,0.00329066780857754,0.07745434518794525
16.709299653438325,0.03457743403118808,55.54450193441813,0.9581429958343506,-3.1794843673706055,2.2795348167419434,0.036326361100712745,0.03457743403118808,0.01967777499880441
16.69119965213779,0.008203804700409809,55.63123850668812,0.9566559195518494,-3.1831765174865723,2.273829698562622,0.018226359800177505,0.008203804700409809,0.06705879727118713
16.683420066673147,0.021911799866241404,55.502349421955394,0.9557091593742371,-3.1784682273864746,2.28090238571167,0.010446774335534315,0.021911799866241404,0.06183028746153951
16.66920815055764,0.010924945174662332,55.50537519575771,0.9542961120605469,-3.1795713901519775,2.280287742614746,0.0037651417799722253,0.010924945174662332,0.05880451365922568
16.628935647663955,0.004252627426483673,55.56506080381987,0.9522002339363098,-3.182389974594116,2.2780373096466064,0.044037644673657894,0.004252627426483673,0.0008810944029349344
16.705882851306026,0.04166737366203703,55.54139078325119,0.9576989412307739,-3.179436445236206,2.2783360481262207,0.032909558968412966,0.04166737366203703,0.022788926165745238
16.713645361297743,-0.052991642737036646,55.59270257939091,0.9552994966506958,-3.1822381019592285,2.2762231826782227,0.04067206896013076,0.052991642737036646,0.028522869973976128
16.62171443016396,0.028750581642292793,55.52133051765886,0.9521341919898987,-3.1801373958587646,2.2798004150390625,0.05125886217365405,0.028750581642292793,0.04284919175807289
16.659359017774484,0.031541790829251744,55.492841798630735,0.9542009234428406,-3.1776931285858154,2.280153751373291,0.013614274563128248,0.031541790829251744,0.07133791078619822
16.69960419991149,0.0461441458546702,55.53631253760329,0.958031415939331,-3.1797568798065186,2.279019832611084,0.026630907573878204,0.0461441458546702,0.027867171813646507
16.634167572568185,0.03638441852810875,55.535407537538255,0.9536644220352173,-3.1808347702026367,2.2785239219665527,0.03880571976942804,0.03638441852810875,0.02877217187867842
16.625523968173532,-0.004995577931629668,55.49103862868986,0.9509155750274658,-3.1789395809173584,2.2803258895874023,0.047449324164080764,0.004995577931629668,0.07314108072707626
16.668550744850027,0.0331402810752817,55.52502564999984,0.9553998708724976,-3.1795883178710938,2.2793514728546143,0.0044225474875858595,0.0331402810752817,0.03915405941709338
16.688365123632234,0.01574543855646948,55.51704457395468,0.9557636976242065,-3.178972005844116,2.27992582321167,0.015391831294621738,0.01574543855646948,0.04713513546225556
16.720412371217936,0.04019216629384812,55.500194497272254,0.9582814574241638,-3.1780245304107666,2.2814393043518066,0.04743907888032339,0.04019216629384812,0.06398521214467934
16.65499794198943,-0.022316502841636915,55.55170095380332,0.9520570635795593,-3.181123971939087,2.2770915031433105,0.017975350348184094,0.022316502841636915,0.012478755613614112
16.69753806768756,0.04050642973272079,55.52083874403862,0.9572682976722717,-3.1783604621887207,2.2792835235595703,0.02456477534994761,0.04050642973272079,0.043340965378313
16.619967609283727,0.02699443533580441,55.518943366543944,0.9522244930267334,-3.1800248622894287,2.2796058654785156,0.05300568305388609,0.02699443533580441,0.04523634287298961
16.702119417073348,0.006902411872031548,55.55967178456473,0.9568530321121216,-3.1808507442474365,2.277479648590088,0.029146124735735413,0.006902411872031548,0.004507924852205747
16.621255099942275,0.0583302601251007,55.523683517827926,0.9535041451454163,-3.179779291152954,2.280487537384033,0.051718192395338036,0.0583302601251007,0.04049619158900697
16.693685840995673,-0.020572751717272558,55.5257394047681,0.9548131227493286,-3.1791648864746094,2.2790300846099854,0.020712548658060825,0.020572751717272558,0.03844030464883019
16.661860574558002,0.02190919533109444,55.52672636710317,0.9544320702552795,-3.17936110496521,2.278946876525879,0.011112717779610648,0.02190919533109444,0.03745334231376063
16.70760747407145,0.008529591522374392,55.56751967192107,0.9568751454353333,-3.1811835765838623,2.2772152423858643,0.03463418173383914,0.008529591522374392,0.0033399625041354852
16.693451907016602,0.0602232013875203,55.49516747804313,0.9573266506195068,-3.1776344776153564,2.2810306549072266,0.02047861467898926,0.0602232013875203,0.06901223137380441
16.66213207457751,-0.01677864812674883,55.555720520129874,0.9528504014015198,-3.181023597717285,2.2780163288116455,0.010841217760102495,0.01677864812674883,0.008459189287059132
16.6805155287286,0.036906588858623905,55.512232705684404,0.9558719992637634,-3.1789979934692383,2.280219554901123,0.007542236390985835,0.036906588858623905,0.05194700373252914
16.612852259715865,0.03221539321883662,55.538460632097255,0.9525112509727478,-3.1806342601776123,2.278817653656006,0.06012103262174762,0.03221539321883662,0.025719077319678263
16.646779516870613,0.029483668991142777,55.4975409687797,0.9535167813301086,-3.1783294677734375,2.2813103199005127,0.02619377546700008,0.029483668991142777,0.06663874063723085

Errors:
rotation,[20.663990444843115, 20.460738832179562, 15.665866224756188, 7.975569243910778, 3.727260774518124, 1.2896157798227637, 0.4006721544445922, 0.08124873944781139, 0.09058157013070522, 0.09348896177177445, 0.09418886166331523, 0.07349460061386023, 0.049171366503076505, 0.09736585879619523, 0.12218658167114353, 0.12285863557401974, 0.1164939761785782, 0.1006422252421949, 0.10396231017621521, 0.12558598282278668, 0.07671688797996093, 0.07827240531334678, 0.15161645731885084, 0.05277060880343512, 0.1084121704609814, 0.12523646126268012, 0.04055646145997271, 0.1505446441094457, 0.07972560502416358, 0.07047525542446571, 0.04650373576034902, 0.14971404744031397, 0.036079055173910454, 0.09639582898213889, 0.1180555031602625, 0.1223161850953737]
translation,[0.09908907901583852, 0.09890018773054443, 0.10150128648211165, 0.05858016152715173, 0.03915656365172815, 0.0012200841579730337, 0.008173266042105887, 0.0022557119798838343, 0.0032959679616846316, 0.0039580453229888235, 0.0039020293395441996, 0.0037143709867022423, 0.0032578091005532883, 0.004117747257415871, 0.003669558423873731, 0.004055072354967493, 0.005295513437139299, 0.003398805904364366, 0.003864663204780072, 0.004991326915807726, 0.003969327048834792, 0.004044430587820003, 0.0033368408406797556, 0.004826825442999727, 0.004533376873483874, 0.00423272346338166, 0.003686406703879541, 0.003624684204956985, 0.0046247206804963525, 0.004607226982660251, 0.003567782292922317, 0.004103156012914333, 0.004195362455230445, 0.003831910104168834, 0.004129746331157591, 0.004300180218533178]
loss,
[0.17982296645641327, 0.18153399229049683, 0.13729241490364075, 0.05098472163081169, 0.020466919988393784, 0.003685724688693881, 0.002005544025450945, 0.0018019614508375525, 0.0016709391493350267, 0.0014611843507736921, 0.0017465895507484674, 0.0016429828247055411, 0.0015303150285035372, 0.0014908176381140947, 0.0018658142071217299, 0.001507407519966364, 0.0012530749663710594, 0.001211988041177392, 0.0012579062022268772, 0.0016328203491866589, 0.001463086693547666, 0.0014452566392719746, 0.0014915203209966421, 0.0016296280082315207, 0.0013881688937544823, 0.0012355286162346601, 0.0015120630851015449, 0.0017496043583378196, 0.0016744975000619888, 0.00141610624268651, 0.0018036381807178259, 0.00151791179087013, 0.0013720428105443716, 0.0011449723970144987, 0.0013782568275928497, 0.001320638693869114]

2022-04-21 16:53:52.104324