2022-04-21 19:19:40.274014

reference phi, theta, psi, translation: 175.36684180812657, -0.0, 39.4597479484966, 0.2069414258003235, 2.553555727005005, 3.112318754196167

phi,theta,psi,rot_x,rot_y,rot_z,phi_err,theta_err,psi_err
-174.60268024378553,2.426304892454245,32.24175771288345,-0.3459881842136383,2.1274664402008057,3.6064906120300293,10.030477948087878,2.426304892454245,7.217990235613151
-173.2328584849828,0.9931936361169832,30.456301867612513,-0.32410722970962524,2.026005268096924,3.6440610885620117,11.400299706890621,0.9931936361169832,9.003446080884085
-172.76097437560497,0.45660233746893353,28.87183116885837,-0.29296913743019104,1.946256160736084,3.676849365234375,11.872183816268489,0.45660233746893353,10.587916779638228
-172.7956307554536,1.3446388477298294,27.36612450406552,-0.3385942280292511,1.8301719427108765,3.709024429321289,11.837527436419805,1.3446388477298294,12.093623444431078
-173.13882044049006,2.1060477621324756,27.102457003988228,-0.3710237443447113,1.806467056274414,3.68874454498291,11.494337751383341,2.1060477621324756,12.357290944508371
-173.05254149089447,2.598385878551242,27.25757913777568,-0.4023255407810211,1.7951772212982178,3.6695573329925537,11.580616700978965,2.598385878551242,12.20216881072092
-173.25104044855337,2.5614049422126115,27.296330216031745,-0.3890254497528076,1.7962712049484253,3.6484248638153076,11.382117743320066,2.5614049422126115,12.163417732464854
-173.84974751044,2.634460282779007,27.497687607858307,-0.3687761723995209,1.8028002977371216,3.606745481491089,10.783410681433452,2.634460282779007,11.962060340638292
-175.315997879945,3.027464904074296,30.02782702550469,-0.3586931824684143,1.9579432010650635,3.456125497817993,9.317160311928433,3.027464904074296,9.43192092299191
-176.98630698109326,4.652931697580489,34.574929842792294,-0.3987925946712494,2.233506679534912,3.283864736557007,7.646851210780142,4.652931697580489,4.884818105704305
-179.25738586125752,5.12870440974604,38.68194308128847,-0.3173581659793854,2.4821643829345703,3.0999743938446045,5.375772330615916,5.12870440974604,0.7778048672081255
177.66319238821987,2.237408823459437,39.54716412458901,-0.018716899678111076,2.5414979457855225,3.071113109588623,2.2963505800933035,2.237408823459437,0.08741617609241104
175.3322127490346,0.25508837663710415,39.07902637397092,0.19259525835514069,2.5206351280212402,3.1178126335144043,0.03462905909196934,0.25508837663710415,0.3807215745256798
175.4373976622528,-0.03543953871630796,39.58114090061524,0.2078041285276413,2.5593550205230713,3.1078624725341797,0.07055585412624055,0.03543953871630796,0.1213929521186401
175.34916527855458,0.08208792978846333,39.397627377995335,0.2039434164762497,2.546576499938965,3.1124684810638428,0.017676529571986066,0.08208792978846333,0.06212057050126418
175.41379252848122,0.13018140373245438,39.463617250661414,0.19853653013706207,2.5503740310668945,3.108856201171875,0.046950720354658415,0.13018140373245438,0.0038693021648157355
175.34182965538596,0.0766421801288229,39.47778989318919,0.20387333631515503,2.550603151321411,3.1084725856781006,0.025012152740600868,0.0766421801288229,0.018041944692591017
175.35605010923794,0.023303826174611825,39.473524440052515,0.20694562792778015,2.5510599613189697,3.1089439392089844,0.010791698888624524,0.023303826174611825,0.013776491555915982
175.40397071645475,0.11837995812048212,39.44854643825778,0.1994943618774414,2.5499629974365234,3.1091673374176025,0.03712890832818516,0.11837995812048212,0.011201510238819878
175.3958564517208,0.09307942460700917,39.38419922608709,0.19967864453792572,2.5457541942596436,3.1131789684295654,0.029014643594223344,0.09307942460700917,0.07554872240950772
175.33076474893056,0.027690776493564336,39.50514480081509,0.20818190276622772,2.55248761177063,3.1068708896636963,0.03607705919600335,0.027690776493564336,0.04539685231848978
175.41526784934194,0.06423937437481674,39.45670509922136,0.202421173453331,2.5498533248901367,3.109370470046997,0.048426041215378746,0.06423937437481674,0.0030428492752392344
175.34609169342806,0.0530185477743265,39.47379423252473,0.20583176612854004,2.5503270626068115,3.107666492462158,0.020750114698500965,0.0530185477743265,0.014046284028133016
175.39775524431005,0.09034736720216288,39.46399632616035,0.2013283222913742,2.5512940883636475,3.109079360961914,0.03091343618348219,0.09034736720216288,0.004248377663749636
175.3610771284671,0.004445184485331361,39.407411623981375,0.20772220194339752,2.5466878414154053,3.1120424270629883,0.0057646796594781335,0.004445184485331361,0.052336324515223964
175.36165086435736,0.07073307971437182,39.47141391159898,0.2038124054670334,2.5508151054382324,3.1085774898529053,0.005190943769207479,0.07073307971437182,0.011665963102380772
175.39581547058575,0.04473800127224938,39.47805627056682,0.20458003878593445,2.551271677017212,3.108403205871582,0.02897366245917965,0.04473800127224938,0.018308322070218708
175.3767865635581,0.02437013819108229,39.4883561958352,0.2059856355190277,2.5513648986816406,3.1075234413146973,0.009944755431547492,0.02437013819108229,0.02860824733860312
175.3816633186255,0.09325860141695655,39.429579002932655,0.2014128714799881,2.5484659671783447,3.1106133460998535,0.014821510498933321,0.09325860141695655,0.03016894556394334
175.35793524144887,0.0618992525633645,39.4665576470991,0.20455306768417358,2.5502443313598633,3.1084954738616943,0.008906566677694627,0.0618992525633645,0.0068096986025025785
175.2797842169656,0.08888784928707633,39.51265800890211,0.2063162922859192,2.551715850830078,3.1052329540252686,0.08705759116097056,0.08888784928707633,0.05291006040550883
175.41939328360064,0.13515667488449376,39.42722941785817,0.19698627293109894,2.5482354164123535,3.110419273376465,0.05255147547407546,0.13515667488449376,0.03251853063842702
175.4399521530024,0.11073987139447856,39.4592254390251,0.1985064148902893,2.550172805786133,3.109743595123291,0.07311034487582901,0.11073987139447856,0.0005225094715015643
175.35288090146307,0.04365665035916196,39.43060694640274,0.2061007022857666,2.5482137203216553,3.1104443073272705,0.013960906663498918,0.04365665035916196,0.029141002093858503
175.354164977027,0.0383968927560392,39.47807676113433,0.20612484216690063,2.5512094497680664,3.108621597290039,0.01267683109955442,0.0383968927560392,0.01832881263773345
175.3585226377175,0.13382719919755395,39.4204572852961,0.1997392773628235,2.548328399658203,3.1110739707946777,0.0083191704090666,0.13382719919755395,0.03929066320049657

Errors:
rotation,[19.674773076155276, 21.396939423891688, 22.91670293337565, 25.275789728580712, 25.95767645802419, 26.381171390251126, 26.10694041799753, 25.37993130485075, 21.77654613899464, 17.184601014064935, 11.28228160757008, 4.6211755796451515, 0.6704390102547533, 0.2273883449611886, 0.16188502986171358, 0.18100142625192853, 0.11969627756201479, 0.04787201661915233, 0.16671037668748717, 0.19764279061074025, 0.10916468800805745, 0.11570826486543472, 0.08781494650096047, 0.1255091810493947, 0.06254618866003346, 0.08758998658596007, 0.09201998580164775, 0.0629231409612329, 0.1382490574798332, 0.07761551784356172, 0.22885550085355572, 0.22022668099699624, 0.18437272574180913, 0.08675855911651939, 0.06940253649332706, 0.18143703280711712]
translation,[0.170370405351016, 0.15084726653856162, 0.13935857861574075, 0.11869497595745404, 0.09292477954327794, 0.07376801750664352, 0.05408047198792332, 0.0179078157791821, 0.042770038969110136, 0.039718648036405124, 0.047198925561218186, 0.04473975287437959, 0.017221754405047918, 0.00028405344428072965, 0.004454663336898257, 0.005112021367315478, 0.0049963681462630305, 0.004186336246339906, 0.005084762621986094, 0.0046391330260426855, 0.004817931719633073, 0.0048512636112443275, 0.005693961284389815, 0.00421821476073081, 0.004520386865269899, 0.004784182448815066, 0.004590532133837755, 0.005138904742606698, 0.004820181710818439, 0.0051715239870055996, 0.006667138507723713, 0.005335070123387631, 0.004555674669965093, 0.0048731917434885474, 0.004382580982908557, 0.004634737756435747]
loss,
[0.11059608310461044, 0.09747594594955444, 0.0976446270942688, 0.09257402271032333, 0.08406588435173035, 0.09232372045516968, 0.08732996881008148, 0.08088558912277222, 0.07370605319738388, 0.0566987544298172, 0.03052845224738121, 0.014925318770110607, 0.0039343759417533875, 0.0015373919159173965, 0.0016725746681913733, 0.00142522226087749, 0.0013523403322324157, 0.0010943638626486063, 0.0015903133898973465, 0.0021700761280953884, 0.0013858971651643515, 0.0014051094185560942, 0.0010059119667857885, 0.0013222938869148493, 0.001748204231262207, 0.0012314465129747987, 0.0014340312918648124, 0.0013089556014165282, 0.0012614773586392403, 0.0017433799803256989, 0.0011087246239185333, 0.00160380476154387, 0.001441827043890953, 0.0012030538637191057, 0.001275914255529642, 0.0013563906541094184]

2022-04-21 19:31:27.460857