2022-04-27 04:31:17.254108

reference phi, theta, psi, translation: 164.57178246643477, -4.268868188959204e-07, 11.003265705708584, 0.2046843022108078, 0.7416750192642212, 3.957021951675415

phi,theta,psi,rot_x,rot_y,rot_z,phi_err,theta_err,psi_err
174.68706040079186,1.035587752499106,3.46078983121423,-0.0498787984251976,0.24902896583080292,4.223120212554932,10.115277934357096,1.035588179385925,7.542475874494354
173.98972540729025,0.5647982101689673,4.01238907839529,-0.016776680946350098,0.28396618366241455,4.2299113273620605,9.417942940855482,0.5647986370557861,6.990876627313294
170.45726085158637,-2.594571864800602,5.482017403331661,0.21811363101005554,0.3470911383628845,4.231164932250977,5.8854783851516,2.594571437913783,5.5212483023769225
164.0120348035739,-6.2346930693665845,9.70406981047107,0.6390420198440552,0.5578082799911499,4.157711505889893,0.5597476628608717,6.234692642479765,1.2991958952375136
164.3335318078064,-4.234614104576922,11.240926406747409,0.5140395760536194,0.7035953402519226,4.093725681304932,0.2382506586283739,4.234613677690103,0.2376607010388252
163.81454671391214,-3.290169105031218,11.502516675543374,0.45739734172821045,0.7150691747665405,4.021450519561768,0.7572357525226323,3.2901686781443993,0.4992509698347902
164.3957821519019,-0.7116485117105944,10.484120956142487,0.2481982260942459,0.6952992081642151,3.967730760574341,0.17600031453287102,0.7116480848237755,0.519144749566097
164.4938090268699,0.021535231167843425,11.632258680148704,0.21829697489738464,0.7840988039970398,3.9425554275512695,0.07797343956485747,0.021535658054662322,0.6289929744401199
164.51290623578927,-0.31440651000126907,11.33949115911257,0.23492932319641113,0.7603227496147156,3.949606418609619,0.0588762306454953,0.3144060831144502,0.336225453403987
164.52589725559062,-0.37023891746893156,11.246213826938645,0.23868316411972046,0.7527985572814941,3.9531636238098145,0.04588521084414765,0.37023849058211267,0.24294812123006082
164.5876694864442,-0.220184670023599,11.175751887913501,0.22624152898788452,0.750731885433197,3.9563910961151123,0.015887020009444086,0.22018424313678012,0.17248618220491707
164.37045581045948,-0.3608094182178882,11.316693695210361,0.2401617467403412,0.7566779851913452,3.9501500129699707,0.20132665597529353,0.3608089913310693,0.3134279895017773
164.50705959385974,-0.3227662328900749,11.358559339727954,0.2369561493396759,0.7601953744888306,3.9485292434692383,0.0647228725750324,0.322765806003256,0.35529363401937
164.5260611801307,-0.2956393652049963,11.319546152962486,0.23375916481018066,0.7581734657287598,3.9506192207336426,0.04572128630405814,0.2956389383181774,0.31628044725390225
164.60081077040732,-0.31209531828377934,11.121603855720933,0.22999173402786255,0.7438258528709412,3.952968120574951,0.029028303972552294,0.31209489139696045,0.11833815001234882
164.51130797152348,-0.3627917731232468,11.272387965611781,0.23722949624061584,0.7534719705581665,3.953141927719116,0.06047449491128987,0.3627913462364279,0.26912225990319705
164.596739977662,-0.21014940138684385,11.197768148929391,0.22532784938812256,0.7535042762756348,3.956747531890869,0.024957511227228224,0.21014897450002495,0.19450244322080756
164.53245423719383,-0.27278733107154335,11.232665292946278,0.2304459512233734,0.7537981867790222,3.955153226852417,0.03932822924093671,0.27278690418472445,0.22939958723769394
164.54760359677292,-0.29199404025867315,11.235141236520407,0.23149020969867706,0.7526760101318359,3.9504926204681396,0.024178869661852787,0.29199361337185425,0.23187553081182344
164.56618171131535,-0.32786309176084416,11.315036520562986,0.23516888916492462,0.7581992149353027,3.954909324645996,0.005600755119417045,0.32786266487402527,0.31177081485440183
164.6067803557419,-0.2049913983230777,11.16239801431248,0.22280216217041016,0.749005138874054,3.9537649154663086,0.03499788930713521,0.2049909714362588,0.15913230860389582
164.56682374909735,-0.2494554622914002,11.271587979705242,0.22895768284797668,0.7566106915473938,3.9528563022613525,0.004958717337416374,0.2494550354045813,0.26832227399665776
164.706296211949,-0.19351519855287827,11.076269328878618,0.2190200835466385,0.7445555925369263,3.9568686485290527,0.13451374551422646,0.19351477166605938,0.07300362317003461
164.54099197365636,-0.24030339569592474,11.17034237809085,0.2265072911977768,0.7487889528274536,3.955169677734375,0.030790492778407952,0.24030296880910584,0.16707667238226698
164.57103114562608,-0.27410570797973166,11.242744944613925,0.22948314249515533,0.752915620803833,3.950901985168457,0.0007513208086891154,0.27410528109291277,0.23947923890534106
164.45437151460226,-0.2784992685362918,11.365731892130114,0.2336515337228775,0.7606879472732544,3.948178291320801,0.11741095183251105,0.2784988416494729,0.36246618642153017
164.63229794248107,-0.1922872783495332,11.214939244502803,0.22260120511054993,0.7527784705162048,3.9512603282928467,0.06051547604630514,0.19228685146271432,0.21167353879421924
164.59459529826262,-0.24946753096811128,11.1871634264693,0.22689615190029144,0.7501509785652161,3.954164743423462,0.022812831827849323,0.24946710408129238,0.18389772076071687
164.606985261417,-0.29890650354727494,11.231285594733937,0.23143106698989868,0.7522830367088318,3.9527928829193115,0.03520279498223999,0.29890607666045604,0.22801988902535264
164.60664375195853,-0.3528418663476156,11.187587751971487,0.23406262695789337,0.7489847540855408,3.9558515548706055,0.034861285523760444,0.3528414394607967,0.18432204626290272
164.63100020653877,-0.2199343561150673,11.095074547210956,0.22197794914245605,0.7447153925895691,3.95556902885437,0.05921774010400327,0.2199339292282484,0.09180884150237212
164.55499386145488,-0.3189645100300227,11.29416943887495,0.23444660007953644,0.7559062838554382,3.952420711517334,0.016788604979893762,0.3189640831432038,0.29090373316636686
164.52573333105056,-0.2860324064393629,11.296942495677976,0.23275041580200195,0.7572521567344666,3.9522180557250977,0.04604913538420874,0.286031979552544,0.2936767899693926
164.62610979109306,-0.25097057172971543,11.11903058195113,0.224870502948761,0.7456468939781189,3.9540562629699707,0.05432732465828849,0.25097014484289654,0.11576487624254561
164.5275911425048,-0.26827933166256446,11.414032428619505,0.23359446227550507,0.7649452090263367,3.9468765258789062,0.044191323929965165,0.26827890477574556,0.4107667229109211
164.59206812826972,-0.25904628770214316,11.254197464304744,0.22849786281585693,0.7536248564720154,3.947692394256592,0.020285661834947177,0.25904586081532427,0.2509317585961597

Errors:
rotation,[18.693341988237375, 16.97361820522456, 14.001298125442307, 8.09363620057815, 4.710525037357302, 4.546655400501821, 1.4067931489227434, 0.7285020720596397, 0.7095077671639325, 0.6590718226563211, 0.40855744535114125, 0.8755636368081401, 0.7427823125976584, 0.6576406718761378, 0.45946134538186156, 0.6923881010509148, 0.42960892894806074, 0.541514720663355, 0.5480480138455305, 0.6452342348478441, 0.3991211693472898, 0.5227360267386554, 0.4010321403503204, 0.4381701339697808, 0.514335840806943, 0.7583759799035141, 0.46447586630323867, 0.45617765666985854, 0.5621287606680487, 0.5720247712474599, 0.3709605108346238, 0.6266564212894644, 0.6257579049061454, 0.42106234574373064, 0.7232369516166318, 0.5302632812464312]
translation,[0.19962134480110283, 0.2083366408010372, 0.21984775037518922, 0.21222940803310486, 0.15430692275032687, 0.07893198987808514, 0.004701958856944799, 0.005435445746973855, 0.002149709558367796, 0.00014607721178538924, 0.0022089340101079102, 0.0019944585291185035, 0.0031109761012331205, 0.0016298538273593621, 0.0022171307982157273, 0.00016480420905384818, 0.0030243382633248217, 0.001804780994862476, 0.0029157946143527624, 0.002663138110448493, 0.0008799631593472412, 5.695478926703856e-06, 0.0011337791523127194, 0.0006644495047938292, 0.002584382961645204, 0.0035550649213353935, 0.0026447075595763536, 4.627158306202972e-05, 0.000736652842124208, 0.0018011742708532452, 4.978029922853011e-05, 0.00024946944205694876, 0.00029385877869092525, 0.0011019833487111441, 0.004027977404509109, 0.005655397180882815]
loss,
[0.09195876121520996, 0.09511248767375946, 0.07651237398386002, 0.040531471371650696, 0.03263420611619949, 0.022199105471372604, 0.004602867644280195, 0.0036891296040266752, 0.0030582076869904995, 0.003679795190691948, 0.002974280621856451, 0.004269708879292011, 0.0033798429649323225, 0.002564092166721821, 0.0025030423421412706, 0.0017875515623018146, 0.0022158885840326548, 0.0026895152404904366, 0.002424888778477907, 0.002455378184095025, 0.00206365087069571, 0.0023363265208899975, 0.002682046964764595, 0.0023074615746736526, 0.0028239877428859472, 0.0023711812682449818, 0.002682176884263754, 0.002261109184473753, 0.0035438889171928167, 0.0027904424350708723, 0.0041878377087414265, 0.002645169384777546, 0.002911993768066168, 0.0031667277216911316, 0.0019561494700610638, 0.0029254858382046223]

2022-04-27 04:35:41.982999