2022-04-27 04:57:55.935382

reference phi, theta, psi, translation: 132.9853677440357, -8.537735924097414e-07, 76.34363348549546, 2.865516185760498, 2.6707684993743896, 0.9517420530319214

phi,theta,psi,rot_x,rot_y,rot_z,phi_err,theta_err,psi_err
143.3552887910292,-3.0579185397180266,69.36864430507845,2.3124754428863525,2.981729030609131,1.6183615922927856,10.369921046993511,3.0579176859444344,6.974989180417012
142.66005749579196,-3.876270356191973,69.06698900038482,2.3498833179473877,2.944739580154419,1.6248555183410645,9.674689751756262,3.876269502418381,7.276644485110637
139.78626906288744,-6.793685450887209,67.56778296813454,2.4827847480773926,2.783874750137329,1.6653565168380737,6.800901318851743,6.793684597113617,8.775850517360922
139.78512159110687,-6.770089179936701,68.06446066419953,2.491020917892456,2.789146661758423,1.6402689218521118,6.799753847071173,6.770088326163108,8.27917282129593
139.48436104119455,-6.858724220348428,68.0285953408678,2.50639271736145,2.77510666847229,1.6390056610107422,6.498993297158847,6.858723366574836,8.315038144627664
139.31894751987517,-6.857774382161298,68.16435218081097,2.519001007080078,2.769324779510498,1.629470705986023,6.333579775839468,6.857773528387706,8.179281304684494
139.24321438235808,-7.045131330649889,68.33775702345925,2.5298995971679688,2.7618491649627686,1.6174319982528687,6.257846638322377,7.045130476876297,8.005876462036213
138.97847625012838,-7.471646932580227,68.53659066038749,2.5516860485076904,2.7464444637298584,1.6002434492111206,5.993108506092682,7.471646078806635,7.80704282510797
138.90680024497826,-7.649084378235541,68.58402632417322,2.554973840713501,2.7365121841430664,1.5972834825515747,5.921432500942558,7.649083524461949,7.759607161322236
138.8322145792417,-7.59024605735289,68.56945753067359,2.5547828674316406,2.728395938873291,1.5944644212722778,5.846846835206009,7.590245203579298,7.774175954821871
139.23607000448624,-7.221179608946027,68.60251564625645,2.5210306644439697,2.752474069595337,1.589442253112793,6.250702260450538,7.221178755172435,7.74111783923901
139.47406111592616,-6.839886355590053,68.48862907203566,2.4959802627563477,2.7642858028411865,1.5955758094787598,6.488693371890463,6.839885501816461,7.855004413459795
139.49576745710846,-6.476369810578415,68.31345521039235,2.4845807552337646,2.765498161315918,1.606209635734558,6.510399713072758,6.476368956804823,8.030178275103111
139.52896217647472,-6.3577648332832295,68.07018436272399,2.47868275642395,2.7648119926452637,1.622688889503479,6.543594432439022,6.357763979509637,8.273449122771467
139.5378550827741,-6.213446458355649,68.07971247661617,2.4737303256988525,2.7692759037017822,1.6239559650421143,6.552487338738388,6.2134456045820565,8.263921008879294
139.4677910022681,-6.18888634427741,67.98456794147789,2.4767277240753174,2.7618515491485596,1.6285853385925293,6.482423258232387,6.188885490503818,8.359065544017568
139.55191161208597,-6.2682696262200945,68.04024764359183,2.4755828380584717,2.76766300201416,1.6250154972076416,6.566543868050275,6.268268772446502,8.303385841903633
139.53169425214273,-6.152003850449698,68.06295802258212,2.4735426902770996,2.768402576446533,1.62443208694458,6.546326508107029,6.152002996676106,8.280675462913337
139.57897282157757,-6.186641347955094,68.04429794576964,2.4727492332458496,2.769336223602295,1.6256189346313477,6.593605077541866,6.186640494181502,8.299335539725817
139.6169076922278,-6.247497820437185,68.07966466529197,2.472574472427368,2.770885944366455,1.6231061220169067,6.631539948192113,6.247496966663593,8.263968820203488
139.6266338816059,-6.222388360509297,68.04092383231966,2.4709651470184326,2.771345853805542,1.6264686584472656,6.641266137570199,6.222387506735704,8.302709653175796
139.54617425318315,-6.274783052868145,68.02808307668003,2.4756603240966797,2.765303611755371,1.6264351606369019,6.560806509147454,6.2747821990945525,8.315550408815426
139.60804210668513,-6.264679452280407,68.04580058738705,2.472654104232788,2.7710726261138916,1.6255680322647095,6.622674362649434,6.264678598506815,8.29783289810841
139.5250006667561,-6.261635760788493,68.02632771806334,2.474994421005249,2.7658324241638184,1.6261957883834839,6.539632922720415,6.2616349070149,8.317305767432117
139.48317258827896,-6.1780734416070135,67.98318824326554,2.47599720954895,2.764946699142456,1.6299883127212524,6.497804844243262,6.178072587833421,8.360445242229915
139.51699568504887,-6.231530174884799,68.01580239655236,2.476710557937622,2.7659435272216797,1.6276746988296509,6.53162794101317,6.231529321111207,8.3278310889431
139.6046953139918,-6.238305048433379,68.08486926943952,2.4734132289886475,2.7712669372558594,1.6232246160507202,6.619327569956113,6.238304194659786,8.258764216055937
139.51030209966225,-6.2443509815410865,68.10176032725697,2.4783036708831787,2.767305612564087,1.6224349737167358,6.524934355626556,6.244350127767494,8.24187315823849
139.54210346043783,-6.186477993301161,68.07019802310234,2.473919153213501,2.769002676010132,1.6238799095153809,6.55673571640213,6.186477139527569,8.273435462393124
139.60300142707766,-6.169294730750846,68.04655873838492,2.4709441661834717,2.7711098194122314,1.6252031326293945,6.617633683041959,6.169293876977254,8.297074747110543
139.6019222571888,-6.238686458512253,68.03845130384012,2.472456693649292,2.7700161933898926,1.6260906457901,6.6165545131530905,6.23868560473866,8.30518218165534
139.6206233151363,-6.213676899148446,68.02103432145658,2.4708497524261475,2.77095365524292,1.6270389556884766,6.6352555711006005,6.213676045374854,8.322599164038877
139.51822511909947,-6.196400183056633,68.03289152985573,2.475214719772339,2.7666244506835938,1.6264057159423828,6.53285737506377,6.19639932928304,8.310741955639728
139.55389236694526,-6.192029005590555,68.0607791922369,2.4743640422821045,2.7692034244537354,1.6243674755096436,6.568524622909564,6.192028151816963,8.282854293258566
139.57865863287574,-6.229077394929585,68.07211730625912,2.473802328109741,2.769498825073242,1.6239361763000488,6.593290888840045,6.229076541155993,8.271516179236343
139.57729259504174,-6.223401549422449,68.06196764515248,2.47391939163208,2.7698283195495605,1.6248180866241455,6.591924851006041,6.223400695648857,8.281665840342981

Errors:
rotation,[20.402827913354958, 20.82760373928528, 22.370436433326283, 21.84901499453021, 21.672754808361347, 21.37063460891167, 21.308853577234885, 21.271797410007288, 21.330123186726745, 21.211267993607176, 21.212998854861983, 21.18358328716672, 21.016946944980692, 21.174807534720127, 21.029853952199737, 21.030374292753773, 21.138198482400412, 20.979004967696472, 21.079581111449187, 21.143005735059194, 21.1663632974817, 21.151139117057433, 21.18518585926466, 21.118573597167433, 21.036322674306597, 21.090988351067477, 21.116395980671836, 21.01115764163254, 21.016648318322822, 21.084002307129754, 21.16042229954709, 21.17153078051433, 21.039998659986537, 21.043407067985093, 21.093883609232382, 21.09699138699788]
translation,[0.07464079787699607, 0.07174791281419246, 0.053915890595572336, 0.05237527331400926, 0.05170846085449732, 0.051725551614652865, 0.04861238274564794, 0.045001355862553716, 0.039215639225766985, 0.03253651112278355, 0.025721562477832194, 0.020667679279570805, 0.018689724051207612, 0.021175713177699507, 0.021705122715578007, 0.020326923285639786, 0.022159164169544, 0.021184729914232037, 0.02181431384869459, 0.021759798927451612, 0.022440734316747424, 0.02116542808684052, 0.022922546398127963, 0.021023492114376374, 0.02255512993574804, 0.022741299320566455, 0.02257946113935727, 0.02254407232233291, 0.021603220569784476, 0.021758935867836726, 0.022289717180116853, 0.022331141255865994, 0.021782917092172838, 0.022207330736816466, 0.021893464793152795, 0.02254348129187811]
loss,
[0.15610401332378387, 0.14660747349262238, 0.08974568545818329, 0.09645809233188629, 0.09164926409721375, 0.08876629918813705, 0.09097889065742493, 0.09015710651874542, 0.08448551595211029, 0.08787351846694946, 0.0905221700668335, 0.09295140206813812, 0.08965612947940826, 0.08996408432722092, 0.09061583131551743, 0.08793745934963226, 0.09102728217840195, 0.08621277660131454, 0.08661161363124847, 0.0918983519077301, 0.0914178416132927, 0.0894542783498764, 0.08603997528553009, 0.08850212395191193, 0.0868319496512413, 0.08748547732830048, 0.09145332872867584, 0.08948121964931488, 0.08713895082473755, 0.09178003668785095, 0.08960892260074615, 0.08575501292943954, 0.08777686953544617, 0.0875425934791565, 0.08790363371372223, 0.09066395461559296]

2022-04-27 05:02:28.062466