2022-04-21 11:24:32.885619

reference phi, theta, psi, translation: 16.672973292337613, -0.0, 55.56417970941693, 0.9538894295692444, -3.184936285018921, 2.279534101486206

phi,theta,psi,rot_x,rot_y,rot_z,phi_err,theta_err,psi_err
26.607018987257597,-4.879078348390559,61.415046110949504,1.4386786222457886,-3.2383759021759033,2.121750593185425,9.934045694919984,4.879078348390559,5.850866401532571
26.060772900838533,-4.704055215684887,60.681729680900254,1.3979014158248901,-3.22513747215271,2.1638412475585938,9.38779960850092,4.704055215684887,5.117549971483321
24.200417201129238,-4.3296849065874925,56.80706923268416,1.225831389427185,-3.156405210494995,2.3613719940185547,7.527443908791625,4.3296849065874925,1.2428895232672232
22.116871409911433,-5.596071077353579,55.15904703879763,1.0139765739440918,-3.2186944484710693,2.380784273147583,5.44389811757382,5.596071077353579,0.40513267061930236
20.84998230944808,-1.4251794461907852,54.46441338511275,1.106570839881897,-3.1661393642425537,2.4053242206573486,4.177009017110468,1.4251794461907852,1.0997663243041842
16.901234799304852,0.8997369342152867,53.92314479905133,1.0057733058929443,-3.1642417907714844,2.4321086406707764,0.22826150696723957,0.8997369342152867,1.6410349103656046
17.09391272824362,-0.9371610317005413,54.025498598858555,0.9424870014190674,-3.1906168460845947,2.4117889404296875,0.420939435906007,0.9371610317005413,1.5386811105583789
17.07985449138444,0.21992968239274746,55.064168881036984,0.9958257675170898,-3.2030832767486572,2.3470687866210938,0.40688119904682907,0.21992968239274746,0.5000108283799491
16.748026826032294,-0.09678899760390763,54.94956513695334,0.9597916603088379,-3.1909701824188232,2.3433520793914795,0.07505353369468182,0.09678899760390763,0.6146145724635943
16.799159329706303,-0.1386406554711081,55.102493072469926,0.9597973227500916,-3.1863996982574463,2.3250060081481934,0.12618603736869005,0.1386406554711081,0.4616866369470074
16.688288284004074,-0.04346653648295318,55.2034466834973,0.9556540250778198,-3.1822009086608887,2.3094067573547363,0.015314991666460998,0.04346653648295318,0.36073302591963596
16.605728372411544,-0.065871410320657,55.38728464010278,0.9493666887283325,-3.1843461990356445,2.2940609455108643,0.06724491992606829,0.065871410320657,0.17689506931415622
16.662874857649747,-0.10543157410244754,55.38921075344872,0.9504437446594238,-3.1796913146972656,2.2907161712646484,0.01009843468786542,0.10543157410244754,0.17496895596821105
16.72429704130838,-0.1007554252699939,55.40856067936736,0.954067587852478,-3.178035259246826,2.288259744644165,0.0513237489707663,0.1007554252699939,0.15561903004957145
16.51863663030471,-0.07474570542024656,55.39477394252769,0.9428776502609253,-3.1772682666778564,2.2873525619506836,0.15433666203290386,0.07474570542024656,0.16940576688924125
16.7055925682663,-0.036650196570183605,55.617120505673704,0.9554445147514343,-3.1805202960968018,2.2733242511749268,0.032619275928688296,0.036650196570183605,0.052940796256770284
16.64982065859856,-0.02523185625020773,55.37832343191172,0.9502555727958679,-3.169567108154297,2.2855660915374756,0.023152633739051964,0.02523185625020773,0.18585627750521638
16.63810859171928,-0.1099255446590428,55.53358729212445,0.9490149021148682,-3.1793267726898193,2.2755820751190186,0.03486470061833202,0.1099255446590428,0.030592417292481855
16.566360869582883,0.01415257428133046,55.4882484964139,0.9501681327819824,-3.1774747371673584,2.2800071239471436,0.10661242275472915,0.01415257428133046,0.07593121300303096
16.672860594216306,-0.0730219764597277,55.615149996098154,0.9537450075149536,-3.1829185485839844,2.274292469024658,0.00011269812130620949,0.0730219764597277,0.0509702866812205
16.62026813760721,0.052782485690072586,55.540489198280746,0.9544991850852966,-3.177457809448242,2.2770845890045166,0.05270515473040405,0.052782485690072586,0.02369051113618781
16.631263034623636,-0.016947165046601206,55.49120255322993,0.9518960118293762,-3.17460298538208,2.279628276824951,0.04171025771397652,0.016947165046601206,0.07297715618700096
16.681418821246332,-0.044613655159555135,55.5150569889062,0.9535121917724609,-3.176684856414795,2.2778477668762207,0.008445528908719524,0.044613655159555135,0.049122720510730744
16.641043865515094,-0.11536601538017052,55.58158644651671,0.9486097097396851,-3.180178642272949,2.2744991779327393,0.031929426822518536,0.11536601538017052,0.017406737099776137
16.700876322644405,-0.01640976243814051,55.592043466136005,0.9574469327926636,-3.177908420562744,2.2749152183532715,0.027903030306791976,0.01640976243814051,0.027863756719071375
16.6157141089781,0.018810757750706043,55.561136860141694,0.952972412109375,-3.178849935531616,2.2753705978393555,0.05725918335951263,0.018810757750706043,0.0030428492752392344
16.646323601743514,-0.0835812996777756,55.542709009761,0.9501770734786987,-3.1793715953826904,2.2761499881744385,0.026649690594098274,0.0835812996777756,0.021470699655935732
16.640818469272485,-0.03188477673135677,55.592040051041415,0.9528027176856995,-3.1799843311309814,2.273125648498535,0.0321548230651274,0.03188477673135677,0.027860341624482032
16.601290456998328,0.013872758100703547,55.56183353943704,0.9521642327308655,-3.1774587631225586,2.274959087371826,0.07168283533928488,0.013872758100703547,0.0023461699798943414
16.60463554214434,-0.07794254658784186,55.537166311249536,0.9483849406242371,-3.1787428855895996,2.2765018939971924,0.06833775019327248,0.07794254658784186,0.027013398167397895
16.60343342885042,-0.009670524542702731,55.57753272924431,0.9513657093048096,-3.180446147918701,2.2755982875823975,0.06953986348719354,0.009670524542702731,0.013353019827377466
16.62202861886578,-0.05434769123318649,55.556680161708265,0.9508041143417358,-3.17903995513916,2.2743709087371826,0.0509446734718324,0.05434769123318649,0.007499547708668786
16.67992984000727,-0.05763127951546495,55.60257561783616,0.9541417956352234,-3.1793150901794434,2.27372670173645,0.0069565476696560324,0.05763127951546495,0.03839590841922558
16.60425475909811,0.0701915514125526,55.502752403116425,0.9528953433036804,-3.1769909858703613,2.278318166732788,0.06871853323950106,0.0701915514125526,0.06142730630050863
16.665943320134375,-0.03933737260281335,55.637928676980145,0.9542429447174072,-3.18179988861084,2.271757125854492,0.0070299722032380885,0.03933737260281335,0.07374896756321192
16.641132657974303,-0.020681619040623687,55.54608653830557,0.9524226784706116,-3.17801833152771,2.2761645317077637,0.031840634363309306,0.020681619040623687,0.018093171111360107

Errors:
rotation,[20.663990444843115, 19.20940479566913, 13.10001833864634, 11.4451018655467, 6.7019547876054375, 2.769033351548131, 2.8967815781649273, 1.1268217098195257, 0.7864571037621837, 0.7265133297868056, 0.41951455406905014, 0.31001139956088153, 0.290498964758524, 0.3076982042903317, 0.39848813434239166, 0.12221026875564218, 0.2342407674944761, 0.17538266256985668, 0.19669621003909057, 0.12410496126225441, 0.12917815155666446, 0.13163457894757868, 0.1021819045790054, 0.1647021793024652, 0.07217654946400387, 0.0791127903854579, 0.13170168992780962, 0.0918999414209662, 0.08790176341988276, 0.17329369494851224, 0.09256340785727374, 0.11279191241368768, 0.10298373560434657, 0.20033739095256228, 0.12011631236926336, 0.0706154245152931]
translation,[0.09908907901583852, 0.09656408030945673, 0.09702255733850684, 0.09879561661926584, 0.09616106029413718, 0.08459203379059321, 0.07801259312831554, 0.06278654075151291, 0.042541436759618634, 0.028428610738439275, 0.01523207202175314, 0.006701427330233933, 0.0013840945263909887, 0.00046071280902015843, 0.004215199751928189, 0.006630542411428131, 0.009567764086789055, 0.007819056464188456, 0.006504945423476016, 0.004591111068038778, 0.007148115354577378, 0.008578028092130374, 0.007560467572488072, 0.007853692770654064, 0.007318999688895822, 0.007380027005215339, 0.0071881343181923185, 0.007792736634762321, 0.008903139170466368, 0.007908609465789418, 0.006370238450171151, 0.008308143962742598, 0.007664667832332661, 0.007198578409701284, 0.00678909424721752, 0.007718064165037397]
loss,
[0.15374457836151123, 0.1453392654657364, 0.11151623725891113, 0.09725328534841537, 0.06664584577083588, 0.019650237634778023, 0.017364991828799248, 0.0066165439784526825, 0.008825230412185192, 0.005848884582519531, 0.0015420753043144941, 0.0021422242280095816, 0.0016889413818717003, 0.0015389835461974144, 0.0022179188672453165, 0.002910292474552989, 0.0018803447019308805, 0.0019530495628714561, 0.0020935055799782276, 0.0017167085316032171, 0.0016630294267088175, 0.0024987380020320415, 0.0022662817500531673, 0.002029390074312687, 0.0028315293602645397, 0.0019333846867084503, 0.0012823807774111629, 0.001843348960392177, 0.0016798819415271282, 0.0017832131125032902, 0.0015494727995246649, 0.0025344735477119684, 0.0023329476825892925, 0.0018214965239167213, 0.001869747182354331, 0.0014721984043717384]

2022-04-21 11:27:47.186567