2022-04-21 11:31:09.945155

reference phi, theta, psi, translation: -33.091320547511735, -0.0, 74.32085247222868, -2.1190009117126465, -3.251617431640625, 1.089412808418274

phi,theta,psi,rot_x,rot_y,rot_z,phi_err,theta_err,psi_err
-22.822884158753556,1.294954214858955,81.82337814338081,-1.5357718467712402,-3.6827800273895264,0.7731812596321106,10.268436388758179,1.294954214858955,7.502525671152128
-23.98168893069604,2.2029862902234156,81.85468773053614,-1.625445008277893,-3.6445555686950684,0.7422449588775635,9.109631616815694,2.2029862902234156,7.533835258307462
-26.83326388087239,4.545666611457199,81.01638446275463,-1.8359854221343994,-3.5469624996185303,0.6955435276031494,6.2580566666393445,4.545666611457199,6.69553199052595
-25.830303535222086,3.0490953305387136,77.77209241832276,-1.7427926063537598,-3.5342888832092285,0.9040154814720154,7.261017012289649,3.0490953305387136,3.451239946094077
-28.197414875116724,2.239383088228671,75.94395130583382,-1.8631165027618408,-3.4505324363708496,1.002211332321167,4.893905672395011,2.239383088228671,1.623098833605141
-32.01925405538653,1.3348161284527131,73.82879881423179,-2.027515172958374,-3.2972710132598877,1.1196401119232178,1.0720664921252023,1.3348161284527131,0.49205365799689105
-33.096921302631145,-0.18146031042353555,74.71961940654153,-2.1231133937835693,-3.26141095161438,1.0612969398498535,0.005600755119409939,0.18146031042353555,0.39876693431284593
-33.07341862169713,0.06124182291576765,74.3219179817392,-2.1164753437042236,-3.2551512718200684,1.0894429683685303,0.01790192581460559,0.06124182291576765,0.0010655095105249757
-33.203987932965674,0.10112395877476106,74.25244129750183,-2.121251344680786,-3.2471470832824707,1.0958411693572998,0.11266738545393906,0.10112395877476106,0.06841117472684743
-33.188602931860224,0.11172593391474103,74.24592529703364,-2.1153955459594727,-3.2443032264709473,1.0941359996795654,0.0972823843484889,0.11172593391474103,0.0749271751950431
-33.11582043606457,-0.031690971885277745,74.24847978778322,-2.1118597984313965,-3.2411906719207764,1.0902889966964722,0.024499888552831806,0.031690971885277745,0.07237268444545464
-32.98917506847419,0.004417196817543038,74.35279726697682,-2.1067185401916504,-3.247788429260254,1.086441159248352,0.10214547903754578,0.004417196817543038,0.03194479474814216
-32.99496365379578,0.06397167974207817,74.30828492415586,-2.105609178543091,-3.2477049827575684,1.0879876613616943,0.09635689371595646,0.06397167974207817,0.012567548072823342
-33.12953545591795,-0.05710834643226234,74.3591356825266,-2.1166865825653076,-3.2438364028930664,1.0853259563446045,0.038214908406217774,0.05710834643226234,0.03828321029791937
-33.171991911798756,0.07115841013653364,74.31870096264012,-2.1170411109924316,-3.242412805557251,1.0872701406478882,0.08067136428702071,0.07115841013653364,0.0021515095885575874
-33.09272073629158,0.13198874810533295,74.30711696180778,-2.1095335483551025,-3.2453527450561523,1.087544322013855,0.0014001887798471557,0.13198874810533295,0.01373551042090071
-33.17113472305792,0.00025087623810909497,74.2504195615075,-2.1179018020629883,-3.2420578002929688,1.0915969610214233,0.07981417554618275,0.00025087623810909497,0.07043291072118052
-33.175717779991,-0.06978856089449556,74.2261655597648,-2.118851900100708,-3.242173910140991,1.0949044227600098,0.08439723247926167,0.06978856089449556,0.09468691246388516
-33.199292177911296,0.05500332093388522,74.1963039727135,-2.118002414703369,-3.2416975498199463,1.0966949462890625,0.10797163039956104,0.05500332093388522,0.12454849951518554
-33.15155598580208,0.00063572987713465,74.23284548477307,-2.116605520248413,-3.2447729110717773,1.0944973230361938,0.06023543829034139,0.00063572987713465,0.0880069874556142
-33.161271929896415,-0.020264162111276025,74.23746952284117,-2.117643356323242,-3.2444140911102295,1.0935662984848022,0.06995138238468002,0.020264162111276025,0.0833829493875129
-33.262471427733914,0.02099142332030569,74.18508197190717,-2.1230862140655518,-3.241274833679199,1.0976859331130981,0.17115088022217861,0.02099142332030569,0.13577050032151305
-33.2330230671274,0.033018798618711626,74.21380974755624,-2.1202006340026855,-3.2414817810058594,1.0953888893127441,0.14170251961566294,0.033018798618711626,0.10704272467243925
-33.127353210478134,0.005654315092906902,74.22225869155955,-2.1137917041778564,-3.2424776554107666,1.094818353652954,0.03603266296639873,0.005654315092906902,0.09859378066913393
-33.08413177341029,-0.034555836020409535,74.36761877747576,-2.111210346221924,-3.2433204650878906,1.0842177867889404,0.007188774101443585,0.034555836020409535,0.04676630524707548
-33.12193345537173,0.012547229636191707,74.3283861708832,-2.113027572631836,-3.243048906326294,1.0863714218139648,0.030612907859996596,0.012547229636191707,0.007533698654526688
-33.17258613825654,-0.024010557937708024,74.2240891822571,-2.1161177158355713,-3.2405591011047363,1.0937306880950928,0.0812655907448061,0.024010557937708024,0.09676328997157668
-33.14456870228115,0.03884360895943283,74.24550865549426,-2.1134753227233887,-3.2412638664245605,1.0926567316055298,0.05324815476941325,0.03884360895943283,0.07534381673441715
-33.206511687863994,0.03648522654098763,74.21592710619895,-2.1175527572631836,-3.240043878555298,1.0949249267578125,0.11519114035225897,0.03648522654098763,0.10492536602973246
-33.10653820898252,-0.02809769600506949,74.31387201889693,-2.115337371826172,-3.243929862976074,1.08817720413208,0.015217661470785515,0.02809769600506949,0.006980453331749459
-33.10308896345166,0.04835406558652727,74.30097662174394,-2.1111207008361816,-3.243424415588379,1.0883044004440308,0.011768415939926058,0.04835406558652727,0.01987585048473761
-33.13822345654221,0.07694392116718118,74.29453575335661,-2.113831043243408,-3.2433526515960693,1.0888572931289673,0.04690290903047156,0.07694392116718118,0.026316718872067213
-33.05839562061769,0.06639071944849788,74.29937835747816,-2.109217882156372,-3.246145248413086,1.0897986888885498,0.032924926894047246,0.06639071944849788,0.02147411475051797
-33.201406121459414,-0.0036588339245191533,74.2495111463479,-2.118152379989624,-3.241097927093506,1.0914658308029175,0.11008557394767848,0.0036588339245191533,0.07134132588078046
-33.174751308223435,-0.01918853636937052,74.31070281112204,-2.11759614944458,-3.242262840270996,1.0887768268585205,0.08343076071169975,0.01918853636937052,0.010149661106638064
-33.11957362501349,-0.0013585644476657324,74.2904171492871,-2.1144769191741943,-3.2445273399353027,1.0899488925933838,0.02825307750175199,0.0013585644476657324,0.03043532294158524

Errors:
rotation,[19.06591627476926, 18.846453165346574, 17.499255268622495, 13.76135228892244, 8.756387594228823, 2.8989362785748067, 0.5858279998557914, 0.08020925824089822, 0.28220251895554754, 0.28393549345827307, 0.1285635448835642, 0.138507470603231, 0.17289612153085798, 0.13360646513639948, 0.15398128401211192, 0.14712444730608082, 0.15049796250547237, 0.2488727058376424, 0.2875234508486318, 0.14887815562309023, 0.17359849388346893, 0.32791280386399735, 0.2817640429068138, 0.14028075872843956, 0.0885109153689286, 0.05069383615071499, 0.2020394386540908, 0.16743558046326323, 0.25660173292297905, 0.050295810807604466, 0.07999833201119094, 0.15016354906971996, 0.1207897610930631, 0.1850857337529781, 0.11276895818770832, 0.06004696489100296]
translation,[0.03326186669987141, 0.027908362339029935, 0.0229511921608454, 0.011860974174270567, 0.016315219961118288, 0.0016863768062300721, 0.0025743895157370744, 0.0015331016593833624, 0.0006775019477434086, 0.006512833342821267, 0.011925243244932382, 0.010339644246873725, 0.010569986495108985, 0.008596328777826123, 0.009032508366495051, 0.010532172931874584, 0.007693812139624612, 0.006201585113571717, 0.006544922063154601, 0.005399932506423788, 0.005396347387020661, 0.0039374240384209, 0.005916999892299657, 0.008641721713932071, 0.012190715270544494, 0.010873465874039034, 0.009260745680699678, 0.010374333686953285, 0.008595647499314296, 0.008460390465764966, 0.011049525266804139, 0.009533760696073479, 0.009447735590479844, 0.00837087905089895, 0.008453681479294595, 0.007951294285805766]
loss,
[0.20965149998664856, 0.17624740302562714, 0.08484210073947906, 0.0653870478272438, 0.0592021569609642, 0.014445438981056213, 0.0028060502372682095, 0.001928234240040183, 0.0025383238680660725, 0.002315701451152563, 0.0015957060968503356, 0.0024163618218153715, 0.0013086553663015366, 0.0017770262202247977, 0.0015816825907677412, 0.0020879327785223722, 0.001699170097708702, 0.0012532169930636883, 0.0009233753080479801, 0.0008112091454677284, 0.0013462997740134597, 0.001456376165151596, 0.0014875789638608694, 0.0016856915317475796, 0.0015983262564986944, 0.0014348480617627501, 0.0012700448278337717, 0.0011805077083408833, 0.001788273686543107, 0.0023019579239189625, 0.0014507656451314688, 0.0011170655488967896, 0.0009910755325108767, 0.0011584785534068942, 0.0013764502946287394, 0.0014090265613049269]

2022-04-21 11:33:44.839019