2022-04-28 13:36:58.865971

reference phi, theta, psi, translation: -33.091320547511735, -0.0, 74.32085247222868, -2.1190009117126465, -3.251617431640625, 1.089412808418274

phi,theta,psi,rot_x,rot_y,rot_z,phi_err,theta_err,psi_err
-22.822884158753556,1.294954214858955,81.82337814338081,-1.5357718467712402,-3.6827800273895264,0.7731812596321106,10.268436388758179,1.294954214858955,7.502525671152128
-23.144408483742733,1.588241434552999,81.83815867274471,-1.549433946609497,-3.675818681716919,0.7744288444519043,9.946912063769002,1.588241434552999,7.517306200516032
-24.7042751335592,2.1595530819945576,81.79382391484216,-1.625978708267212,-3.646836757659912,0.7708286643028259,8.387045413952535,2.1595530819945576,7.472971442613485
-29.834505351236647,5.622243428788803,81.90246490378038,-1.8639039993286133,-3.536268949508667,0.7438921332359314,3.256815196275088,5.622243428788803,7.581612431551704
-34.32242799446068,8.067495842251695,81.2103140238588,-2.0708765983581543,-3.4202020168304443,0.7385768890380859,1.231107446948947,8.067495842251695,6.88946155163012
-36.39772291716111,11.365506403380424,81.3646284877769,-2.1938278675079346,-3.36332368850708,0.6895420551300049,3.3064023696493763,11.365506403380424,7.043776015548218
-36.840230382918726,10.754640320621327,80.85601845123189,-2.250617742538452,-3.294438362121582,0.7244215607643127,3.748909835406991,10.754640320621327,6.53516597900321
-39.77525146173242,13.939358477041113,81.60550193904656,-2.402606964111328,-3.1939384937286377,0.6234467029571533,6.6839309142206815,13.939358477041113,7.284649466817882
-36.40057452113959,12.247658832344538,83.42964056068188,-2.2693662643432617,-3.3131537437438965,0.5191994905471802,3.309253973627854,12.247658832344538,9.108788088453196
-36.75173845203204,14.360895921920179,84.51872788421875,-2.2852001190185547,-3.3167834281921387,0.42298465967178345,3.6604179045203082,14.360895921920179,10.197875411990069
-36.15493701292384,15.898035123298913,84.87869934404593,-2.2370526790618896,-3.3477091789245605,0.39291125535964966,3.063616465412103,15.898035123298913,10.557846871817247
-34.85835537259115,14.047635244376128,83.97731927927934,-2.172377824783325,-3.3771770000457764,0.47311627864837646,1.7670348250794135,14.047635244376128,9.656466807050663
-34.60124997675894,13.185703265609396,83.60441827135332,-2.161700963973999,-3.3771162033081055,0.507358968257904,1.509929429247208,13.185703265609396,9.283565799124645
-36.19223326088669,14.711282319023027,82.83305085743794,-2.218043565750122,-3.326622247695923,0.5493035316467285,3.100912713374953,14.711282319023027,8.51219838520926
-36.323338742005085,15.368271033340768,83.38716361423356,-2.219552755355835,-3.3334853649139404,0.4924548268318176,3.2320181944933495,15.368271033340768,9.066311142004878
-35.01112621375682,14.710201878983298,83.79795168148564,-2.164210319519043,-3.3730461597442627,0.478570818901062,1.9198056662450824,14.710201878983298,9.477099209256963
-34.92410618863627,14.637090640213728,84.49710350530648,-2.173035144805908,-3.3663177490234375,0.4292926788330078,1.8327856411245378,14.637090640213728,10.176251033077804
-35.36974529612834,15.485958923497455,85.12300838046811,-2.1893796920776367,-3.3543686866760254,0.3790382742881775,2.278424748616608,15.485958923497455,10.802155908239428
-35.180309999498036,15.598103456973702,84.57313717114707,-2.1615285873413086,-3.351914167404175,0.4185638427734375,2.0889894519863006,15.598103456973702,10.252284698918388
-34.63547263959529,14.140136674048742,84.65053687482165,-2.1519503593444824,-3.359402894973755,0.42239540815353394,1.5441520920835572,14.140136674048742,10.329684402592974
-34.242258649077655,13.330539085119657,85.21266827370287,-2.139946699142456,-3.371530055999756,0.3814246356487274,1.1509381015659201,13.330539085119657,10.891815801474195
-34.63637763966032,13.891735918191193,85.04045188397016,-2.1514062881469727,-3.3573906421661377,0.3969728946685791,1.545057092148582,13.891735918191193,10.719599411741484
-35.12483178796461,14.70706257412594,84.98611772912271,-2.1721479892730713,-3.339151620864868,0.39648669958114624,2.0335112404528743,14.70706257412594,10.665265256894031
-34.7188111927532,14.14054190887955,84.74658982511954,-2.1535141468048096,-3.3541784286499023,0.42396286129951477,1.6274906452414655,14.14054190887955,10.425737352890863
-34.45873124953746,14.068033462889819,85.08141935861191,-2.148009777069092,-3.3681139945983887,0.39586687088012695,1.3674107020257225,14.068033462889819,10.76056688638323
-34.44139964451855,13.71113000752862,85.0580054701371,-2.1470656394958496,-3.363863706588745,0.3933386206626892,1.3500790970068124,13.71113000752862,10.737152997908424
-34.60832263764449,14.270327361576907,85.43193100643862,-2.157245397567749,-3.3578877449035645,0.36310333013534546,1.517002090132756,14.270327361576907,11.111078534209938
-34.458533174051524,14.210665621350929,85.49370323729221,-2.1501219272613525,-3.3545472621917725,0.3581065833568573,1.3672126265397893,14.210665621350929,11.17285076506353
-33.37466411504054,13.320425105851474,85.4331672706784,-2.0898690223693848,-3.3948636054992676,0.3756498694419861,0.28334356752880296,13.320425105851474,11.112314798449717
-33.84832748869717,14.260200096979911,86.13503067959974,-2.1218695640563965,-3.37953782081604,0.32295462489128113,0.7570069411854377,14.260200096979911,11.814178207371057
-34.13119977317325,14.590621168553099,86.69652687088814,-2.146634101867676,-3.367488384246826,0.2800261378288269,1.0398792256615152,14.590621168553099,12.375674398659456
-34.35149727956826,14.18604511533274,86.81068665267573,-2.160806894302368,-3.3544986248016357,0.2725217938423157,1.2601767320565216,14.18604511533274,12.489834180447048
-34.5166205178479,14.447682404132022,86.86969265691548,-2.172015428543091,-3.343210220336914,0.2671700417995453,1.4252999703361624,14.447682404132022,12.548840184686796
-34.01922565192006,13.893616600890939,86.88140643134204,-2.1466784477233887,-3.3575491905212402,0.2766323685646057,0.9279051044083246,13.893616600890939,12.560553959113363
-34.1607300960498,14.062254392761366,87.03227847991846,-2.1582863330841064,-3.346264600753784,0.2649431526660919,1.0694095485380615,14.062254392761366,12.71142600768978
-34.13735377361543,14.402571917159712,87.23652845685852,-2.1538867950439453,-3.351106643676758,0.24411264061927795,1.0460332261036953,14.402571917159712,12.915675984629843

Errors:
rotation,[19.06591627476926, 19.05245969883803, 18.01956993856058, 16.460671056615595, 16.188064840830762, 21.715684788578017, 21.038716135031528, 27.907938858079675, 24.665700894425587, 28.219189238430555, 29.51949846052826, 25.471136876506204, 23.97919849398125, 26.32439341760724, 27.666600369838996, 26.107106754485343, 26.64612731441607, 28.566539580353492, 27.93937760787839, 26.013973168725272, 25.373292988159772, 26.15639242208126, 27.405839071472847, 26.193769907011877, 26.196011051298772, 25.798362102443857, 26.8984079859196, 26.750729012954245, 24.716083471829993, 26.831385245536406, 28.00617479287407, 27.936056027836308, 28.421822559154982, 27.382075664412625, 27.84308994898921, 28.36428112789325]
translation,[0.03326186669987141, 0.032382847218499045, 0.035491450452719064, 0.03491473678391532, 0.03480355036993643, 0.04321697858586493, 0.023916117409720883, 0.013923419798955727, 0.018139951816306343, 0.018822589530325118, 0.01435498240722044, 0.012185095907275567, 0.010563466377319308, 0.0046939854855141405, 0.0038494175685119814, 0.004992491412479261, 0.0014306125307834705, 0.007592906264947352, 0.020801074241387774, 0.01928453607080627, 0.01963657093413662, 0.023859557846514612, 0.02795999288282669, 0.022652907818444312, 0.01679861691989082, 0.021118385373140036, 0.02351601928624536, 0.03059754485456434, 0.02691069711293803, 0.027642272021275005, 0.027826540108188524, 0.031627087438184986, 0.035370574785727804, 0.03639617360490588, 0.04040456573133122, 0.04004706564250826]
loss,
[0.1824670135974884, 0.17846736311912537, 0.17456626892089844, 0.14256642758846283, 0.14999829232692719, 0.11277522891759872, 0.10691951960325241, 0.09684067964553833, 0.0929686650633812, 0.09457864612340927, 0.08786185085773468, 0.09277446568012238, 0.09900917857885361, 0.10722154378890991, 0.09088312089443207, 0.11172115802764893, 0.09677590429782867, 0.08637930452823639, 0.09682053327560425, 0.09056414663791656, 0.08794482052326202, 0.0870477706193924, 0.09967201948165894, 0.10877697169780731, 0.08151213824748993, 0.09986931085586548, 0.09084024280309677, 0.10088056325912476, 0.10298224538564682, 0.08647730201482773, 0.08750405162572861, 0.09230324625968933, 0.09433519095182419, 0.07816281169652939, 0.10100322961807251, 0.09276553243398666]

2022-04-28 13:39:28.752424