2022-04-27 08:37:41.697440

reference phi, theta, psi, translation: 175.36684180812657, -0.0, 39.4597479484966, 0.2069414258003235, 2.553555727005005, 3.112318754196167

phi,theta,psi,rot_x,rot_y,rot_z,phi_err,theta_err,psi_err
-174.60268024378553,2.426304892454245,32.24175771288345,-0.3459881842136383,2.1274664402008057,3.6064906120300293,10.030477948087878,2.426304892454245,7.217990235613151
-174.6634552670203,2.3592794329013183,32.34189853139959,-0.34125974774360657,2.1341755390167236,3.6038999557495117,9.969702924853095,2.3592794329013183,7.1178494170970055
-175.14984669819526,1.9398588699685668,33.433994553265855,-0.2969517707824707,2.216266393661499,3.5577025413513184,9.483311493678173,1.9398588699685668,6.025753395230744
-175.08523310864695,1.332100447233659,33.70297423297013,-0.2624388635158539,2.232402801513672,3.549027681350708,9.54792508322646,1.332100447233659,5.756773715526471
-176.0042760426072,0.5353009464290562,34.770751366296565,-0.1777510941028595,2.307631254196167,3.507995843887329,8.628882149266246,0.5353009464290562,4.6889965822000335
-178.86597504068078,-1.8652227884880603,36.38189053866502,0.09042058885097504,2.406759023666382,3.4531097412109375,5.767183151192626,1.8652227884880603,3.07785740983158
-178.09602147592358,-3.290282096996904,35.22551902161435,0.13945350050926208,2.3487539291381836,3.4887523651123047,6.537136715949828,3.290282096996904,4.2342289268822455
-178.2341552216979,-4.118382296692513,34.46932828803473,0.2032569944858551,2.301386594772339,3.5143957138061523,6.399002970175502,4.118382296692513,4.990419660461868
-179.11770849273077,-5.684275762824458,34.531633273643585,0.33333900570869446,2.310084819793701,3.5048041343688965,5.515449699142664,5.684275762824458,4.928114674853013
179.36134134042513,-7.259385610004361,34.09296095910493,0.48924368619918823,2.2833926677703857,3.5316474437713623,3.994499532298562,7.259385610004361,5.36678698939167
-179.74396853772924,-6.136563359654557,33.585061262233616,0.386528342962265,2.262274742126465,3.568434000015259,4.889189654144161,6.136563359654557,5.874686686262983
179.10052373677902,-7.300161769847324,34.22965695005898,0.5082388520240784,2.3030097484588623,3.5416908264160156,3.7336819286524587,7.300161769847324,5.230090998437618
177.5731021930674,-6.683851457483083,34.75139802528333,0.5205139517784119,2.3210248947143555,3.5394558906555176,2.2062603849408333,6.683851457483083,4.7083499232132695
175.46210928666991,-7.131657735503552,34.999914458234244,0.6300801634788513,2.3138585090637207,3.5280473232269287,0.09526747854334872,7.131657735503552,4.459833490262355
175.08304744811252,-7.432287312983328,35.690671979565145,0.6628828048706055,2.341358184814453,3.488703727722168,0.283794360014042,7.432287312983328,3.7690759689314532
174.93839770187,-6.949603344786386,36.59177542167034,0.6386100649833679,2.423004150390625,3.4232842922210693,0.4284441062565634,6.949603344786386,2.8679725268262573
174.18323832685505,-6.853946723173205,36.79327966256406,0.6527004241943359,2.488990545272827,3.3573036193847656,1.1836034812715184,6.853946723173205,2.666468285932538
175.0509182382568,-4.463647469520535,35.150267412433735,0.4755792021751404,2.394624948501587,3.428546905517578,0.3159235698697671,4.463647469520535,4.309480536062864
174.7093541382428,-3.56948282125955,36.06829264820764,0.4373515248298645,2.429075241088867,3.3758485317230225,0.6574876698837784,3.56948282125955,3.3914553002889605
175.0713951453885,-2.795956907471526,37.305769246557624,0.3788079619407654,2.4935302734375,3.2981274127960205,0.2954466627380725,2.795956907471526,2.153978701938975
174.87837399944394,-2.1276248617096667,37.5706030014357,0.3497886061668396,2.494621515274048,3.268359661102295,0.4884678086826284,2.1276248617096667,1.889144947060899
174.96291808099036,-0.7918993055662226,37.99302971103348,0.26982367038726807,2.5072078704833984,3.2283756732940674,0.4039237271362026,0.7918993055662226,1.4667182374631196
175.25810519653996,-0.3632173102789446,38.609160585492816,0.23275861144065857,2.5250961780548096,3.1806211471557617,0.10873661158660752,0.3632173102789446,0.8505873630037826
175.26840512180834,-0.3259518989320442,39.19513617476655,0.2307967245578766,2.543440580368042,3.1364188194274902,0.09843668631822311,0.3259518989320442,0.26461177373004574
175.30456414327438,-0.2901494033512348,39.421488643860776,0.22745737433433533,2.551745891571045,3.1194019317626953,0.06227766485218922,0.2901494033512348,0.03825930463582239
175.31147629471445,-0.36020588600793857,39.45289726875908,0.23044615983963013,2.5497233867645264,3.1135473251342773,0.05536551341211293,0.36020588600793857,0.006850679737517851
175.2168918350881,-0.07937420827640831,39.464354911091775,0.21921110153198242,2.550126791000366,3.1102278232574463,0.14994997303847413,0.07937420827640831,0.004606962595175901
175.30190036949807,-0.12647713474147576,39.54866676620641,0.2175368368625641,2.5536720752716064,3.105046033859253,0.06494143862849455,0.12647713474147576,0.08891881770981058
175.36379554375674,-0.14765480836570016,39.48455861065667,0.21606068313121796,2.5487565994262695,3.1077473163604736,0.0030462643698285774,0.14765480836570016,0.024810662160071217
175.32877033369292,-0.03870153618770251,39.55836221973325,0.21233585476875305,2.5535638332366943,3.1031334400177,0.03807147443365011,0.03870153618770251,0.09861427123664868
175.34367380646188,-0.0851855955520987,39.3924432644153,0.21265453100204468,2.545135498046875,3.1115245819091797,0.023168001664686244,0.0851855955520987,0.06730468408130008
175.4164699626359,-0.1534095998929366,39.55457829493306,0.2147974818944931,2.5547432899475098,3.1067798137664795,0.04962815450932112,0.1534095998929366,0.09483034643645993
175.29425055762766,-0.15239128614247086,39.447682419327776,0.2192985862493515,2.548187494277954,3.108558177947998,0.07259125049890258,0.15239128614247086,0.012065529168822309
175.29580784075844,-0.15097611337647932,39.49716372476993,0.2191479206085205,2.549152135848999,3.1057350635528564,0.07103396736812329,0.15097611337647932,0.0374157762733347
175.3476079954238,-0.08338931913457266,39.502030234553565,0.212687149643898,2.5494673252105713,3.1040663719177246,0.019233812702765363,0.08338931913457266,0.04228228605696671
175.33110625838907,-0.09663520622242384,39.56377855974507,0.21480363607406616,2.5518102645874023,3.10150408744812,0.035735549737495376,0.09663520622242384,0.10403061124846857

Errors:
rotation,[19.674773076155276, 19.446831774851418, 17.448923758877484, 16.636799245986587, 13.853179677895335, 10.710263349512266, 14.061647739828977, 15.507804927329882, 16.127840136820137, 16.620672131694594, 16.9004397000617, 16.2639346969374, 13.598461765637186, 11.686758704309256, 11.485157641928822, 10.246019977869206, 10.704018490377262, 9.089051575453166, 7.618425791432289, 5.245382272148573, 4.505237617453194, 2.6625412701655446, 1.3225412848693348, 0.6890003589803131, 0.3906863728392464, 0.42242207915756935, 0.23393114391005834, 0.2803373910797809, 0.17551173489559996, 0.1753872818580013, 0.17565828129808503, 0.2978681008387176, 0.23704806581019575, 0.2594258570179373, 0.14490541789430472, 0.23640136720838778]
translation,[0.170370405351016, 0.17116320530874152, 0.17092596102566304, 0.16983462145728545, 0.1715836642982156, 0.1789343260532128, 0.17689747406943734, 0.17466133474134793, 0.17972129792938407, 0.20275533694439662, 0.21163116716688002, 0.2239545480875007, 0.23335699482776828, 0.23478961034671464, 0.22239035706882415, 0.211234578006521, 0.1988332718652135, 0.17783043769099116, 0.15074111111721944, 0.12083855181673009, 0.09533011924128232, 0.06537036061697421, 0.0366270836667999, 0.013556588735493591, 0.00543064260696724, 0.00020192181217204563, 0.003137111851613028, 0.004980021586625583, 0.006090219508693373, 0.006801317995683398, 0.0056447735806504085, 0.0031104513575259674, 0.005649314054084975, 0.007226157285996848, 0.008660990614709263, 0.009039342599318267]
loss,
[0.09728461503982544, 0.09755458682775497, 0.09992767870426178, 0.10064860433340073, 0.10178186744451523, 0.09425772726535797, 0.0990808755159378, 0.08751945197582245, 0.09124396741390228, 0.08874915540218353, 0.08849611133337021, 0.08703280985355377, 0.08883105963468552, 0.08132396638393402, 0.08746340870857239, 0.07328375428915024, 0.04004251956939697, 0.032626815140247345, 0.03068787418305874, 0.02119121327996254, 0.019530750811100006, 0.010746859014034271, 0.005185150541365147, 0.0032025014515966177, 0.0029476145282387733, 0.003306142520159483, 0.004848872311413288, 0.0023666757624596357, 0.004240295849740505, 0.0035867642145603895, 0.002707549137994647, 0.003270162036642432, 0.00316499057225883, 0.003058705246075988, 0.0027669593691825867, 0.003564016427844763]

2022-04-27 08:42:08.308329