2022-04-27 08:19:47.266439

reference phi, theta, psi, translation: 164.57178246643477, -4.268868188959204e-07, 11.003265705708584, 0.2046843022108078, 0.7416750192642212, 3.957021951675415

phi,theta,psi,rot_x,rot_y,rot_z,phi_err,theta_err,psi_err
174.68706040079186,1.035587752499106,3.46078983121423,-0.0498787984251976,0.24902896583080292,4.223120212554932,10.115277934357096,1.035588179385925,7.542475874494354
173.88396675818177,0.26764600558365437,3.8040631860680234,0.0180863905698061,0.282681405544281,4.21968936920166,9.312184291747002,0.26764643247047326,7.1992025196405605
173.00243522314324,-2.0966039943809966,4.212457272016011,0.21247023344039917,0.3116556406021118,4.211926460266113,8.430652756708469,2.096603567494178,6.790808433692573
172.68619746457165,-1.49489812462345,4.107913969692973,0.15514452755451202,0.32269713282585144,4.223839282989502,8.11441499813688,1.494897697736631,6.895351736015611
171.11730301221974,-1.9844139515935686,4.449411048475739,0.19017022848129272,0.3462224006652832,4.216497898101807,6.545520545784967,1.9844135247067496,6.553854657232844
170.0999053542113,-3.240771886007591,4.313798496278783,0.27262696623802185,0.2915668189525604,4.209391117095947,5.528122887776533,3.240771459120772,6.689467209429801
166.08913631130977,-7.650832695022422,5.13108826019193,0.6147487759590149,0.2351660430431366,4.1545915603637695,1.5173538448750037,7.650832268135603,5.8721774455166535
163.92824204283616,-6.909889797166081,4.753867157615881,0.5739632248878479,0.1913142204284668,4.125864505767822,0.6435404235986084,6.909889370279262,6.249398548092703
164.1084907350328,-3.382226110687622,4.006497613349331,0.31404176354408264,0.20375919342041016,4.091805458068848,0.46329173140196644,3.382225683800803,6.996768092359253
164.33570380796246,-0.9515316182375695,7.048113612558001,0.2025206983089447,0.4590405523777008,4.032557487487793,0.2360786584723087,0.9515311913507506,3.9551520931505832
164.50708691461642,-0.642852274089137,10.161047885759006,0.23565234243869781,0.6743207573890686,3.9784271717071533,0.06469555181834608,0.6428518472023181,0.8422178199495782
164.53000902947096,-0.42598278785021804,11.313740492167977,0.24083757400512695,0.7544493079185486,3.9423906803131104,0.04177343696380831,0.42598236096339914,0.31047478645939286
164.5512782385464,-0.1937046543874763,11.3365917438099,0.2255270779132843,0.7609779834747314,3.9496331214904785,0.02050422788838091,0.1937042275006574,0.33332603810131545
164.57951424057524,-0.24744982576897587,10.719131543783346,0.21838074922561646,0.7207003235816956,3.964895248413086,0.007731774140466996,0.24744939888215697,0.28413416192523755
164.57163220227304,-0.31658162964580666,10.927753695565862,0.22635677456855774,0.7325372695922852,3.962334156036377,0.00015026416173213875,0.31658120275898777,0.07551201014272202
164.5647883527247,-0.23344300975668592,10.966033490769199,0.22195808589458466,0.7355448007583618,3.9575371742248535,0.006994113710078409,0.23344258286986702,0.03723221493938489
164.6070808840654,-0.13076154313830796,11.109777383173055,0.2166469395160675,0.747966468334198,3.9540858268737793,0.03529841763062791,0.13076111625148906,0.10651167746447143
164.53078767103636,-0.3160932300738797,11.139727762683561,0.2309301793575287,0.7458833456039429,3.9521005153656006,0.04099479539840445,0.3160928031870608,0.13646205697497749
164.49945076312434,-0.437691484702144,11.048852095776542,0.23691493272781372,0.7360959649085999,3.9533183574676514,0.07233170331042515,0.4376910578153251,0.045586390067958504
164.57010223989894,-0.30001565426949633,11.088827485441334,0.22808995842933655,0.7444103360176086,3.956972360610962,0.0016802265358251134,0.30001522738267744,0.0855617797327497
164.55798548431136,-0.21237866747465203,11.01215178181877,0.22155439853668213,0.740451991558075,3.9585304260253906,0.013796982123409407,0.21237824058783314,0.008886076110186991
164.55802646544637,-0.28245378096640755,10.982141638153028,0.22502383589744568,0.7367101311683655,3.959118127822876,0.013756000988394135,0.28245335407958866,0.02112406755555618
164.52883423693373,-0.318408384844054,10.799568974091294,0.22496560215950012,0.723587691783905,3.9589548110961914,0.04294822950103594,0.3184079579572351,0.20369673161729018
164.48654170559303,-0.3606247614318619,10.855477487542434,0.22939956188201904,0.7259553074836731,3.9603772163391113,0.08524076084174226,0.360624334545043,0.1477882181661503
164.5825058634317,-0.2532583448438525,10.972336047825827,0.22250191867351532,0.7358439564704895,3.9575483798980713,0.01072339699692293,0.2532579179570336,0.0309296578827567
164.606944280282,-0.3679216215018088,10.735446304389567,0.22625276446342468,0.7183499932289124,3.964414119720459,0.03516181384722472,0.3679211946149899,0.2678194013190165
164.56941922098196,-0.2780656798600413,10.876095267325763,0.2232724130153656,0.7296918034553528,3.959810733795166,0.0023632454528126345,0.27806525297322243,0.12717043838282116
164.61434820534228,-0.2602336408818865,11.011408144972885,0.22357431054115295,0.7395554780960083,3.9591267108917236,0.042565738907512696,0.2602332139950676,0.008142439264300805
164.6320657160493,-0.22961183377917016,10.930108403282224,0.21962012350559235,0.7335057258605957,3.9575815200805664,0.060283249614542456,0.22961140689235127,0.07315730242635965
164.46801823256394,-0.3342583563329538,11.167344778818862,0.23354272544384003,0.7475992441177368,3.953657865524292,0.10376423387083378,0.3342579294461349,0.16407907311027792
164.58144035392118,-0.3662482614041395,10.965127636930525,0.2302081435918808,0.7339375019073486,3.95939040184021,0.009657887486412164,0.3662478345173206,0.03813806877805881
164.55361416324254,-0.2592935775386862,10.948893984820698,0.22284230589866638,0.7348625063896179,3.9596598148345947,0.018168303192226176,0.2592931506518673,0.054371720887886
164.54869642704014,-0.223430645769733,10.986167180895103,0.2217235416173935,0.7381858825683594,3.9561960697174072,0.023086039394627278,0.22343021888291412,0.01709852481348051
164.52235921760055,-0.24215368927622502,10.933987096957145,0.2221708744764328,0.7343910932540894,3.9576852321624756,0.04942324883421634,0.24215326238940613,0.06927860875143921
164.51487333027023,-0.3070591442882684,10.933041115757097,0.22721107304096222,0.7329951524734497,3.959014415740967,0.05690913616453486,0.3070587174014495,0.0702245899514864
164.5723425419467,-0.3491504514765945,10.825019966486053,0.22644439339637756,0.7248085141181946,3.960786819458008,0.0005600755119417045,0.3491500245897756,0.17824573922253073

Errors:
rotation,[18.693341988237375, 16.779033243858034, 17.31806475789522, 16.504664431889122, 15.08378872772456, 15.458361556327105, 15.04036355852726, 13.802828341970574, 10.842285507562023, 5.142761942973642, 1.5497652189702424, 0.7782305843866003, 0.5475344934903538, 0.5393153349478615, 0.3922434770634419, 0.2776689115193303, 0.2725712113465884, 0.4935496555604427, 0.5556091511937087, 0.38725723365125225, 0.23506129882142954, 0.317333422623539, 0.5650529190755612, 0.5936533135529356, 0.29491097283671325, 0.6709024097812311, 0.4075989368088562, 0.3109413921668811, 0.36305195893325337, 0.6021012364272467, 0.4140437907817916, 0.3318331747319795, 0.26361478309102193, 0.3608551199750617, 0.43419244351747077, 0.527955839324248]
translation,[0.19962134480110283, 0.19805710335375348, 0.19765311483053072, 0.2078593680065799, 0.20383145105919453, 0.19714618958079289, 0.1752769461734296, 0.1388582484799743, 0.07776534652669387, 0.03252127396212323, 0.010915540067512275, 0.009979716479046274, 0.002537119589421266, 0.004647781571467391, 0.004703131862988208, 0.00029665627524178007, 0.0010936092060997993, 0.0026342455226568973, 0.0028920679594710563, 0.001711541269736827, 0.0021475127537575744, 0.00223122261951314, 0.00030865459572293474, 0.0017637278477291574, 0.0003922268108071947, 0.004189714858590321, 0.001537926123769573, 0.002679731430578869, 0.00015939860152158758, 0.0006379452105367278, 0.0022855821552445477, 0.002304802244848858, 0.0005499027860587091, 0.00024339201106826636, 0.0015751424388650292, 0.0017927034069273873]
loss,
[0.09431057423353195, 0.0822824016213417, 0.08025585114955902, 0.07870973646640778, 0.07867758721113205, 0.07014292478561401, 0.04868104308843613, 0.03137114271521568, 0.016169706359505653, 0.007802191656082869, 0.002827247604727745, 0.0025609389413148165, 0.00230246945284307, 0.002351602539420128, 0.003100281348451972, 0.0025113564915955067, 0.0023474865593016148, 0.0021853032521903515, 0.002973609371110797, 0.003620075760409236, 0.002903982996940613, 0.0021762254182249308, 0.002849765820428729, 0.0028135019820183516, 0.00264611653983593, 0.0029308635275810957, 0.002194869564846158, 0.0030907641630619764, 0.0024283817037940025, 0.003675997955724597, 0.0023802511859685183, 0.001398342428728938, 0.00190595886670053, 0.002273858990520239, 0.0028815632686018944, 0.002356400480493903]

2022-04-27 08:24:11.049715