2022-04-27 08:28:43.010453

reference phi, theta, psi, translation: -86.91639066027085, -0.0, 34.793557367935236, -2.296917200088501, -0.12373751401901245, 3.3104169368743896

phi,theta,psi,rot_x,rot_y,rot_z,phi_err,theta_err,psi_err
-76.53055527251121,6.8177051513072,38.18892636661862,-2.336111545562744,-0.9462913274765015,3.345968008041382,10.385835387759641,6.8177051513072,3.395368998683381
-75.90488945397053,5.305316469195646,39.096405790314016,-2.4267618656158447,-0.912224531173706,3.286905527114868,11.011501206300323,5.305316469195646,4.30284842237878
-78.6575854630799,6.79698767131029,39.40681056733442,-2.526271343231201,-0.9067798852920532,3.1964850425720215,8.258805197190952,6.79698767131029,4.613253199399182
-82.23490387106324,8.560856836588128,36.52927577567014,-2.3732833862304688,-0.8263351917266846,3.3014068603515625,4.681486789207611,8.560856836588128,1.7357184077349075
-83.52161588804526,5.994257083509895,34.36035603492176,-2.2662572860717773,-0.6213340163230896,3.376129388809204,3.3947747722255883,5.994257083509895,0.4332013330134785
-85.2730881271008,2.8822683835570033,33.55746729798676,-2.2278833389282227,-0.3473251760005951,3.3867745399475098,1.6433025331700435,2.8822683835570033,1.2360900699484745
-87.03940919741196,-0.1754123475677128,35.18709920753303,-2.3129942417144775,-0.11190827190876007,3.289212703704834,0.12301853714110678,0.1754123475677128,0.39354183959779476
-86.80924548276086,0.13995819417054758,34.83942550330646,-2.2931785583496094,-0.1385001242160797,3.3046391010284424,0.10714517750999164,0.13995819417054758,0.04586813537122225
-86.87719220462415,0.15587322743807389,34.85395673076566,-2.294377088546753,-0.1356983780860901,3.3053040504455566,0.039198455646697994,0.15587322743807389,0.0603993628304238
-86.84753552324796,0.05898410188911945,34.853690353388025,-2.295215129852295,-0.13103243708610535,3.3054139614105225,0.06885513702289359,0.05898410188911945,0.060132985452789
-86.94790515310129,-0.030537204863484376,34.91147375376634,-2.298579692840576,-0.12176472693681717,3.301539659500122,0.03151449283043917,0.030537204863484376,0.11791638583110142
-86.87165292120727,0.11273314015410771,34.868593826156996,-2.2958457469940186,-0.13269102573394775,3.304124593734741,0.04473773906357792,0.11273314015410771,0.07503645822175997
-86.90383677257637,0.021082067135682274,34.910357017837036,-2.298349142074585,-0.12788261473178864,3.3021984100341797,0.012553887694480181,0.021082067135682274,0.11679964990180025
-86.95551398383668,0.06134014552276651,34.86085522182737,-2.2960293292999268,-0.1257329285144806,3.3032233715057373,0.039123323565831924,0.06134014552276651,0.0672978538921356
-86.81658110592946,0.06075749840555848,34.92655822654831,-2.2992055416107178,-0.1315988004207611,3.302561044692993,0.09980955434139105,0.06075749840555848,0.1330008586130731
-86.9196145095591,0.07006746607007254,34.81849438859495,-2.2942535877227783,-0.1287742555141449,3.3062944412231445,0.003223849288247038,0.07006746607007254,0.024937020659713482
-86.86971314748298,0.01709107330675774,34.869946203612656,-2.296077013015747,-0.12807877361774445,3.3044400215148926,0.04667751278786625,0.01709107330675774,0.07638883567742027
-86.85687922203253,0.03754242450496751,34.888718978546436,-2.2974674701690674,-0.1287989318370819,3.3030996322631836,0.05951143823831728,0.03754242450496751,0.09516161061119988
-86.98644791058767,0.08168464283473742,34.824303464484046,-2.2939462661743164,-0.12752193212509155,3.30509352684021,0.07005725031682175,0.08168464283473742,0.030746096548810442
-86.95814360666714,-0.011668048152959621,34.80747729346372,-2.292767286300659,-0.1225564107298851,3.306577205657959,0.04175294639628646,0.011668048152959621,0.013919925528483645
-86.92145183044583,0.03085718869560888,34.92105650917186,-2.299389123916626,-0.1271555870771408,3.3020448684692383,0.005061170174982976,0.03085718869560888,0.1274991412366262
-86.90822858421268,0.02941274283460958,34.86962859981625,-2.2965831756591797,-0.12599964439868927,3.3042638301849365,0.008162076058169987,0.02941274283460958,0.07607123188101639
-86.99174130719443,0.03939543464866861,34.94625990720921,-2.300910234451294,-0.12449434399604797,3.2999978065490723,0.07535064692358162,0.03939543464866861,0.15270253927397448
-86.92072783039382,0.07398704966479146,34.81993897360441,-2.2925426959991455,-0.12863744795322418,3.3051228523254395,0.004337170122965972,0.07398704966479146,0.02638160566917236
-86.83807571124748,0.12124006830030823,34.84568537168077,-2.2943239212036133,-0.13511556386947632,3.305957794189453,0.07831494902336544,0.12124006830030823,0.052128003745536944
-86.92606903832475,0.054882632515368006,34.909701319676714,-2.2983086109161377,-0.1277933567762375,3.302727699279785,0.00967837805390559,0.054882632515368006,0.11614395174147774
-86.98508870294283,0.020892046080139618,34.81277752025965,-2.29266357421875,-0.1232377141714096,3.304934501647949,0.06869804267198276,0.020892046080139618,0.019220152324415096
-86.8332194467476,0.1145216586658009,34.88658112933622,-2.2964515686035156,-0.1353856921195984,3.3031842708587646,0.08317121352324364,0.1145216586658009,0.09302376140098545
-86.79245687778096,0.23278192210104992,34.84961273045353,-2.2947771549224854,-0.14418134093284607,3.305623769760132,0.1239337824898854,0.23278192210104992,0.05605536251829335
-86.85909903351278,0.14042487870447404,34.821349407668016,-2.2934772968292236,-0.13578371703624725,3.306598424911499,0.05729162675807231,0.14042487870447404,0.027792039732780438
-86.95458507810956,-0.012688499778276591,34.85291171182264,-2.2949748039245605,-0.12309354543685913,3.304359197616577,0.03819441783871014,0.012688499778276591,0.05935434388740646
-86.94069247333776,0.10658976248026361,34.88349729892596,-2.296473979949951,-0.13006114959716797,3.302760362625122,0.024301813066912814,0.10658976248026361,0.08993993099072384
-86.90812613137514,-0.001331743955453471,34.853724504333876,-2.2947475910186768,-0.12455189228057861,3.303598165512085,0.008264528895708168,0.001331743955453471,0.0601671363986398
-86.87005465694149,0.1225944827455391,34.91445513133905,-2.2979886531829834,-0.1337151825428009,3.3033924102783203,0.04633600332935828,0.1225944827455391,0.12089776340381064
-86.91877439629118,0.027186914822741343,34.82745559678601,-2.2936367988586426,-0.1259695291519165,3.305325508117676,0.0023837360203344815,0.027186914822741343,0.03389822885077365
-86.94403243584189,0.04187658543218063,34.874901505855505,-2.296335458755493,-0.12601342797279358,3.3029277324676514,0.027641775571041194,0.04187658543218063,0.08134413792026862

Errors:
rotation,[20.598909537750224, 20.61966609787475, 19.669046067900425, 14.978062033530646, 9.822233188748962, 5.761660986675521, 0.6919727243066143, 0.29297150705176145, 0.25547104591519565, 0.18797222436480204, 0.17996808352502497, 0.2325073374394456, 0.1504356047319627, 0.16776132298073404, 0.29356791136002264, 0.09822833601803306, 0.14015742177204427, 0.19221547335448466, 0.1824879897003696, 0.06734092007772972, 0.16341750010721806, 0.11364605077379596, 0.2674486208462247, 0.10470582545692979, 0.2516830210692106, 0.18070496231075134, 0.10881024107653747, 0.29071663359002997, 0.4127710671092287, 0.2255085451953268, 0.11023726150439318, 0.22083150653790026, 0.06976340924980144, 0.289828249478708, 0.06346887969384947, 0.15086249892349046]
translation,[0.1579505536533441, 0.15516719799137846, 0.14281571087074774, 0.11791815484245305, 0.0822915768025716, 0.03757372530607839, 0.008519504457887628, 0.006394115140326839, 0.0052606140553095315, 0.004847270032768414, 0.006397891367489805, 0.0054917766584701155, 0.005799423194950748, 0.006350097641467656, 0.00489317212488416, 0.004745214683174126, 0.005250363163492366, 0.005534106980819686, 0.005946313831358019, 0.005553781397035884, 0.005354500520113881, 0.005171874868614701, 0.00624721385554583, 0.006686455329312224, 0.0047737587305389795, 0.0053911807431825665, 0.006941258448617482, 0.005828198760839953, 0.004475292758367111, 0.004707562363587492, 0.0061007766194736135, 0.006338846881107862, 0.006810220393476563, 0.004836147089718246, 0.005981062028065587, 0.006409301742119844]
loss,
[0.13774049282073975, 0.10077451169490814, 0.05274852365255356, 0.039948396384716034, 0.026265759021043777, 0.013277299702167511, 0.0011594180250540376, 0.0020879574585705996, 0.0023280344903469086, 0.0012484256876632571, 0.001393494545482099, 0.0011845361441373825, 0.0015673032030463219, 0.001447507063858211, 0.0013858632883056998, 0.0011129663325846195, 0.0013159377267584205, 0.0011733797146007419, 0.0018248895648866892, 0.0011404736433178186, 0.0011150070931762457, 0.0015038594137877226, 0.001439577667042613, 0.0012489187065511942, 0.0017342068022117019, 0.0013289880007505417, 0.0014382664812728763, 0.0011984300799667835, 0.0013763138558715582, 0.0011622095480561256, 0.000890346709638834, 0.0010250713676214218, 0.0010310563957318664, 0.0013082249788567424, 0.0014284243807196617, 0.0011277428129687905]

2022-04-27 08:33:09.189610