2022-04-19 16:14:41.817807

reference phi, theta, psi, translation: -139.02455270626928, -8.537736090602699e-07, 56.38966954231551, -2.2014424800872803, 2.5346622467041016, 2.231398344039917

phi,theta,psi,rot_x,rot_y,rot_z,phi_err,theta_err,psi_err
-129.04008655489625,6.852725648450977,53.065809209147574,-2.6847352981567383,1.8050535917282104,2.604990243911743,9.984466151373027,6.852726502224586,3.3238603331679357
-129.1044679180128,7.528346899916914,52.49472343226447,-2.69736647605896,1.7854762077331543,2.614426612854004,9.920084788256474,7.5283477536905234,3.8949461100510376
-131.66210055461576,9.371205079705222,52.31574174015887,-2.7480921745300293,1.89129638671875,2.525102376937866,7.362452151653514,9.37120593347883,4.073927802156639
-133.84649067383424,7.105894103945725,53.25761799651446,-2.6324052810668945,2.0673887729644775,2.5078601837158203,5.178062032435037,7.105894957719334,3.1320515458010476
-134.06665499154042,5.128246624601485,54.18602511982678,-2.5912511348724365,2.18776273727417,2.455836296081543,4.957897714728858,5.128247478375094,2.203644422488729
-135.63869133091055,3.5853465085984313,54.841149544257725,-2.4950320720672607,2.34165358543396,2.4155495166778564,3.385861375358729,3.5853473623720404,1.5485199980577846
-137.34756368011273,2.3944648918770586,54.75630834948241,-2.3805959224700928,2.4422733783721924,2.4200398921966553,1.6769890261565479,2.3944657456506677,1.6333611928330996
-136.8746550423594,1.8052462160748073,54.54684352311104,-2.3693861961364746,2.4328885078430176,2.426295518875122,2.149897663909883,1.8052470698484164,1.842826019204466
-137.01695520352743,2.0003456046234884,55.11779611130534,-2.3828749656677246,2.44490909576416,2.3883190155029297,2.007597502741845,2.0003464583970976,1.271873431010171
-137.28868744946723,2.178352751349775,55.171559945357096,-2.3738393783569336,2.449331521987915,2.3778138160705566,1.7358652568020432,2.1783536051233843,1.2181095969584135
-137.38941907934657,1.7860006791399081,54.97417772362748,-2.349046230316162,2.4543309211730957,2.386533260345459,1.635133626922709,1.7860015329135173,1.4154918186880323
-137.60299909469288,1.4467048002085259,55.13236831989956,-2.3354544639587402,2.4738993644714355,2.3741705417633057,1.4215536115763996,1.446705653982135,1.257301222415947
-137.35283658615197,1.761978409896788,55.22947311932963,-2.3493998050689697,2.4490559101104736,2.365358591079712,1.6717161201173099,1.761979263670397,1.1601964229858766
-137.70038393187892,1.4044329528706363,55.4857452320831,-2.323834180831909,2.478950023651123,2.3397839069366455,1.3241687743903583,1.4044338066442454,0.9039243102324122
-137.83278031875042,1.416938105037862,55.59912978739989,-2.316457509994507,2.4814484119415283,2.3326330184936523,1.1917723875188528,1.4169389588114711,0.7905397549156206
-137.91589006057114,1.1856572239133825,55.573820521430406,-2.3019063472747803,2.484879493713379,2.3263468742370605,1.108662645698132,1.1856580776869916,0.8158490208851035
-138.09302418650626,0.916917004767929,55.54472733066074,-2.2817320823669434,2.4923691749572754,2.3217461109161377,0.9315285197630203,0.9169178585415381,0.844942211654768
-138.11747626373491,0.8930989268619641,55.57680189900312,-2.275358200073242,2.488218307495117,2.3168118000030518,0.9070764425343611,0.8930997806355732,0.8128676433123871
-138.3011946920299,0.8255790684793917,55.826786822625586,-2.2686972618103027,2.4982805252075195,2.29386830329895,0.7233580142393805,0.8255799222530007,0.5628827196899238
-138.4290421729142,0.4429725989846422,55.81525404821202,-2.245798110961914,2.5077250003814697,2.2898006439208984,0.5955105333550819,0.44297345275825123,0.5744154941034907
-138.65849554789162,0.5026680158627352,56.055283971119195,-2.2394940853118896,2.5158133506774902,2.2696263790130615,0.3660571583776573,0.5026688696363443,0.3343855711963144
-138.65609132130376,0.4057786392320611,56.14682558147029,-2.234191417694092,2.5165014266967773,2.2605133056640625,0.3684613849655136,0.4057794930056701,0.24284396084522086
-138.7424112520344,0.19329740321127162,55.9523530203271,-2.2156317234039307,2.514767646789551,2.266498565673828,0.2821414542348748,0.19329825698488068,0.4373165219884072
-138.9220042460707,0.1814105055299432,56.21821471867526,-2.212719202041626,2.528571844100952,2.249182939529419,0.10254846019856245,0.18141135930355226,0.17145482364024645
-138.78740853828643,0.23820798552505362,56.21878845456554,-2.2175447940826416,2.5180113315582275,2.247039794921875,0.23714416798284788,0.23820883929866268,0.17088108774996869
-138.82502922023485,0.13544828735259504,56.29164949753665,-2.2121896743774414,2.5213959217071533,2.24128794670105,0.1995234860344226,0.1354491411262041,0.09802004477885617
-139.05450991596896,0.07527621053233537,56.32421925459386,-2.2007999420166016,2.5308566093444824,2.234938621520996,0.029957209699688292,0.07527706430594443,0.06545028772165296
-138.98989632642065,0.16190159699595172,56.35335001140396,-2.206470012664795,2.527881622314453,2.2346723079681396,0.03465637984862724,0.16190245076956078,0.03631953091154827
-138.98635828843058,0.1634288588705185,56.3055796683489,-2.2048254013061523,2.525862455368042,2.23880934715271,0.03819441783869593,0.16342971264412756,0.0840898739666116
-139.00235459146674,0.07222492001528145,56.20514515169844,-2.1988892555236816,2.525855779647827,2.2433602809906006,0.022198114802534974,0.07222577378889052,0.18452439061707082
-139.01765421520756,0.13663076846449645,56.32371723568986,-2.20224666595459,2.5275821685791016,2.236316680908203,0.006898491061718914,0.13663162223810552,0.06595230662564688
-138.99563368532344,0.026040870849477857,56.27839893054683,-2.1982996463775635,2.5279173851013184,2.237912654876709,0.028919020945835427,0.026041724623086918,0.11127061176868125
-139.0523379158129,0.04641561922702976,56.37216376747276,-2.199284553527832,2.533047914505005,2.231227397918701,0.02778520954362307,0.04641647300063882,0.01750577484274629
-138.97471964608488,0.06441809816176912,56.31048032907838,-2.2018754482269287,2.5265390872955322,2.2355246543884277,0.04983306018439748,0.06441895193537818,0.0791892132371288
-138.97500651403,0.06735744489200801,56.309961234701454,-2.201627254486084,2.526236057281494,2.236520528793335,0.049546192239262155,0.06735829866561707,0.07970830761405523
-139.02740772534236,0.07040339596642647,56.35602061536944,-2.2005696296691895,2.529689311981201,2.2326595783233643,0.0028550190730811664,0.07040424974003553,0.033648926946071356

Errors:
rotation,[20.161052986765547, 21.343378651998037, 20.807585887288983, 15.416008535955418, 12.289789615592682, 8.519728735788554, 5.704815964640315, 5.797970752962765, 5.279817392149114, 5.1323284588838405, 4.836626978524259, 4.125560487974481, 4.593891806773583, 3.632526891267016, 3.3992511012459445, 3.110169744270227, 2.6933885899593264, 2.6130438664823217, 2.1118206561823047, 1.6128994802168237, 1.2031115992103159, 1.0170848388164047, 0.9127562332081627, 0.45541464314236113, 0.6462340950314792, 0.4329926719394829, 0.1706845617272857, 0.2328783615297363, 0.28571400444943507, 0.2789482792084963, 0.2094824199254713, 0.16623135733760358, 0.09170745738700818, 0.19344122535690444, 0.19661279851893446, 0.10690819575918806]
translation,[0.12242333873291766, 0.12807025936856675, 0.15278727680455706, 0.15133646648398003, 0.15599661639765383, 0.15735602424842376, 0.15079998737006584, 0.14258016047385347, 0.1353733797313632, 0.12679567621605958, 0.12065377788408416, 0.11751079501259554, 0.10559389689802412, 0.0943998164390516, 0.087698403376959, 0.07804238490107451, 0.068713821758144, 0.059849239855743974, 0.04933977175339077, 0.04017074037019608, 0.0303799839112191, 0.022796489896141914, 0.014868620971443924, 0.0122144781692759, 0.007072897843718451, 0.0030491017789673336, 0.0007807581576848577, 0.00030455199328560667, 0.00043449739385170716, 0.0002820077701040091, 0.001280982945872644, 0.0023399215743253876, 0.0022878847138141367, 0.002577588401208253, 0.0023505242159806983, 0.0029030568368666465]
loss,
[0.21024392545223236, 0.166158527135849, 0.07780521363019943, 0.057734351605176926, 0.03404313698410988, 0.024764923378825188, 0.01579488441348076, 0.01575290411710739, 0.01689929887652397, 0.016006924211978912, 0.010068744421005249, 0.017659548670053482, 0.014072614721953869, 0.011283950880169868, 0.011093365959823132, 0.007959169335663319, 0.007231582887470722, 0.006152320187538862, 0.006039896048605442, 0.0061565726064145565, 0.004485613666474819, 0.002218998968601227, 0.0016430604737251997, 0.0019954838789999485, 0.001375750987790525, 0.0023784181103110313, 0.0027597746811807156, 0.0013829830568283796, 0.002356757642701268, 0.0010163219412788749, 0.00159393809735775, 0.001967961899936199, 0.0012544577475637197, 0.0013980029616504908, 0.0016803964972496033, 0.0016757238190621138]

2022-04-19 16:17:17.024083