2022-04-19 16:01:22.575544

reference phi, theta, psi, translation: 164.57178246643477, -4.268868188959204e-07, 11.003265705708584, 0.2046843022108078, 0.7416750192642212, 3.957021951675415

phi,theta,psi,rot_x,rot_y,rot_z,phi_err,theta_err,psi_err
174.68706040079186,1.035587752499106,3.46078983121423,-0.0498787984251976,0.24902896583080292,4.223120212554932,10.115277934357096,1.035588179385925,7.542475874494354
174.56339299567964,0.9852933569573329,3.5556874123253297,-0.0467727929353714,0.2573489546775818,4.2247538566589355,9.991610529244866,0.9852937838441518,7.447578293383254
173.48653171075708,0.12215731029858584,4.441622071500986,0.020541496574878693,0.31133127212524414,4.229753017425537,8.914749244322309,0.12215773718540474,6.561643634207598
169.05682618492364,-3.3274034390067917,6.445110788570249,0.296324223279953,0.405570924282074,4.211369037628174,4.485043718488868,3.327403012119973,4.558154917138335
164.280324634172,-6.72733696240741,8.355384072054939,0.636135995388031,0.4819096624851227,4.161324501037598,0.291457832262779,6.727336535520591,2.647881633653645
164.18696960859626,-5.254221064130788,8.973400078725202,0.5408467054367065,0.5352877974510193,4.140283584594727,0.3848128578385115,5.254220637243969,2.0298656269833817
164.69654270181422,-4.388020457490609,10.490108470723648,0.5054108500480652,0.6536514759063721,4.089906692504883,0.1247602353794548,4.38802003060379,0.513157234984936
164.60208118559294,-2.91283781863789,10.805187658457276,0.40368884801864624,0.6812448501586914,4.035401344299316,0.03029871915816784,2.9128373917510713,0.1980780472513075
164.06546054326174,-0.9004478881557665,10.749596748802542,0.2689652144908905,0.7077235579490662,3.972975730895996,0.5063219231730329,0.9004474612689476,0.25366895690604174
164.70961568388563,-0.03851690865238899,11.401778215474856,0.2158091962337494,0.7671453952789307,3.938952922821045,0.1378332174508614,0.0385164817655701,0.39851250976627206
164.60387069515548,-0.23182187528861337,11.242465760631601,0.2260136753320694,0.7546313405036926,3.950529098510742,0.03208822872070982,0.23182144840179447,0.23920005492301755
164.48266215814445,-0.576683400058499,11.126898106101338,0.2495666742324829,0.7399797439575195,3.9535624980926514,0.08912030829031892,0.5766829731716802,0.12363240039275425
164.75703085710387,-0.3307289552205677,11.215174032255522,0.22932854294776917,0.7503345608711243,3.948441505432129,0.18524839066910204,0.33072852833374883,0.21190832654693814
164.61747643198217,-0.09802503970165576,11.257369233400569,0.2170800119638443,0.7578372359275818,3.9538803100585938,0.04569396554740024,0.09802461281483686,0.25410352769198497
164.5644605036445,-0.17625873256235047,11.069917252950507,0.22069381177425385,0.7439089417457581,3.960275173187256,0.00732196279025743,0.17625830567553158,0.06665154724192313
164.63736594284524,-0.2697832611351737,11.06505586580875,0.22475917637348175,0.7410091161727905,3.954723358154297,0.0655834764104668,0.2697828342483548,0.06179016010016625
164.53604691669727,-0.38310385266434177,11.065855851715288,0.23480474948883057,0.738882303237915,3.953937530517578,0.035735549737495376,0.3831034257775229,0.06259014600670376
164.48921913974766,-0.4326322786942344,11.073016451286401,0.2378101646900177,0.7383546233177185,3.9554901123046875,0.08256332668710797,0.4326318518074155,0.06975074557781724
164.55338193681075,-0.3541001915961129,11.191156525812819,0.23370450735092163,0.7474733591079712,3.9502859115600586,0.01840052962401728,0.354099764709294,0.18789082010423463
164.60128888364923,-0.2660087132802215,11.278576970773457,0.2295060157775879,0.757288932800293,3.95449161529541,0.029506417214463454,0.2660082863934026,0.27531126506487347
164.61126095983744,-0.3542969547094496,10.906319708176715,0.22922590374946594,0.7307841777801514,3.9645473957061768,0.039478493402668846,0.3542965278226307,0.0969459975318685
164.53480382226832,-0.2922564772460176,11.100741042901129,0.2291310429573059,0.7448041439056396,3.959150552749634,0.03697864416645302,0.2922560503591987,0.0974753371925452
164.66256934088258,-0.3207147574347498,11.019639376696396,0.22738105058670044,0.7394927144050598,3.9569969177246094,0.09078687444781508,0.3207143305479309,0.016373670987812616
164.61936156419307,-0.24607990671315202,11.24217633136552,0.22719517350196838,0.7536295652389526,3.9513072967529297,0.047579097758301714,0.24607947982633313,0.23891062565693666
164.579787448142,-0.24933342838980907,11.166058995707607,0.22742924094200134,0.7491708993911743,3.955557107925415,0.008004981707244951,0.24933300150299018,0.16279328999902276
164.53451695432318,-0.22038783099949022,11.082861315201328,0.22270654141902924,0.7449679374694824,3.961014747619629,0.03726551211158835,0.22038740411267133,0.07959560949274369
164.50236042371077,-0.24299637883854722,11.1159399213517,0.2252465784549713,0.746096670627594,3.9587438106536865,0.06942204272399977,0.24299595195172832,0.11267421564311597
164.5569063144225,-0.26411958631579546,11.083998541698135,0.22593611478805542,0.7437320351600647,3.9530880451202393,0.014876152012277544,0.26411915942897657,0.08073283598955072
164.60020971376036,-0.3449198370261236,10.995242794754757,0.22919699549674988,0.7353861927986145,3.954420328140259,0.028427247325595317,0.3449194101393047,0.008022910953826567
164.63900518824605,-0.3866975954691577,11.220612570382144,0.23557749390602112,0.750458836555481,3.95711612701416,0.06722272181127664,0.3866971685823388,0.21734686467356035
164.6105642805421,-0.3955465679512932,11.00685411634378,0.23335781693458557,0.736691951751709,3.961266040802002,0.03878181410732395,0.39554614106447433,0.003588410635195771
164.49040759266325,-0.33576647501551277,11.088620872218941,0.23266248404979706,0.7423443794250488,3.9581480026245117,0.08137487377152297,0.3357660481286939,0.08535516651035735
164.63672390506326,-0.2895218741188935,11.16299224077027,0.22973500192165375,0.7496011853218079,3.959780216217041,0.06494143862849455,0.2895214472320746,0.15972653506168655
164.62485303628577,-0.2790844982561854,11.129547365725657,0.22801415622234344,0.7466789484024048,3.955334186553955,0.05307056985100189,0.2790840713693665,0.12628166001707264
164.56928261719855,-0.25616329223114875,11.067892955635244,0.22477813065052032,0.7419853210449219,3.949599266052246,0.002499849236215823,0.25616286534432986,0.06462724992666047
164.5775881272293,-0.15949824658283293,11.213590282141725,0.2211948037147522,0.7533447742462158,3.9494361877441406,0.0058056607945218275,0.15949781969601404,0.21032457643314117

Errors:
rotation,[18.693341988237375, 18.424482606472274, 15.598550615715311, 12.370601647747176, 9.666676001437015, 7.668899122065862, 5.025937500968181, 3.1412141581605466, 1.6604383413480224, 0.5748622089827036, 0.5031097320455218, 0.7894356818547533, 0.7278852455497891, 0.3978221060542221, 0.25023181570771214, 0.39715647075898786, 0.481429121521722, 0.5849459240723407, 0.560391114437546, 0.5708259686727395, 0.49072101875716806, 0.42671003171819694, 0.4278748759835586, 0.5325692032415715, 0.4201312732092579, 0.33724852571700337, 0.42509221031884403, 0.35972814743080483, 0.3813695684187266, 0.6712667550671758, 0.43791636580699406, 0.5024960884105742, 0.5141894209222557, 0.45843630123744106, 0.32328996450720615, 0.37562805692367707]
translation,[0.19962134480110283, 0.20171427118159446, 0.21011616322194104, 0.21008849301562282, 0.2060314125413667, 0.1785024769339012, 0.1414047567556853, 0.08123334398420301, 0.013342766846216492, 0.01236842200104249, 0.0028251894661988075, 0.0011772926868314215, 0.005488101283564362, 0.0005717955652633222, 0.004448593260796052, 0.0013090502109971425, 0.0018979177571898376, 0.0002948377558338322, 0.003959548331351037, 0.0017563524039028167, 0.006720288221437443, 0.003980433283329532, 0.0007907678883753988, 0.00218306933311041, 0.0011673583107461027, 0.005480227335666221, 0.0036014263048889106, 0.0023462618855578654, 0.0023866357786221926, 0.0034036935309762484, 0.004809594711608689, 0.002745491254652954, 0.005520633148571541, 0.0005194501599632417, 0.006156630320266032, 0.004405458322352729]
loss,
[0.10805632919073105, 0.11608751863241196, 0.11233782023191452, 0.0807589516043663, 0.05558423325419426, 0.052330851554870605, 0.03776847571134567, 0.026958933100104332, 0.011217156425118446, 0.003706813557073474, 0.002511161146685481, 0.0030775368213653564, 0.004356255289167166, 0.003939678426831961, 0.0036865740548819304, 0.002090100198984146, 0.0028016555588692427, 0.0024968443904072046, 0.0038307998329401016, 0.002746447455137968, 0.0034119505435228348, 0.004702234175056219, 0.002569121541455388, 0.0017904768465086818, 0.0037926528602838516, 0.004171643406152725, 0.0021431222558021545, 0.002999854739755392, 0.004309077747166157, 0.0044790650717914104, 0.0033905315212905407, 0.0030563115142285824, 0.003934939857572317, 0.0025949941482394934, 0.003449359443038702, 0.0024627461098134518]

2022-04-19 16:03:57.937002