2022-04-28 21:56:26.484114

reference phi, theta, psi, translation: 132.9853677440357, -8.537735924097414e-07, 76.34363348549546, 2.865516185760498, 2.6707684993743896, 0.9517420530319214

phi,theta,psi,rot_x,rot_y,rot_z,phi_err,theta_err,psi_err
143.3552887910292,-3.0579185397180266,69.36864430507845,2.3124754428863525,2.981729030609131,1.6183615922927856,10.369921046993511,3.0579176859444344,6.974989180417012
143.4965371030651,-3.147093904377877,69.25145191929936,2.3059985637664795,2.9853568077087402,1.6227843761444092,10.511169359029395,3.1470930506042847,7.092181566196103
145.34223180172094,-4.559074968318298,67.1691731281726,2.2274904251098633,3.0222394466400146,1.6881839036941528,12.356864057685243,4.559074114544706,9.174460357322857
145.61808948191944,-0.2803062223193108,65.64319958456502,2.1375951766967773,3.090515613555908,1.6764827966690063,12.632721737883742,0.28030536854571836,10.700433900930435
142.33092434006738,3.961663077136929,66.91782216671612,2.2585980892181396,3.044933557510376,1.5988801717758179,9.345556596031685,3.9616639309105213,9.425811318779338
140.65213214396996,2.4941793224019198,68.66046980136402,2.392714023590088,3.009650468826294,1.4839837551116943,7.666764399934266,2.494180176175512,7.6831636841314435
137.89018122853523,2.618478363132606,70.75349931024438,2.5726869106292725,2.922299385070801,1.3546415567398071,4.9048134844995275,2.618479216906198,5.59013417525108
135.70547692061496,1.4183020494247147,72.9791915833739,2.730372905731201,2.830393075942993,1.1992110013961792,2.720109176579257,1.4183029031983072,3.3644419021215555
133.71118462637628,0.6591102798777484,75.26552910614397,2.848789691925049,2.7437362670898438,1.0425626039505005,0.7258168823405811,0.6591111336513408,1.0781043793514868
132.0641528099194,-0.1484160296044899,75.92423937988917,2.9190986156463623,2.63411283493042,0.9859782457351685,0.921214934116307,0.1484151758308975,0.41939410560628687
132.9957769523308,-0.02008923644052989,76.53760402773466,2.8676226139068604,2.6704840660095215,0.9382104873657227,0.01040920829510128,0.02008838266693748,0.19397054223919952
132.86176864081514,-0.037774513051695456,76.39888288569169,2.8661999702453613,2.658543586730957,0.9456974267959595,0.12359910322055612,0.03777365927810305,0.05524940019623159
132.97713053589666,0.026031668543300947,76.36687661924101,2.8635666370391846,2.6673312187194824,0.9487563371658325,0.008237208139036056,0.026032522316893358,0.023243133745552313
132.9432118164784,-0.04724625864250251,76.42297296289433,2.867699146270752,2.665374279022217,0.9457864761352539,0.04215592755730313,0.0472454048689101,0.07933947739887515
132.90370600231904,0.012978927019646595,76.45532073880351,2.8666398525238037,2.66313099861145,0.9436477422714233,0.0816617417166583,0.012979780793239004,0.11168725330804818
132.9802860832932,0.14675058207262243,76.40604092394187,2.861621618270874,2.6685009002685547,0.946874737739563,0.005081660742490612,0.14675143584621483,0.06240743844641372
132.78210131433613,-0.09711864584737992,76.40221601800667,2.8741493225097656,2.657119035720825,0.9464884400367737,0.20326642969956765,0.09711779207378751,0.058582532511209706
132.91955204119347,0.00029419215331973585,76.3463587309743,2.8657281398773193,2.6632728576660156,0.9517345428466797,0.06581570284222948,0.0002950459269121456,0.002725245478842453
132.8751967927234,0.03625297630727868,76.45169390835423,2.867255926132202,2.663414239883423,0.9427704811096191,0.11017095131231258,0.03625383008087109,0.10806042285877027
132.9134868332105,0.028142216283008514,76.37381609143775,2.8651926517486572,2.662782907485962,0.9483868479728699,0.07188091082520032,0.028143070056600925,0.0301826059422865
132.88648026523225,0.05182263897698079,76.455983267153,2.8664958477020264,2.662790060043335,0.9430146813392639,0.09888747880344795,0.0518234927505732,0.11234978165754228
132.92149181491774,0.023579177586943084,76.3324183148783,2.8658013343811035,2.663233757019043,0.9508766531944275,0.06387592911795537,0.023580031360535495,0.01121517061716304
132.87508750969667,-0.10699344227575962,76.40466805591869,2.869917154312134,2.6606719493865967,0.9479050636291504,0.11028023433902945,0.10699258850216721,0.06103457042323157
132.88400773675272,-0.0543465265158119,76.42429801959331,2.8696329593658447,2.6614856719970703,0.9450852870941162,0.10136000728297745,0.05434567274221949,0.08066453409784913
132.91255792748336,0.03023445556305455,76.42347839689292,2.8676228523254395,2.6660242080688477,0.9456006288528442,0.07280981655233631,0.030235309336646962,0.07984491139745842
132.88041505724928,0.01832316198498934,76.34799114618593,2.868105411529541,2.663421154022217,0.9510771632194519,0.10495268678641878,0.018324015758581752,0.004357660690473608
132.93419596677396,-0.010006179354518226,76.389614318988,2.8663084506988525,2.665074110031128,0.9479437470436096,0.051171777261743046,0.010005325580925817,0.04598083349253557
132.91748932406412,-0.008609519379499577,76.38175960144247,2.8657522201538086,2.6633522510528564,0.9476640224456787,0.06787841997157784,0.008608665605907168,0.03812611594700854
132.85321724397429,-0.0519495166566621,76.45635892755735,2.869713544845581,2.6593940258026123,0.9426180124282837,0.13215050006141382,0.05194866288306969,0.11272544206188684
132.9788107624325,0.03927328971600634,76.37549631797357,2.86299204826355,2.6663341522216797,0.9483646154403687,0.006556981603210943,0.03927414348959875,0.03186283247811161
132.8205142982283,-0.017605877302970186,76.40409432002842,2.8711917400360107,2.6583945751190186,0.9463854432106018,0.16485344580740957,0.017605023529377775,0.060460834532960916
132.90805000263117,0.03491384080731984,76.4217503590329,2.866663694381714,2.663825511932373,0.9446190595626831,0.07731774140452785,0.034914694580912245,0.07811687353743935
132.85947369725403,0.01067487274751589,76.44627756834241,2.869560480117798,2.6616222858428955,0.943381130695343,0.12589404678166716,0.010675726521108299,0.10264408284695037
132.81700358099488,-0.030134580128900468,76.48594730704185,2.8735191822052,2.659241199493408,0.9407824277877808,0.16836416304082036,0.030133726355308057,0.14231382154639505
132.93890879730128,-0.018226823707810893,76.31360797390408,2.8653135299682617,2.663362741470337,0.9535958170890808,0.046458946734418305,0.018225969934218482,0.030025511591375675
132.9802451021582,-0.032798692825404485,76.44778020995982,2.865093469619751,2.6677277088165283,0.9441642761230469,0.005122641877505885,0.03279783905181208,0.10414672446435702

Errors:
rotation,[20.402827913354958, 20.750443975829782, 26.090398529552807, 23.613461007359895, 22.733031845721545, 17.84410826024122, 13.113426876656806, 7.502853981899119, 2.463032395343409, 1.4890242155534914, 0.22446813320123826, 0.21662216269489076, 0.05751286420148173, 0.16874080982508838, 0.20632877581794548, 0.21424053503511917, 0.35896675428456487, 0.06883599424798409, 0.2544852042519539, 0.13020658682408776, 0.2630607532115634, 0.0986711310956539, 0.2783073932644282, 0.23637021412304607, 0.1828900372864417, 0.12763436323547414, 0.10715793633520443, 0.11461320152449356, 0.29682460500637037, 0.0776939575709213, 0.24291930386974825, 0.19034930952287943, 0.23921385614972582, 0.3408117109425235, 0.09471042826001247, 0.14206720539367498]
translation,[0.07464079787699607, 0.07537979468580147, 0.08537564169980616, 0.08362435469309304, 0.08339456990355032, 0.09019176343409008, 0.09120117721948162, 0.08033897377339017, 0.059180144366600906, 0.02249172115262521, 0.0018630355953064281, 0.009027486548423447, 0.004367398823592161, 0.0034210674812129582, 0.006161607423223359, 0.005418155943321068, 0.00411311283030269, 0.004813138531430283, 0.00574096538181923, 0.006308501221693241, 0.00663813432920346, 0.004989604446630658, 0.004452405737191079, 0.004780009436402111, 0.0030888883611810414, 0.003177987857905684, 0.004102530706888707, 0.005703706942054687, 0.006683470342649933, 0.005528744929796048, 0.005405484618794532, 0.005457260713842338, 0.005141023186625127, 0.004499079797117389, 0.004608369197638851, 0.0040980107133075094]
loss,
[0.13223496079444885, 0.12516151368618011, 0.09951355308294296, 0.06827518343925476, 0.04961579293012619, 0.04410706087946892, 0.027147462591528893, 0.022352013736963272, 0.013968165032565594, 0.004519715905189514, 0.001490783761255443, 0.0014736208831891418, 0.0009472683886997402, 0.0017024533590301871, 0.0016733361408114433, 0.0017863399116322398, 0.0013287955662235618, 0.0015906158369034529, 0.0010053380392491817, 0.0013691713102161884, 0.0010791429085657, 0.0017704460769891739, 0.001868034596554935, 0.0013314890675246716, 0.0015512820100411773, 0.0018548009684309363, 0.00173829251434654, 0.0018437670078128576, 0.0011377634946256876, 0.0014747213572263718, 0.0015443976735696197, 0.0016414043493568897, 0.0017197977285832167, 0.0013797874562442303, 0.0015786787262186408, 0.0013200914254412055]

2022-04-28 22:00:53.047456