2022-04-19 21:40:33.643975

reference phi, theta, psi, translation: 132.9853677440357, -8.537735924097414e-07, 76.34363348549546, 2.865516185760498, 2.6707684993743896, 0.9517420530319214

phi,theta,psi,rot_x,rot_y,rot_z,phi_err,theta_err,psi_err
143.3552887910292,-3.0579185397180266,69.36864430507845,2.3124754428863525,2.981729030609131,1.6183615922927856,10.369921046993511,3.0579176859444344,6.974989180417012
143.34841762072418,-3.0539845171572715,69.40278159055016,2.3132691383361816,2.982232093811035,1.6169816255569458,10.363049876688478,3.053983663383679,6.940851894945297
143.35881316864095,-3.4663643045434687,68.87019759001842,2.313081979751587,2.958078384399414,1.662935495376587,10.37344542460525,3.4663634507698764,7.473435895477039
143.67406737997206,-4.786262939677795,67.6550727857273,2.306379556655884,2.9170572757720947,1.7381362915039062,10.68869963593636,4.786262085904203,8.68856069976816
143.91171698195348,-6.316983675348379,65.92405013304678,2.3260855674743652,2.851093292236328,1.835737943649292,10.926349237917776,6.316982821574786,10.419583352448683
145.16852643074918,-14.3970006677599,60.512142913998005,2.474609375,2.5687170028686523,2.0767288208007812,12.183158686713483,14.396999813986307,15.831490571497454
142.69558813985438,-24.74087858579612,51.81968217621377,2.8234314918518066,1.9124723672866821,2.3367817401885986,9.71022039581868,24.74087773202253,24.523951309281692
139.59054316203157,-27.131222468461047,49.42221747564759,2.9275143146514893,1.5985541343688965,2.457934617996216,6.605175417995866,27.131221614687455,26.921416009847867
137.73020453779517,-26.755171605918534,52.407474595806725,3.0066635608673096,1.6646808385849,2.305541515350342,4.744836793759475,26.75517075214494,23.936158889688734
136.25581258279956,-27.09991552235349,49.28157022025869,3.0212929248809814,1.4290664196014404,2.4490435123443604,3.270444838763865,27.0999146685799,27.062063265236766
136.60288181528458,-22.960645077397185,46.0635914796043,2.8156137466430664,1.431335210800171,2.674515724182129,3.617514071248877,22.960644223623593,30.28004200589116
138.26981680298286,-20.740383419188078,45.96291449123831,2.6842281818389893,1.5831660032272339,2.716583728790283,5.28444905894716,20.740382565414485,30.38071899425715
139.39712586511513,-21.313379768821218,44.07088378925308,2.621424674987793,1.5194755792617798,2.7932891845703125,6.41175812107943,21.313378915047625,32.27274969624238
139.14823377175986,-22.57719106078663,43.50717461667359,2.661170721054077,1.4351025819778442,2.789173126220703,6.162866027724164,22.57719020701304,32.83645886882187
138.36623175330678,-22.213633480058242,44.587348543343595,2.6781368255615234,1.458011269569397,2.7435367107391357,5.380864009271079,22.21363262628465,31.756284942151865
138.36206533791307,-22.411191243086375,44.22698434763914,2.665306568145752,1.432640790939331,2.7519142627716064,5.376697593877367,22.411190389312782,32.11664913785632
138.17278713563365,-22.175387413535244,44.64405960402221,2.6788461208343506,1.4492954015731812,2.731660842895508,5.187419391597956,22.17538655976165,31.69957388147325
139.2151013237343,-22.734135943914236,44.31307546703256,2.660151243209839,1.464459776878357,2.7398412227630615,6.229733579698603,22.734135090140644,32.0305580184629
138.248971065636,-22.24567090336259,44.772607179296436,2.6775424480438232,1.4589347839355469,2.7227494716644287,5.2636033216003,22.245670049589,31.571026306199023
138.07562086450108,-21.79267593370081,44.59145007194019,2.661613702774048,1.4614753723144531,2.7367606163024902,5.090253120465377,21.792675079927218,31.752183413555272
138.00582999156188,-20.709821626397016,45.88667591972263,2.6524817943573,1.5521787405014038,2.7027833461761475,5.020462247526183,20.709820772623424,30.456957565772832
137.83254809231866,-21.608088913804902,44.792056142958046,2.669825553894043,1.4531562328338623,2.74299955368042,4.847180348282961,21.60808806003131,31.551577342537414
138.3329004301571,-22.278220368807165,44.77544853799116,2.673640489578247,1.4684537649154663,2.7203915119171143,5.347532686121411,22.278219515033573,31.5681849475043
138.51588119802176,-21.26728719001349,45.6956526041103,2.654890775680542,1.53685462474823,2.703845977783203,5.53051345398606,21.2672863362399,30.64798088138516
138.27070472757498,-21.853364501252877,44.56828890046467,2.653003454208374,1.4691104888916016,2.7372477054595947,5.285336983539281,21.853363647479284,31.775344585030787
137.8922576060429,-22.324136070175847,44.865152827455525,2.6859123706817627,1.445799469947815,2.7112278938293457,4.906889862007205,22.324135216402254,31.478480658039935
138.21226562903635,-21.99906054249992,44.51161540582649,2.6550076007843018,1.4461592435836792,2.7400054931640625,5.226897885000653,21.999059688726327,31.83201807966897
138.5989636190858,-21.700528029570577,44.3405806388202,2.628424882888794,1.4715032577514648,2.7495615482330322,5.613595875050095,21.700527175796985,32.00305284667526
138.65107796245297,-21.634435058230324,44.54323576658906,2.6355984210968018,1.4825516939163208,2.7406580448150635,5.665710218417274,21.63443420445673,31.800397718906396
138.3789085844063,-22.246458538075245,44.4708664972382,2.6626548767089844,1.4451853036880493,2.728764533996582,5.393540840370605,22.246457684301653,31.87276698825726
138.6218037716703,-22.156324033637997,44.84950486406702,2.657386302947998,1.482667088508606,2.7082293033599854,5.636436027634602,22.156323179864405,31.494128621428437
138.2243960450023,-21.9740754264166,44.655647019949136,2.649416208267212,1.4531720876693726,2.7250123023986816,5.239028300966595,21.97407457264301,31.687986465546324
138.0949502998522,-22.396536509101384,44.69237636221088,2.6635940074920654,1.4454052448272705,2.7127151489257812,5.109582555816502,22.396535655327792,31.65125712328458
137.90992047523656,-21.726360334294633,45.70832943520984,2.67014741897583,1.4974186420440674,2.6859383583068848,4.924552731200862,21.72635948052104,30.63530405028562
137.86388500023068,-22.41728465206619,44.95088536191752,2.682870626449585,1.442016839981079,2.703427791595459,4.878517256194982,22.417283798292598,31.392748123577938
138.28681031363786,-22.290279817007217,44.95356621116675,2.6704704761505127,1.4644358158111572,2.7063021659851074,5.301442569602159,22.290278963233625,31.390067274328707

Errors:
rotation,[20.402827913354958, 20.357885435017455, 21.313244770852165, 24.16352242160872, 27.662915411941245, 42.41164907219724, 58.9750494371229, 60.65781304253119, 55.43616643559315, 57.43242277258053, 56.85820030076363, 56.4055506186188, 59.99788673236944, 61.576515103559075, 59.35078157770759, 59.904537121046474, 59.06237983283286, 60.99442668830214, 59.080299677388325, 58.63511161394787, 56.18724058592244, 58.00684575085168, 59.19393714865929, 57.44578067161112, 58.91404521604935, 58.709505736449394, 59.05797565339595, 59.31717589752234, 59.1005421417804, 59.51276551292952, 59.28688782892745, 58.90108933915593, 59.15737533442888, 57.28621626200752, 58.688549178065514, 58.98178880716449]
translation,[0.07464079787699607, 0.07490955912128427, 0.07568620634736067, 0.07371305311237109, 0.0809679748908696, 0.09619481844756805, 0.10286006079257515, 0.11219800611481823, 0.10731399840225553, 0.11233049723247301, 0.10764332091079964, 0.10303638011841798, 0.08993136569317528, 0.08236543424585996, 0.07072522765643718, 0.059023998220683715, 0.06015996096052323, 0.05883159906546798, 0.05679096632314273, 0.056652444543946245, 0.06154213628788163, 0.06321817367777616, 0.05607549769222597, 0.05802139353529867, 0.05411746232749426, 0.04995158755882745, 0.049075985050696325, 0.047354616398020966, 0.04999165254471283, 0.04617993303384349, 0.04250700685336639, 0.037876788488525825, 0.03614939408070583, 0.04148875659911777, 0.041429150297335404, 0.043187744518855986]
loss,
[0.22314104437828064, 0.19852052628993988, 0.20356690883636475, 0.20305345952510834, 0.2045581340789795, 0.16073425114154816, 0.12029489874839783, 0.10819289088249207, 0.11563390493392944, 0.10152345895767212, 0.08408807218074799, 0.07301564514636993, 0.07692964375019073, 0.0623091422021389, 0.06507756561040878, 0.060843758285045624, 0.06707747280597687, 0.08071200549602509, 0.07832124829292297, 0.06656301021575928, 0.06964623928070068, 0.06799010932445526, 0.06786239147186279, 0.06393125653266907, 0.070410817861557, 0.07085283100605011, 0.06831236183643341, 0.08076691627502441, 0.06209568306803703, 0.07284413278102875, 0.07283000648021698, 0.06990336626768112, 0.06775841116905212, 0.07220830768346786, 0.061248086392879486, 0.07034512609243393]

2022-04-19 21:43:11.699844