2022-04-19 21:32:21.351283

reference phi, theta, psi, translation: -33.091320547511735, -0.0, 74.32085247222868, -2.1190009117126465, -3.251617431640625, 1.089412808418274

phi,theta,psi,rot_x,rot_y,rot_z,phi_err,theta_err,psi_err
-22.822884158753556,1.294954214858955,81.82337814338081,-1.5357718467712402,-3.6827800273895264,0.7731812596321106,10.268436388758179,1.294954214858955,7.502525671152128
-23.37058507546583,2.0959911580267687,81.84972218300955,-1.555254340171814,-3.6726698875427246,0.7729057669639587,9.720735472045906,2.0959911580267687,7.528869710780867
-26.191104863033424,6.094564261492253,82.50193694685406,-1.6544736623764038,-3.624401092529297,0.7262831926345825,6.900215684478312,6.094564261492253,8.18108447462538
-28.39330470051269,8.062409122262885,82.1641909225861,-1.7464137077331543,-3.5715014934539795,0.7008249759674072,4.698015846999045,8.062409122262885,7.843338450357422
-29.636959204966953,12.308065640453997,82.65112876889465,-1.8030908107757568,-3.5778744220733643,0.6037039160728455,3.4543613425447823,12.308065640453997,8.330276296665971
-30.792261797412515,13.105343339269128,83.0933083855721,-1.9233349561691284,-3.530256986618042,0.5289235711097717,2.2990587500992206,13.105343339269128,8.772455913343421
-31.007419586457086,10.680191846403378,85.16082713790247,-2.014291286468506,-3.492316246032715,0.3757845461368561,2.083900961054649,10.680191846403378,10.839974665673793
-29.848035955982443,6.630472527849124,83.22881250851599,-1.9546762704849243,-3.5032341480255127,0.516495943069458,3.2432845915292923,6.630472527849124,8.907960036287307
-31.263476548251695,5.339823538931665,79.48136774868595,-2.0111382007598877,-3.419480323791504,0.7436662316322327,1.8278439992600397,5.339823538931665,5.160515276457275
-31.847642137395376,2.6014121623138866,76.21039698535603,-2.031656265258789,-3.346764326095581,0.9612656831741333,1.2436784101163596,2.6014121623138866,1.8895445131273476
-33.71932570584314,-0.3053913055611684,73.42492289841977,-2.144544839859009,-3.207447052001953,1.1454133987426758,0.6280051583314048,0.3053913055611684,0.8959295738089139
-33.15932532598296,0.0774627062783807,74.24578186306107,-2.1176908016204834,-3.2455830574035645,1.091768741607666,0.06800477847122721,0.0774627062783807,0.07507060916761077
-33.23547852013402,-0.02100568332393838,74.25959250556284,-2.120988607406616,-3.2402191162109375,1.0916752815246582,0.14415797262228836,0.02100568332393838,0.06125996666584399
-33.32777145129382,0.01704892279760901,74.37018009841451,-2.1293864250183105,-3.238837718963623,1.0845005512237549,0.23645090378208522,0.01704892279760901,0.04932762618582842
-33.14415889093095,0.01309656732799723,74.17947438659859,-2.114086389541626,-3.2430756092071533,1.0967700481414795,0.05283834341921789,0.01309656732799723,0.14137808563009457
-33.265855786467654,-0.07290037831953,74.2801650353429,-2.125051498413086,-3.237523078918457,1.0905122756958008,0.17453523895591871,0.07290037831953,0.040687436885775696
-33.09376917032918,-0.03825594104125228,74.28273318647084,-2.1137328147888184,-3.2457456588745117,1.0914195775985718,0.002448622817446733,0.03825594104125228,0.03811928575784407
-33.10411007673258,-0.018746666487232968,74.31971866082645,-2.114633321762085,-3.2439725399017334,1.0888800621032715,0.012789529220846418,0.018746666487232968,0.00113381140222657
-33.18902981868335,-0.06017728224719505,74.37000251349609,-2.1205556392669678,-3.2408058643341064,1.084545373916626,0.09770927117161676,0.06017728224719505,0.04915004126740996
-33.19237661137666,-0.13391098390657358,74.3358583978352,-2.1221580505371094,-3.2400457859039307,1.086311936378479,0.10105606386492383,0.13391098390657358,0.015005925606516257
-33.17368238361833,0.061199324180901606,74.34046194533579,-2.117145299911499,-3.2441303730010986,1.0865683555603027,0.08236183610659253,0.061199324180901606,0.01960947310710992
-33.18774915821397,0.00237034035499852,74.19260201018335,-2.1172144412994385,-3.241199493408203,1.0976964235305786,0.09642861070223319,0.00237034035499852,0.12825046204532953
-33.28461831611768,-0.022979503217318335,74.2494428444562,-2.1251256465911865,-3.2383182048797607,1.0926839113235474,0.1932977686059445,0.022979503217318335,0.07140962777248205
-33.162757496040896,-0.0008338079985943201,74.29285552682079,-2.117804527282715,-3.2434723377227783,1.0883276462554932,0.07143694852916127,0.0008338079985943201,0.027996945407892326
-33.255180200794925,-0.07228142554568467,74.28937896053326,-2.1240670680999756,-3.239169120788574,1.0906774997711182,0.16385965328318974,0.07228142554568467,0.031473511695423895
-33.120246398646735,0.021216227127381228,74.33083820879523,-2.1158134937286377,-3.245206356048584,1.0880950689315796,0.028925851134999903,0.021216227127381228,0.009985736566548553
-33.14032715480657,-0.05396418478285347,74.32842032182906,-2.117222547531128,-3.2436411380767822,1.0882081985473633,0.04900660729483519,0.05396418478285347,0.007567849600377485
-33.150589514034515,-0.05727223847591747,74.31725979272525,-2.118298053741455,-3.24307918548584,1.087609887123108,0.059268966522779465,0.05727223847591747,0.003592679503427121
-33.19118474336649,-0.05627386829455441,74.29218616828213,-2.120570659637451,-3.2417993545532227,1.0895321369171143,0.09986419585475659,0.05627386829455441,0.028666303946550897
-33.196850385283014,-0.019264710818173304,74.29192662109367,-2.1203250885009766,-3.2413742542266846,1.090633511543274,0.10552983777127878,0.019264710818173304,0.028925851135014113
-33.20699321620048,-0.07061749447366251,74.28658541316273,-2.121363639831543,-3.2415778636932373,1.0897784233093262,0.11567266868874526,0.07061749447366251,0.03426705906595373
-33.17059855320807,-0.003367987723434466,74.29662579124265,-2.1178739070892334,-3.243077278137207,1.0903100967407227,0.07927800569633803,0.003367987723434466,0.024226680986032534
-33.160226910953405,-0.0407718975406656,74.3505706253074,-2.118633508682251,-3.243008852005005,1.0859781503677368,0.06890636344166978,0.0407718975406656,0.0297181530787185
-33.19234587552539,-0.08916445733369018,74.2810802806917,-2.120255470275879,-3.240236520767212,1.090583086013794,0.10102532801365527,0.08916445733369018,0.03977219153698286
-33.18590842223265,-0.08494458132732857,74.29926907445143,-2.1202552318573,-3.2406249046325684,1.0889675617218018,0.09458787472091501,0.08494458132732857,0.021583397777249047
-33.21871382081623,-0.06600197759835454,74.3260639065654,-2.1219277381896973,-3.240849733352661,1.0870333909988403,0.12739327330449157,0.06600197759835454,0.005211434336715115

Errors:
rotation,[19.06591627476926, 19.34559634085354, 21.175864420595943, 20.60376341961935, 24.09270327966475, 24.176858002711768, 23.60406747313182, 18.781717155665724, 12.32818281464898, 5.734635085557594, 1.829326037701487, 0.22053809391721868, 0.22642362261207072, 0.30282745276552264, 0.2073129963773097, 0.2881230541612244, 0.07882384961654308, 0.03267000711030596, 0.20703659468622176, 0.24997297337801366, 0.16317063339460405, 0.22704941310256122, 0.2876868995957449, 0.10026770193564792, 0.2676145905242983, 0.060127814828929683, 0.11053864167806615, 0.12013388450212406, 0.1848043680958619, 0.1537203997244662, 0.2205572222283615, 0.10687267440580503, 0.13939641406105388, 0.2299619768843283, 0.20111585382549263, 0.1986066852395612]
translation,[0.03326186669987141, 0.03146911594774071, 0.018692430218695932, 0.005793016226502523, 0.020633608053993946, 0.02370661330741264, 0.017927203104602718, 0.01364254352062133, 0.005027832096907936, 0.00030874727374641253, 0.006360562245067314, 0.00491705067615289, 0.00752769320063873, 0.006144810664165057, 0.007473302756833888, 0.007869557351297018, 0.006961017577294726, 0.008605951367785636, 0.00921185768996935, 0.008502361680331916, 0.0077825258256503105, 0.0070876797943668635, 0.006601462277093795, 0.007490615535779455, 0.007019797538246664, 0.007202823416910142, 0.007693130775334289, 0.007741810533339333, 0.007056036316840597, 0.007229528670379182, 0.0067498289145149215, 0.0072358369886611484, 0.00806264914852406, 0.008196313609110106, 0.008321232630167152, 0.007781404353082166]
loss,
[0.23497144877910614, 0.22896812856197357, 0.18289074301719666, 0.19891494512557983, 0.17388658225536346, 0.1292547583580017, 0.1357892006635666, 0.11953757703304291, 0.07748547196388245, 0.03838357701897621, 0.012025481089949608, 0.0027368632145226, 0.002405846491456032, 0.003244660794734955, 0.002740161493420601, 0.0011176618281751871, 0.002956948708742857, 0.0030763382092118263, 0.0022609024308621883, 0.0032157287932932377, 0.0029683560132980347, 0.001978515647351742, 0.0016917920438572764, 0.004177359864115715, 0.0018143875058740377, 0.0018427898176014423, 0.0020188072230666876, 0.0014782778453081846, 0.002552805468440056, 0.002747616497799754, 0.002384641207754612, 0.0027793224435299635, 0.0020349565893411636, 0.002144207013770938, 0.002783899661153555, 0.0024482293520122766]

2022-04-19 21:35:01.901144