2022-04-20 09:38:06.101932

reference phi, theta, psi, translation: -86.91639066027085, -0.0, 34.793557367935236, -2.296917200088501, -0.12373751401901245, 3.3104169368743896

phi,theta,psi,rot_x,rot_y,rot_z,phi_err,theta_err,psi_err
-76.53055527251121,6.8177051513072,38.18892636661862,-2.336111545562744,-0.9462913274765015,3.345968008041382,10.385835387759641,6.8177051513072,3.395368998683381
-75.90486213321384,6.5513831955093655,38.2974853932868,-2.3340041637420654,-0.9608445763587952,3.3416779041290283,11.01152852705701,6.5513831955093655,3.503928025351563
-73.63945231006069,5.437187656788256,38.92344490996179,-2.35939884185791,-1.0148742198944092,3.29649019241333,13.276938350210159,5.437187656788256,4.129887542026552
-73.48294535541902,6.076061295082419,39.378854603061555,-2.357974052429199,-1.0561637878417969,3.2819197177886963,13.43344530485183,6.076061295082419,4.585297235126319
-72.28007391049891,6.995642380068093,40.39771050645777,-2.35334849357605,-1.1638665199279785,3.2409441471099854,14.636316749771936,6.995642380068093,5.604153138522534
-70.97890921323314,7.60757952311825,41.6554488609806,-2.378267765045166,-1.260230302810669,3.1806588172912598,15.937481447037712,7.60757952311825,6.861891493045363
-71.7010173028544,7.870737257079602,40.942619583346804,-2.3509140014648438,-1.230298638343811,3.2014307975769043,15.215373357416453,7.870737257079602,6.149062215411568
-70.90939154786075,8.68707872638886,41.307549760511414,-2.325330972671509,-1.307597279548645,3.1709201335906982,16.0069991124101,8.68707872638886,6.513992392576178
-70.23248565016664,8.684912667624078,41.91586348346568,-2.3441925048828125,-1.337037444114685,3.1375396251678467,16.683905010104212,8.684912667624078,7.122306115530442
-71.1709741326939,8.867807275060239,41.18303882703667,-2.3246734142303467,-1.295875906944275,3.1761834621429443,15.74541652757695,8.867807275060239,6.389481459101432
-70.11077850934618,9.090439281983741,41.583513308642026,-2.3183887004852295,-1.3549331426620483,3.1492433547973633,16.805612150924674,9.090439281983741,6.78995594070679
-68.381818573795,9.49633375226734,41.85970225301524,-2.2728748321533203,-1.436400294303894,3.1344423294067383,18.534572086475848,9.49633375226734,7.066144885080007
-67.67531746642722,9.791062600521814,42.22042503365113,-2.279075860977173,-1.474147081375122,3.11373233795166,19.241073193843633,9.791062600521814,7.426867665715896
-67.30810600607983,9.867696913091574,42.575331908208746,-2.281712293624878,-1.4994125366210938,3.090334892272949,19.608284654191024,9.867696913091574,7.78177454027351
-67.10814538793854,10.051505154493153,42.903491761976596,-2.2846016883850098,-1.5211344957351685,3.0663907527923584,19.808245272332314,10.051505154493153,8.10993439404136
-66.9334086584021,9.799021084621824,43.493135162834626,-2.3156216144561768,-1.5205498933792114,3.0310447216033936,19.98298200186875,9.799021084621824,8.69957779489939
-67.63538135035016,9.151182810637964,43.338933397037835,-2.330872058868408,-1.4565008878707886,3.0381293296813965,19.28100930992069,9.151182810637964,8.545376029102599
-67.65412338943267,8.979604850453516,42.93888921735019,-2.306446075439453,-1.431038737297058,3.0627999305725098,19.26226727083818,8.979604850453516,8.145331849414951
-66.98134975618642,9.226285019812947,43.13289391053523,-2.2933402061462402,-1.479338526725769,3.0448803901672363,19.93504090408443,9.226285019812947,8.339336542599995
-67.4659106966638,9.136779562934953,43.0091308827746,-2.3027455806732178,-1.4530467987060547,3.0520427227020264,19.45047996360705,9.136779562934953,8.215573514839363
-67.52005360621449,9.478027413238678,42.88027594898772,-2.284879446029663,-1.462907314300537,3.0548288822174072,19.39633705405636,9.478027413238678,8.086718581052487
-67.52825666340767,9.313619097496078,43.25710090059191,-2.316162586212158,-1.4550480842590332,3.027771472930908,19.388133996863175,9.313619097496078,8.463543532656672
-67.32982600764046,9.075517598620056,43.628734908426885,-2.325103282928467,-1.4579731225967407,3.0080173015594482,19.586564652630386,9.075517598620056,8.83517754049165
-67.53984749442918,8.623146454227776,43.812046940466274,-2.347100257873535,-1.422499179840088,2.9995670318603516,19.376543165841667,8.623146454227776,9.018489572531038
-67.81060302331767,9.02524519605324,43.70757919711093,-2.33461856842041,-1.4290969371795654,2.998671770095825,19.10578763695318,9.02524519605324,8.914021829175695
-67.47662043328238,8.751284814217446,44.099611564902155,-2.346177101135254,-1.4310189485549927,2.970766067504883,19.439770226988472,8.751284814217446,9.306054196966919
-67.70799992160573,8.584065329350024,44.37394611291572,-2.360492706298828,-1.4144035577774048,2.9587275981903076,19.208390738665116,8.584065329350024,9.580388744980482
-67.61553965081127,8.108540221217385,44.80262244560406,-2.3922178745269775,-1.399427056312561,2.9321110248565674,19.300851009459578,8.108540221217385,10.009065077668822
-67.7100353179784,7.900980383584916,44.670577813474786,-2.3852906227111816,-1.3793491125106812,2.9364423751831055,19.206355342292454,7.900980383584916,9.87702044553955
-67.93306148494682,7.869077891150209,44.364496546199,-2.3751113414764404,-1.3673036098480225,2.952596426010132,18.98332917532403,7.869077891150209,9.570939178263764
-67.64141240738728,7.978252439378436,44.81913442792256,-2.3872995376586914,-1.3912982940673828,2.930309772491455,19.27497825288357,7.978252439378436,10.025577059987327
-67.81698925019163,8.113020532017863,44.737510252246324,-2.386110544204712,-1.3852388858795166,2.9338936805725098,19.099401410079224,8.113020532017863,9.943952884311088
-67.59596432865001,8.016629152409697,44.702645551627995,-2.380784273147583,-1.3907867670059204,2.9327011108398438,19.320426331620837,8.016629152409697,9.90908818369276
-67.84747238445739,7.745624904829061,44.474793856010955,-2.378610610961914,-1.3618831634521484,2.9441890716552734,19.06891827581346,7.745624904829061,9.681236488075719
-67.86385800827625,7.5385060139872735,44.616462224680774,-2.3888180255889893,-1.3522858619689941,2.9361050128936768,19.052532651994596,7.5385060139872735,9.822904856745538
-67.80867690997172,7.451771487015935,44.7978754641309,-2.395601511001587,-1.353152871131897,2.9270474910736084,19.107713750299126,7.451771487015935,10.00431809619566

Errors:
rotation,[20.598909537750224, 21.06683974791794, 22.844013549024968, 24.094803835060567, 27.23611226836256, 30.406952463201325, 29.235172829907626, 31.20807023137514, 32.49112379325873, 31.00270526173862, 32.686007373615205, 35.097050723823195, 36.45900346008134, 37.257756107556105, 37.96968482086683, 38.48158088138996, 36.97756814966125, 36.38720397070665, 37.500662466497374, 36.80283304138137, 36.961083048347525, 37.16529662701593, 37.497259791742096, 37.018179192600485, 37.04505466218212, 37.49710923817284, 37.37284481299562, 37.41845630834578, 36.98435617141692, 36.423346244738, 37.278807752249335, 37.156374826408175, 37.246143667723295, 36.49577966871824, 36.41394352272741, 36.56380333351072]
translation,[0.1579505536533441, 0.1566639888069572, 0.1478160019417416, 0.14577437158156226, 0.13978870888463746, 0.1355158913212371, 0.12694647924130376, 0.11274725601997027, 0.10735667456236797, 0.112727101249118, 0.10753078881467548, 0.09851210718749837, 0.09956423721796259, 0.0925368254852943, 0.08420919062291166, 0.07513556613888017, 0.06577109099818035, 0.06134090466700304, 0.05777666124361858, 0.05897468186614052, 0.05454750826599142, 0.049211093855845434, 0.040720717582288124, 0.034555081142742416, 0.029018217894420495, 0.015822244519304363, 0.009481518960488877, 0.003518274603952598, 0.004354822970115357, 0.002667777359681267, 0.0035209617697296025, 0.0037050652437349285, 0.005814290228055796, 0.008596887139469267, 0.011695908430799484, 0.01397361023302679]
loss,
[0.15027466416358948, 0.15212398767471313, 0.13899461925029755, 0.14389339089393616, 0.12866872549057007, 0.13701847195625305, 0.12781132757663727, 0.12631209194660187, 0.12764349579811096, 0.12289192527532578, 0.12353136390447617, 0.12681983411312103, 0.13324569165706635, 0.1335490345954895, 0.12286307662725449, 0.13358944654464722, 0.1281130313873291, 0.13361170887947083, 0.12877003848552704, 0.12713585793972015, 0.1292647123336792, 0.12225165218114853, 0.12962906062602997, 0.1345832794904709, 0.12828980386257172, 0.1327098309993744, 0.12614399194717407, 0.13104330003261566, 0.1291026771068573, 0.12531867623329163, 0.13419435918331146, 0.12652799487113953, 0.1253870725631714, 0.12982212007045746, 0.12896011769771576, 0.12803952395915985]

2022-04-20 09:48:12.361816