2022-04-20 10:08:38.500578

reference phi, theta, psi, translation: -139.02455270626928, -8.537736090602699e-07, 56.38966954231551, -2.2014424800872803, 2.5346622467041016, 2.231398344039917

phi,theta,psi,rot_x,rot_y,rot_z,phi_err,theta_err,psi_err
-129.04008655489625,6.852725648450977,53.065809209147574,-2.6847352981567383,1.8050535917282104,2.604990243911743,9.984466151373027,6.852726502224586,3.3238603331679357
-129.31444159347734,6.11288066172158,52.291474078037815,-2.6302669048309326,1.8341670036315918,2.62768292427063,9.710111112791935,6.112881515495189,4.098195464277694
-133.09530646891622,4.1610964132830714,50.25177810129149,-2.3710718154907227,2.0582122802734375,2.6588563919067383,5.9292462373530554,4.161097267056681,6.137891441024017
-137.34709922724917,4.295405063167495,53.36115683414268,-2.3828024864196777,2.3030316829681396,2.4401535987854004,1.6774534790201017,4.295405916941104,3.0285127081728263
-140.3075491003428,-0.9004880017674302,54.99402966845012,-2.118349313735962,2.604942798614502,2.353518486022949,1.2829963940735354,0.9004871479938211,1.3956398738653917
-139.4189551497025,-0.011774036191680787,55.262538065101666,-2.1826860904693604,2.54836106300354,2.326094627380371,0.39440244343322206,0.011773182418071727,1.1271314772138439
-139.48955198496375,-0.061606311435567204,55.67321343423244,-2.1766483783721924,2.549895763397217,2.2921817302703857,0.4649992786944779,0.06160545766195814,0.7164561080830723
-139.23068781542025,-0.14693095516527527,55.92978949040396,-2.183100938796997,2.5392699241638184,2.265537977218628,0.20613510915097777,0.1469301013916662,0.4598800519115471
-139.13477829909493,-0.044627922686612975,56.306460762751826,-2.191859483718872,2.536223888397217,2.2355685234069824,0.1102255928256568,0.044627068913003914,0.08320877956368378
-138.93069224669497,0.05184842153830223,56.42385805420601,-2.204655647277832,2.526566982269287,2.226505756378174,0.09386045957430156,0.05184927531191129,0.03418851189049832
-138.94943428577747,0.06862824134875081,56.446991904924836,-2.2049803733825684,2.5268092155456543,2.225303888320923,0.07511842049180473,0.06862909512235987,0.05732236260932666
-138.98672711864575,0.02329412368193418,56.45286586761105,-2.2014055252075195,2.5295746326446533,2.224750518798828,0.037825587623530055,0.02329497745554324,0.06319632529554298
-139.01066010149748,0.04556096293035315,56.45363767898726,-2.200749397277832,2.5298116207122803,2.223829746246338,0.013892604771797323,0.04556181670396221,0.06396813667175394
-138.98042968423098,0.05433633554912068,56.40939171354392,-2.2014615535736084,2.527052879333496,2.2272911071777344,0.04412302203829199,0.05433718932272974,0.019722171228409024
-139.02328229108366,0.07771914798764669,56.38870990073712,-2.2005138397216797,2.5278055667877197,2.228111505508423,0.0012704151856155477,0.07772000176125575,0.0009596415783903467
-138.97782055196805,0.017601342603506095,56.42142650686148,-2.201810836791992,2.5286989212036133,2.2263407707214355,0.04673215430122468,0.017602196377115156,0.03175696454596988
-138.97820304256157,0.05783575049070969,56.40852427951933,-2.2020034790039062,2.526571750640869,2.227163314819336,0.04634966370770144,0.057836604264318754,0.01885473720381725
-139.01682093212884,0.027378506812034933,56.42202756350844,-2.199384927749634,2.52913236618042,2.225250720977783,0.007731774140438574,0.027379360585643994,0.03235802119293396
-138.95719338067462,0.032924372693777466,56.414217242192535,-2.201874256134033,2.5264790058135986,2.22615909576416,0.06735932559465141,0.03292522646738653,0.024547699877025764
-138.9806345899061,0.055894411490315855,56.4398270364855,-2.2019731998443604,2.527212619781494,2.2242801189422607,0.04391811636318721,0.055895265263924916,0.05015749416998716
-139.01647942267033,0.06010727931060422,56.427969828086354,-2.2000668048858643,2.528485059738159,2.224860906600952,0.008073283598946546,0.06010813308421328,0.038300285770844766
-138.9570157957562,0.04960603524546237,56.42917877156945,-2.202794313430786,2.526158571243286,2.224665641784668,0.06753691051306987,0.04960688901907143,0.039509229253937406
-138.9749382121383,-0.00185603456024883,56.42996765841858,-2.1999683380126953,2.528033971786499,2.224713087081909,0.04961449413096375,0.0018551807866397697,0.04029811610307377
-138.93752243586496,0.08642802471928678,56.444157376419284,-2.205127477645874,2.5253663063049316,2.2246222496032715,0.08703027040431266,0.08642887849289584,0.054487834103774446
-138.96167398477013,0.014523754621726654,56.437573074059394,-2.201969623565674,2.527928113937378,2.2251334190368652,0.0628787214991462,0.014524608395335715,0.04790353174388429
-138.9737087780877,0.05159001792739525,56.38990518384187,-2.2017462253570557,2.5262677669525146,2.228240728378296,0.050843928181564024,0.051590871701004314,0.0002356415263591316
-138.9717007024717,0.04284834776653968,56.44854235786643,-2.2029645442962646,2.528369188308716,2.2248096466064453,0.05285200379756816,0.04284920154014874,0.058872815550920166
-138.9898143641506,0.028204671930109664,56.44312601785461,-2.2016406059265137,2.529160976409912,2.2242987155914307,0.034738342118686205,0.028205525703718724,0.05345647553910027
-138.9666463624859,0.01793778138363225,56.39380180676336,-2.2003395557403564,2.5269665718078613,2.227315902709961,0.05790634378337245,0.01793863515724131,0.004132264447854084
-138.98687738280748,0.04460873222865435,56.42634424306389,-2.2014365196228027,2.527970314025879,2.2256622314453125,0.037675323461797916,0.04460958600226341,0.036674700748378086
-138.9618242489319,0.045870833395244844,56.43072580941645,-2.2028048038482666,2.5273494720458984,2.2257444858551025,0.06272845733738563,0.045871687168853904,0.04105626710094157
-138.9833393448174,0.03295551508478292,56.448709697501094,-2.201592445373535,2.528989791870117,2.224619150161743,0.041213361451866604,0.03295636885839198,0.05904015518558481
-138.95842281472522,0.04887455804314941,56.429171941380275,-2.2031681537628174,2.526487350463867,2.225630760192871,0.06612989154405113,0.048875411816758474,0.039502399064765825
-138.98092145785122,0.0638666409142389,56.426217884564245,-2.2021243572235107,2.5273890495300293,2.225620985031128,0.04363124841805188,0.06386749468784796,0.03654834224873582
-138.98863957161336,0.043166879362655584,56.43525422483617,-2.2015185356140137,2.5283329486846924,2.224904775619507,0.035913134655913836,0.043167733136264645,0.045584682520662057
-138.96929647588388,-0.009174272451579658,56.44273669707192,-2.2009129524230957,2.529381513595581,2.2249529361724854,0.055256230385396066,0.009173418677970597,0.05306715475641255

Errors:
rotation,[20.161052986765547, 19.92118809256482, 16.228234945433755, 9.001372104134031, 3.5791234159327483, 1.5333071030651377, 1.2430608444395084, 0.8129452624541911, 0.2380614413023445, 0.17989824677671118, 0.20106987822349126, 0.12431689037461627, 0.12342255814751348, 0.11818238258943076, 0.07995005852526164, 0.09609131522430972, 0.12304100517583744, 0.06746915591901653, 0.1248322519390637, 0.14997087579709928, 0.1064817024540046, 0.1566530287860787, 0.09176779102067728, 0.22794698300098293, 0.12530686163836618, 0.10267044140892748, 0.15457402088863706, 0.1164003433615052, 0.07997724338846784, 0.11895961021243942, 0.1496564116071811, 0.1332098854958434, 0.15450770242557543, 0.14404708535463567, 0.12466555031284055, 0.11749680381977921]
translation,[0.12242333873291766, 0.11461470969252918, 0.08320416832006217, 0.0842146029289026, 0.06913694537196946, 0.05163717612528984, 0.030134892470774943, 0.011949595826458825, 0.0019297026466649214, 0.006035725566318817, 0.006370448257831285, 0.0068961880209883475, 0.007615084074541478, 0.0070445515228945155, 0.006636017164004748, 0.006345382441304892, 0.007120885060801996, 0.008002591016545324, 0.0078055638707326125, 0.008329925816560113, 0.00825223798888075, 0.008329243934588781, 0.008671353753253896, 0.007572479634838203, 0.007410539379319125, 0.006856051949895026, 0.00676790225398527, 0.007277347174116322, 0.00769873572482993, 0.007383260953325532, 0.006978950662119843, 0.0072341490263632124, 0.0073843172431313775, 0.007394837948631938, 0.0075294463548827295, 0.007175101261468697]
loss,
[0.16678032279014587, 0.16282165050506592, 0.13644075393676758, 0.050866127014160156, 0.014324936084449291, 0.009563291445374489, 0.004737580195069313, 0.003085092408582568, 0.0017717345617711544, 0.0015734159387648106, 0.0015973143745213747, 0.0012577902525663376, 0.0014911903999745846, 0.0016400432214140892, 0.0014870803570374846, 0.0014277047012001276, 0.001815921044908464, 0.0015788692981004715, 0.0018407420720905066, 0.0014693471603095531, 0.0017618158599361777, 0.001240668585523963, 0.001237529213540256, 0.001692086923867464, 0.001663036411628127, 0.0016618322115391493, 0.0015027262270450592, 0.0017128655454143882, 0.0016426537185907364, 0.001595419249497354, 0.0013022101484239101, 0.00147878413554281, 0.0018076500855386257, 0.0019333137897774577, 0.001156944315880537, 0.0014786547981202602]

2022-04-20 10:18:56.936503