2022-04-27 03:14:15.423841

reference phi, theta, psi, translation: 164.57178246643477, -4.268868188959204e-07, 11.003265705708584, 0.2046843022108078, 0.7416750192642212, 3.957021951675415

phi,theta,psi,rot_x,rot_y,rot_z,phi_err,theta_err,psi_err
174.68706040079186,1.035587752499106,3.46078983121423,-0.0498787984251976,0.24902896583080292,4.223120212554932,10.115277934357096,1.035588179385925,7.542475874494354
173.5853099065338,1.0666338417189136,2.4560171375563447,-0.058737609535455704,0.1855013221502304,4.21221923828125,9.01352744009904,1.0666342686057326,8.54724856815224
168.9313829306272,0.9432266809681392,-1.5211086346495215,-0.10732506215572357,-0.052558671683073044,4.176392078399658,4.359600464192425,0.9432271078549581,12.524374340358106
167.46589754230925,-0.9985711557355968,-0.45757913193489547,0.0585818812251091,-0.03142816945910454,4.185320854187012,2.894115075874481,0.998570728848778,11.46084483764348
166.1260329932062,-0.8626903623030886,1.5385042726918976,0.07768139988183975,0.09567727893590927,4.165990829467773,1.5542505267714262,0.8626899354162697,9.464761433016687
165.24634560924358,0.1661144213953632,4.937183458523499,0.07933498173952103,0.34288811683654785,4.126781463623047,0.6745631428088075,0.1661148482821821,6.066082247185085
164.7631233858435,0.8124910138814451,8.102479242562291,0.09874799102544785,0.5700777769088745,4.062019348144531,0.19134091940873077,0.812491440768264,2.900786463146293
164.52474978381005,0.5652113559062821,11.467716861722158,0.17843641340732574,0.785529375076294,3.9601314067840576,0.04703268262471738,0.565211782793101,0.464451156013574
164.50309808414113,-0.3864897894528631,10.995922398577173,0.2338431030511856,0.7322984337806702,3.948915958404541,0.0686843822936396,0.3864893625660442,0.007343307131410626
164.46127000566398,-0.47757835169737356,11.337989371268813,0.24725699424743652,0.753045380115509,3.9456396102905273,0.11051246077079213,0.47757792481055467,0.3347236655602295
164.54067778495454,-0.2609722366539376,11.159833278279141,0.2266257256269455,0.7455691695213318,3.944662094116211,0.0311046814802296,0.2609718097671187,0.1565675725705571
164.50051627263485,-0.3752311697312447,11.254560318104401,0.23905763030052185,0.74871826171875,3.9452083110809326,0.07126619379991439,0.3752307428444258,0.2512946123958173
164.25445187759598,-0.2317472346426836,11.345300235001666,0.23115354776382446,0.756359875202179,3.9379355907440186,0.31733058883878584,0.2317468077558647,0.3420345292930822
164.3238465995633,-0.2598103750486897,11.23694440646129,0.23060846328735352,0.7496910095214844,3.9394116401672363,0.2479358668714724,0.2598099481618708,0.2336787007527068
164.2921408614361,-0.3581019995247049,11.23985321327407,0.2377702295780182,0.7488441467285156,3.9462008476257324,0.279641604998659,0.358101572637886,0.23658750756548663
164.45713091102695,-8.60338495319118e-05,11.35477456115412,0.21294043958187103,0.7637383937835693,3.9408202171325684,0.1146515554078178,8.560696271301588e-05,0.3515088554455357
164.4570899298919,-0.3811913543677325,11.14824671612586,0.23632816970348358,0.7417962551116943,3.947159767150879,0.11469253654286149,0.3811909274809136,0.1449810104172755
164.42046645556232,-0.3546425942209067,11.277642942404459,0.2376096248626709,0.751580536365509,3.945017099380493,0.15131601087244917,0.3546421673340878,0.27437723669587477
164.3259912789627,-0.3810152601515325,11.263244903634073,0.23859116435050964,0.7484980225563049,3.9417877197265625,0.24579118747206508,0.3810148332647136,0.25997919792548885
164.4883175547772,-0.1479356215504007,11.144776126253847,0.21867893636226654,0.7461240887641907,3.944572687149048,0.08346491165755765,0.1479351946635818,0.14151042054526286
164.43187287147623,-0.09779912565815162,11.292462745356094,0.219588503241539,0.7567011713981628,3.9428658485412598,0.13990959495853872,0.09779869877133272,0.28919703964750987
164.55381906891765,-0.05355907443831206,11.066216997967652,0.21116527915000916,0.7440236806869507,3.951976776123047,0.017963397517121393,0.053558647551493165,0.06295129225906848
164.50402698986824,-0.05894467777922397,11.293818537906342,0.21653340756893158,0.7585985660552979,3.9472882747650146,0.06775547656653202,0.05894425089240508,0.29055283219775774
164.51166314136032,-0.1642910566356005,11.044173416195083,0.21892091631889343,0.7409785389900208,3.9544003009796143,0.060119325074452945,0.1642906297487816,0.04090771048649877
164.4417220042594,-0.1701776421591178,11.242929359721515,0.22422020137310028,0.7529318928718567,3.9505488872528076,0.13006046217537914,0.1701772152722989,0.2396636540129311
164.41228388893663,-0.07071272266795474,11.169073670452521,0.21705938875675201,0.7496395707130432,3.950108289718628,0.159498577498141,0.07071229578113584,0.16580796474393722
164.3656473572838,-0.21203875398377464,11.204095465421762,0.22670215368270874,0.7484699487686157,3.9482455253601074,0.20613510915097777,0.21203832709695575,0.2008297597131783
164.42512464457627,-0.3063283739302282,11.199748903788695,0.23275956511497498,0.7468864321708679,3.944196939468384,0.14665782185849707,0.3063279470434093,0.19648319808011117
164.4095791340253,-0.24285335575778338,11.09418064620333,0.22627446055412292,0.7408837676048279,3.947230100631714,0.1622033324094616,0.2428529288709645,0.09091494049474669
164.4532650239567,-0.1836584015478119,11.261036191211218,0.2249150276184082,0.7534353733062744,3.94394850730896,0.1185174424780655,0.183657974660993,0.25777048550263437
164.43722773978553,-0.2469962905736069,11.23248258538598,0.22786903381347656,0.7502334713935852,3.9467315673828125,0.13455472664924173,0.246995863686788,0.2292168796773968
164.48548985646084,-0.20811024764281968,11.164936283362787,0.22416934370994568,0.7473888397216797,3.949702024459839,0.08629260997392407,0.2081098207560008,0.16167057765420267
164.41956487059187,-0.18258744827088252,11.308191817240987,0.22680947184562683,0.7558444142341614,3.943202495574951,0.15221759584289885,0.18258702138406363,0.3049261115324029
164.46764940234877,-0.4023184698866139,11.104799029041763,0.23582273721694946,0.7388054728507996,3.945902109146118,0.10413306408599965,0.402318042999795,0.10153332333317877
164.4612836660423,-0.3006677350855153,11.218659136279522,0.23159749805927277,0.7483034729957581,3.9471304416656494,0.11049880039246318,0.3006673081986964,0.21539343057093774
164.42489241814448,-0.3017228183765547,11.366599326154704,0.23519177734851837,0.7579914331436157,3.941351890563965,0.14689004829028818,0.3017223914897358,0.36333362044612016

Errors:
rotation,[18.693341988237375, 18.627410276857013, 17.82720191240549, 15.353530642366739, 11.881701895204383, 6.906760238276075, 3.904618823323288, 1.0766956214313925, 0.46251705199109444, 0.9228140511415763, 0.4486440638179054, 0.6977915490401575, 0.8911119258877327, 0.74142451578605, 0.8743306852020316, 0.4662460178160665, 0.6408644744410505, 0.7803354149024118, 0.8867852186622676, 0.3729105268664023, 0.5269053333773813, 0.13447333732768305, 0.41725255965669483, 0.26531766530973333, 0.5399013314606091, 0.3960188380232141, 0.6190031959611118, 0.6494689669820175, 0.4959712017751728, 0.5599459026416929, 0.6107674700134265, 0.45607300838412757, 0.6397307287593654, 0.6079844304189734, 0.6265595391620973, 0.8119460602261441]
translation,[0.19962134480110283, 0.18558211008039294, 0.14697256591676577, 0.15471990318760653, 0.13668444957332948, 0.11063298749154171, 0.07188718654960624, 0.010100702026877073, 0.00808517364837602, 0.006668031183080458, 0.010234518465582987, 0.008393985977928509, 0.014557112397331373, 0.014391302342023238, 0.0074734285914788146, 0.01133985909816193, 0.007923349703076177, 0.008133556290491839, 0.01181733637233151, 0.010659362509671588, 0.010307235490921052, 0.004184346597837063, 0.005778827057771885, 0.0019531421255924997, 0.003224031560813856, 0.004662738544037204, 0.006176248869087075, 0.010095968069976813, 0.008600548258116625, 0.009564348194216699, 0.007266997824914689, 0.005090147200488282, 0.009737446684918716, 0.009737433143564012, 0.007022266602059624, 0.010666128782444773]
loss,
[0.12929171323776245, 0.10965573042631149, 0.05362584441900253, 0.04724959284067154, 0.04013970494270325, 0.03157094120979309, 0.0164624135941267, 0.004587230272591114, 0.00388089451007545, 0.004383110906928778, 0.004838776774704456, 0.0043311878107488155, 0.004419161006808281, 0.005491124000400305, 0.0035218163393437862, 0.004350774921476841, 0.003554565366357565, 0.004783276002854109, 0.0046484703198075294, 0.004695689771324396, 0.004165597725659609, 0.0055433614179492, 0.003874358721077442, 0.0032244082540273666, 0.003699209075421095, 0.004484545439481735, 0.004755610134452581, 0.004389091394841671, 0.004933074116706848, 0.0031778295524418354, 0.002943577943369746, 0.006076388992369175, 0.005974860396236181, 0.0031263853888958693, 0.004311821423470974, 0.0043542152270674706]

2022-04-27 03:16:46.823572