2022-04-27 03:24:36.910771

reference phi, theta, psi, translation: 175.36684180812657, -0.0, 39.4597479484966, 0.2069414258003235, 2.553555727005005, 3.112318754196167

phi,theta,psi,rot_x,rot_y,rot_z,phi_err,theta_err,psi_err
-174.60268024378553,2.426304892454245,32.24175771288345,-0.3459881842136383,2.1274664402008057,3.6064906120300293,10.030477948087878,2.426304892454245,7.217990235613151
-174.5830502801109,2.436507887309876,32.25998748777821,-0.3470925986766815,2.12825083732605,3.606048345565796,10.050107911762552,2.436507887309876,7.199760460718387
-174.16679123133366,2.2038579277662675,33.034718769859836,-0.3551535904407501,2.1672534942626953,3.58101487159729,10.466366960539744,2.2038579277662675,6.425029178636763
-173.54740235664022,1.7695682451112906,35.37315697561876,-0.3825203776359558,2.296259641647339,3.4822921752929688,11.085755835233215,1.7695682451112906,4.086590972877836
-173.68949761213318,1.1281681920761872,39.00882227458695,-0.37801456451416016,2.516509771347046,3.3136816024780273,10.943660579740254,1.1281681920761872,0.45092567390965144
-174.8347154302692,1.5585873627480893,39.35343946915994,-0.35219478607177734,2.553302049636841,3.287851572036743,9.798442761604235,1.5585873627480893,0.10630847933666132
-174.80608327726853,1.3212220433307267,39.788908424977855,-0.33695465326309204,2.5773813724517822,3.280182361602783,9.827074914604907,1.3212220433307267,0.3291604764812561
-175.02432148162876,1.4795377811454375,39.41557711513413,-0.3258301913738251,2.553699016571045,3.307070255279541,9.608836710244645,1.4795377811454375,0.04417083336247174
-175.2707410465045,1.0223020290643963,40.43227809384721,-0.2996866703033447,2.6215479373931885,3.2528581619262695,9.362417145368909,1.0223020290643963,0.9725301453506106
-175.9260293954755,1.015741054571993,40.43898875470674,-0.28097179532051086,2.62774658203125,3.245925188064575,8.70712879639791,1.015741054571993,0.979240806210143
-175.4167841513377,1.0976666980976664,38.42321210043381,-0.2839762270450592,2.5079822540283203,3.3452093601226807,9.216374040535698,1.0976666980976664,1.0365358480627904
-175.68915843505945,0.8508945645734083,39.766655668661954,-0.2667178511619568,2.5879030227661133,3.280939817428589,8.94399975681398,0.8508945645734083,0.3069077201653556
-176.0375254034868,0.7823433587800327,40.351873106937816,-0.24858660995960236,2.6197187900543213,3.251159906387329,8.595632788386638,0.7823433587800327,0.8921251584412175
-176.31606051783993,0.6294247770251716,40.59693346416871,-0.22654476761817932,2.634841203689575,3.2379653453826904,8.317097674033505,0.6294247770251716,1.1371855156721082
-176.25934262697214,-0.1958222948566924,40.46066436003778,-0.18141169846057892,2.6291921138763428,3.2450902462005615,8.373815564901292,0.1958222948566924,1.0009164115411835
-176.31994006528848,-0.22863258947256554,39.213762100633176,-0.1682622730731964,2.561448812484741,3.298853874206543,8.313218126584957,0.22863258947256554,0.24598584786342315
-176.78620975916857,-0.2572412330502873,39.579061108012965,-0.15511319041252136,2.5815885066986084,3.27883243560791,7.846948432704835,0.2572412330502873,0.11931315951636634
-176.77058228634758,-0.6130431806056756,39.76110613996132,-0.1372232735157013,2.591038227081299,3.2726612091064453,7.862575905525887,0.6130431806056756,0.30135819146472187
-176.79668726935537,-0.8028909297827082,39.42757092731667,-0.12277593463659286,2.5739593505859375,3.2858798503875732,7.83647092251806,0.8028909297827082,0.03217702117992616
-176.67681744942166,-1.3321934228106707,39.18733951382898,-0.09793715178966522,2.562119245529175,3.295771598815918,7.956340742451744,1.3321934228106707,0.2724084346676179
-176.79962425069849,-1.134497530704861,38.81721156270599,-0.10421241074800491,2.5379679203033447,3.315028429031372,7.833533941174949,1.134497530704861,0.6425363857906063
-177.1634547674067,-1.0497964318357047,39.05146314557533,-0.09647276997566223,2.5528857707977295,3.302177667617798,7.469703424466729,1.0497964318357047,0.40828480292126557
-177.1418440488728,-1.2285251293740231,39.341739355111706,-0.08447647094726562,2.5712857246398926,3.289745569229126,7.491314143000636,1.2285251293740231,0.11800859338489289
-177.17834457979734,-1.0751242015246605,39.32400135383718,-0.0871661975979805,2.568124294281006,3.2967875003814697,7.454813612076123,1.0751242015246605,0.13574659465941608
-177.22424345101984,-1.2512382303686735,39.53708959556324,-0.07668420672416687,2.583696126937866,3.28507661819458,7.408914740853561,1.2512382303686735,0.07734164706663904
-177.26691847295407,-1.1413319321945488,39.239211385480644,-0.07900716364383698,2.5674831867218018,3.298295259475708,7.36623971891936,1.1413319321945488,0.2205365630159548
-177.27917183232506,-1.3558061103708163,39.7029368338949,-0.06940073519945145,2.594926595687866,3.277287006378174,7.353986359548344,1.3558061103708163,0.24318888539830397
-177.2608532649711,-1.603115841503395,39.80453589779884,-0.0571257509291172,2.6009926795959473,3.269350528717041,7.372304926902302,1.603115841503395,0.3447879493022441
-177.21917545065568,-1.5120850303045141,39.49729691345875,-0.06447616219520569,2.581511974334717,3.286501884460449,7.413982741217751,1.5120850303045141,0.037548964962148546
-177.33964632723638,-1.5173898237228416,39.34915011036117,-0.05589980259537697,2.573154926300049,3.2938191890716553,7.293511864637026,1.5173898237228416,0.11059783813542623
-177.55557592765715,-1.5768060308367577,39.46824128872951,-0.0433482825756073,2.5811967849731445,3.2867414951324463,7.077582264216289,1.5768060308367577,0.00849334023290993
-177.66485895437737,-1.5572437309245628,39.641202169081744,-0.03772805631160736,2.5894954204559326,3.2799429893493652,6.968299237496069,1.5572437309245628,0.18145422058514526
-177.6066247615138,-1.5876291693540718,39.6976536825719,-0.03642398491501808,2.5941405296325684,3.275949239730835,7.0265334303596205,1.5876291693540718,0.23790573407529791
-177.73048341192285,-1.688912589321709,39.74180402536686,-0.024671336635947227,2.5963850021362305,3.274311065673828,6.902674779950587,1.688912589321709,0.282056076870262
-177.86731942175487,-1.82334341918043,39.928705321815094,-0.01421167142689228,2.606478691101074,3.2665774822235107,6.765838770118535,1.82334341918043,0.46895737331849574
-177.93976040809204,-1.8760024285060293,39.986683382584744,-0.008337143808603287,2.611241579055786,3.2614729404449463,6.693397783781393,1.8760024285060293,0.5269354340881449

Errors:
rotation,[19.674773076155276, 19.686376259790816, 19.095254066942775, 16.941915053222342, 12.522754445726092, 11.463338603688985, 11.47745743441689, 11.132545324752554, 11.357249319783916, 10.702110657180047, 11.350576586696155, 10.101802041552745, 10.270101305607888, 10.083707966730785, 9.570554271299168, 8.787836563920946, 8.223502825271488, 8.776977277596284, 8.671538873480694, 9.560942599930032, 9.610567857670416, 8.9277846592237, 8.837847865759553, 8.6656844082602, 8.737494618288874, 8.728108214129863, 8.952981355317464, 9.320208717707942, 8.963616736484413, 8.921499526495293, 8.662881635285958, 8.706997189005778, 8.85206833378899, 8.873643446142559, 9.05813956261746, 9.096335646375566]
translation,[0.170370405351016, 0.17047914569116251, 0.16967934272034757, 0.15760474799621704, 0.1469331866533654, 0.1465930965874538, 0.1540867576296403, 0.1598445254830736, 0.1573568059045627, 0.15456437278099244, 0.15946100429143772, 0.15610731871619876, 0.15154526567838467, 0.14955655524876565, 0.14932235308193054, 0.14879570365158568, 0.1449221122991018, 0.1453075364141414, 0.14467613095081422, 0.14453365129522222, 0.14517993354396985, 0.14390531533623552, 0.14512217709574937, 0.1487836298114651, 0.14895424853558126, 0.14941702871553098, 0.14966901650822972, 0.14703813201622307, 0.1485189898314614, 0.1490022594642202, 0.14824021141252697, 0.14797824739232635, 0.14771493683132153, 0.14773904552514328, 0.14792149253399955, 0.14689197482390348]
loss,
[0.11524798721075058, 0.11078795045614243, 0.12101926654577255, 0.10263633728027344, 0.09560847282409668, 0.09786473214626312, 0.09858419746160507, 0.11144670099020004, 0.09936406463384628, 0.10195841640233994, 0.09307190030813217, 0.10037209838628769, 0.09699475765228271, 0.09815230965614319, 0.09595455974340439, 0.09318369626998901, 0.09976613521575928, 0.09735091030597687, 0.09901739656925201, 0.09445061534643173, 0.09501312673091888, 0.10256137698888779, 0.10071790218353271, 0.09369232505559921, 0.10117878764867783, 0.08770309388637543, 0.10157909244298935, 0.0981043130159378, 0.08955937623977661, 0.0963156670331955, 0.10037985444068909, 0.09541119635105133, 0.09888504445552826, 0.08136273175477982, 0.09275101870298386, 0.09464646875858307]

2022-04-27 03:27:09.326872