2022-04-29 01:32:08.346560

reference phi, theta, psi, translation: 16.672973292337613, -0.0, 55.56417970941693, 0.9538894295692444, -3.184936285018921, 2.279534101486206

phi,theta,psi,rot_x,rot_y,rot_z,phi_err,theta_err,psi_err
26.607018987257597,-4.879078348390559,61.415046110949504,1.4386786222457886,-3.2383759021759033,2.121750593185425,9.934045694919984,4.879078348390559,5.850866401532571
25.68364400581628,-5.150153952870893,59.55903782664692,1.3464285135269165,-3.228302001953125,2.2122933864593506,9.010670713478667,5.150153952870893,3.994858117229988
21.753735864951242,-5.104674724789687,55.64363871512628,1.080849528312683,-3.2438180446624756,2.380033254623413,5.080762572613629,5.104674724789687,0.07945900570934583
16.135541565042452,-2.8285338511769056,55.307528521164535,0.8421154022216797,-3.3249166011810303,2.380126714706421,0.5374317272951608,2.8285338511769056,0.2566511882523983
17.75791810614287,0.1823097660743916,53.79597009180028,1.0257896184921265,-3.169959545135498,2.445754289627075,1.084944813805258,0.1823097660743916,1.7682096176166553
16.806711811381046,-0.651104754224506,54.45009389351782,0.9417036175727844,-3.197120189666748,2.382561445236206,0.13373851904343326,0.651104754224506,1.1140858158991165
16.81577376486236,0.0041193264466879145,55.092022392472295,0.9665693640708923,-3.1873648166656494,2.3242650032043457,0.1428004725247476,0.0041193264466879145,0.4721573169446387
16.671325509200347,-0.005494711818620059,55.35587601520447,0.9548588991165161,-3.179685354232788,2.295046091079712,0.001647783137265435,0.005494711818620059,0.20830369421246075
16.646359460236656,-0.13487656076981397,55.44905345586179,0.9476584792137146,-3.1769204139709473,2.2825255393981934,0.02661383210095636,0.13487656076981397,0.11512625355514672
16.626449458806068,-0.06313748509491383,55.52022402701332,0.9480832815170288,-3.1771206855773926,2.276726484298706,0.04652383353154477,0.06313748509491383,0.04395568240361314
16.613354278619862,-0.026984563690192892,55.59876095718471,0.9501243829727173,-3.179084300994873,2.271418809890747,0.059619013717750136,0.026984563690192892,0.03458124776777538
16.588395059845343,-0.0057146240275628485,55.54556061373948,0.9489485025405884,-3.175609588623047,2.2743024826049805,0.08457823249226948,0.0057146240275628485,0.018619095677451014
16.558782774698752,-0.12095092087505149,55.54367548152856,0.9421618580818176,-3.17836332321167,2.273240089416504,0.11419051763886046,0.12095092087505149,0.020504227888373805
16.630580015706634,-0.10790472851760946,55.54924891589129,0.946444571018219,-3.1789357662200928,2.2750039100646973,0.04239327663097825,0.10790472851760946,0.014930793525643082
16.556759331157135,-0.06158974794893123,55.57374197425495,0.9455902576446533,-3.180793523788452,2.273408889770508,0.11621396118047755,0.06158974794893123,0.009562264838017143
16.607222476292485,-0.08551702126650633,55.60239461782316,0.9471147656440735,-3.18078351020813,2.2726259231567383,0.06575081604512789,0.08551702126650633,0.03821490840622488
16.61403558998957,-0.026713808734268676,55.56571650198019,0.9493960738182068,-3.176701784133911,2.274137496948242,0.058937702348043075,0.026713808734268676,0.0015367925632574497
16.65681989495053,-0.16589520428575205,55.552431784044515,0.9464021325111389,-3.1782991886138916,2.2749552726745605,0.016153397387082435,0.16589520428575205,0.011747925372418422
16.597571418995255,-0.013787106450090262,55.592190315203155,0.9494825601577759,-3.178948163986206,2.2720823287963867,0.07540187334235782,0.013787106450090262,0.028010605786221277
16.56901952071731,-0.0327618927386644,55.60199163666213,0.9471873641014099,-3.179405927658081,2.2703349590301514,0.10395377162030428,0.0327618927386644,0.037811927245194
16.59992783425891,-0.06405897900427299,55.6035694103604,0.9482334852218628,-3.1792447566986084,2.271235466003418,0.07304545807870255,0.06405897900427299,0.03938970094346672
16.624741911513567,-0.04320937676205947,55.571518747680116,0.9496101140975952,-3.1785717010498047,2.2733218669891357,0.048231380824045544,0.04320937676205947,0.007339038263182829
16.624106703920756,-0.06022497296253021,55.57668578578723,0.9490048885345459,-3.1793906688690186,2.2732741832733154,0.04886658841685687,0.06022497296253021,0.012506076370293329
16.62030228855306,-0.04182590215564222,55.55604495411545,0.9495680928230286,-3.17848539352417,2.2743616104125977,0.05267100378455325,0.04182590215564222,0.008134755301483665
16.57542623815878,-0.09728720212396562,55.52333517818026,0.9450355172157288,-3.1785190105438232,2.2767574787139893,0.09754705417883258,0.09728720212396562,0.04084453123667231
16.620872609348755,-0.066311605542897,55.650643074120126,0.9493138790130615,-3.1820099353790283,2.2691426277160645,0.05210068298885773,0.066311605542897,0.08646336470319227
16.58501753130077,-0.08955651443885647,55.583942861780365,0.9464316368103027,-3.1798534393310547,2.2727792263031006,0.08795576103684155,0.08955651443885647,0.019763152363431402
16.638725016291875,-0.12606872453490617,55.56294003008258,0.9472684860229492,-3.178044080734253,2.2735707759857178,0.034248276045737214,0.12606872453490617,0.0012396793343540935
16.617232118521137,-0.09982572768505892,55.53206415993954,0.9465570449829102,-3.1780965328216553,2.2758352756500244,0.055741173816475253,0.09982572768505892,0.032115549477396144
16.613021306897824,-0.10301649505246518,55.48866855304786,0.9459044933319092,-3.176238775253296,2.278419017791748,0.0599519854397883,0.10301649505246518,0.07551115636907468
16.682083057143117,-0.10002655918039967,55.57208223828664,0.9510189294815063,-3.178739309310913,2.274092674255371,0.009109764805504739,0.10002655918039967,0.00790252886970677
16.60297068353415,-0.10486525464659743,55.576866785800235,0.946050226688385,-3.180432081222534,2.273930788040161,0.07000260880346332,0.10486525464659743,0.012687076383301132
16.61890551486779,-0.031321125628877323,55.55436131248504,0.9501956105232239,-3.179028034210205,2.275341272354126,0.05406777746982172,0.031321125628877323,0.009818396931891016
16.65114400775025,-0.041922698383721695,55.577385880177154,0.9523524641990662,-3.1791625022888184,2.274022340774536,0.021829284587361997,0.041922698383721695,0.01320617076022046
16.582606474523757,-0.06419202492073194,55.48605600569033,0.9464997053146362,-3.177764415740967,2.2789134979248047,0.09036681781385525,0.06419202492073194,0.07812370372660382
16.58300945568479,-0.09650062023803632,55.59298603224146,0.9459600448608398,-3.1814157962799072,2.273064613342285,0.08996383665282437,0.09650062023803632,0.028806322824529218

Errors:
rotation,[20.663990444843115, 18.15568278357955, 10.264896303112662, 3.6226167667244646, 3.035464197496305, 1.8989290891670558, 0.6190771159160742, 0.21544618916834624, 0.27661664642591705, 0.15361700103007175, 0.12118482517571841, 0.10891195219728333, 0.25564566640228575, 0.1652287986742308, 0.18736597396742594, 0.1894827457178591, 0.0871883036455692, 0.1937965270452529, 0.11719958557866936, 0.17452759160416267, 0.17649413802644226, 0.09877979584928784, 0.12159763774968041, 0.10263166124167913, 0.23567878753947052, 0.204875653234947, 0.19727542783912944, 0.16155667991499748, 0.18768245097893033, 0.23847963686132817, 0.11703885285561118, 0.18755493983336188, 0.09520730003059005, 0.07695815373130416, 0.23268254646119102, 0.2152707797153899]
translation,[0.09908907901583852, 0.10759625382102378, 0.13482235009304766, 0.14370430020171465, 0.10198157726193458, 0.06581905682526301, 0.03036822822747709, 0.004882910537347129, 0.0061067817282980386, 0.009134177460661697, 0.010102034855366426, 0.01149563234430584, 0.011516581688365335, 0.009060647596803584, 0.008694728896741388, 0.008786422145260708, 0.010620376240123797, 0.009601264161714695, 0.009986403826725443, 0.011152894351003972, 0.010525113026037758, 0.009553332784878243, 0.009075802326311333, 0.009043620062391788, 0.008729100065921536, 0.009264576199748298, 0.009596051113618387, 0.010381936880413, 0.009227071556511035, 0.009385298904145856, 0.008652250429454611, 0.008577372929523541, 0.007912630554143263, 0.00804210714293152, 0.007760235603289978, 0.008310246842118119]
loss,
[0.10965608060359955, 0.10282272100448608, 0.06201362609863281, 0.03551500290632248, 0.01755879633128643, 0.010539911687374115, 0.0038628687616437674, 0.0013928408734500408, 0.0020394164603203535, 0.001682960195466876, 0.0017892892938107252, 0.002261561807245016, 0.0021602758206427097, 0.0021184131037443876, 0.0020665605552494526, 0.001742723397910595, 0.0018538822187110782, 0.0015176621964201331, 0.001894307672046125, 0.0025365720503032207, 0.0016987597336992621, 0.0016663221176713705, 0.0017776403110474348, 0.0017978627001866698, 0.0015116350259631872, 0.0017613887321203947, 0.0019157215720042586, 0.001701850793324411, 0.0016466131201013923, 0.0013912301510572433, 0.0021598078310489655, 0.0019278284162282944, 0.001786421868018806, 0.0029454301111400127, 0.0016774344258010387, 0.0016894660657271743]

2022-04-29 01:36:37.390219