2022-04-29 01:41:15.152485

reference phi, theta, psi, translation: -33.091320547511735, -0.0, 74.32085247222868, -2.1190009117126465, -3.251617431640625, 1.089412808418274

phi,theta,psi,rot_x,rot_y,rot_z,phi_err,theta_err,psi_err
-22.822884158753556,1.294954214858955,81.82337814338081,-1.5357718467712402,-3.6827800273895264,0.7731812596321106,10.268436388758179,1.294954214858955,7.502525671152128
-23.168739325113613,1.9137827834946004,80.89773724668234,-1.5549923181533813,-3.6584858894348145,0.8236514925956726,9.922581222398122,1.9137827834946004,6.57688477445366
-26.354718629506497,5.604257373444121,77.67437290186739,-1.721742033958435,-3.556382894515991,0.9620679020881653,6.736601918005238,5.604257373444121,3.3535204296387064
-30.766382210647336,9.046106909645308,71.17291390641817,-1.8108391761779785,-3.405655860900879,1.3147058486938477,2.324938336864399,9.046106909645308,3.147938565810506
-31.69472786225713,3.0084745426836506,70.1600856449645,-1.94784677028656,-3.304633140563965,1.3875113725662231,1.396592685254607,3.0084745426836506,4.160766827264183
-33.66565749443976,0.3395265090089392,73.78121288628431,-2.1764845848083496,-3.272205352783203,1.1424603462219238,0.5743369469280282,0.3395265090089392,0.5396395859443714
-33.438673232847314,0.2312593318207662,73.86775821325755,-2.15181827545166,-3.2690889835357666,1.133841633796692,0.3473526853355793,0.2312593318207662,0.4530942589711344
-33.402814739704745,-0.05310239135453227,74.08631060631961,-2.1443722248077393,-3.252934694290161,1.109865427017212,0.31149419219300967,0.05310239135453227,0.23454186590906545
-33.25547048383465,0.06017827070374207,74.14008468565513,-2.1261205673217773,-3.2492728233337402,1.1055631637573242,0.1641499363229144,0.06017827070374207,0.1807677865735542
-33.15551066533151,0.04776666362309796,74.21047661524128,-2.1190247535705566,-3.247250556945801,1.099116325378418,0.06419011781977702,0.04776666362309796,0.11037585698740315
-33.145139023076844,0.03342795828251929,74.17868891484403,-2.117164373397827,-3.2453503608703613,1.0998855829238892,0.05381847556510877,0.03342795828251929,0.1421635573846487
-33.19797395140148,0.09962887053075661,74.123849325998,-2.11773943901062,-3.244114398956299,1.1020853519439697,0.10665340388974442,0.09962887053075661,0.19700314623068493
-33.258195729313485,0.044078674753412,74.23384269239189,-2.1233294010162354,-3.243396282196045,1.0949387550354004,0.16687518180174976,0.044078674753412,0.08700977983679081
-33.172138760865906,0.06567270372799683,74.1867143871188,-2.1178982257843018,-3.2467141151428223,1.0983774662017822,0.08081821335417061,0.06567270372799683,0.1341380851098819
-33.17960074253415,0.02943317582711141,74.21567438919965,-2.119959592819214,-3.245847225189209,1.0959429740905762,0.08828019502241347,0.02943317582711141,0.1051780830290312
-33.17129181740883,0.12904817294824197,74.21488208725593,-2.1161253452301025,-3.2457919120788574,1.0970256328582764,0.07997126989709358,0.12904817294824197,0.1059703849727498
-33.17952219535869,0.06435158259264605,74.21850208751603,-2.118976593017578,-3.2431182861328125,1.0950088500976562,0.08820164784695805,0.06435158259264605,0.10235038471265057
-33.136191475264134,0.06164044332964374,74.29860654610195,-2.1165647506713867,-3.2479960918426514,1.0903816223144531,0.04487092775239887,0.06164044332964374,0.022245926126728932
-33.16508317545328,0.008872360441177955,74.21191778515615,-2.117691993713379,-3.241823673248291,1.0954105854034424,0.07376262794154798,0.008872360441177955,0.10893468707253362
-33.15110860841144,-0.00598042286554213,74.2853149979771,-2.115299940109253,-3.2424685955047607,1.0903823375701904,0.0597880608997059,0.00598042286554213,0.03553747425158349
-33.04266569495915,0.055709120451451925,74.20558619979555,-2.1078155040740967,-3.2461447715759277,1.095970869064331,0.04865485255258761,0.055709120451451925,0.11526627243313214
-33.09618364220078,0.0005832884819576689,74.30678911272761,-2.112800121307373,-3.24481201171875,1.0889445543289185,0.0048630946890426685,0.0005832884819576689,0.01406335950106552
-33.12536904052425,0.08555552532888455,74.25584956189766,-2.112718343734741,-3.2443058490753174,1.091750144958496,0.03404849301251289,0.08555552532888455,0.06500291033101746
-33.09474247228591,0.04801090573691905,74.30381798043867,-2.112673044204712,-3.2457642555236816,1.0891122817993164,0.003421924774173135,0.04801090573691905,0.017034491790013817
-33.098266849897634,0.053368003924674036,74.28557454516556,-2.1124961376190186,-3.245783805847168,1.0909980535507202,0.006946302385898662,0.053368003924674036,0.035277927063120273
-33.08668284906529,0.021300344991104392,74.25548073168248,-2.1127421855926514,-3.245333433151245,1.092464804649353,0.00463769844644446,0.021300344991104392,0.06537174054619754
-33.17372677984793,0.0026244862079950163,74.2578029960003,-2.1180882453918457,-3.242103338241577,1.0918693542480469,0.08240623233619715,0.0026244862079950163,0.06304947622838597
-33.10921564313716,0.04101437039588957,74.28263756382246,-2.113960027694702,-3.245163917541504,1.0906825065612793,0.017895095625426904,0.04101437039588957,0.038214908406217774
-33.1526658915422,0.024680688065048296,74.2744959783318,-2.116438627243042,-3.243954658508301,1.091223120689392,0.06134534403046388,0.024680688065048296,0.046356493896880124
-33.129846229525185,0.0672394267589808,74.25031027848078,-2.1137855052948,-3.2447915077209473,1.0929417610168457,0.03852568201345008,0.0672394267589808,0.07054219374789739
-33.108430171382615,0.05463501729065229,74.27569809162573,-2.112942934036255,-3.244035243988037,1.0907589197158813,0.017109623870879886,0.05463501729065229,0.04515438060295196
-33.0989362084363,0.05591648672980829,74.26698960043396,-2.111814260482788,-3.244523763656616,1.0914393663406372,0.007615660924564338,0.05591648672980829,0.05386287179472049
-33.08446303758504,0.010538880810782759,74.32106420809295,-2.113065004348755,-3.2450804710388184,1.0883381366729736,0.006857509926696537,0.010538880810782759,0.00021173586426925795
-33.135272814820766,0.05882123055185077,74.27878533713057,-2.1143691539764404,-3.243802070617676,1.0906902551651,0.0439522673090309,0.05882123055185077,0.04206713509810811
-33.153854344457784,0.05761641268475111,74.27216005363566,-2.115490436553955,-3.242450475692749,1.0914121866226196,0.06253379694604888,0.05761641268475111,0.04869241859302065
-33.15440075959138,0.017941374953006902,74.27484431797947,-2.1163527965545654,-3.241715669631958,1.090791940689087,0.06308021207964742,0.017941374953006902,0.04600815424920768

Errors:
rotation,[19.06591627476926, 18.413248780346382, 15.694379721088065, 14.518983812320213, 8.56583405520244, 1.4535030418813388, 1.0317062761274798, 0.5991384494566074, 0.40509599360021065, 0.22233263843027812, 0.22940999123227676, 0.403285420651186, 0.29796363639195256, 0.28062900219204934, 0.22289145387855608, 0.3149898278180854, 0.2549036151522547, 0.12875729720877155, 0.19156967545525955, 0.10130595801683151, 0.2196302454371717, 0.019509742672065858, 0.1846069286724149, 0.068467322301106, 0.09559223337369296, 0.0913097839837464, 0.14808019477257814, 0.09712437442753424, 0.1323825259923923, 0.17630730252032828, 0.11689902176448413, 0.11739501944909311, 0.017608126601748555, 0.14484063295898977, 0.16884262822382062, 0.127029741281862]
translation,[0.03326186669987141, 0.02854116586348443, 0.035544030095327805, 0.04392704807481973, 0.04807374130653663, 0.061502014727173204, 0.043531904280142086, 0.020008814447879608, 0.006250399827187003, 0.0008735807420361397, 0.0031726687760365024, 0.003264721009963445, 0.0028492148068846035, 0.0020995312030009927, 0.002376854627606839, 0.004142929210084745, 0.00534679484345002, 0.003939284995864156, 0.006956486146071583, 0.009061119725166655, 0.008506200747019577, 0.00887471311258281, 0.008565441359511539, 0.008127816990687542, 0.0076940048017215545, 0.0075301200807089685, 0.007485064482336767, 0.00751071013935789, 0.007036288537612734, 0.007289695812659147, 0.008934637508120957, 0.00894877329451571, 0.0086831224465449, 0.008391873697935814, 0.008696228955972884, 0.00900311160639422]
loss,
[0.1726573407649994, 0.15751539170742035, 0.1311451494693756, 0.05715182051062584, 0.03185127675533295, 0.007352304644882679, 0.004875419661402702, 0.002228914760053158, 0.0024655996821820736, 0.0023694366682320833, 0.0017335207667201757, 0.0014532089699059725, 0.0017748440150171518, 0.00153179035987705, 0.0015438506379723549, 0.0020639547146856785, 0.0017203916795551777, 0.001292986678890884, 0.0012802797136828303, 0.0012777926167473197, 0.0019857226870954037, 0.0015099610900506377, 0.0011855104239657521, 0.0011457374785095453, 0.0014304264914244413, 0.0016933511942625046, 0.0014929426833987236, 0.0010505977552384138, 0.0014829238643869758, 0.0013911982532590628, 0.0016883084317669272, 0.0010800310410559177, 0.0015976137947291136, 0.001597956521436572, 0.0013910535490140319, 0.0017101470148190856]

2022-04-29 01:45:44.225928