2022-04-28 21:53:31.286039

reference phi, theta, psi, translation: 132.9853677440357, -8.537735924097414e-07, 76.34363348549546, 2.865516185760498, 2.6707684993743896, 0.9517420530319214

phi,theta,psi,rot_x,rot_y,rot_z,phi_err,theta_err,psi_err
143.3552887910292,-3.0579185397180266,69.36864430507845,2.3124754428863525,2.981729030609131,1.6183615922927856,10.369921046993511,3.0579176859444344,6.974989180417012
142.5367589208949,-4.43499584062528,69.11916481545455,2.4089832305908203,2.8986856937408447,1.617953896522522,9.551391176859198,4.434994986851688,7.224468670040906
142.3887760423374,-8.108649752622044,69.86822483154069,2.5337717533111572,2.8436636924743652,1.5261059999465942,9.403408298301713,8.108648898848452,6.475408653954773
140.78585358754046,-9.701607359662168,68.97705589958328,2.6298561096191406,2.731156587600708,1.5846632719039917,7.8004858435047595,9.701606505888575,7.366577585912182
139.3062980095323,-12.399186384739977,68.6563033859703,2.748296022415161,2.634172201156616,1.5848681926727295,6.3209302654965995,12.399185530966385,7.6873300995251554
137.45513915954044,-13.760790779863765,68.38478287589479,2.8396222591400146,2.5348150730133057,1.5995392799377441,4.469771415504738,13.760789926090172,7.958850609600674
136.1989717485267,-14.805682264748711,69.35999045540004,2.9242351055145264,2.5138707160949707,1.4927639961242676,3.2136040044910033,14.805681410975119,6.983643030095422
136.29915696327245,-17.154297736126562,70.23175481992544,2.9808011054992676,2.534019708633423,1.387805700302124,3.313789219236753,17.15429688235297,6.111878665570018
136.3381846641899,-17.225592008234283,70.66816292675423,2.9783473014831543,2.5504040718078613,1.355749249458313,3.352816920154197,17.22559115446069,5.675470558741225
136.41312549976328,-16.934111924633484,69.81332377099213,2.964435338973999,2.5346672534942627,1.40681791305542,3.4277577557275833,16.934111070859892,6.530309714503332
135.7251478654246,-17.3614892857459,70.0751044313112,3.004106283187866,2.4955549240112305,1.3953970670700073,2.7397801213888897,17.361488431972308,6.268529054184256
136.4219364437926,-15.790321771098121,70.80918584254749,2.9570460319519043,2.585005044937134,1.3574756383895874,3.43656869975689,15.790320917324529,5.534447642947967
135.98845165792858,-14.981801555614288,71.46959000320685,2.966391086578369,2.597047805786133,1.3253686428070068,3.0030839138928798,14.981800701840696,4.874043482288613
136.00420207415462,-14.922593692891722,71.79482995110452,2.96738862991333,2.6115617752075195,1.3103673458099365,3.0188343301189207,14.92259283911813,4.548803534390942
135.45344294024147,-15.199669989410909,72.72688439543363,3.008744955062866,2.604722023010254,1.2537310123443604,2.468075196205774,15.199669135637317,3.6167490900618304
136.58680354997836,-15.048817136866978,72.08080997165295,2.9583866596221924,2.642660140991211,1.298697829246521,3.601435805942657,15.048816283093386,4.2628235138425055
136.66705827272602,-14.917948876881699,72.07650695247585,2.9477458000183105,2.6527020931243896,1.2954962253570557,3.681690528690325,14.917948023108107,4.267126533019606
135.6956004670751,-14.721506292527346,72.25469292754313,2.9956345558166504,2.613345146179199,1.2816240787506104,2.710232723039411,14.721505438753754,4.088940557952327
136.45504920088882,-14.395721431806738,72.22274130260583,2.953162670135498,2.6604158878326416,1.289178490638733,3.469681456853124,14.395720578033146,4.120892182889634
136.38712979978223,-15.221836418374833,71.91103195945395,2.975588321685791,2.6382362842559814,1.30714750289917,3.4017620557465307,15.22183556460124,4.432601526041509
136.3279530408132,-15.392916262107788,71.83850901084675,2.9790196418762207,2.6393110752105713,1.311670184135437,3.3425852967775143,15.392915408334195,4.50512447464871
136.38584572421826,-15.63309555773316,71.47099702217588,2.981778144836426,2.621431827545166,1.3362324237823486,3.4004779801825578,15.633094703959568,4.87263646331958
136.57970015324156,-15.411445655101723,71.70489685030296,2.969438076019287,2.6410880088806152,1.3218822479248047,3.5943324092058617,15.41144480132813,4.638736635192501
136.5110157709479,-15.268673934624191,71.58155729427087,2.967984437942505,2.6392617225646973,1.3298321962356567,3.5256480269121937,15.268673080850599,4.762076191224594
136.36885221356326,-15.24221489321847,72.12215993688821,2.9764533042907715,2.6465461254119873,1.2966021299362183,3.383484469527559,15.242214039444878,4.22147354860725
136.3414904757482,-14.99229799449433,72.00289117360145,2.9759089946746826,2.648552417755127,1.303465485572815,3.356122731712503,14.992297140720737,4.3407423118940045
136.35232315577184,-14.657681209170862,72.30186221395125,2.970073699951172,2.6637701988220215,1.2892569303512573,3.366955411736143,14.65768035539727,4.0417712715442065
136.26578465898777,-14.855225841290457,71.92810743237898,2.977128267288208,2.6437888145446777,1.3098599910736084,3.2804169149520703,14.855224987516864,4.41552605311648
136.51982671497723,-14.826587907392154,71.98875951220869,2.96821928024292,2.6595921516418457,1.306018590927124,3.534458970941529,14.826587053618562,4.354873973286772
136.5887296633243,-14.98440224832897,71.9664111332444,2.9736833572387695,2.6619272232055664,1.3056501150131226,3.603361919288602,14.984401394555377,4.377222352251053
136.73372091902533,-15.145721982362254,71.75697021253514,2.970294237136841,2.6627399921417236,1.3216917514801025,3.7483531749896315,15.145721128588661,4.5866632729603225
136.9546638782969,-15.109991873883207,71.68694711316417,2.963789701461792,2.6723954677581787,1.3267260789871216,3.9692961342612136,15.109991020109614,4.6566863723312935
136.95392621786655,-15.287645972305372,71.73324896554769,2.963700294494629,2.6753783226013184,1.3247644901275635,3.9685584738308535,15.28764511853178,4.610384519947772
136.46962482457764,-15.394339620359629,71.83456116150649,2.9868626594543457,2.6573455333709717,1.3189297914505005,3.484257080541937,15.394338766586037,4.509072323988974
136.36754081724263,-15.342337402978586,71.78804074306953,2.9905242919921875,2.651766061782837,1.3234163522720337,3.3821730732069284,15.342336549204994,4.5555927424259295
136.1986985409599,-15.439484871058324,71.95818758548371,3.0020480155944824,2.6481943130493164,1.3112472295761108,3.213330796924197,15.439484017284732,4.385445900011746

Errors:
rotation,[20.402827913354958, 21.210854833751792, 23.987465851104936, 24.86866993530552, 26.40744589598814, 26.189411951195584, 25.002928445561544, 26.57996476715974, 26.253878633356113, 26.892178541090807, 26.369797607545454, 24.761337260029386, 22.85892809802219, 22.490230703627994, 21.28449342190492, 22.91307560287855, 22.866765084818038, 21.52067871974549, 21.986294217775903, 23.056199146389282, 23.24062517976042, 23.906209147461706, 23.644513845726493, 23.556397298987385, 22.847172057579687, 22.689162184327245, 22.066407038677617, 22.551167955585413, 22.71591999784686, 22.964985666095032, 23.480737576538615, 23.73597352670212, 23.866588112310403, 23.38766817111695, 23.280102364837852, 23.038260714220677]
translation,[0.07464079787699607, 0.07049927066871753, 0.07197016041647597, 0.07819185058429401, 0.09243767306187234, 0.09770481172179224, 0.1039697880021313, 0.12006799456522366, 0.11774678945947503, 0.11514068685721135, 0.11610895135538701, 0.12448324594150861, 0.12828635993017468, 0.1333293659235011, 0.14127620423513765, 0.1428763924044878, 0.14072249321678676, 0.14570715195732564, 0.1475028753332035, 0.15492545062968066, 0.15945572873695024, 0.15795485449143953, 0.15698295567655407, 0.15731802153465235, 0.15750543952052354, 0.16051593305473943, 0.16162589463248533, 0.16036786037454842, 0.16284779863269971, 0.16808190128064115, 0.17121581298544353, 0.1743376495123954, 0.1755526233291116, 0.17867032379190206, 0.17915963032183058, 0.18130443291948506]
loss,
[0.14008566737174988, 0.13802097737789154, 0.11785807460546494, 0.11770401895046234, 0.11513930559158325, 0.11313086003065109, 0.09882044792175293, 0.09267804026603699, 0.08937518298625946, 0.10662682354450226, 0.09785223007202148, 0.0926334410905838, 0.09116195887327194, 0.08984717726707458, 0.09387823939323425, 0.09232692420482635, 0.09395265579223633, 0.09155581891536713, 0.09707871079444885, 0.09600641578435898, 0.09196000546216965, 0.08700929582118988, 0.09465822577476501, 0.09729403257369995, 0.09502371400594711, 0.09509944915771484, 0.09394571185112, 0.09129171073436737, 0.08693301677703857, 0.0907602310180664, 0.09541134536266327, 0.09152023494243622, 0.0930507630109787, 0.0903068408370018, 0.08705341815948486, 0.09296585619449615]

2022-04-28 21:57:55.424130