2022-04-28 18:37:55.818921

reference phi, theta, psi, translation: -139.02455270626928, -8.537736090602699e-07, 56.38966954231551, -2.2014424800872803, 2.5346622467041016, 2.231398344039917

phi,theta,psi,rot_x,rot_y,rot_z,phi_err,theta_err,psi_err
-129.04008655489625,6.852725648450977,53.065809209147574,-2.6847352981567383,1.8050535917282104,2.604990243911743,9.984466151373027,6.852726502224586,3.3238603331679357
-129.95153431849945,7.108322331292721,51.982367036959715,-2.6459460258483887,1.790137767791748,2.6469757556915283,9.073018387769821,7.10832318506633,4.407302505355794
-133.40608007615182,8.698914467502807,48.32813045363827,-2.5685691833496094,1.7633671760559082,2.74169921875,5.618472630117452,8.698915321276415,8.061539088677236
-131.8606678141664,6.905007175023227,49.09149971603558,-2.5704100131988525,1.8060766458511353,2.719386100769043,7.163884892102885,6.9050080287968365,7.298169826279931
-132.2881420335608,6.167115477812118,49.84625952498408,-2.5504910945892334,1.8868962526321411,2.6901047229766846,6.736410672708473,6.167116331585727,6.543410017331432
-132.45821374389413,6.0329245075922495,51.12499388101553,-2.578899621963501,1.9520689249038696,2.623124361038208,6.566338962375141,6.032925361365859,5.264675661299982
-133.11693084782848,6.052563257297722,51.91483012644663,-2.578362464904785,2.0187244415283203,2.579190492630005,5.907621858440791,6.052564111071331,4.474839415868878
-133.8692761849054,5.517882144978811,52.735135845765164,-2.563183307647705,2.103955030441284,2.534348249435425,5.155276521363874,5.5178829987524205,3.654533696550345
-135.01532728612017,3.4114008469322066,53.89103949485769,-2.491154909133911,2.2846860885620117,2.471083402633667,4.009225420149107,3.4114017007058157,2.498630047457823
-137.5601464878402,1.2369803121153593,54.29229603312301,-2.324573278427124,2.482393503189087,2.4492011070251465,1.464406218429076,1.2369811658889684,2.0973735091925008
-137.3057765827706,1.146711684783544,54.09867383053149,-2.322115898132324,2.4586751461029053,2.4488182067871094,1.7187761234986851,1.146712538557153,2.2909957117840207
-137.45446980100178,0.9504241608513366,54.41338504182358,-2.3100931644439697,2.469947338104248,2.4231600761413574,1.5700829052674976,0.9504250146249457,1.9762845004919285
-137.8171118647944,0.7768178699905373,54.613113433533094,-2.288456916809082,2.4858336448669434,2.402341604232788,1.2074408414748632,0.7768187237641463,1.7765561087824153
-137.84097654575444,0.6952786603272001,54.769961897633266,-2.2808125019073486,2.484969139099121,2.3853447437286377,1.183576160514832,0.6952795141008091,1.6197076446822436
-137.9940957265678,0.6232385030180718,55.10957256354464,-2.275291919708252,2.495779275894165,2.3560585975646973,1.0304569797014835,0.6232393567916809,1.280096978770871
-138.19855060918294,0.5334104145365868,55.27959987764835,-2.26356840133667,2.501640558242798,2.3384084701538086,0.8260020970863309,0.5334112683101958,1.110069664667158
-138.3157293345837,0.4078508797219178,55.29446919947147,-2.247812509536743,2.5034966468811035,2.332078218460083,0.7088233716855825,0.40785173349552684,1.0952003428440378
-138.45297515576593,0.3583751454590461,55.506638780754166,-2.2396955490112305,2.5081534385681152,2.312128782272339,0.5715775505033491,0.3583759992326551,0.8830307615613435
-138.61129894072684,0.12070136271709395,55.64943413063703,-2.2232747077941895,2.5165228843688965,2.2962491512298584,0.41325376554243576,0.12070221649070301,0.7402354116784764
-138.7825454435974,0.20215074541164485,55.9784784939024,-2.2198517322540283,2.5230507850646973,2.2703945636749268,0.24200726267187633,0.2021515991852539,0.4111910484131087
-138.76996423514623,0.1657350440880763,56.10850480513193,-2.2174551486968994,2.521500825881958,2.258394479751587,0.25458847112304284,0.16573589786168536,0.28116473718358037
-138.83023382438242,0.1523277769637316,56.118838881346164,-2.2137579917907715,2.5236289501190186,2.2549664974212646,0.19431888188685775,0.15232863073734065,0.27083066096934516
-138.84476846693622,0.11700826997225565,56.14553467571716,-2.2118029594421387,2.5235848426818848,2.2531790733337402,0.17978423933305976,0.11700912374586471,0.24413486659835115
-138.90573473546775,0.11224726234183367,56.1578460916961,-2.208505153656006,2.525635004043579,2.251159906387329,0.11881797080152978,0.11224811611544273,0.2318234506194088
-138.92409428395672,0.10319555923702202,56.17967537628346,-2.2068729400634766,2.526813268661499,2.2488701343536377,0.1004584223125562,0.10319641301063108,0.2099941660320468
-138.949133757454,0.09430917422304705,56.213013529622295,-2.205778121948242,2.527219295501709,2.2454018592834473,0.075418948815269,0.09431002799665611,0.17665601269321485
-138.9408419078016,0.04829873980244774,56.30155668692775,-2.2051684856414795,2.528942823410034,2.2386996746063232,0.0837107984676777,0.0482995935760568,0.08811285538775593
-138.9677665135098,0.07193403977917963,56.23369875752368,-2.2017247676849365,2.52532958984375,2.2428019046783447,0.05678619275948904,0.07193489355278869,0.15597078479182613
-138.9898826660423,0.03492319298103361,56.270721797919734,-2.199934482574463,2.5283942222595215,2.239234209060669,0.03467004022698461,0.03492404675464267,0.1189477443957756
-138.96417383400637,0.040682319626881916,56.259148042371145,-2.2009568214416504,2.5259897708892822,2.2394943237304688,0.06037887226290195,0.04068317340049098,0.1305214999443649
-139.02265391368002,0.04687995297505317,56.267624307131136,-2.1980438232421875,2.5281739234924316,2.2385833263397217,0.0018987925892588464,0.04688080674866223,0.12204523518437327
-139.00376161043576,0.05607722003819894,56.31121457441416,-2.200282335281372,2.527552366256714,2.235368490219116,0.020791095833516238,0.056078073811808,0.07845496790135087
-139.0254133101047,0.07779420838801486,56.31463649918833,-2.2000796794891357,2.528770923614502,2.235905408859253,0.0008606038354344037,0.07779506216162392,0.07503304312717773
-139.03180636716783,0.052718494735835675,56.32022700902399,-2.198969602584839,2.5297815799713135,2.236128330230713,0.007253660898555836,0.052719348509444736,0.06944253329152161
-139.00112515741614,0.0691056059087399,56.28777336518267,-2.200406789779663,2.5264980792999268,2.2369606494903564,0.02342754885313525,0.06910645968234896,0.10189617713283639
-138.993366062519,0.052212194858209805,56.332989217488155,-2.200913667678833,2.5284948348999023,2.234229326248169,0.031186643750288567,0.052213048631818866,0.05668032482735441

Errors:
rotation,[20.161052986765547, 20.588644078191944, 22.378927040071105, 21.367062747179652, 19.446937021625633, 17.863939985040982, 16.435025385381, 14.327693216666638, 9.919257168312747, 4.798760893510545, 5.156484373839859, 4.496792420384372, 3.760815674021425, 3.498563319297885, 2.9337933152640354, 2.4694830300636847, 2.2118754480251472, 1.8129843112973478, 1.2741913937116152, 0.855349910270239, 0.7014891061683086, 0.6174781735935435, 0.5409282296772756, 0.4628895375363813, 0.4136490013552341, 0.34638498950513996, 0.22012324743149042, 0.2846918711041039, 0.18854183137740288, 0.23158354560775785, 0.17082483452229436, 0.15532413754667512, 0.15368870912423604, 0.12941554269952218, 0.1944301856683206, 0.14008001720946184]
translation,[0.12242333873291766, 0.11761840364419918, 0.11904290273504081, 0.12386582809588909, 0.12844387266514534, 0.13325313097166003, 0.137255068294726, 0.1425333319818174, 0.15598184915344415, 0.15987389555891784, 0.14427721998658338, 0.12926470815197977, 0.11467006912693556, 0.10009934069582371, 0.08674428507802823, 0.07375861405043693, 0.06261575443312406, 0.04968097910163127, 0.03686789922216338, 0.024511418401234053, 0.015526424830713204, 0.0129162739600579, 0.010822196511642623, 0.00917406537242993, 0.00774350327955009, 0.005469165332475434, 0.0024918094644403865, 0.0006252857395638856, 0.0004144652576467678, 0.001219469360401071, 0.0019459448655068101, 0.0028990720408810233, 0.0019471073471661882, 0.001794959337807711, 0.00260864148663309, 0.0025947093013858336]
loss,
[0.18423685431480408, 0.1657186597585678, 0.07454865425825119, 0.05625038594007492, 0.04137229919433594, 0.047278862446546555, 0.04452754184603691, 0.03917674347758293, 0.027446290478110313, 0.014493647031486034, 0.012554864399135113, 0.011187671683728695, 0.00936842244118452, 0.008946064859628677, 0.008744941093027592, 0.005844308994710445, 0.004459192045032978, 0.003555330913513899, 0.003340416355058551, 0.0027006666641682386, 0.0021918995771557093, 0.002111622830852866, 0.0012942338362336159, 0.001596230547875166, 0.0018167042871937156, 0.0015888204798102379, 0.0014231570530682802, 0.0016486368840560317, 0.0014167428016662598, 0.0017229685327038169, 0.0016056023305281997, 0.0011109294136986136, 0.0011983060976490378, 0.001408583833836019, 0.0016277082031592727, 0.0010940695647150278]

2022-04-28 18:42:26.172437