2022-04-28 18:19:45.425828

reference phi, theta, psi, translation: 16.672973292337613, -0.0, 55.56417970941693, 0.9538894295692444, -3.184936285018921, 2.279534101486206

phi,theta,psi,rot_x,rot_y,rot_z,phi_err,theta_err,psi_err
26.607018987257597,-4.879078348390559,61.415046110949504,1.4386786222457886,-3.2383759021759033,2.121750593185425,9.934045694919984,4.879078348390559,5.850866401532571
26.282238369581613,-4.91872615256501,61.36708452259767,1.4137111902236938,-3.251190185546875,2.1236090660095215,9.609265077244,4.91872615256501,5.802904813180739
23.477434847294216,-4.713027216468523,60.768889724898784,1.2445216178894043,-3.3454208374023438,2.1299500465393066,6.804461554956603,4.713027216468523,5.204710015481851
21.071113098921828,-6.258140721046176,59.804282598985395,1.0317797660827637,-3.4199023246765137,2.171452283859253,4.398139806584215,6.258140721046176,4.240102889568462
18.089313762030013,-3.4183051530613313,58.23535399568762,0.9575377106666565,-3.3886568546295166,2.2491705417633057,1.4163404696924005,3.4183051530613313,2.671174286270684
15.858565441367386,-1.9550946756322816,60.017876274710034,0.9195272326469421,-3.4534752368927,2.1319420337677,0.8144078509702268,1.9550946756322816,4.4536965652931
14.793353044074292,-1.2121606609573872,60.83724625811227,0.8952100276947021,-3.4741082191467285,2.0721726417541504,1.8796202482633202,1.2121606609573872,5.27306654869534
15.040614429765217,-1.4296955184499538,60.80584104830856,0.8995745778083801,-3.461585521697998,2.0650250911712646,1.6323588625723957,1.4296955184499538,5.241661338891625
15.087741027491012,-1.5899714594909429,60.58470684374022,0.8922795653343201,-3.447528123855591,2.0745105743408203,1.585232264846601,1.5899714594909429,5.020527134323288
15.152281192505754,-1.5232849882604638,60.95643988931817,0.9004958868026733,-3.4556009769439697,2.051445245742798,1.5206920998318587,1.5232849882604638,5.3922601799012355
15.120768407222608,-1.8416269058606396,60.82516365347052,0.8862831592559814,-3.454918384552002,2.0618698596954346,1.552204885115005,1.8416269058606396,5.260983944053585
14.71493905730796,-1.7946886895980563,60.67051451028309,0.86650151014328,-3.4546148777008057,2.0659680366516113,1.9580342350296522,1.7946886895980563,5.106334800866158
14.772015533107172,-1.673542053012198,60.66096590582342,0.8726719617843628,-3.453186273574829,2.068582057952881,1.9009577592304403,1.673542053012198,5.096786196406484
14.937393195933398,-1.4769900211744695,60.71045745654933,0.8900427222251892,-3.4518940448760986,2.0652806758880615,1.735580096404215,1.4769900211744695,5.146277747132395
15.114168736937083,-1.9195347342052125,60.98512668383222,0.8860915303230286,-3.461444854736328,2.0509214401245117,1.5588045554005294,1.9195347342052125,5.420946974415287
14.919436628605435,-1.4189768775465579,60.599678618400894,0.8892184495925903,-3.4466845989227295,2.0728535652160645,1.7535366637321772,1.4189768775465579,5.035498908983961
15.269009125421272,-1.8526379235862782,60.90207841371404,0.8953187465667725,-3.4570538997650146,2.057245969772339,1.4039641669163405,1.8526379235862782,5.337898704297103
14.946014602213246,-1.5588978117147891,60.62641880900149,0.8856085538864136,-3.447977304458618,2.0705111026763916,1.7269586901243663,1.5588978117147891,5.062239099584559
15.040360005218632,-1.7189842384856509,60.86623358094981,0.8896757364273071,-3.4538822174072266,2.0552937984466553,1.6326132871189802,1.7189842384856509,5.302053871532877
14.660572459061951,-1.582929951665536,60.81966535118866,0.870811402797699,-3.451394557952881,2.054217576980591,2.0124008332756613,1.582929951665536,5.2554856417717275
14.733197860506698,-1.749878184111233,61.057192009765025,0.8703948259353638,-3.4559719562530518,2.040320873260498,1.939775431830915,1.749878184111233,5.4930123003480915
14.71063433058356,-1.487145789411491,60.95634426666979,0.876765787601471,-3.4469428062438965,2.0409891605377197,1.9623389617540532,1.487145789411491,5.392164557252855
14.974105462722218,-1.691160139079399,61.04273249929211,0.8825881481170654,-3.4457039833068848,2.033081531524658,1.698867829615395,1.691160139079399,5.478552789875174
15.028244957178323,-1.5306040853024048,61.222591870706054,0.8927236199378967,-3.4483447074890137,2.022669553756714,1.6447283351592894,1.5306040853024048,5.658412161289121
15.024705211640963,-1.5890626351467676,61.17539526354127,0.8902950882911682,-3.4465935230255127,2.0267274379730225,1.6482680806966492,1.5890626351467676,5.611215554124335
14.727233397813984,-1.665974713680446,61.1640913004649,0.8706011772155762,-3.4491214752197266,2.024874448776245,1.9457398945236282,1.665974713680446,5.599911591047963
14.77063583489483,-1.6822513212331929,60.939712756040805,0.8711223006248474,-3.4393105506896973,2.0363495349884033,1.9023374574427834,1.6822513212331929,5.375533046623872
14.818196149632922,-1.7507382637032098,61.11965408972479,0.8713483214378357,-3.4452946186065674,2.023801326751709,1.854777142704691,1.7507382637032098,5.555474380307857
14.805430526074167,-1.5534795817597722,61.09777016362407,0.8784079551696777,-3.440147638320923,2.024813413619995,1.8675427662634458,1.5534795817597722,5.533590454207136
14.804986563778117,-1.6792090494495922,61.11492759881914,0.8738964796066284,-3.4416258335113525,2.022260904312134,1.8679867285594955,1.6792090494495922,5.55074788940221
14.654368939748288,-1.5873474223149313,60.988097816121176,0.8671729564666748,-3.4391767978668213,2.0282018184661865,2.0186043525893247,1.5873474223149313,5.423918106704242
14.953917131082951,-1.7507732038977903,61.033989857154495,0.8772182464599609,-3.437232732772827,2.029357671737671,1.7190561612546613,1.7507732038977903,5.469810147737562
14.963291565718794,-1.5555875123081404,61.275437044314444,0.8865565061569214,-3.4429540634155273,2.015636444091797,1.7096817266188182,1.5555875123081404,5.71125733489751
14.86733765316387,-1.4922853493919574,61.22371885191911,0.8830244541168213,-3.443040609359741,2.018263101577759,1.805635639173742,1.4922853493919574,5.659539142502176
14.862206473549898,-1.5457539784617254,61.26219330751379,0.8815907835960388,-3.4459736347198486,2.0149219036102295,1.8107668187877142,1.5457539784617254,5.698013598096857
14.80236377113683,-1.3833779505367807,61.22798772015037,0.8830099701881409,-3.4455137252807617,2.0148651599884033,1.870609521200782,1.3833779505367807,5.663808010733433

Errors:
rotation,[20.663990444843115, 20.33089604298975, 16.72219878690698, 14.896383417198852, 7.5058199090244155, 7.223199091895609, 8.364847457916047, 8.303715719913974, 8.195730858660832, 8.436237267993558, 8.65481573502923, 8.859057725493866, 8.671286008649123, 8.358847864711079, 8.899286264021029, 8.208012450262697, 8.594500794799721, 8.348095601423715, 8.653651397137509, 8.850816426712925, 9.18266591629024, 8.841649308418399, 8.868580758569967, 8.833744581750814, 8.848546269967752, 9.211626199252038, 8.960121825299847, 9.160989786715756, 8.954612802230354, 9.097943667411297, 9.029869881608498, 8.939639512890013, 8.976526573824469, 8.957460131067876, 9.054534395346296, 8.917795482470996]
translation,[0.09908907901583852, 0.10148924470945886, 0.12547574226177183, 0.14924270232215342, 0.14722510462404426, 0.1302649402556817, 0.11190485352346169, 0.09877880899472657, 0.09018247169573268, 0.08718372314878753, 0.0887335385330168, 0.08632335356829124, 0.08774034229431571, 0.0887173503412777, 0.08870577482248265, 0.08798100265342956, 0.09016684477566095, 0.08710695298124538, 0.0853086614360965, 0.07864567514889931, 0.07548027206648111, 0.06957470055758463, 0.06585274551503506, 0.0651168344485562, 0.06512019826793125, 0.06209748070514287, 0.05964497116372325, 0.058501282053661896, 0.05617901334350961, 0.05519253979776284, 0.0546426194416485, 0.05572485078776612, 0.05576548393910574, 0.05636997838858715, 0.05688372081736137, 0.05677439642037285]
loss,
[0.11008477210998535, 0.10828252881765366, 0.09086662530899048, 0.0779205784201622, 0.055294208228588104, 0.049137182533741, 0.04810270667076111, 0.04453049227595329, 0.047418396919965744, 0.0393146350979805, 0.038617514073848724, 0.03889967128634453, 0.04417279362678528, 0.04105106741189957, 0.04230248183012009, 0.04384787008166313, 0.04304524511098862, 0.03890428692102432, 0.0422736220061779, 0.042920470237731934, 0.04040142521262169, 0.03819099813699722, 0.03745453059673309, 0.039608970284461975, 0.04067976772785187, 0.04023446887731552, 0.042375415563583374, 0.042878374457359314, 0.034654147922992706, 0.04018650949001312, 0.041405268013477325, 0.04130402207374573, 0.04554608464241028, 0.03911803290247917, 0.04048782214522362, 0.0351778119802475]

2022-04-28 18:24:17.876904