2022-04-27 02:30:19.937365

reference phi, theta, psi, translation: 175.36684180812657, -0.0, 39.4597479484966, 0.2069414258003235, 2.553555727005005, 3.112318754196167

phi,theta,psi,rot_x,rot_y,rot_z,phi_err,theta_err,psi_err
-174.60268024378553,2.426304892454245,32.24175771288345,-0.3459881842136383,2.1274664402008057,3.6064906120300293,10.030477948087878,2.426304892454245,7.217990235613151
-174.45614536533208,2.2511706561016536,32.52867688444276,-0.34169477224349976,2.1433098316192627,3.5965375900268555,10.177012826541386,2.2511706561016536,6.931071064053839
-173.91492117550027,0.9664718788547205,35.251005872502255,-0.306241512298584,2.2945611476898193,3.503848075866699,10.718237016373166,0.9664718788547205,4.208742075994344
-174.49612929273334,1.233243300161846,35.9435529033957,-0.312916100025177,2.3530616760253906,3.453835964202881,10.137028899140091,1.233243300161846,3.5161950451009005
-174.9062138505009,0.8830806189375048,38.83881203595616,-0.29134759306907654,2.528129816055298,3.3194234371185303,9.72694434137253,0.8830806189375048,0.620935912540439
-175.72601413582086,1.4675860043942845,40.01599172431327,-0.29725709557533264,2.589876651763916,3.2631185054779053,8.907144056052573,1.4675860043942845,0.5562437758166681
-176.39460769329506,1.2481947699484937,41.85437812055722,-0.2652256488800049,2.6971962451934814,3.1654937267303467,8.238550498578377,1.2481947699484937,2.394630172060623
-176.57201502679698,1.2666689016321786,41.619703065959335,-0.24299901723861694,2.6827163696289062,3.1832876205444336,8.061143165076487,1.2666689016321786,2.1599551174627365
-176.6994253755744,0.25145609863708573,43.52060618367641,-0.18162751197814941,2.774813175201416,3.0925753116607666,7.9337328162990275,0.25145609863708573,4.060858235179815
-177.5436094362313,-0.35126272202659103,44.42964630559717,-0.11579866707324982,2.8244800567626953,3.035855531692505,7.089548755642113,0.35126272202659103,4.969898357100568
-178.03140788637526,-0.775938454616667,43.52724512754967,-0.06096963956952095,2.7777607440948486,3.079411745071411,6.601750305498172,0.775938454616667,4.0674971790530705
-179.1054961144948,-1.275304623898635,44.42045287097433,0.018963366746902466,2.8229429721832275,3.022193670272827,5.527662077378636,1.275304623898635,4.960704922477731
-179.99460915951204,-2.571716751420189,45.69105588679888,0.13106153905391693,2.8637213706970215,2.9643301963806152,4.638549032361425,2.571716751420189,6.23130793830228
179.64939773848124,-4.155676594418592,48.0138700348314,0.21579447388648987,2.9845237731933594,2.8128678798675537,4.282555930354675,4.155676594418592,8.5541220863348
178.79681254514523,-3.0904302349154333,46.020612514251994,0.21818991005420685,2.8753507137298584,2.9363245964050293,3.429970737018664,3.0904302349154333,6.560864565755395
179.64106490769382,-3.7956837180650287,45.673679885550364,0.21563494205474854,2.8680131435394287,2.9456167221069336,4.274223099567251,3.7956837180650287,6.213931937053765
179.9405140612855,-2.967959839137939,43.89220604056555,0.16096819937229156,2.7745471000671387,3.042588949203491,4.573672253158946,2.967959839137939,4.4324580920689485
-179.03705761901125,-2.8594198586263677,43.044757149485385,0.10880447179079056,2.740325450897217,3.0828144550323486,5.596100572862156,2.8594198586263677,3.585009200988786
-179.51308082302612,-2.73054807114094,43.392277174455636,0.12037444114685059,2.7497642040252686,3.065092086791992,5.120077368847319,2.73054807114094,3.932529225959037
-179.71185298825185,-3.024026592607918,44.14806834196881,0.14400359988212585,2.7886860370635986,3.021759510040283,4.921305203621614,3.024026592607918,4.68832039347221
-179.52862633357708,-3.0136229464695887,43.62362592692772,0.1385669708251953,2.7607648372650146,3.0470223426818848,5.104531858296355,3.0136229464695887,4.163877978431124
-179.94656560889015,-3.0866092955518414,43.40493351498767,0.16737321019172668,2.7478253841400146,3.0484800338745117,4.68659258298328,3.0866092955518414,3.9451855664910696
179.7485584248515,-3.3383148318268763,44.06912843063638,0.18906782567501068,2.7767295837402344,3.0092666149139404,4.38171661672493,3.3383148318268763,4.609380482139784
179.6967582701861,-3.4847589472215224,43.77733933419886,0.20088674128055573,2.7578835487365723,3.0220558643341064,4.329916462059543,3.4847589472215224,4.317591385702258
179.66506619243725,-3.805208643672098,43.72262951894705,0.22149667143821716,2.7524399757385254,3.01993465423584,4.298224384310686,3.805208643672098,4.262881570450453
179.20618676323912,-3.894712468387643,43.70505202711803,0.2441086769104004,2.7462916374206543,3.015866994857788,3.8393449551125514,3.894712468387643,4.24530407862143
178.73868763530842,-4.286258614675069,44.13557592597685,0.2888597249984741,2.763645887374878,2.9861183166503906,3.3718458271818577,4.286258614675069,4.675827977480253
178.4388150099882,-4.277869026599155,44.400003284599315,0.3044324219226837,2.769266366958618,2.972172737121582,3.071973201861624,4.277869026599155,4.940255336102716
178.68848574490883,-4.743192583024217,44.6228108855143,0.3120981752872467,2.780287981033325,2.9573709964752197,3.321643936782266,4.743192583024217,5.163062937017699
178.27620186622852,-5.359245172623262,45.17848434053527,0.358903169631958,2.799238920211792,2.918497085571289,2.909360058101953,5.359245172623262,5.718736392038672
177.73658960104083,-5.350371200493213,45.38369054395913,0.38347336649894714,2.802724838256836,2.896735191345215,2.369747792914268,5.350371200493213,5.923942595462535
177.4924513193479,-5.311912834919877,45.60960246585189,0.3923618793487549,2.805645704269409,2.8829193115234375,2.1256095112213416,5.311912834919877,6.149854517355294
177.21205839354053,-6.027414970220082,45.993407870787834,0.43903470039367676,2.814974069595337,2.853252649307251,1.845216585413965,6.027414970220082,6.5336599222912355
176.75240032277702,-6.808059626903108,46.634274275326376,0.4916718006134033,2.8346614837646484,2.806931734085083,1.3855585146504552,6.808059626903108,7.174526326829778
176.26484775944317,-7.148222982695971,46.10844191678919,0.5388557314872742,2.798334836959839,2.8312530517578125,0.8980059513166054,7.148222982695971,6.648693968292591
175.95825422797964,-7.934285232380769,45.977616473426764,0.5963808298110962,2.7800703048706055,2.831134557723999,0.5914124198530715,7.934285232380769,6.517868524930165

Errors:
rotation,[19.674773076155276, 19.359254546696878, 15.893450971222231, 14.886467244402837, 11.230960872850474, 10.930973836263526, 11.881375440587494, 11.487767184171402, 12.246047150115928, 12.410709834769271, 11.44518593916791, 11.763671623755002, 13.441573722083893, 16.99235461110807, 13.081265537689493, 14.283838754686045, 11.974090184365835, 12.040529632477309, 11.783154665947297, 12.633652189701742, 12.282032783197067, 11.718387445026192, 12.32941193069159, 12.132266794983323, 12.366314598433238, 11.979361502121625, 12.33393241933718, 12.290097564563496, 13.227899456824183, 13.987341622763886, 13.644061588870017, 13.587376863496512, 14.406291477925283, 15.368144468383342, 14.694922902305168, 15.043566177164006]
translation,[0.170370405351016, 0.16953956923914948, 0.1683647198569096, 0.15978975864177958, 0.1515611840759199, 0.1454445555805819, 0.13607200221069782, 0.1389234154127923, 0.1277891519692398, 0.11706544506688221, 0.11645465392279153, 0.10445108412584148, 0.09262319226716276, 0.07571608175772848, 0.08436029174458426, 0.0857456768630005, 0.08971694453214862, 0.0950033741413776, 0.08839574163388253, 0.08330155567392605, 0.0829164372314608, 0.07639946108590756, 0.06785389690431742, 0.065100998789271, 0.06093567624092877, 0.055087090193853605, 0.047851575004149716, 0.042607305515167226, 0.039921372479501116, 0.028695706587194003, 0.017746708014081847, 0.01075432401882015, 0.0009774648698712696, 0.011686995797041355, 0.014035700154668262, 0.018675230295946754]
loss,
[0.09679081290960312, 0.09808860719203949, 0.10908921808004379, 0.08574040979146957, 0.08975520730018616, 0.08349663019180298, 0.09158789366483688, 0.09570859372615814, 0.07614461332559586, 0.0824078768491745, 0.08040280640125275, 0.0909440815448761, 0.07640395313501358, 0.08544658124446869, 0.07572738081216812, 0.0848664864897728, 0.07849908620119095, 0.0806637853384018, 0.08651840686798096, 0.07397717237472534, 0.09161581099033356, 0.07751473784446716, 0.07268145680427551, 0.07789754122495651, 0.08981748670339584, 0.07718774676322937, 0.0817374587059021, 0.075202077627182, 0.08896803110837936, 0.07838816940784454, 0.08256448805332184, 0.078365758061409, 0.07323028892278671, 0.08101043105125427, 0.07455886900424957, 0.07934635877609253]

2022-04-27 02:32:50.740568