2022-04-20 16:12:49.631699

reference phi, theta, psi, translation: 164.57178246643477, -4.268868188959204e-07, 11.003265705708584, 0.2046843022108078, 0.7416750192642212, 3.957021951675415

phi,theta,psi,rot_x,rot_y,rot_z,phi_err,theta_err,psi_err
174.68706040079186,1.035587752499106,3.46078983121423,-0.0498787984251976,0.24902896583080292,4.223120212554932,10.115277934357096,1.035588179385925,7.542475874494354
174.29482995751474,-0.08818076662607723,4.8433682489524355,0.04647962003946304,0.3574165105819702,4.226247310638428,9.723047491079967,0.08818033973925833,6.159897456756148
171.5464711185283,-3.0513871884853097,9.588257122904334,0.315986305475235,0.7143234610557556,4.198390960693359,6.974688652093533,3.051386761598491,1.4150085828042496
167.54784615197107,-4.968104820242126,11.903266072262824,0.5312099456787109,0.829513669013977,4.183882713317871,2.976063685536303,4.968104393355307,0.9000003665542398
163.19175640501203,-6.33187499550728,11.831029137827123,0.6891392469406128,0.7233341336250305,4.149265289306641,1.3800260614227398,6.331874568620461,0.8277634321185392
163.30233716767455,-4.848917492991007,11.218502895702256,0.5680171251296997,0.6877732872962952,4.1011810302734375,1.2694452987602176,4.848917066104188,0.21523718999367247
164.17023564512974,-2.7957578620491224,11.581153497231377,0.41556572914123535,0.7359505891799927,4.024219036102295,0.4015468213050326,2.7957574351623036,0.5778877915227927
164.64071273553853,0.015012957212005983,10.577730406264804,0.19846811890602112,0.715022087097168,3.955410957336426,0.06893026910375966,0.015013384098824878,0.42553529944378
164.59190420372963,-0.567353344403948,11.290150726322045,0.2500029504299164,0.7506618499755859,3.9525604248046875,0.020121737294857667,0.5673529175171291,0.286885020613461
164.55858654095832,-0.326007640744337,11.163288500225521,0.2324790507555008,0.7486661672592163,3.956677198410034,0.01319592547645243,0.32600721385751813,0.16002279451693724
164.4858860074327,-0.5938805542793785,11.042458184939763,0.2497352659702301,0.7347919940948486,3.9547078609466553,0.08589645900207188,0.5938801273925596,0.03919247923117908
164.59363907177882,-0.3581104771860865,10.983352289183411,0.23086607456207275,0.7357703447341919,3.96047306060791,0.021856605344055424,0.3581100502992676,0.019913416525172423
164.67935794586248,-0.32175646307688655,11.160367740581693,0.23082681000232697,0.7484312653541565,3.9614508152008057,0.10757547942770884,0.32175603619006765,0.15710203487310892
164.5442841248363,-0.5981466949947974,11.100265490980167,0.24987415969371796,0.7375913262367249,3.9564507007598877,0.02749834159845932,0.5981462681079786,0.09699978527158315
164.51705899080463,-0.35860987426731283,11.19423779490214,0.23546068370342255,0.7489650249481201,3.952822208404541,0.05472347563014068,0.35860944738049394,0.19097208919355602
164.56978805119712,-0.40974043615770017,11.157617735667117,0.23811645805835724,0.7462285757064819,3.959362745285034,0.0019944152376467628,0.4097400092708813,0.1543520299585328
164.570184202169,-0.3282338446905345,11.074712045747857,0.23094511032104492,0.741608738899231,3.9619035720825195,0.0015982642657661472,0.3282334178037156,0.07144634003927308
164.5800196745738,-0.4445193425734538,11.09613749540054,0.23874075710773468,0.7407307028770447,3.9555881023406982,0.008237208139036056,0.44451891568663493,0.09287178969195686
164.5145591415684,-0.5095768668697196,11.269147040850608,0.24849027395248413,0.7506757974624634,3.9514946937561035,0.057223324866356506,0.5095764399829007,0.2658813351420246
164.50585748056582,-0.3481626418796183,11.081953753815363,0.2326096147298813,0.7410669922828674,3.954641103744507,0.06592498586894635,0.3481622149927994,0.07868804810677865
164.56870888130825,-0.3721997632575953,11.121175261350514,0.23412981629371643,0.744094729423523,3.9563937187194824,0.0030735851265148995,0.3721993363707764,0.11790955564192984
164.58167258035294,-0.3746131263891961,11.105826118738204,0.23429076373577118,0.7433170676231384,3.9588396549224854,0.009890113918174848,0.3746126995023772,0.10256041302961982
164.57577129691006,-0.37814850235968617,11.108069835880553,0.23545396327972412,0.7431294918060303,3.9598729610443115,0.0039888304752935255,0.3781480754728673,0.10480413017196888
164.5555812577235,-0.40733589859731006,11.06931961139813,0.23606440424919128,0.7400422692298889,3.958735466003418,0.016201208711265735,0.40733547171049117,0.06605390568954661
164.6019309214312,-0.44887684574897235,11.001214941410288,0.23684293031692505,0.7351934313774109,3.9635350704193115,0.030148454996435703,0.44887641886215346,0.002050764298296315
164.6038023932638,-0.40952505200491757,11.015655668862987,0.23498493432998657,0.7370343208312988,3.962599754333496,0.03201992682903665,0.4095246251180987,0.012389963154403105
164.56760239066273,-0.35882447724805716,11.070789809616976,0.23282405734062195,0.7410054206848145,3.9590322971343994,0.0041800757720409365,0.35882405036123827,0.06752410390839181
164.51842502863863,-0.4458955469605445,11.24352273240566,0.24280866980552673,0.7510217428207397,3.9560062885284424,0.05335743779613722,0.4458951200737256,0.24025702669707627
164.57411839113092,-0.43725663590037833,11.006783253131141,0.23657386004924774,0.734968364238739,3.957911491394043,0.002335924696154734,0.43725620901355944,0.0035175474225574987
164.6020265440796,-0.3545340709215325,11.15095488613177,0.2332725077867508,0.7475613355636597,3.958367109298706,0.03024407764482362,0.3545336440347136,0.14768918042318546
164.5479724269881,-0.3723548590907151,11.06157588442663,0.2337392121553421,0.7400641441345215,3.958231210708618,0.023810039446658493,0.3723544322038962,0.058310178718045336
164.57842141030804,-0.44256212767117636,11.105727080995237,0.238878533244133,0.7416443824768066,3.956559419631958,0.006638943873269909,0.44256170078435747,0.10246137528665322
164.5459233702371,-0.43501679844989793,11.070751389802895,0.23828496038913727,0.7397080063819885,3.9608230590820312,0.0258590961976779,0.43501637156307904,0.06748568409431144
164.57637235355702,-0.4279568865063808,11.10359008555867,0.23795965313911438,0.7419993877410889,3.9587783813476562,0.004589887122250502,0.4279564596195619,0.10032437985008613
164.54679763445085,-0.40466372446810306,11.120118289576455,0.2368706911802292,0.7435330152511597,3.959139108657837,0.024984831983914546,0.40466329758128416,0.11685258386787112
164.58224631624324,-0.37027673541095807,11.108588930257474,0.23413965106010437,0.7436545491218567,3.9585511684417725,0.010463849808473924,0.3702763085241392,0.10532322454888998

Errors:
rotation,[18.693341988237375, 15.971125287575374, 11.441083996496273, 8.844168445445849, 8.53966406216174, 6.333599554858078, 3.775192047990129, 0.5094789526463646, 0.8743596754254478, 0.4992259338509078, 0.7189690656258105, 0.39988007216849547, 0.5864335504908854, 0.722644394978021, 0.6043050122041906, 0.5660864544670609, 0.40127802210875485, 0.5456279135176278, 0.8326810999912818, 0.4927752489685244, 0.49318247713922114, 0.48706322645017186, 0.4869410361201297, 0.4895905861113035, 0.4810756381568855, 0.4539345151015384, 0.430528230041671, 0.739509584566939, 0.44310968113227167, 0.5324669021027226, 0.4544746503686, 0.5516620199442805, 0.5283611518550684, 0.5328707265918986, 0.5465007134330698, 0.4860633828815031]
translation,[0.19962134480110283, 0.21045962690736975, 0.23930339600729944, 0.26714418065119094, 0.23671922233093046, 0.16593690556009477, 0.08088483778981637, 0.006713165349369277, 0.00015772861124396798, 0.0024603175640862673, 0.0009922735698042473, 0.0037197951759093684, 0.007004693754153912, 0.0012376746510405212, 0.0010924562407206295, 0.0049719248225450485, 0.0061968317996345945, 0.0002922319668972051, 0.0012936839478028261, 0.000933648657071906, 0.0014316983485347379, 0.003697468378992319, 0.004744470487450414, 0.003096606535784474, 0.006966467150309796, 0.0062755022202214406, 0.0033763719637383005, 0.0028487211315209038, 0.0013900455222737307, 0.0039589763520764265, 0.002470393280497696, 0.001421381072662875, 0.005214364266715066, 0.0036095233855863995, 0.004181687228530961, 0.0034678335520217374]
loss,
[0.12375128269195557, 0.12482251971960068, 0.09429939836263657, 0.07966375350952148, 0.06517767906188965, 0.04617862030863762, 0.025545455515384674, 0.005646265111863613, 0.003020758740603924, 0.003542826045304537, 0.004054094664752483, 0.003435657126829028, 0.004508554935455322, 0.003600014140829444, 0.003674958599731326, 0.003271809546276927, 0.0033461577259004116, 0.003629382699728012, 0.004810475744307041, 0.0027865655720233917, 0.0031976220197975636, 0.004018484614789486, 0.003122609807178378, 0.003579543437808752, 0.0037673520855605602, 0.0033046077005565166, 0.0038035816978663206, 0.003424679860472679, 0.003987510222941637, 0.0038700855802744627, 0.0030738436616957188, 0.003407498821616173, 0.0037803843151777983, 0.0038134977221488953, 0.0040972353890538216, 0.0033122338354587555]

2022-04-20 16:23:16.389428