2022-04-26 23:37:10.170388

reference phi, theta, psi, translation: 16.672973292337613, -0.0, 55.56417970941693, 0.9538894295692444, -3.184936285018921, 2.279534101486206

phi,theta,psi,rot_x,rot_y,rot_z,phi_err,theta_err,psi_err
26.607018987257597,-4.879078348390559,61.415046110949504,1.4386786222457886,-3.2383759021759033,2.121750593185425,9.934045694919984,4.879078348390559,5.850866401532571
26.251760357957725,-4.890866282423614,61.86270353934131,1.4270004034042358,-3.2708146572113037,2.085042715072632,9.578787065620112,4.890866282423614,6.2985238299243775
23.92647538899295,-3.519770540847177,63.36272236410283,1.337644338607788,-3.390136241912842,1.9694255590438843,7.253502096655339,3.519770540847177,7.798542654685896
22.209739784508802,-3.1693349647381703,63.55314803816278,1.249123215675354,-3.45084810256958,1.9497056007385254,5.536766492171189,3.1693349647381703,7.988968328745848
20.135597456230812,-1.0503295740367316,62.317457534280756,1.190192461013794,-3.4437203407287598,2.0098958015441895,3.4626241638931994,1.0503295740367316,6.753277824863822
19.827279302001852,-0.4711172253974401,60.45782924971807,1.1787022352218628,-3.3733584880828857,2.1111485958099365,3.1543060096642392,0.4711172253974401,4.8936495403011335
19.233865636721973,-2.0447369583983797,60.697220549937846,1.0949615240097046,-3.4127109050750732,2.0971133708953857,2.56089234438436,2.0447369583983797,5.133040840520913
17.725729132131892,-2.168149705716929,60.01130563272848,1.0013236999511719,-3.4256622791290283,2.1308529376983643,1.0527558397942798,2.168149705716929,4.447125923311546
17.27993293028892,-2.275900868716342,60.034897106121704,0.9841649532318115,-3.4297478199005127,2.1284220218658447,0.6069596379513058,2.275900868716342,4.470717396704771
15.85253779942485,-1.5132372478762857,60.4934896673747,0.9397960901260376,-3.4601991176605225,2.0968692302703857,0.8204354929127629,1.5132372478762857,4.92930995795777
14.90887374105401,-1.3264881674482256,60.82412546471668,0.8995760679244995,-3.47711443901062,2.0743165016174316,1.7640995512836017,1.3264881674482256,5.259945755299746
14.827317867269473,-2.4862796203012087,60.61969107266903,0.8546924591064453,-3.472311496734619,2.081277847290039,1.8456554250681396,2.4862796203012087,5.055511363252094
15.1269428982323,-2.1714184877720526,60.89089056385355,0.8786202669143677,-3.4657840728759766,2.066915988922119,1.546030394105312,2.1714184877720526,5.3267108544366195
15.119217954281016,-1.6775500871762772,60.85428758009146,0.8982729911804199,-3.4646687507629395,2.0671474933624268,1.5537553380565967,1.6775500871762772,5.290107870674525
15.165454919867416,-2.0717470615788613,60.70064930490119,0.8831530213356018,-3.4596107006073,2.0725080966949463,1.5075183724701962,2.0717470615788613,5.136469595484257
15.389396332184624,-2.090663267303908,60.84980014580676,0.895046055316925,-3.463282585144043,2.0618038177490234,1.2835769601529883,2.090663267303908,5.285620436389827
15.253139180884748,-1.6245138250439504,60.77100025335232,0.9016071557998657,-3.45810604095459,2.0670320987701416,1.4198341114528645,1.6245138250439504,5.206820543935386
15.502574274279029,-1.5940106082870051,61.074117218528315,0.9231610298156738,-3.463449716567993,2.0483014583587646,1.1703990180585837,1.5940106082870051,5.509937509111381
14.96627635838609,-1.2556889320409481,60.75998998841026,0.8998206257820129,-3.456489086151123,2.0639681816101074,1.7066969339515232,1.2556889320409481,5.195810278993328
14.896599891115498,-1.957331938206263,60.689488775797386,0.8711263537406921,-3.46183180809021,2.064481735229492,1.7763734012221146,1.957331938206263,5.125309066380453
15.422015608113313,-2.217580806985636,60.82612671014349,0.8898590207099915,-3.45941424369812,2.061230421066284,1.2509576842243,2.217580806985636,5.261947000726558
15.342676130714445,-1.5539170780850933,60.94716449242529,0.9136874675750732,-3.456636667251587,2.0557701587677,1.330297161623168,1.5539170780850933,5.382984783008354
15.212760810058924,-1.7332827719906747,61.101082805371526,0.900724470615387,-3.469247579574585,2.0468976497650146,1.4602124822786884,1.7332827719906747,5.536903095954592
15.213266244057506,-1.7551618725085174,60.99620525066598,0.8991530537605286,-3.4639039039611816,2.052394390106201,1.459707048280107,1.7551618725085174,5.432025541249047
15.209376451325184,-1.6864748178012297,61.090031559294445,0.9024732708930969,-3.465475082397461,2.047496795654297,1.4635968410124285,1.6864748178012297,5.525851849877512
15.195620450336778,-1.6717192443562974,61.2044508882705,0.9036619663238525,-3.470668315887451,2.0381088256835938,1.477352842000835,1.6717192443562974,5.640271178853567
15.011668088062702,-1.4105084672111814,61.10918340972716,0.9016095995903015,-3.4652280807495117,2.0417847633361816,1.6613052042749104,1.4105084672111814,5.545003700310225
15.270223191546242,-1.6063327408953407,61.05873563251745,0.9058380722999573,-3.45931077003479,2.047205686569214,1.402750100791371,1.6063327408953407,5.494555923100513
15.425784164987867,-1.7489446922832885,61.13426386435945,0.9101996421813965,-3.461669445037842,2.0429866313934326,1.2471891273497455,1.7489446922832885,5.5700841549425135
15.384864501670322,-1.4508943991010277,61.078857369812305,0.9184465408325195,-3.455897808074951,2.0466647148132324,1.288108790667291,1.4508943991010277,5.514677660395371
15.381077161775549,-1.4099795648404292,60.96798290901549,0.919578492641449,-3.45324969291687,2.0501835346221924,1.2918961305620638,1.4099795648404292,5.403803199598556
15.130383606026694,-1.6299334678159285,61.002133854865555,0.8966550827026367,-3.461138963699341,2.046588659286499,1.5425896863109188,1.6299334678159285,5.4379541454486215
15.012684078701742,-1.6445042488546633,60.97663675869389,0.8891163468360901,-3.4604201316833496,2.048438787460327,1.6602892136358705,1.6445042488546633,5.412457049276959
15.03336589150854,-1.6909592345603985,60.97429400380858,0.8896393775939941,-3.4588661193847656,2.050260543823242,1.6396074008290729,1.6909592345603985,5.410114294391647
15.12545562454053,-1.7496234341952974,60.89525505473319,0.892118513584137,-3.45534348487854,2.054809093475342,1.5475176677970826,1.7496234341952974,5.331075345316258
15.461581186427905,-1.7962689869419206,60.85342697625603,0.9087110757827759,-3.4506452083587646,2.0582382678985596,1.2113921059097077,1.7962689869419206,5.289247266839098

Errors:
rotation,[20.663990444843115, 20.768177177968106, 18.57181529218841, 16.695069785655207, 11.266231562793752, 8.519072775362813, 9.738670143303652, 7.668031468822755, 7.353577903372418, 7.262982698746819, 8.350533474031574, 9.387446408621443, 9.044159736313985, 8.521413295907399, 8.715735029533315, 8.659860663846723, 8.2511684804322, 8.27434713545697, 8.1581961449858, 8.85901440580883, 8.730485491936493, 8.267199022716614, 8.730398350223956, 8.646894462037672, 8.67592350869117, 8.7893432652107, 8.616817371796317, 8.503638764787226, 8.566217974575547, 8.25368085016369, 8.105678895001049, 8.610477299575468, 8.717250511767492, 8.740680929781119, 8.628216447308638, 8.296908359690725]
translation,[0.09908907901583852, 0.10190413998855163, 0.11144921772977323, 0.12459169684369709, 0.13005474499982927, 0.11927290659151613, 0.12139096935143812, 0.12559405918762856, 0.12361915263863388, 0.1225508551216743, 0.11644282171341835, 0.1064022625152683, 0.09873487875480347, 0.10214135384807932, 0.09732790396269664, 0.09760807407271166, 0.09731086142198286, 0.09721815456561966, 0.0940327850958873, 0.0926103908493685, 0.09295489486978159, 0.09311079909867725, 0.09643377564338707, 0.09433222752818438, 0.09394309838034864, 0.09392036101808188, 0.09071423789942656, 0.08935954821752468, 0.09020746376820732, 0.08901799967798318, 0.08879960462464798, 0.08857967167121039, 0.08726121552446653, 0.08697523457910528, 0.08682141090407214, 0.08822217176379343]
loss,
[0.0984637662768364, 0.09588082879781723, 0.07583636045455933, 0.07893379032611847, 0.051625967025756836, 0.05141614004969597, 0.050279490649700165, 0.052749671041965485, 0.053642623126506805, 0.04900157079100609, 0.036648742854595184, 0.0454055517911911, 0.03728969395160675, 0.037252478301525116, 0.04288415238261223, 0.0351649671792984, 0.042181216180324554, 0.03853394091129303, 0.037780746817588806, 0.037138115614652634, 0.03954277187585831, 0.03630147501826286, 0.04375443980097771, 0.037593431770801544, 0.03474250063300133, 0.03929305821657181, 0.04214475676417351, 0.03688110411167145, 0.03711700066924095, 0.03007003292441368, 0.034414757043123245, 0.04270024225115776, 0.032797373831272125, 0.03785048425197601, 0.03886231780052185, 0.03888813033699989]

2022-04-26 23:39:46.444033