2022-04-27 08:10:54.040816

reference phi, theta, psi, translation: -139.02455270626928, -8.537736090602699e-07, 56.38966954231551, -2.2014424800872803, 2.5346622467041016, 2.231398344039917

phi,theta,psi,rot_x,rot_y,rot_z,phi_err,theta_err,psi_err
-129.04008655489625,6.852725648450977,53.065809209147574,-2.6847352981567383,1.8050535917282104,2.604990243911743,9.984466151373027,6.852726502224586,3.3238603331679357
-128.69398720927336,6.7514066472202545,53.1622412349444,-2.7037692070007324,1.8018642663955688,2.591797351837158,10.330565496995916,6.751407500993864,3.227428307371106
-126.4150536115636,5.348060353399708,53.599322115406444,-2.825167655944824,1.8077869415283203,2.493445873260498,12.609499094705683,5.348061207173317,2.790347426909065
-129.9815871508475,7.93419513415441,53.37554121253473,-2.79675030708313,1.8738276958465576,2.4815292358398438,9.042965555421773,7.934195987928019,3.0141283297807817
-132.3738745680228,6.132481114088964,52.92391885932973,-2.652493476867676,2.0348141193389893,2.530256748199463,6.650678138246462,6.1324819678625735,3.465750682985778
-133.92181400000112,4.5679826885456025,53.19302489753365,-2.5563547611236572,2.1727852821350098,2.5211856365203857,5.1027387062681555,4.567983542319212,3.1966446447818626
-135.574228005524,2.9766925279607497,54.27110195612846,-2.468763589859009,2.3452634811401367,2.456378221511841,3.450324700745284,2.976693381734359,2.118567586187048
-136.93784795256033,1.664761985254175,54.360891622957446,-2.3680522441864014,2.4457333087921143,2.451765298843384,2.0867047537089434,1.6647628390277842,2.0287779193580633
-136.65878008345197,2.0624924555932123,54.50290833127494,-2.392656087875366,2.4202663898468018,2.4335081577301025,2.3657726228173033,2.0624933093668214,1.8867612110405716
-137.17206879957843,1.6351027146763508,54.50717036931703,-2.353179454803467,2.448275327682495,2.4300105571746826,1.8524839066908498,1.63510356844996,1.8824991729984788
-137.15660525129752,1.5884944537277323,54.815642202802316,-2.3564445972442627,2.4561798572540283,2.4051101207733154,1.8679474549717554,1.5884953075013415,1.5740273395131936
-137.2014112922528,1.5741849728714457,54.827581373471496,-2.350860595703125,2.452807903289795,2.3997318744659424,1.823141414016476,1.5741858266450548,1.5620881688440136
-137.44934715912427,1.4989148499271538,55.01219114145319,-2.3369927406311035,2.4637980461120605,2.383460760116577,1.5752055471450035,1.498915703700763,1.3774784008623229
-137.5127996165137,1.3725477354854074,54.92349771998598,-2.3217074871063232,2.4575014114379883,2.3816916942596436,1.5117530897555866,1.3725485892590166,1.4661718223295281
-137.70151774328113,0.9016730357783231,55.12641922513248,-2.2966625690460205,2.4775876998901367,2.3591201305389404,1.323034962988146,0.9016738895519322,1.2632503171830294
-137.95383859159975,0.9081996961966922,55.3820185642527,-2.2870213985443115,2.4829607009887695,2.3354294300079346,1.0707141146695278,0.9082005499703012,1.007650978062813
-138.18196690987816,0.7147227172590488,55.62570263836582,-2.2680633068084717,2.4971117973327637,2.3117427825927734,0.8425857963911199,0.7147235710326578,0.7639669039496866
-138.54529199258783,0.3766103137474159,55.807638387287454,-2.242056131362915,2.518679618835449,2.2929484844207764,0.4792607136814411,0.3766111675210249,0.582031155028055
-138.52982844430693,0.44109526926748543,55.84520101262794,-2.23858380317688,2.5050575733184814,2.282924175262451,0.49472426196234665,0.44109612304109447,0.5444685296875704
-138.79071434984473,0.20964582026549855,56.21528456752132,-2.221109390258789,2.5246825218200684,2.25056791305542,0.23383835642454187,0.2096466740391076,0.17438497479418658
-138.89255247036962,0.13526145564521763,56.21118303892473,-2.2084388732910156,2.5235347747802734,2.2467992305755615,0.13200023589965326,0.1352623094188267,0.1784865033907792
-138.9962347419704,0.09231203225832586,56.31751542392349,-2.2022173404693604,2.5279672145843506,2.236553430557251,0.02831796429887845,0.09231288603193492,0.0721541183920209
-139.03977036774006,0.05058612028178317,56.28419776115217,-2.196561098098755,2.527954578399658,2.2367775440216064,0.015217661470785515,0.05058697405539223,0.10547178116333811
-139.01716244158732,0.05870073639030404,56.383218428644426,-2.1996660232543945,2.5286002159118652,2.230067491531372,0.0073902646819590245,0.0587015901639131,0.006451113671083419
-139.05184614219266,-0.01624814025379701,56.30498885698569,-2.193221092224121,2.5286548137664795,2.23357892036438,0.027293435923382958,0.016247286480187948,0.08468068532982187
-139.06933142646787,0.018377546272852697,56.40631471332283,-2.195844888687134,2.531081199645996,2.2272677421569824,0.04477872019859319,0.018378400046461758,0.016645171007318993
-139.10581829701408,0.016121333525828643,56.392360636848494,-2.193875312805176,2.5326344966888428,2.228119134902954,0.0812655907448061,0.016122187299437703,0.0026910945329845504
-139.07797844595711,0.021799397115743403,56.38705357986339,-2.194962739944458,2.530754804611206,2.2286362648010254,0.053425739687838814,0.021800250889352463,0.002615962452118481
-139.06235097313612,0.015584179195031246,56.42419956366451,-2.195910692214966,2.531844139099121,2.2270381450653076,0.03779826686684373,0.015585032968640307,0.034530021348999185
-139.11314025980434,-0.05552769920050644,56.35793306833704,-2.1901042461395264,2.533161163330078,2.23030948638916,0.08858755353506353,0.05552684542689738,0.03173647397846935
-139.09532712644895,0.021271264735294,56.45356937709556,-2.196437120437622,2.5337002277374268,2.2238967418670654,0.07077442017967428,0.02127211850890306,0.06389983478005234
-139.07897565357595,0.054162957222300176,56.488751681510294,-2.1983048915863037,2.5330138206481934,2.2220346927642822,0.054422947306676406,0.05416381099590924,0.0990821391947847
-139.07833361579395,0.005254512556522091,56.43282267749165,-2.1956799030303955,2.5322670936584473,2.225522994995117,0.053780909524675735,0.005255366330131151,0.04315313517614072
-139.05941399179304,0.027902268012376597,56.37358103172554,-2.1958718299865723,2.529430866241455,2.2298688888549805,0.034861285523760444,0.027903121785985658,0.01608851058996663
-139.0404943677921,0.03237024338977494,56.37001908807338,-2.1967477798461914,2.529205322265625,2.2299249172210693,0.01594166152281673,0.032371097163384,0.019650454242132298
-139.0916251639188,0.004447925521119647,56.389280221532815,-2.1937968730926514,2.5318431854248047,2.2281506061553955,0.06707245764951608,0.004448779294728707,0.0003893207826948242

Errors:
rotation,[20.161052986765547, 20.309401305360886, 20.747907728788064, 19.991289873130576, 16.248910789094815, 12.86736689336923, 8.545585668666691, 5.78024551209479, 6.315027143224697, 5.370086648139289, 5.030470101986291, 4.959415409505544, 4.451599651708089, 4.350473501344132, 3.4879591697231076, 2.986565642702642, 2.3212762713734643, 1.437903036230521, 1.4802889146910116, 0.6178700052578361, 0.44574904870925913, 0.1927849687228343, 0.17127641668951585, 0.07254296851695555, 0.12822140773339277, 0.07980229125237394, 0.10007887257722836, 0.07784195302930975, 0.08791332118448322, 0.17585087294043025, 0.1559463734686297, 0.20766889749737033, 0.10218941103094761, 0.07885291789971273, 0.06796321292833303, 0.0719105577269396]
translation,[0.12242333873291766, 0.12513098251661692, 0.1482177201650723, 0.15109895135207108, 0.16153007672921316, 0.16557486593005333, 0.16754331438688386, 0.16415844030907678, 0.1527036067801566, 0.14456946951023397, 0.1366289219862198, 0.1283813066155357, 0.11769274182812861, 0.10433892220647678, 0.0893744061912436, 0.07372082710900596, 0.058349443836910986, 0.04663708282331669, 0.0306827179437974, 0.015153916507289367, 0.005396429990495832, 0.0009241110271709374, 0.0038955158688409597, 0.005517067835003608, 0.00705277487608047, 0.0075945891768718354, 0.007220202972620271, 0.007523445642495297, 0.007205770367944453, 0.007729537000510156, 0.007487573129346892, 0.007928491300098095, 0.007903898561898437, 0.007177011241410014, 0.006809647305102473, 0.0077435467894702015]
loss,
[0.16294756531715393, 0.15342594683170319, 0.08319270610809326, 0.04454809054732323, 0.03960971534252167, 0.030347034335136414, 0.01970696821808815, 0.02197270095348358, 0.01358805876225233, 0.015061798505485058, 0.014006948098540306, 0.011434761807322502, 0.015056527219712734, 0.013091659173369408, 0.008990202099084854, 0.007750229444354773, 0.006837918888777494, 0.0056031495332717896, 0.003866135608404875, 0.002106498461216688, 0.0013876187149435282, 0.000865271664224565, 0.0012205778621137142, 0.0009347912855446339, 0.0013138900976628065, 0.0009445064933970571, 0.0012139359023422003, 0.0011058752425014973, 0.0012063480680808425, 0.001339426264166832, 0.0016006294172257185, 0.0009972763946279883, 0.0012033453676849604, 0.0012310459278523922, 0.0012507704086601734, 0.001270969514735043]

2022-04-27 08:15:18.960420