2022-04-27 02:29:00.366672

reference phi, theta, psi, translation: -139.02455270626928, -8.537736090602699e-07, 56.38966954231551, -2.2014424800872803, 2.5346622467041016, 2.231398344039917

phi,theta,psi,rot_x,rot_y,rot_z,phi_err,theta_err,psi_err
-129.04008655489625,6.852725648450977,53.065809209147574,-2.6847352981567383,1.8050535917282104,2.604990243911743,9.984466151373027,6.852726502224586,3.3238603331679357
-129.32567042447283,7.115555889809412,52.9260430481616,-2.682896375656128,1.8090835809707642,2.6063144207000732,9.698882281796443,7.115556743583021,3.4636264941539068
-132.43253223261488,9.428371217940395,50.8624277489419,-2.657270669937134,1.831618309020996,2.6318199634552,6.592020473654401,9.428372071714003,5.527241793373612
-131.2874373578839,7.232003487498679,50.69050847243809,-2.639118194580078,1.8216032981872559,2.6482274532318115,7.737115348385373,7.2320043412722885,5.6991610698774195
-132.1782169690586,6.443652664383497,49.66538928557297,-2.559230089187622,1.8715296983718872,2.6978912353515625,6.846335737210666,6.443653518157106,6.724280256742539
-132.09290790632517,5.178777721030782,49.29789095728044,-2.5155375003814697,1.9040272235870361,2.7192397117614746,6.9316447999441095,5.178778574804391,7.0917785850350725
-133.00150065085526,4.346034894399819,49.30190369341782,-2.4578826427459717,1.9854685068130493,2.7178101539611816,6.023052055414013,4.346035748173428,7.087765848897689
-132.74790938735103,3.0602227147743957,50.38755543180218,-2.4550042152404785,2.0856850147247314,2.656165838241577,6.2766433189182465,3.060223568548005,6.002114110513332
-134.5132947217459,3.356356960577779,51.47574458546319,-2.432598114013672,2.171154022216797,2.604792356491089,4.5112579845233824,3.356357814351388,4.91392495685232
-135.05421838325424,2.0375804498596737,52.9344715015974,-2.412452459335327,2.2910284996032715,2.5175516605377197,3.970334323015038,2.037581303633283,3.455198040718109
-137.06476652771752,1.9503073995398996,54.09943881171853,-2.3546671867370605,2.421706438064575,2.4485628604888916,1.9597861785517523,1.9503082533135088,2.2902307305969813
-137.33010571659418,1.2781577094047203,54.75800223639658,-2.3389556407928467,2.461942672729492,2.4039206504821777,1.6944469896751002,1.2781585631783294,1.6316673059189313
-137.33637583025225,1.0083688364772025,54.32914148860065,-2.307950258255005,2.448503255844116,2.417140483856201,1.6881768760170246,1.0083696902508117,2.0605280537148616
-137.66128792906974,1.2655636474294194,55.01764846260002,-2.3132824897766113,2.4675118923187256,2.3724124431610107,1.3632647771995323,1.2655645012030285,1.3720210797154877
-137.74629646347972,1.0825580965010453,55.17705824763895,-2.3039870262145996,2.474987268447876,2.356943368911743,1.2782562427895527,1.0825589502746544,1.212611294676556
-137.882258209098,0.725180579375955,55.12765207427766,-2.280670166015625,2.4824018478393555,2.354835033416748,1.1422944971712639,0.7251814331495641,1.2620174680378469
-138.31175416448676,0.6323535890788573,55.32912216422553,-2.2614994049072266,2.5022387504577637,2.335566759109497,0.7127985417825187,0.6323544428524663,1.0605473780899786
-138.2256664601879,0.5896503058612943,55.349670788343516,-2.2585337162017822,2.4934942722320557,2.3316092491149902,0.7988862460813664,0.5896511596349033,1.039998753971993
-138.32534624093506,0.5383059912919906,55.3494932034251,-2.248257637023926,2.4914517402648926,2.3220412731170654,0.699206465334214,0.5383068450655997,1.0401763388904115
-138.6091406009491,0.4862071357728558,55.71399649376658,-2.237114667892456,2.509126901626587,2.2985193729400635,0.41541210532017203,0.4862079895464648,0.67567304854893
-138.57268105115958,0.3103343582533972,55.64900724381391,-2.227362632751465,2.5053577423095703,2.2918918132781982,0.4518716551096986,0.31033521202700626,0.7406622985015971
-138.6815952476646,0.39573571202821006,56.04202998903478,-2.2300024032592773,2.5141549110412598,2.2659201622009277,0.34295745860467264,0.3957365658018191,0.3476395532807288
-138.83628537198706,0.24863659686161263,56.006584722337,-2.214658498764038,2.5170600414276123,2.263767957687378,0.18826733428221587,0.2486374506352217,0.38308481997850663
-138.91466862290213,0.2095001021426515,56.25122843802852,-2.2126147747039795,2.526005506515503,2.246964454650879,0.10988408336714883,0.20950095591626056,0.13844110428698997
-138.94847805929368,-0.008290373832093596,56.149151260882675,-2.199307680130005,2.527468681335449,2.2479822635650635,0.07607464697559863,0.008289520058484535,0.24051828143283416
-138.97406394792455,0.10885023765311166,56.36366701214527,-2.2053489685058594,2.5288143157958984,2.2338647842407227,0.0504887583447271,0.10885109142672073,0.026002530170238458
-138.98344862784415,-0.07381489986365403,56.289101836976236,-2.195953607559204,2.529043436050415,2.236793041229248,0.041104078425121315,0.07381404609004497,0.10056770533927306
-138.98406334486944,0.07020252144594258,56.31299383869295,-2.19991397857666,2.525810718536377,2.2348055839538574,0.04048936139983539,0.07020337521955164,0.07667570362256271
-139.11245724088735,0.06474750204275545,56.39046525935381,-2.1961557865142822,2.5323519706726074,2.229450225830078,0.08790453461807601,0.06474835581636451,0.0007957170383008361
-139.04419633032222,0.014833658863079016,56.31447598974284,-2.1961092948913574,2.528928518295288,2.233269691467285,0.019643624052946507,0.014834512636688077,0.0751935525726708
-139.0383496883927,0.014623983120012868,56.329447764403504,-2.1967577934265137,2.53000807762146,2.2337303161621094,0.013796982123437829,0.014624836893621929,0.060221777912005336
-139.02915625376986,0.008443725632595331,56.30083951706491,-2.1964786052703857,2.5294477939605713,2.235311508178711,0.004603547500579452,0.008444579406204392,0.08883002525060135
-139.0188563285015,0.06340542380000518,56.37651801306865,-2.2005598545074463,2.529303550720215,2.230576753616333,0.005696377767776539,0.06340627757361424,0.013151529246862026
-139.05833482190417,0.018347741415728876,56.27903413813964,-2.194592237472534,2.5280051231384277,2.236377239227295,0.03378211563489231,0.018348595189337936,0.11063540417586637
-139.06218704859606,0.019155201268027115,56.31540148037537,-2.1953349113464355,2.529386043548584,2.2339587211608887,0.037634342326782644,0.019156055041636175,0.07426806194013835
-139.04658689653175,-0.01225037194121124,56.31576348040139,-2.1937625408172607,2.5296132564544678,2.233564853668213,0.022034190262473885,0.01224951816760218,0.07390606191412274

Errors:
rotation,[20.161052986765547, 20.27806551953337, 21.547634338742014, 20.66828075953508, 20.01426951211031, 19.202201959783572, 17.45685365248513, 15.338980997979583, 12.78154075572709, 9.46311366736643, 6.200325162462242, 4.604272858772361, 4.757074619982697, 4.000850358118049, 3.573426487740763, 3.129493398358675, 2.4057003627249633, 2.428536159688263, 2.277689649290225, 1.5772931434155668, 1.502869165638302, 1.0863335776872205, 0.8199896048959442, 0.45782614357039936, 0.32488244846691733, 0.18534237994168629, 0.21548582985443934, 0.18736844024194974, 0.15344860747274136, 0.10967168926230539, 0.0886435969290651, 0.1018781521573852, 0.0822541845882528, 0.1627661150000966, 0.13105845930855717, 0.10818977034419881]
translation,[0.12242333873291766, 0.1238188931501858, 0.1332905435669618, 0.12775219997516896, 0.13191074883431142, 0.13390568961215976, 0.13657601381679196, 0.14407703219624324, 0.14216554581410978, 0.14101740095566928, 0.14075073066810706, 0.12948519481124166, 0.11186164381480879, 0.10024273129407657, 0.09065471628766097, 0.08092938197463084, 0.07136428689569474, 0.062144834206989685, 0.04978641282657925, 0.041166655773366756, 0.029749051711026375, 0.022052536480501317, 0.014232496089728208, 0.009318743658245587, 0.003530491434758254, 0.00017147879486945072, 0.003534581060116615, 0.004505346974569946, 0.0054171626578467524, 0.005477531426999249, 0.004190020175207643, 0.003816907483634502, 0.004304751936926365, 0.005159688961503761, 0.005230163216641159, 0.0061631598989668746]
loss,
[0.1131369099020958, 0.10832669585943222, 0.06347936391830444, 0.04397445172071457, 0.05173058062791824, 0.03310137242078781, 0.03628307208418846, 0.03277161344885826, 0.0243452787399292, 0.02209782972931862, 0.011825564317405224, 0.01181354746222496, 0.011920022778213024, 0.008197065442800522, 0.00956550519913435, 0.0078847985714674, 0.005907285492867231, 0.005381559021770954, 0.006568118929862976, 0.005187934264540672, 0.002754614455625415, 0.002226907294243574, 0.001416435930877924, 0.0009374137734994292, 0.00084178417455405, 0.0008897915831767023, 0.0005215720739215612, 0.0011164090828970075, 0.0008952779462561011, 0.0007141632959246635, 0.0010416418081149459, 0.0008091311901807785, 0.0008591937366873026, 0.0007296501426026225, 0.0006562906200997531, 0.000584511726628989]

2022-04-27 02:31:30.245480