2022-04-27 02:26:27.344432

reference phi, theta, psi, translation: 175.36684180812657, -0.0, 39.4597479484966, 0.2069414258003235, 2.553555727005005, 3.112318754196167

phi,theta,psi,rot_x,rot_y,rot_z,phi_err,theta_err,psi_err
-174.60268024378553,2.426304892454245,32.24175771288345,-0.3459881842136383,2.1274664402008057,3.6064906120300293,10.030477948087878,2.426304892454245,7.217990235613151
-174.93980472083902,1.9998415831474023,32.530268318519376,-0.3050452470779419,2.1530563831329346,3.5989415645599365,9.693353471034413,1.9998415831474023,6.929479629977223
-176.3527113129262,1.068721224730768,33.55305158068835,-0.19201549887657166,2.2335996627807617,3.5615389347076416,8.28044687894726,1.068721224730768,5.906696367808252
-176.56969276247918,0.2017608315625117,33.61206441511726,-0.13279415667057037,2.237757682800293,3.568315029144287,8.063465429394228,0.2017608315625117,5.847683533379339
-176.96155437554114,-0.7598127653740774,34.3549943364233,-0.052620723843574524,2.2854576110839844,3.549516201019287,7.671603816332322,0.7598127653740774,5.104753612073296
-177.24622299976895,-1.562135098865815,34.83511223884559,0.00910198874771595,2.3282995223999023,3.5171802043914795,7.386935192104488,1.562135098865815,4.62463570965101
-179.25357461570067,-4.512395168334215,34.63529505467687,0.2812787592411041,2.3211748600006104,3.519960403442383,5.379583576172763,4.512395168334215,4.824452893819732
179.8093471084646,-5.075025610625221,33.8134047314709,0.35613471269607544,2.2600910663604736,3.5477592945098877,4.442505300338041,5.075025610625221,5.646343217025702
178.67886883855743,-6.0781452690304825,34.24335147934486,0.4563894271850586,2.2699546813964844,3.526242733001709,3.312027030430869,6.0781452690304825,5.216396469151739
176.700012771843,-7.09776332935371,34.40207141527761,0.5879577994346619,2.251307249069214,3.5230369567871094,1.3331709637164408,7.09776332935371,5.057676533218988
174.9396271359206,-7.576205685600268,34.71712755112279,0.6684495210647583,2.2548468112945557,3.482598066329956,0.4272146722059631,7.576205685600268,4.7426203973738055
174.01175959755273,-6.604865835775456,34.173782587553696,0.6507577300071716,2.2168490886688232,3.4911556243896484,1.3550822105738405,6.604865835775456,5.285965360942903
174.66221217259138,-5.39625174658774,30.89138833283691,0.5348942875862122,2.051830530166626,3.5920333862304688,0.7046296355351842,5.39625174658774,8.568359615659688
175.69969058675963,-4.8867289091104755,31.04103094736272,0.46144723892211914,2.1083977222442627,3.547100782394409,0.33284877863306406,4.8867289091104755,8.418717001133878
174.88978041535785,-4.593987891592897,34.35276086456471,0.48056769371032715,2.306802749633789,3.4181628227233887,0.47706139276871795,4.593987891592897,5.106987083931891
175.14858994338798,-3.0619109910224775,36.99394379018986,0.38629141449928284,2.4680418968200684,3.306654691696167,0.21825186473859048,3.0619109910224775,2.4658041583067387
175.41510392480188,-1.8087589362751988,38.29445278929531,0.3051559627056122,2.535863161087036,3.233469009399414,0.04826211667531766,1.8087589362751988,1.1652951592012855
175.47770943873422,-0.8470162937155411,38.21416050050723,0.24394860863685608,2.5211431980133057,3.2240161895751953,0.11086763060765747,0.8470162937155411,1.2455874479893723
175.1182229223381,-0.8869939135625793,38.86355098112994,0.2670101523399353,2.5468878746032715,3.176445484161377,0.24861888578845992,0.8869939135625793,0.5961969673666587
175.24230013880054,-0.3225033688784484,38.9499528741306,0.23014001548290253,2.539269208908081,3.1508233547210693,0.12454166932602106,0.3225033688784484,0.5097950743659965
175.2616295741517,-0.46497146762388347,39.31377314555509,0.2399197518825531,2.5492541790008545,3.1289374828338623,0.10521223397486779,0.46497146762388347,0.14597480294150955
175.252080969692,-0.31745347954485387,39.428865248164385,0.23089581727981567,2.5523598194122314,3.115144968032837,0.11476083843456308,0.31745347954485387,0.03088270033221363
175.33917954198802,-0.13693677494262765,39.539090840990056,0.2163853943347931,2.553774833679199,3.107187032699585,0.02766226613854883,0.13693677494262765,0.07934289249345738
175.27814497156479,-0.04406042270104979,39.5233643304261,0.2138535976409912,2.5521798133850098,3.1048507690429688,0.0886968365617804,0.04406042270104979,0.06361638192949925
175.3733441482164,-0.22351276166165068,39.384766131788204,0.21884509921073914,2.544294595718384,3.1123080253601074,0.006502340089838299,0.22351276166165068,0.07498181670839443
175.37748324285346,-0.11242144845979128,39.51837829233199,0.21312399208545685,2.551732063293457,3.1054790019989014,0.010641434726892385,0.11242144845979128,0.058630343835389453
175.3840265640783,-0.1436183575710608,39.48772781843156,0.21487672626972198,2.548811197280884,3.105072259902954,0.017184755951745956,0.1436183575710608,0.027979869934959822
175.3184157669112,-0.11669236868076352,39.62665386614962,0.21613198518753052,2.5536816120147705,3.0967953205108643,0.048426041215378746,0.11669236868076352,0.16690591765301832
175.37696414847653,-0.21372715559465083,39.57000086207895,0.21891649067401886,2.552191734313965,3.1032838821411133,0.010122340349965953,0.21372715559465083,0.11025291358235023
175.30571161505495,-0.2442730190740401,39.60769667610825,0.2247738391160965,2.556100368499756,3.1014413833618164,0.06113019307161949,0.2442730190740401,0.14794872761164868
175.30692738872722,-0.15928647420430211,39.529818859191764,0.21938595175743103,2.5525054931640625,3.1051478385925293,0.05991441939934816,0.15928647420430211,0.07007091069516491
175.34993025974163,-0.06284657345410055,39.51344006556207,0.21102400124073029,2.5513877868652344,3.106633424758911,0.01691154838493958,0.06284657345410055,0.05369211706547361
175.37117214806037,-0.1303516593066027,39.57794437208367,0.21560201048851013,2.5565571784973145,3.1033592224121094,0.004330339933801497,0.1303516593066027,0.11819642358707227
175.3425263346813,-0.10403313960061335,39.52351800968243,0.2149195522069931,2.552990674972534,3.1066465377807617,0.024315473445255975,0.10403313960061335,0.06377006118582784
175.36778437423203,-0.071303041130023,39.453061193299156,0.21152223646640778,2.549177885055542,3.110473155975342,0.0009425661054649481,0.071303041130023,0.006686755197442551
175.339138560853,-0.182777511854057,39.50585855558336,0.21900318562984467,2.550250291824341,3.1054530143737793,0.027703247273564102,0.182777511854057,0.04611060708676007

Errors:
rotation,[19.674773076155276, 18.622674684159037, 15.255864471486278, 14.112909794336078, 13.536170193779695, 13.573706000621312, 14.71643163832671, 15.163874127988965, 14.60656876861309, 13.48861082628914, 12.746040755180037, 13.2459134072922, 14.669240997782612, 13.638294688877417, 10.178036368293505, 5.745967014067807, 3.022316212151802, 2.203471372312571, 1.731809766717698, 0.956840112570466, 0.7161585045402608, 0.4630970183116306, 0.24394193357463387, 0.19637364119232945, 0.3049969184598834, 0.18169322702207313, 0.1887829834577666, 0.33202432754916056, 0.334102409526967, 0.45335193975730825, 0.28927180429881516, 0.13345023890451374, 0.25287842282747647, 0.19211867423169715, 0.0789323624329305, 0.25659136621438117]
translation,[0.170370405351016, 0.17375937172898048, 0.17724342076868016, 0.1829031934223737, 0.19085538434705285, 0.18688232629348533, 0.19463639362164376, 0.19041586191874504, 0.18732745033941, 0.19094034456043563, 0.17120959145332382, 0.15528647559951203, 0.14006096229198395, 0.12100296968936419, 0.12051196957044663, 0.1130740032989781, 0.08943472126854779, 0.06886560305611944, 0.04903516093823068, 0.02208475510239971, 0.011952685344177816, 0.002725618261517404, 0.0033254822824009267, 0.006274364210448802, 0.005238937856933745, 0.006112283153971276, 0.008184102841107155, 0.011409426935654388, 0.0072031418903009126, 0.00582001716195979, 0.005540972349312057, 0.005550360316227021, 0.0045536961084735594, 0.004318116443441156, 0.0039595000721703855, 0.0067559120867768385]
loss,
[0.09564739465713501, 0.09333904832601547, 0.09168773889541626, 0.0953042060136795, 0.09207542985677719, 0.087792307138443, 0.07325723767280579, 0.07702191919088364, 0.07526826858520508, 0.07061715424060822, 0.05802653357386589, 0.07018230855464935, 0.05493248626589775, 0.03877159580588341, 0.023549165576696396, 0.02183499000966549, 0.019192006438970566, 0.020193133503198624, 0.010468855500221252, 0.005903066601604223, 0.00448670145124197, 0.003906233934685588, 0.002718235133215785, 0.0023368997499346733, 0.0030614780262112617, 0.0020037456415593624, 0.002724843565374613, 0.00238847266882658, 0.004120723344385624, 0.0027768441941589117, 0.0027840971015393734, 0.003376040607690811, 0.0022675786167383194, 0.0027270668651908636, 0.002658128272742033, 0.0018247372936457396]

2022-04-27 02:28:56.847759