2022-04-27 09:11:56.510384

reference phi, theta, psi, translation: 16.672973292337613, -0.0, 55.56417970941693, 0.9538894295692444, -3.184936285018921, 2.279534101486206

phi,theta,psi,rot_x,rot_y,rot_z,phi_err,theta_err,psi_err
26.607018987257597,-4.879078348390559,61.415046110949504,1.4386786222457886,-3.2383759021759033,2.121750593185425,9.934045694919984,4.879078348390559,5.850866401532571
26.535542765140704,-5.080375942860833,60.23967300762786,1.410955786705017,-3.2142679691314697,2.1801669597625732,9.862569472803091,5.080375942860833,4.675493298210924
26.16768926701133,-5.648679889246356,57.30115487195912,1.3342734575271606,-3.192866086959839,2.287935495376587,9.494715974673717,5.648679889246356,1.736975162542187
28.006077370802572,-6.23107732543436,55.68281668020547,1.4077825546264648,-3.1492693424224854,2.324636459350586,11.33310407846496,6.23107732543436,0.11863697078853619
29.5455439531155,-4.441276439207049,55.1800088893604,1.5330325365066528,-3.03521728515625,2.3794853687286377,12.872570660777889,4.441276439207049,0.38417082005653214
29.40497865999664,-1.9191191695494494,53.88613200393903,1.5850614309310913,-2.937337875366211,2.454216718673706,12.732005367659028,1.9191191695494494,1.6780477054779013
28.286130494698728,0.07535739309759225,53.922704251849865,1.6096161603927612,-2.9281277656555176,2.440751314163208,11.613157202361116,0.07535739309759225,1.6414754575670685
27.207501898328438,0.11843299260019986,54.608813829450575,1.5564254522323608,-2.9951465129852295,2.3973512649536133,10.534528605990825,0.11843299260019986,0.955365879966358
26.17873368289924,1.7956158836095883,54.14552209804861,1.5554466247558594,-2.963088035583496,2.4288079738616943,9.505760390561626,1.7956158836095883,1.4186576113683245
24.679705235567372,3.846405286579218,54.33649760233675,1.5534086227416992,-2.975498676300049,2.407133102416992,8.00673194322976,3.846405286579218,1.2276821070801844
21.052876493837893,6.762922685117986,56.1008584083561,1.4764503240585327,-3.114081382751465,2.2906222343444824,4.37990320150028,6.762922685117986,0.5366786989391699
18.169554824399324,5.702451307852506,56.40641033597121,1.2959212064743042,-3.2077157497406006,2.270016670227051,1.496581532061711,5.702451307852506,0.8422306265542758
17.121440098146063,2.3414324855734696,54.87209713138705,1.08867609500885,-3.197418212890625,2.373887538909912,0.4484668058084509,2.3414324855734696,0.6920825780298827
17.04743841358356,-0.323207492085534,54.565466033883084,0.9740548729896545,-3.2039947509765625,2.384528160095215,0.37446512124594733,0.323207492085534,0.9987136755338497
16.814057679833393,-0.26927551101934105,54.569441203980034,0.9551568031311035,-3.192188024520874,2.3750412464141846,0.14108438749578056,0.26927551101934105,0.9947385054368993
16.885299967971214,-0.2809275341669474,54.83535412874697,0.9602264165878296,-3.188789129257202,2.348750591278076,0.21232667563360152,0.2809275341669474,0.7288255806699624
16.91167474345122,-0.016513542865026213,55.04256840778682,0.9707987308502197,-3.1806259155273438,2.3270742893218994,0.23870145111360586,0.016513542865026213,0.5216113016301165
16.552814896911453,-0.03192259074107182,55.294267708890956,0.9480491280555725,-3.1901893615722656,2.3058228492736816,0.12015839542615936,0.03192259074107182,0.2699120005259772
16.6511559605813,-0.13469439177397702,55.131046678295164,0.94742751121521,-3.176748037338257,2.3085055351257324,0.021817331756313507,0.13469439177397702,0.4331330311217698
16.64367519589284,-0.21254910020538237,55.381089658525575,0.9461296200752258,-3.1809682846069336,2.290468692779541,0.02929809644477288,0.21254910020538237,0.18309005089135866
16.59182893745057,-0.0702387651341727,55.49069370413677,0.9479548335075378,-3.182389259338379,2.2839443683624268,0.0811443548870443,0.0702387651341727,0.07348600528016647
16.65925314984235,-0.15548883313718928,55.380717413215805,0.9474330544471741,-3.1779487133026123,2.2901663780212402,0.013720142495262877,0.15548883313718928,0.18346229620112808
16.72452756019287,-0.17638319806555697,55.32828888114679,0.9492438435554504,-3.173617124557495,2.292381763458252,0.05155426785525563,0.17638319806555697,0.23589082827014352
16.53080631985838,-0.1273030347067513,55.40366001863788,0.9394226670265198,-3.177124500274658,2.283346176147461,0.14216697247923094,0.1273030347067513,0.16051969077905426
16.644742412950656,-0.1001665975467745,55.45214070136663,0.9475502967834473,-3.173901081085205,2.2786874771118164,0.028230879386956786,0.1001665975467745,0.11203900805030287
16.580210785672374,-0.024098167375744762,55.52351617819326,0.9470402002334595,-3.177459478378296,2.2763237953186035,0.09276250666523822,0.024098167375744762,0.04066353122367161
16.72820561706092,-0.16186154213843815,55.42605962402094,0.9502146244049072,-3.1716928482055664,2.2830018997192383,0.05523232472330619,0.16186154213843815,0.13812008539599674
16.61750703363523,-0.10200587121275152,55.45048779558749,0.9459688663482666,-3.1754958629608154,2.28043270111084,0.05546625870238131,0.10200587121275152,0.11369191382944166
16.645886469636633,-0.14425293770380557,55.456433475259985,0.9462730884552002,-3.1763386726379395,2.2814555168151855,0.02708682270097995,0.14425293770380557,0.10774623415694862
16.601888098550702,-0.169331578866083,55.45630711676034,0.9431397914886475,-3.17788028717041,2.280501365661621,0.07108519378691014,0.169331578866083,0.10787259265659088
16.638253733239143,-0.10476378119447262,55.50297779935904,0.9481725692749023,-3.178157091140747,2.2791194915771484,0.03471955909846969,0.10476378119447262,0.061201910057896214
16.590056503360948,-0.06760695409615795,55.49892408208663,0.9458173513412476,-3.1773030757904053,2.278986692428589,0.08291678897666444,0.06760695409615795,0.06525562733030199
16.65948025363225,-0.027843018345807775,55.533167235490495,0.9520647525787354,-3.1775028705596924,2.276480197906494,0.013493038705362892,0.027843018345807775,0.031012473926438133
16.64026522394971,-0.17918817634496106,55.43057096396773,0.9441671371459961,-3.1747512817382812,2.2831332683563232,0.03270806838790108,0.17918817634496106,0.13360874544920165
16.579594361099783,-0.0446142789106519,55.55629425602016,0.9485175013542175,-3.180182933807373,2.275688886642456,0.09337893123782948,0.0446142789106519,0.007885453396774267
16.635356025483766,-0.09981976822309153,55.45095907864022,0.9480746388435364,-3.175703525543213,2.281362533569336,0.03761726685384659,0.09981976822309153,0.11322063077671629

Errors:
rotation,[20.663990444843115, 19.61843871387485, 16.88037102646226, 17.682818374687855, 17.69801792004147, 16.32917224268638, 13.329990053025776, 11.608327478557383, 12.72003388553954, 13.080819336889162, 11.679504585557435, 8.041263466468493, 3.481981869411803, 1.6963862888653312, 1.405098403952021, 1.2220797904705112, 0.7768262956087486, 0.4219929866932084, 0.5896447546520603, 0.4249372475415139, 0.22486912530138348, 0.35267127183358027, 0.4638282941909561, 0.4299896979650365, 0.24043648498403414, 0.1575242052646546, 0.3552139522577411, 0.2711640437445745, 0.2790859945617341, 0.348289365309584, 0.2006852503508385, 0.2157793704031244, 0.0723485309776088, 0.3455049901820638, 0.14587866354525564, 0.2506576658536544]
translation,[0.09908907901583852, 0.10111541690782389, 0.11728388728422434, 0.12864081660857796, 0.11913418325296998, 0.11176303072488025, 0.10675264573957133, 0.10899866126322078, 0.10389388058327143, 0.09936269389609542, 0.10702998427311261, 0.10672417868858997, 0.0973140544112816, 0.07987342514107176, 0.060717887738869436, 0.04404478101622722, 0.027701774660727096, 0.017688783048943613, 0.008492999781152477, 0.0012361161484966132, 0.0009152645793699676, 0.0010110653596955288, 0.002739149473894642, 0.007411079098831763, 0.010691540695932922, 0.009340217942763296, 0.009357979832206986, 0.008815550630938418, 0.007498735463079775, 0.007558027107285703, 0.006939580577037141, 0.008243623700086466, 0.008031314622155783, 0.008294686498830472, 0.007199333494066984, 0.007628717687959252]
loss,
[0.10919394344091415, 0.09501125663518906, 0.07749857008457184, 0.06647881120443344, 0.05330374464392662, 0.07082474231719971, 0.06217064708471298, 0.06976762413978577, 0.06256403774023056, 0.05957535654306412, 0.03963007032871246, 0.02692706137895584, 0.017271187156438828, 0.00859823077917099, 0.008107636123895645, 0.0046992553398013115, 0.0030315860640257597, 0.0037185661494731903, 0.002851660130545497, 0.002859806641936302, 0.0015901261940598488, 0.0019496770109981298, 0.001996430568397045, 0.0023787207901477814, 0.0024860582780092955, 0.0017193913226947188, 0.0027263816446065903, 0.0016932131256908178, 0.0019360515289008617, 0.002107178093865514, 0.0012371342163532972, 0.0017065664287656546, 0.0016649834578856826, 0.001306709717027843, 0.0016370074590668082, 0.001521475613117218]

2022-04-27 09:14:27.222224