2022-04-27 09:09:21.036660

reference phi, theta, psi, translation: 164.57178246643477, -4.268868188959204e-07, 11.003265705708584, 0.2046843022108078, 0.7416750192642212, 3.957021951675415

phi,theta,psi,rot_x,rot_y,rot_z,phi_err,theta_err,psi_err
174.68706040079186,1.035587752499106,3.46078983121423,-0.0498787984251976,0.24902896583080292,4.223120212554932,10.115277934357096,1.035588179385925,7.542475874494354
174.76701459521604,0.3847828375277301,4.050227045736691,0.0010967968264594674,0.2965121567249298,4.222905158996582,10.19523212878127,0.384783264414549,6.9530386599718925
174.32238294062657,-1.9384073354921416,5.350693783046649,0.194987490773201,0.4025748074054718,4.198154449462891,9.750600474191799,1.9384069086053226,5.652571922661934
172.7621491681422,-5.15645502266629,7.9772212571470735,0.46000656485557556,0.5945973992347717,4.158291816711426,8.190366701707433,5.156454595779471,3.0260444485615103
173.5033066553586,-6.304409500890878,8.711370970275064,0.544713020324707,0.6408942937850952,4.140511512756348,8.931524188923845,6.304409074004059,2.2918947354335195
172.78807656623158,-7.738153059018995,9.536074477645437,0.6540641784667969,0.6790902018547058,4.128514766693115,8.216294099796812,7.738152632132175,1.4671912280631467
171.4330899783061,-9.418289398732512,11.129202441172572,0.7932063341140747,0.7626303434371948,4.099052429199219,6.861307511871331,9.418288971845692,0.12593673546398776
170.12187124258207,-9.067509156177803,11.937008060536334,0.7934865951538086,0.7908293008804321,4.098761081695557,5.550088776147305,9.067508729290983,0.9337423548277499
167.2767422834349,-10.52832713487592,14.085312582822322,0.9517002701759338,0.8837679624557495,4.0406012535095215,2.7049598170001445,10.5283267079891,3.082046877113738
163.67329840187628,-11.038931455144178,15.803693409122795,1.0689148902893066,0.9254001379013062,3.9720733165740967,0.8984840645584882,11.038931028257359,4.800427703414211
164.69262217323063,-7.5352208472216455,13.813961119928763,0.7732550501823425,0.8344842791557312,4.036847114562988,0.12083970679586287,7.535220420334826,2.810695414220179
164.11888628294957,-5.409698295396609,12.13224389531927,0.6080368757247925,0.7247133255004883,4.0482401847839355,0.4528961834851941,5.40969786850979,1.1289781896106863
164.25170614154965,-2.895265545091472,11.123516308688536,0.41539472341537476,0.7105560898780823,4.017807960510254,0.3200763248851217,2.8952651182046534,0.1202506029799526
164.74525561097477,-0.5667219638351374,10.868222620533677,0.23975017666816711,0.7264289259910583,3.9671339988708496,0.1734731445399973,0.5667215369483185,0.1350430851749067
164.41604049298013,-0.22082504543355705,11.508680067495664,0.23316243290901184,0.7686299681663513,3.9380643367767334,0.15574197345463858,0.22082461854673816,0.5054143617870803
164.62366458337019,-0.4245823189353245,11.044367222812783,0.23625855147838593,0.7394686937332153,3.9608874320983887,0.05188211693541689,0.4245818920485056,0.04110151710419885
164.57051205124915,-0.5057957021386823,11.184907756495903,0.2458396703004837,0.7452482581138611,3.952381134033203,0.0012704151856155477,0.5057952752518634,0.18164205078731932
164.44599770267982,-0.3527947861683687,11.153064560811657,0.23451335728168488,0.7464240193367004,3.958616256713867,0.1257847637549503,0.3527943592815498,0.14979885510307334
164.5466746910458,-0.44153056185414624,11.124895153127232,0.23960939049720764,0.74221271276474,3.9572975635528564,0.025107775388960363,0.44153013496732735,0.12162944741864834
164.54816367228486,-0.36974041658316126,11.256975643749646,0.23760969936847687,0.7530719041824341,3.9507546424865723,0.023618794149911082,0.36973998969634236,0.25370993804106234
164.57679582528556,-0.41863685036252435,11.199372389610698,0.23875214159488678,0.7487958073616028,3.9549264907836914,0.005013358850789018,0.41863642347570545,0.19610668390211394
164.5466063891541,-0.38886941843895934,11.158140245138624,0.2369326949119568,0.7453243732452393,3.955451250076294,0.025176077280661957,0.38886899155214044,0.1548745394300397
164.5398445018758,-0.4260744912462304,11.158579084792796,0.2382885068655014,0.7455961108207703,3.955465793609619,0.03193796455897768,0.42607406435941153,0.1553133790842125
164.43209143752966,-0.3892101944831536,11.288075202588008,0.24100948870182037,0.7531469464302063,3.9498095512390137,0.13969102890510499,0.3892097675963347,0.2848094968794239
164.60519575185447,-0.2759439256792493,11.172487057490235,0.22823095321655273,0.7484655976295471,3.953444719314575,0.03341328541969801,0.2759434987924304,0.1692213517816512
164.5641463149427,-0.3303297209700946,11.174192897235447,0.23199445009231567,0.7471693754196167,3.9519295692443848,0.00763615149207908,0.3303292940832757,0.17092719152686264
164.43086200347906,-0.423421975358783,11.239407543430728,0.24233050644397736,0.7506049275398254,3.9517836570739746,0.14092046295570526,0.4234215484719641,0.23614183772214403
164.52028284009288,-0.38731794847826895,11.036274302419963,0.23485982418060303,0.7372729778289795,3.9618284702301025,0.051499626341893645,0.38731752159145005,0.03300859671137957
164.5901556753021,-0.24412020043367003,10.979713505903087,0.22266627848148346,0.7364514470100403,3.961174488067627,0.01837320886733096,0.24411977354685113,0.023552199805497054
164.44311536285008,-0.31886884635359963,11.226937325553576,0.2348102331161499,0.7506616115570068,3.9514949321746826,0.12866710358468936,0.31886841946678074,0.22367161984499262
164.61012714843523,-0.20497797365903953,11.073646536237334,0.22153715789318085,0.7433708310127258,3.95627498626709,0.03834468200045649,0.20497754677222063,0.07038083052874988
164.5145181604334,-0.26936883272867435,11.225444929219929,0.230879008769989,0.752294659614563,3.955612897872925,0.05726430600137178,0.26936840584185545,0.22217922351134511
164.56334035262063,-0.2840676592434285,11.08509307951263,0.2276880443096161,0.742656409740448,3.956048011779785,0.00844211381414084,0.28406723235660963,0.08182737380404603
164.58040216516733,-0.26807723204657474,11.1559930044183,0.22765670716762543,0.7487671971321106,3.957669973373413,0.0086196987325593,0.26807680515975585,0.15272729870971702
164.49137747952537,-0.4334925173532722,10.923730714144725,0.2363130897283554,0.729020357131958,3.9589085578918457,0.08040498690940012,0.4334920904664533,0.07953499156385924
164.56141423927468,-0.3451021652272548,11.052846048893707,0.23032988607883453,0.7391015887260437,3.9558284282684326,0.010368227160086008,0.3451017383404359,0.04958034318512361

Errors:
rotation,[18.693341988237375, 17.533054053167714, 17.341579305459057, 16.372865746048415, 17.527827998361424, 17.421637959992132, 16.40553321918101, 15.551339860266038, 16.315333402102983, 16.73784279623006, 10.466755541350867, 6.99157224160567, 3.3355920460697277, 0.8752377666632225, 0.8819809537884571, 0.5175655260881213, 0.6887077412247983, 0.6283779781395734, 0.588267357774936, 0.6470687218873158, 0.6197564662286084, 0.568919608262842, 0.6133254080026017, 0.8137102933808635, 0.47857813599377963, 0.5088926371022174, 0.8004838491498134, 0.47182574464472327, 0.2860451822196791, 0.6712071428964628, 0.313703059301427, 0.5488119353545724, 0.3743367199747965, 0.42942380260203217, 0.5934320689397127, 0.4050503086856455]
translation,[0.19962134480110283, 0.20217343124904819, 0.1907885983097275, 0.19457138796115192, 0.19395019292199667, 0.2036789603917324, 0.21304500434487839, 0.21797386981050781, 0.21307157704711432, 0.18506735658542794, 0.16296480366538013, 0.12617393046816883, 0.0701176818306859, 0.009085361805089676, 0.011986273353863375, 0.005114562242534149, 0.001594345862901747, 0.004064773653355225, 0.0022935130505645773, 0.002228567174348939, 0.0011336507695709486, 0.0008978979764631134, 0.001042301969111925, 0.002939310093187153, 0.0009905336255693342, 0.002502483301842773, 0.0013986499057390134, 0.005554812276392873, 0.0040717536082244266, 0.0021165043559134844, 0.0004701197799681367, 0.001999631796152812, 0.00045841079424135955, 0.003177917106359729, 0.001273797131846166, 0.00026031452389485565]
loss,
[0.10210931301116943, 0.10260723531246185, 0.09069126844406128, 0.07430940866470337, 0.08873097598552704, 0.07154376804828644, 0.08253936469554901, 0.06701044738292694, 0.06463070958852768, 0.05705892667174339, 0.040101055055856705, 0.02936732769012451, 0.02040686085820198, 0.005702841095626354, 0.003669352736324072, 0.00315284775570035, 0.003075303277000785, 0.0024815662764012814, 0.0030154294800013304, 0.002144845435395837, 0.0022002244368195534, 0.003246606793254614, 0.0026444680988788605, 0.0040226466953754425, 0.0020608585327863693, 0.0026469023432582617, 0.002960055833682418, 0.0032984025310724974, 0.0039790915325284, 0.003422338981181383, 0.0029304767958819866, 0.0027610971592366695, 0.0017749841790646315, 0.002639190759509802, 0.0025260162074118853, 0.0025196310598403215]

2022-04-27 09:11:52.871308