2022-04-27 09:14:30.842099

reference phi, theta, psi, translation: -86.91639066027085, -0.0, 34.793557367935236, -2.296917200088501, -0.12373751401901245, 3.3104169368743896

phi,theta,psi,rot_x,rot_y,rot_z,phi_err,theta_err,psi_err
-76.53055527251121,6.8177051513072,38.18892636661862,-2.336111545562744,-0.9462913274765015,3.345968008041382,10.385835387759641,6.8177051513072,3.395368998683381
-76.38807752642474,6.480601711175065,38.36738554925271,-2.3568997383117676,-0.933290421962738,3.3330321311950684,10.528313133846112,6.480601711175065,3.5738281813174737
-76.48323572194136,4.459915215166265,38.61563901992057,-2.4664642810821533,-0.8380547165870667,3.2619736194610596,10.433154938329494,4.459915215166265,3.822081651985336
-79.9548911034646,6.821856190240544,38.94801993059549,-2.5096981525421143,-0.839798092842102,3.2190189361572266,6.961499556806245,6.821856190240544,4.154462562660257
-82.60340623716377,8.1817427368337,38.10994547415117,-2.471700429916382,-0.7957140207290649,3.2368004322052,4.312984423107082,8.1817427368337,3.316388106215932
-83.45841614765513,6.036458314789959,37.02004194300848,-2.4191198348999023,-0.6231377124786377,3.2800452709198,3.4579745126157206,6.036458314789959,2.2264845750732434
-85.14791808037116,3.361993218953627,34.39022103706764,-2.282418727874756,-0.39176321029663086,3.371778726577759,1.7684725798996936,3.361993218953627,0.4033363308675959
-86.59985237337578,0.5066915506443049,34.06147720212576,-2.263000965118408,-0.16806820034980774,3.359926462173462,0.31653828689506724,0.5066915506443049,0.732080165809478
-87.32062857610889,-0.5221969902240393,34.943258039068986,-2.3046422004699707,-0.07694344967603683,3.3018698692321777,0.4042379158380385,0.5221969902240393,0.14970067113375052
-86.87000001542812,0.1303357951582252,34.81045525594185,-2.2926838397979736,-0.13497790694236755,3.306466579437256,0.04639064484273092,0.1303357951582252,0.01689788800661063
-86.88253341255509,0.27089078388216475,34.83071018192552,-2.292562484741211,-0.14153683185577393,3.3027267456054688,0.033857247715758376,0.27089078388216475,0.03715281399028214
-86.92490107597669,0.18661800201450765,34.838090201323716,-2.29264235496521,-0.13484151661396027,3.3045544624328613,0.008510415705842433,0.18661800201450765,0.04453283338848024
-86.7892398586819,0.07169519293756245,34.81200912397802,-2.2921836376190186,-0.1344781517982483,3.308138847351074,0.12715080158895375,0.07169519293756245,0.01845175604278637
-86.88190503515146,0.2209001460178904,34.716789456758875,-2.287472724914551,-0.13890153169631958,3.3092522621154785,0.034485625119387464,0.2209001460178904,0.07676791117636128
-86.77019729127589,0.04230268693485344,34.87590895875808,-2.295985460281372,-0.13267576694488525,3.3029561042785645,0.1461933689949575,0.04230268693485344,0.08235159082284582
-87.03231946105348,0.1031697950620355,34.75584106333842,-2.2895169258117676,-0.12615185976028442,3.308065414428711,0.11592880078262624,0.1031697950620355,0.03771630459681319
-86.93516685029921,0.0872215396781691,34.773018989101004,-2.2895288467407227,-0.12776729464530945,3.3095650672912598,0.01877619002836184,0.0872215396781691,0.020538378834231708
-86.86724061900344,0.12669584805235223,34.841044258139746,-2.294023036956787,-0.1339401751756668,3.3066182136535645,0.04915004126740996,0.12669584805235223,0.047486890204510246
-86.86893450591761,0.2709823333411317,34.81028450121259,-2.29152774810791,-0.14190396666526794,3.3072288036346436,0.047456154353241686,0.2709823333411317,0.016727133277356643
-86.86074510910275,0.16817261239497797,34.79568838695628,-2.2905807495117188,-0.13754986226558685,3.3052048683166504,0.055645551168097995,0.16817261239497797,0.002131019021042846
-86.87520461957567,0.03816822173004502,34.9024613191565,-2.2972333431243896,-0.12914885580539703,3.300664186477661,0.04118604069518028,0.03816822173004502,0.10890395122126506
-86.87322386471637,0.21918604453056753,34.91358086712528,-2.298226833343506,-0.13997463881969452,3.302588701248169,0.04316679555448388,0.21918604453056753,0.12002349919004729
-86.90638443313678,0.15981124104548333,34.862952089902564,-2.2951276302337646,-0.1340717375278473,3.3024168014526367,0.0100062271340704,0.15981124104548333,0.06939472196732765
-86.85166095750664,0.14423687880230615,34.88226786487536,-2.2959890365600586,-0.13566507399082184,3.3020124435424805,0.06472970276421108,0.14423687880230615,0.08871049694012356
-86.8736473364449,0.11222828089954037,34.76735334718448,-2.2888617515563965,-0.1327182501554489,3.306762933731079,0.04274332382594537,0.11222828089954037,0.026204020750753898
-86.82338397434279,0.25579357883694104,34.82855525724238,-2.2929024696350098,-0.14372693002223969,3.305622100830078,0.09300668592806005,0.25579357883694104,0.034997889307142316
-86.85434522185045,0.23275200758083192,34.88455597824731,-2.295889377593994,-0.14082211256027222,3.3026294708251953,0.062045438420398114,0.23275200758083192,0.09099861031207723
-86.76622895136812,0.3155916413534602,34.76112079956685,-2.288736581802368,-0.14891764521598816,3.309303045272827,0.15016170890272917,0.3155916413534602,0.032436568368389374
-86.82920329551564,0.22638098834110254,34.79592744357723,-2.2910218238830566,-0.14182932674884796,3.306748151779175,0.08718736475520927,0.22638098834110254,0.0023700756419913205
-86.84222846626285,0.2544906217437035,34.87297880760414,-2.294617176055908,-0.1427413821220398,3.3033347129821777,0.07416219400799662,0.2544906217437035,0.07942143966890569
-86.81568635114819,0.27628244012020214,34.838954220253726,-2.293503522872925,-0.14477452635765076,3.3048746585845947,0.10070430912266204,0.27628244012020214,0.04539685231848978
-86.82434703101576,0.1791135966419904,34.92798232099025,-2.299421548843384,-0.13868992030620575,3.3006107807159424,0.09204362925508747,0.1791135966419904,0.13442495305501723
-86.71959241971527,0.262140900744855,34.90611888545705,-2.2971646785736084,-0.14828406274318695,3.3032782077789307,0.19679824055558015,0.262140900744855,0.11256151752181154
-86.77802468806473,0.24327076973684184,34.765054988528775,-2.2891831398010254,-0.1439514458179474,3.307704210281372,0.1383659722061168,0.24327076973684184,0.028502379406461387
-86.82638242738842,0.20194767325333296,34.93588826495454,-2.2990806102752686,-0.14011909067630768,3.3011372089385986,0.09000823288242543,0.20194767325333296,0.14233089701930624
-86.80233333132081,0.16132859442591063,34.85603993846251,-2.2946393489837646,-0.1379372626543045,3.3044230937957764,0.1140573289500395,0.16132859442591063,0.062482570527272685

Errors:
rotation,[20.598909537750224, 20.58274302633865, 18.715151805481096, 17.937818309707048, 15.811115266156714, 11.720917402478923, 5.533802129720916, 1.55531000334885, 1.0761355771958283, 0.19362432800756674, 0.34190084558820527, 0.23966125110883033, 0.21729775056930256, 0.3321536823136392, 0.27084764675265677, 0.2568149004414749, 0.12653610854076264, 0.22333277952427244, 0.33516562097173, 0.2259491825841188, 0.18825821364649037, 0.38237633927509873, 0.2392121901468814, 0.2976770785066408, 0.18117562547623964, 0.3837981540721434, 0.38579605631330727, 0.49818991862457873, 0.31593842873830313, 0.4080742554206058, 0.42238360156135396, 0.4055821789520951, 0.5715006588222467, 0.41013912134942, 0.4342868031550646, 0.3378684939032228]
translation,[0.1579505536533441, 0.15636568555486985, 0.14334759163082111, 0.13611586022910593, 0.11849050197883937, 0.09187227473152948, 0.05932410229460583, 0.023316368735230242, 0.0037673672200737585, 0.005294852105562242, 0.008209600195312916, 0.006893356066210998, 0.004222748755094763, 0.00583686678964046, 0.0063715861633282245, 0.006070000183071578, 0.004779676207911088, 0.00444217377406364, 0.005088806890156228, 0.007441577203157301, 0.007654674029759612, 0.0051467934508684365, 0.0072572425230506, 0.007044263577148158, 0.007301907320040435, 0.005560995372800193, 0.006417650900600869, 0.004718766015693987, 0.005774231115633022, 0.006496789068989095, 0.005794765118110057, 0.006131236073986024, 0.004889841351589652, 0.005959471941020311, 0.005844785812685771, 0.005758267533344963]
loss,
[0.12596100568771362, 0.11808717250823975, 0.08321567624807358, 0.05802920088171959, 0.04122154414653778, 0.0247725248336792, 0.017456024885177612, 0.005127075593918562, 0.0016828335355967283, 0.0010729413479566574, 0.0022579417563974857, 0.001493882155045867, 0.002388309221714735, 0.0010642127599567175, 0.00100407050922513, 0.0014156633988022804, 0.0018740597879514098, 0.0013231979683041573, 0.0018241576617583632, 0.0009120189351961017, 0.0013986632693558931, 0.0008160648285411298, 0.0009942532051354647, 0.0009959994349628687, 0.0013699972769245505, 0.001810025773011148, 0.0013035351876169443, 0.0012547243386507034, 0.0013594882329925895, 0.0014456523349508643, 0.000703063968103379, 0.0015518621075898409, 0.001888006692752242, 0.001218705903738737, 0.0013027379754930735, 0.001096750027500093]

2022-04-27 09:17:00.287417