2022-04-27 09:37:17.067468

reference phi, theta, psi, translation: -33.091320547511735, -0.0, 74.32085247222868, -2.1190009117126465, -3.251617431640625, 1.089412808418274

phi,theta,psi,rot_x,rot_y,rot_z,phi_err,theta_err,psi_err
-22.822884158753556,1.294954214858955,81.82337814338081,-1.5357718467712402,-3.6827800273895264,0.7731812596321106,10.268436388758179,1.294954214858955,7.502525671152128
-23.163999173829623,1.971559769566835,81.52265857460348,-1.5549761056900024,-3.6644842624664307,0.7909969091415405,9.927321373682112,1.971559769566835,7.201806102374803
-25.22251232173933,2.6846939323804864,80.02104831576534,-1.6850717067718506,-3.586215019226074,0.8674687147140503,7.868808225772405,2.6846939323804864,5.700195843536662
-27.948509121383122,5.296834851694301,79.24033720306538,-1.821062684059143,-3.537476062774658,0.8887161612510681,5.142811426128613,5.296834851694301,4.9194847308367
-29.101496279700047,7.509723723389774,78.26908430308957,-1.8751559257507324,-3.5554275512695312,0.8615816235542297,3.989824267811688,7.509723723389774,3.948231830860891
-25.91880058875065,1.0718550464730148,76.15117924525201,-1.7191046476364136,-3.572856903076172,0.9703808426856995,7.172519958761086,1.0718550464730148,1.8303267730233301
-29.26110755531949,0.38604601097955354,74.7065737452268,-1.9101769924163818,-3.3913512229919434,1.0628379583358765,3.8302129921922443,0.38604601097955354,0.38572127299812564
-32.86455143687814,0.06561065913598532,74.44433546223334,-2.1010403633117676,-3.2453184127807617,1.0727057456970215,0.2267691106335974,0.06561065913598532,0.12348299000466056
-32.940568027245796,0.16699788759328552,74.4903982579959,-2.104891777038574,-3.2572109699249268,1.0739437341690063,0.15075252026593944,0.16699788759328552,0.16954578576722668
-32.96925823685444,0.14435656908505182,74.43975240530025,-2.1072659492492676,-3.254990816116333,1.0809459686279297,0.12206231065729867,0.14435656908505182,0.11889993307157454
-32.88160641923566,0.09562070880031882,74.33813968101798,-2.1007654666900635,-3.253413438796997,1.0873607397079468,0.20971412827607594,0.09562070880031882,0.017287208789298347
-32.78022933647975,0.11077957575351895,74.45724451976466,-2.0960140228271484,-3.2583181858062744,1.0790636539459229,0.3110912110319859,0.11077957575351895,0.13639204753597767
-32.78976428056109,0.010911944916774592,74.34598073818515,-2.0977063179016113,-3.2592570781707764,1.086239218711853,0.30155626695064797,0.010911944916774592,0.025128265956468
-33.015508862819175,0.01953679353856036,74.3651257584287,-2.111201047897339,-3.2493529319763184,1.085112452507019,0.07581168469256028,0.01953679353856036,0.04427328620002413
-32.75892256136389,0.0644763305809366,74.2859980168941,-2.091991662979126,-3.254990816116333,1.088982105255127,0.3323979861478463,0.0644763305809366,0.03485445533458176
-32.88363498541916,0.06377140193258453,74.35320707832703,-2.1017005443573,-3.2546732425689697,1.0865503549575806,0.20768556209257838,0.06377140193258453,0.032354606098351724
-32.77757239289261,0.06084604072294058,74.37693515550365,-2.095540761947632,-3.2590672969818115,1.0848450660705566,0.31374815461912675,0.06084604072294058,0.05608268327496546
-32.8172284712137,0.03582323549263555,74.38556168442538,-2.0984010696411133,-3.2570083141326904,1.0865378379821777,0.27409207629803234,0.03582323549263555,0.06470921219670345
-32.84138343521346,0.01071071526858793,74.31224643387446,-2.101165771484375,-3.2539525032043457,1.0891059637069702,0.24993711229827653,0.01071071526858793,0.008606038354216139
-32.73822708817875,0.047717484894509464,74.35509221053795,-2.094114065170288,-3.260563373565674,1.086780071258545,0.35309345933298175,0.047717484894509464,0.03423973830926741
-32.81282641429363,0.11729468201614748,74.35729836163986,-2.0966601371765137,-3.256535053253174,1.0858166217803955,0.27849413321810346,0.11729468201614748,0.03644588941118343
-32.89545121268328,0.12671139616194085,74.36184043743792,-2.1011745929718018,-3.2508699893951416,1.0842738151550293,0.19586933482845836,0.12671139616194085,0.040987965209239974
-32.794839111114406,0.09317883535012397,74.45822806700514,-2.096292018890381,-3.2565035820007324,1.0790194272994995,0.29648143639732893,0.09317883535012397,0.1373755947764579
-32.83390437807229,0.1118471344985745,74.38660670336839,-2.0982704162597656,-3.255000114440918,1.0843051671981812,0.2574161694394448,0.1118471344985745,0.06575423113970658
-32.9471728201732,-0.012626914010523554,74.30568945227125,-2.1057381629943848,-3.247748374938965,1.0877960920333862,0.14414772733853454,0.012626914010523554,0.015163019957427082
-32.88629875919546,0.14123901257427657,74.4379424051702,-2.100921154022217,-3.2537527084350586,1.0796537399291992,0.20502178831627305,0.14123901257427657,0.11708993294152492
-32.84134928426761,0.0005156853523461366,74.36391681494561,-2.1008245944976807,-3.2523741722106934,1.0844695568084717,0.24997126324412733,0.0005156853523461366,0.04306434271693149
-32.89831989213468,0.10177879979899888,74.31267673579217,-2.1009933948516846,-3.2525038719177246,1.08754563331604,0.19300065537705535,0.10177879979899888,0.008175736436513148
-32.92709206401336,0.0941793854163615,74.30837371661507,-2.1024630069732666,-3.2512991428375244,1.0883371829986572,0.16422848349837693,0.0941793854163615,0.012478755613614112
-33.00284910719256,0.10775291230781482,74.45156180237521,-2.108610153198242,-3.251559019088745,1.0785386562347412,0.08847144031917509,0.10775291230781482,0.13070933014653008
-32.85531702112028,0.07871482896315082,74.287480167944,-2.0991861820220947,-3.25427508354187,1.0902893543243408,0.23600352639145683,0.07871482896315082,0.03337230428468274
-32.91185732706965,0.08504783491537136,74.40848379927994,-2.103996515274048,-3.2542715072631836,1.0817409753799438,0.17946322044208785,0.08504783491537136,0.08763132705125543
-32.84486000150099,0.07692693836487874,74.31724613234691,-2.0993387699127197,-3.254293441772461,1.0874619483947754,0.24646054601074496,0.07692693836487874,0.003606339881770282
-32.83058149104108,0.07855981946671409,74.29354537592697,-2.0978500843048096,-3.252528667449951,1.0888395309448242,0.2607390564706549,0.07855981946671409,0.02730709630171191
-32.933485121076494,0.03108312428198666,74.37026206068455,-2.1054530143737793,-3.248817205429077,1.0840545892715454,0.1578354264352413,0.03108312428198666,0.04940958845587318
-32.874759154592724,0.0600234921379624,74.40096376100375,-2.1027069091796875,-3.2541794776916504,1.083165168762207,0.21656139291901155,0.0600234921379624,0.0801112887750719

Errors:
rotation,[19.06591627476926, 19.10068724562375, 16.253698001689553, 15.359131008659615, 15.447779822062353, 10.074701778257431, 4.601980276169924, 0.41586275977424325, 0.4872961936264516, 0.385318812813925, 0.3226220458656931, 0.5582628343214825, 0.3375964778238906, 0.13962176443114477, 0.4317287720633647, 0.3038115701235146, 0.4306768786170328, 0.37462452398737134, 0.2692538659210806, 0.4350506825367586, 0.43223470464543434, 0.36356869619963916, 0.5270358665239108, 0.4350175350777259, 0.17193766130648516, 0.46335073383207454, 0.29355129131340496, 0.3029551916125674, 0.27088662452835255, 0.32693368277352, 0.3480906596392904, 0.35214238240871465, 0.326993824257394, 0.36660597223908087, 0.23832813917310114, 0.3566961738320459]
translation,[0.03326186669987141, 0.027451006732657213, 0.025089282312138472, 0.04561266102307737, 0.0797830245273996, 0.05081492179294855, 0.003677531619288743, 0.019002408336040055, 0.007033101319374957, 0.0057123578471598435, 0.008658628446038819, 0.009401695083999684, 0.00582850190045292, 0.007084599431627758, 0.011517536368524262, 0.007370218725794686, 0.007486432549981714, 0.0072062071593466115, 0.0075415143688353226, 0.006495089165984069, 0.008691681406282292, 0.011335469687137056, 0.010738634059730856, 0.009502197029491732, 0.010519218156060717, 0.01037925110804494, 0.010249007441435865, 0.009225203464189313, 0.009217191195802776, 0.008428609992391145, 0.007993433766931624, 0.00779109732927008, 0.008664267125721103, 0.010496065379408392, 0.010815586277439948, 0.00815657109307999]
loss,
[0.1558828502893448, 0.15413206815719604, 0.14349274337291718, 0.13640545308589935, 0.07287485152482986, 0.03376802057027817, 0.02245638146996498, 0.01238027773797512, 0.0024948264472186565, 0.0014826050028204918, 0.0024016527459025383, 0.0018112024990841746, 0.002274780534207821, 0.0010894308798015118, 0.0020688108634203672, 0.0013099591014906764, 0.0019457903690636158, 0.0027448777109384537, 0.0023210253566503525, 0.0019208991434425116, 0.0019076777389273047, 0.0015662874793633819, 0.001781410537660122, 0.0025237700901925564, 0.0010104018729180098, 0.0011287082452327013, 0.001187765970826149, 0.000949388078879565, 0.001263429643586278, 0.001695828977972269, 0.001175085548311472, 0.0009103043703362346, 0.0005759717314504087, 0.0018476260593160987, 0.002866499125957489, 0.0016428980743512511]

2022-04-27 09:39:48.705175