2022-04-28 13:50:48.119407

reference phi, theta, psi, translation: 164.57178246643477, -4.268868188959204e-07, 11.003265705708584, 0.2046843022108078, 0.7416750192642212, 3.957021951675415

phi,theta,psi,rot_x,rot_y,rot_z,phi_err,theta_err,psi_err
174.68706040079186,1.035587752499106,3.46078983121423,-0.0498787984251976,0.24902896583080292,4.223120212554932,10.115277934357096,1.035588179385925,7.542475874494354
174.36646498152982,0.7244598824486758,3.9294705818713354,-0.02289794757962227,0.2827390432357788,4.221228122711182,9.794682515095047,0.7244603093354947,7.0737951238372485
170.27162997032377,-2.410806608928153,8.579436474946158,0.29743456840515137,0.5919620394706726,4.173532009124756,5.6998475038890035,2.410806182041334,2.4238292307624256
163.64819062648732,-3.545981312872844,13.317064857810335,0.5049777626991272,0.8586164116859436,4.080188751220703,0.9235918399474485,3.545980885986025,2.313799152101751
164.6209734888372,-1.9443500775797053,10.912406260500843,0.33593806624412537,0.712865948677063,4.035600662231445,0.04919102240242523,1.9443496506928863,0.09085944520774092
164.5220313685204,-0.2011459362576743,10.933699375238358,0.22103667259216309,0.7325807213783264,3.9454503059387207,0.04975109791436694,0.2011455093708554,0.06956633047022542
164.53048714271287,-0.7272276982265271,11.029923934039143,0.25746893882751465,0.7308461666107178,3.9603312015533447,0.04129532372189715,0.7272272713397082,0.026658228330559197
164.54696155899094,-0.3871655683288192,11.152802452302259,0.23673254251480103,0.7457882165908813,3.9577040672302246,0.024820907443825035,0.3871651414420003,0.14953674659367522
164.5566740879907,-0.5651166270677174,11.229773561606425,0.25020384788513184,0.7478520274162292,3.9561712741851807,0.015108378444068649,0.5651162001808985,0.22650785589784128
164.49289378152113,-0.4521299967148768,11.146526362228663,0.2414916604757309,0.7428402900695801,3.950730800628662,0.0788886849136361,0.4521295698280579,0.1432606565200789
164.56436488099615,-0.5631967871475758,11.229705259714724,0.24909932911396027,0.7478859424591064,3.9535951614379883,0.007417585438616925,0.5631963602607569,0.2264395540061397
164.59727273241725,-0.4393571593278164,11.21857546646219,0.23897098004817963,0.749434232711792,3.9521219730377197,0.025490265982483606,0.4393567324409975,0.21530976075360542
164.48495710170556,-0.46539688070782653,11.043516864261115,0.2405727654695511,0.7366812229156494,3.9584670066833496,0.08682536472920788,0.46539645382100764,0.0402511585525307
164.5773559007975,-0.3825574619667874,11.18647357736313,0.23561732470989227,0.748578667640686,3.9595394134521484,0.005573434362730723,0.3825570350799685,0.18320787165454533
164.49068080023005,-0.49875760507302475,11.227384702944212,0.2467658519744873,0.7485496401786804,3.954890012741089,0.0811016662047166,0.49875717818620585,0.22411899723562811
164.57411839113092,-0.3912460124647136,11.175557227522155,0.23636586964130402,0.7472240328788757,3.956857204437256,0.002335924696154734,0.3912455855778947,0.17229152181357144
164.52136200998174,-0.5072657671569426,11.062116323144707,0.24290792644023895,0.7372509241104126,3.9569826126098633,0.05042045645302551,0.5072653402701237,0.05885061743612319
164.61187567686275,-0.5005397433568669,11.16737039202825,0.24348124861717224,0.7445435523986816,3.95756459236145,0.040093210427983195,0.500539316470048,0.16410468631966602
164.5552807294,-0.4306004213681379,11.093816084856382,0.23809638619422913,0.7408887147903442,3.957540512084961,0.016501737034758435,0.430599994481319,0.09055037914779795
164.5428497851106,-0.5636461723823171,11.172764533925267,0.24900895357131958,0.7437536716461182,3.9574663639068604,0.028932681324164378,0.5636457454954982,0.1694988282166836
164.53078767103636,-0.44740574613836726,11.135519512381187,0.24094200134277344,0.7440887689590454,3.9597725868225098,0.04099479539840445,0.44740531925154836,0.1322538066726029
164.5888989204948,-0.48055867866134583,11.04024947251691,0.24044179916381836,0.7364248633384705,3.9607274532318115,0.01711645406004436,0.48055825177452693,0.03698376680832638
164.5455135588869,-0.4755532145107806,11.125246907869489,0.24205899238586426,0.7426797151565552,3.959751605987549,0.026268907547859044,0.4755527876239617,0.1219812021609048
164.48214306376752,-0.4813208324387015,11.145698201791799,0.24341879785060883,0.7428584694862366,3.9542412757873535,0.08963940266724535,0.4813204055518826,0.14243249608321484
164.50835732980204,-0.4934886991376845,11.045909138017912,0.24193905293941498,0.735590398311615,3.956064462661743,0.06342513663273053,0.4934882722508656,0.04264343230932788
164.54959801201056,-0.4920305777721302,11.123496671894673,0.24302442371845245,0.7419626116752625,3.957975149154663,0.022184454424206024,0.4920301508853113,0.12023096618608875
164.4703268365034,-0.511630274094518,11.083328329385827,0.244132399559021,0.7380897998809814,3.958427906036377,0.10145562993136537,0.5116298472076991,0.08006262367724304
164.57986941041207,-0.4194815259228208,11.107055552788806,0.2371857762336731,0.7425152063369751,3.9563119411468506,0.008086943977303918,0.4194810990360019,0.10378984708022188
164.52626608580582,-0.3974185073782647,11.134428389661277,0.2371489554643631,0.7441479563713074,3.9542741775512695,0.04551638062895336,0.3974180804914458,0.13116268395269337
164.5177693304783,-0.4154243271526705,11.165469038118047,0.2386474311351776,0.7449470162391663,3.9541983604431152,0.05401313595646684,0.41542390026585163,0.16220333240946339
164.5309789163331,-0.46881477681336053,11.196416625247375,0.24331630766391754,0.7466405630111694,3.954249620437622,0.04080355010165704,0.46881434992654164,0.19315091953879104
164.518479670152,-0.5459445150425489,11.063797403454176,0.24584464728832245,0.7368097305297852,3.95857310295105,0.053302796282764575,0.54594408815573,0.060531697745592083
164.5563325785322,-0.4994516279456823,11.12134003966424,0.24291855096817017,0.7411713600158691,3.9565858840942383,0.01544988790257662,0.4994512010588634,0.11807433395565603
164.53263182211225,-0.49645649685194254,11.229543042721936,0.24554526805877686,0.7486646771430969,3.9563450813293457,0.03915064432251825,0.49645606996512365,0.22627733701335195
164.5376588413414,-0.5729815475287019,11.096736844500208,0.2488265484571457,0.7383589744567871,3.9557712078094482,0.03412362509337186,0.572981120641883,0.0934711387916245
164.58100322181429,-0.46277742948772194,11.101662264665434,0.23980394005775452,0.7413510084152222,3.9587485790252686,0.009220755379516277,0.46277700260090304,0.09839655895684984

Errors:
rotation,[18.693341988237375, 17.59293794826779, 10.534482916692763, 6.783371878035225, 2.0844001183030523, 0.32046293775544776, 0.7951808233921646, 0.5615227954795006, 0.8067324345228084, 0.6742789112617729, 0.7970534997055135, 0.6801567591770865, 0.5924729771027462, 0.5713383410972446, 0.8039778416265506, 0.5658730320876209, 0.6165364141592724, 0.7047372132176972, 0.5376521106638754, 0.7620772550363462, 0.6206539213225557, 0.5346584726428977, 0.6238028973327255, 0.7133923043023428, 0.599556841192924, 0.6344455714956061, 0.6931481008163075, 0.5313578900935276, 0.5740971450730925, 0.6316403686317819, 0.7027688195669897, 0.6597785821840867, 0.6329754229170961, 0.7618840513009939, 0.7005758845268794, 0.5703943169372692]
translation,[0.19962134480110283, 0.19961955983314184, 0.19465573645557832, 0.16889073242814945, 0.08069611262294973, 0.012160148535740767, 0.004295437575057015, 0.003181924546347581, 0.0028735486465176763, 0.0039209636894170785, 0.0002850633433508776, 0.0014853831562673392, 0.002484307445070222, 0.005433733802722607, 0.0015346053011384697, 0.002595371754597231, 0.00127169603743571, 0.003216859494267865, 0.002198865779732273, 0.0033121999653085155, 0.005146619341489966, 0.0046480737061296296, 0.004933349371780693, 0.00035782381888971315, 9.12253936302676e-06, 0.0031165875185310554, 0.002917288763978121, 0.0012389012239450992, 0.0004614535462543756, 0.00029979028507565175, 0.00034291575669698204, 0.0029297467727511517, 0.0016017195829531872, 0.0029084900867131225, 0.0006466963733542386, 0.0035702887708835007]
loss,
[0.11129997670650482, 0.10316324234008789, 0.08648306131362915, 0.04399435222148895, 0.017769422382116318, 0.00475994311273098, 0.003259710967540741, 0.0031967363320291042, 0.003895925357937813, 0.00352068105712533, 0.0028164293617010117, 0.004459306597709656, 0.0033685031812638044, 0.003291553817689419, 0.004074501805007458, 0.0033863200806081295, 0.0028046469669789076, 0.004455350339412689, 0.003080188762396574, 0.0034018203150480986, 0.0026651788502931595, 0.00469159334897995, 0.00319561455398798, 0.003094084095209837, 0.0030659064650535583, 0.0028844147454947233, 0.0028828156646341085, 0.0030969660729169846, 0.0038488823920488358, 0.0036395664792507887, 0.004448734223842621, 0.0029518220108002424, 0.003327788785099983, 0.0034579604398459196, 0.004312676843255758, 0.004218959249556065]

2022-04-28 13:55:14.298288