2022-04-28 17:10:48.557386

reference phi, theta, psi, translation: 132.9853677440357, -8.537735924097414e-07, 76.34363348549546, 2.865516185760498, 2.6707684993743896, 0.9517420530319214

phi,theta,psi,rot_x,rot_y,rot_z,phi_err,theta_err,psi_err
143.3552887910292,-3.0579185397180266,69.36864430507845,2.3124754428863525,2.981729030609131,1.6183615922927856,10.369921046993511,3.0579176859444344,6.974989180417012
143.34045362015195,-3.253126463877675,68.82598577552093,2.3113346099853516,2.9742724895477295,1.6308064460754395,10.355085876116249,3.2531256101040826,7.517647709974526
142.912596910164,-2.8966472241642363,66.76877377864811,2.32966947555542,2.9261064529418945,1.6903027296066284,9.927229166128313,2.896646370390644,9.574859706847349
138.50631893318373,1.5838443730736438,65.54536395489376,2.444929361343384,2.8352444171905518,1.6761255264282227,5.520951189148036,1.5838452268472363,10.7982695306017
136.94354433032814,2.0019383700976845,67.92378608805394,2.559113025665283,2.8119843006134033,1.544473648071289,3.9581765862924385,2.0019392238712768,8.419847397441515
135.8486376856184,0.9456401680721308,70.9917636292511,2.6908607482910156,2.7951321601867676,1.3299815654754639,2.8632699415827005,0.9456410218457232,5.351869856244363
133.74056810018567,0.5787942413434212,74.38750828833884,2.8360257148742676,2.7319118976593018,1.1026229858398438,0.7552003561499703,0.5787950951170135,1.9561251971566236
132.25002957799214,-0.06584588559377297,76.15671852866889,2.9166038036346436,2.650094985961914,0.9721482396125793,0.7353381660435616,0.06584503182018056,0.18691495682656978
132.89979913411378,0.00420550506322238,76.08379942908984,2.8687796592712402,2.665335178375244,0.9704335331916809,0.08556860992192128,0.00420635883681479,0.25983405640562296
132.79342576798,-0.08364602120681887,76.49818017584533,2.87184739112854,2.6554758548736572,0.9388541579246521,0.19194197605568775,0.08364516743322646,0.1545466903498749
133.03496857778833,-0.016852497617235264,76.43757590733982,2.862128734588623,2.6698265075683594,0.9456614255905151,0.0496008337526348,0.016851643843642853,0.09394242184436052
132.73931700937516,0.061694555850403274,76.42041164195558,2.871784210205078,2.657564163208008,0.9432236552238464,0.2460507346605425,0.06169540962399568,0.0767781564601222
132.9095253234919,0.12755112641289218,76.35937024134317,2.8640565872192383,2.6644747257232666,0.9491187930107117,0.07584242054380752,0.1275519801864846,0.015736755847711947
132.87384441526774,0.08670638764998004,76.37270277060304,2.869148015975952,2.662976026535034,0.9495927095413208,0.11152332876795867,0.08670724142357245,0.029069285107581777
132.81163505230725,-0.060344156958050524,76.38912254536774,2.8703291416168213,2.6574013233184814,0.9478199481964111,0.1737326917284463,0.060343303184458116,0.045489059872281246
132.95769181751882,0.05351992670188739,76.50368530831638,2.864882707595825,2.66611909866333,0.9399563074111938,0.02767592651687778,0.0535207804754798,0.16005182282091823
132.89466283185794,-0.011284706190421422,76.40151250852215,2.8678243160247803,2.6624715328216553,0.9464834928512573,0.09070491217775611,0.011283852416829013,0.05787902302668613
132.8626702257856,-0.004757501847161677,76.44321764359425,2.8686156272888184,2.6615002155303955,0.9436070322990417,0.12269751825010644,0.004756648073569267,0.09958415809879284
132.95423574179878,0.07707943169505854,76.40233213122255,2.8648300170898438,2.6679418087005615,0.9470270872116089,0.031132002236915923,0.07708028546865095,0.05869864572709105
132.87812011368817,0.017817771787661446,76.30456480344299,2.8663218021392822,2.662302255630493,0.9537992477416992,0.10724763034752982,0.017818625561253857,0.03906868205247349
132.84825852663687,0.07102738381285843,76.54084836759041,2.871673583984375,2.662421464920044,0.9373818039894104,0.1371092173988302,0.07102823758645084,0.1972148820949542
133.0040278208482,0.07363551278222666,76.29931921816042,2.8608367443084717,2.6675236225128174,0.9527587294578552,0.018660076812494708,0.07363636655581907,0.0443142673350394
132.79363067365512,-0.07929476431035272,76.50643787455189,2.8736884593963623,2.657093048095703,0.9385403394699097,0.19173707038058296,0.07929391053676031,0.1628043890564328
132.76044961466718,-0.009115129502568774,76.45965790892647,2.8762593269348145,2.65661883354187,0.9402883052825928,0.2249181293685183,0.009114275728976365,0.11602442343101416
132.82476267589203,0.05610646085108609,76.42875130293216,2.872333526611328,2.6627840995788574,0.9452190399169922,0.16060506814366704,0.056107314624678495,0.08511781743669644
132.8419884129788,0.018863800234200617,76.24402200664,2.8699042797088623,2.6589245796203613,0.9589126706123352,0.1433793310569058,0.018864654007793028,0.09961147885546495
132.86026599919776,-0.01999145269834356,76.37398001597784,2.8713488578796387,2.6619677543640137,0.949222207069397,0.12510174483793435,0.01999059892475115,0.03034653048237601
132.8786392080651,-0.047990346925216476,76.38910205480023,2.869117259979248,2.6620233058929443,0.9477938413619995,0.10672853597060339,0.04798949315162407,0.04546856930477361
132.94722796771035,-0.04225297260658056,76.4067171126697,2.8664815425872803,2.6654016971588135,0.9467145800590515,0.038139776325351704,0.042252118832988156,0.06308362717423677
132.9627324971263,0.004029429245223482,76.39134918703718,2.864952325820923,2.665977954864502,0.94809889793396,0.02263524690940244,0.004030283018815892,0.04771570154171911
132.8640772447546,0.013333873725252854,76.3956931873493,2.8684589862823486,2.660189628601074,0.9472028017044067,0.1212904992810877,0.013334727498845263,0.05205970185383535
132.87124894338314,0.028148444189700743,76.41252960365338,2.86806321144104,2.6604108810424805,0.9457626342773438,0.11411880065256241,0.028149297963293154,0.06889611815792307
132.94512426944598,0.02122490403246885,76.37624763878227,2.8637588024139404,2.665347099304199,0.9487116932868958,0.04024347458971533,0.02122575780606126,0.03261415328681494
132.91903294681654,-0.06408617790730943,76.51263285612909,2.869037389755249,2.66412615776062,0.9385831356048584,0.06633479721915592,0.06408532413371702,0.16899937063362813
132.98203461172074,-0.05395081739927003,76.3367691453796,2.861830949783325,2.664879560470581,0.9505354762077332,0.0033331323149639047,0.053949963625677624,0.006864340115853906
132.90081000211094,-0.03211866083233308,76.39710020631833,2.8675570487976074,2.6615543365478516,0.9465155005455017,0.08455774192475474,0.03211780705874067,0.0534667208228683

Errors:
rotation,[20.402827913354958, 21.125859196194856, 22.398735243366307, 17.903065946596975, 14.37996320760523, 9.160780819672787, 3.290120648423607, 0.9880981546903119, 0.34960902516435904, 0.4301338338387891, 0.16039489944063817, 0.3845243007446604, 0.21913115657800405, 0.2272998552991129, 0.2795650547851857, 0.24124852981327582, 0.15986778762127124, 0.22703832442246855, 0.16691093343265792, 0.16413493796125717, 0.4053523370802352, 0.13661071070335318, 0.4338353699737761, 0.35005682852850883, 0.301830200205042, 0.2618554639201638, 0.1754388742450615, 0.20018659842700107, 0.14347552233257663, 0.07438123146993744, 0.18668492863376832, 0.21116421677377864, 0.09408338568259153, 0.2994194919865011, 0.06414743605649544, 0.1701422698063637]
translation,[0.07464079787699607, 0.07351408918393254, 0.07332989985446581, 0.07078372099651364, 0.0727368284728307, 0.07037645863320297, 0.05814509473808105, 0.027769135894063268, 0.003180145373803178, 0.008628872821919487, 0.00446404051021787, 0.006273302552600057, 0.005824927996838092, 0.003080010726065119, 0.00633900317685665, 0.006298254946607962, 0.005088431021341044, 0.005842185893165208, 0.0034714281880035003, 0.0045438874022831754, 0.00450726875628682, 0.005235429507140843, 0.006319999977648649, 0.004389111475616936, 0.0019654673079108065, 0.003009749633749337, 0.0022656270433696335, 0.004155472812978012, 0.00405166927513001, 0.004432774112131277, 0.00597562979673949, 0.00645009465787183, 0.005555226582687922, 0.004979136806634976, 0.00680572293339754, 0.005877803205383003]
loss,
[0.13265696167945862, 0.11036190390586853, 0.08624774217605591, 0.05270903557538986, 0.037889908999204636, 0.030214553698897362, 0.0072689661756157875, 0.006299477070569992, 0.0024182191118597984, 0.002101167803630233, 0.001915752305649221, 0.002692790236324072, 0.0010305698961019516, 0.002509315498173237, 0.0016124278772622347, 0.0016640557441860437, 0.00101098685991019, 0.001644739881157875, 0.0008807089179754257, 0.0018478789133951068, 0.0015988042578101158, 0.0020744672510772943, 0.0015890139620751143, 0.0045285820960998535, 0.001662874361500144, 0.00295088323764503, 0.001820639125071466, 0.0014255000278353691, 0.0013742565643042326, 0.001469588140025735, 0.0011326463427394629, 0.0012571191182360053, 0.0009605762315914035, 0.0010491578141227365, 0.002218798501417041, 0.001413910649716854]

2022-04-28 17:13:24.376374