2022-04-28 17:08:10.884567

reference phi, theta, psi, translation: -139.02455270626928, -8.537736090602699e-07, 56.38966954231551, -2.2014424800872803, 2.5346622467041016, 2.231398344039917

phi,theta,psi,rot_x,rot_y,rot_z,phi_err,theta_err,psi_err
-129.04008655489625,6.852725648450977,53.065809209147574,-2.6847352981567383,1.8050535917282104,2.604990243911743,9.984466151373027,6.852726502224586,3.3238603331679357
-129.16154097871743,5.8908033047113575,52.8202229273506,-2.662523031234741,1.836966633796692,2.61215877532959,9.86301172755185,5.890804158484967,3.5694466149649102
-129.93887114777823,0.9165524869217455,51.49315132256297,-2.537461519241333,2.0281763076782227,2.6152005195617676,9.085681558491046,0.9165533406953545,4.8965182197525365
-132.88999098246563,1.3957213235223707,52.68868372921991,-2.4669718742370605,2.2125613689422607,2.5095160007476807,6.1345617238036425,1.3957221772959798,3.700985813095599
-135.28383568277172,0.8651656225996617,54.99459657415123,-2.4090054035186768,2.383361577987671,2.362534284591675,3.7407170234975524,0.8651664763732707,1.3950729681642784
-138.7716991031954,0.8106660267709103,56.939199242178056,-2.2865564823150635,2.5594451427459717,2.245396614074707,0.2528536030738735,0.8106668805445193,0.5495296998625463
-139.6032199931311,-0.1556280263426932,58.06007768120675,-2.231083631515503,2.625732183456421,2.155416488647461,0.5786672868618155,0.15562717256908415,1.67040813889124
-139.11529859958208,0.18762291899705302,56.79319711847986,-2.2202775478363037,2.5504276752471924,2.215223789215088,0.09074589331279981,0.18762377277066208,0.4035275761643504
-139.05946863330638,-0.08637121073377751,56.153922148017934,-2.1865036487579346,2.525265693664551,2.2410473823547363,0.034915927037104666,0.08637035696016845,0.23574739429757585
-139.00075632720095,0.1029888385458444,56.23845256918601,-2.195188522338867,2.5204737186431885,2.23451828956604,0.023796379068329543,0.10298969231945346,0.15121697312950033
-139.13790652573482,-0.047721706998738275,56.30468832866221,-2.1890830993652344,2.532829523086548,2.231652021408081,0.11335381946554435,0.047720853225129214,0.08498121365330036
-139.16668894289725,-0.03513667179023892,56.320035763727226,-2.1892056465148926,2.5350728034973145,2.23130464553833,0.1421362366279766,0.035135818016629856,0.06963377858828323
-139.14024245043095,0.014660808126035867,56.2757180812976,-2.189603090286255,2.5302906036376953,2.2354679107666016,0.11568974416167066,0.014661661899644927,0.11395146101791198
-139.15499565903818,-0.05315442367139951,56.266473420255984,-2.1864845752716064,2.53206205368042,2.233484983444214,0.1304429527689024,0.05315356989779045,0.12319612205952524
-139.1421685637769,-0.07076020989131587,56.27846381734394,-2.186983823776245,2.5316150188446045,2.2327380180358887,0.11761585750761583,0.07075935611770681,0.111205724971569
-139.05877195401104,-0.040468993051545735,56.20358445347309,-2.1904666423797607,2.526376485824585,2.2382726669311523,0.03421924774175977,0.040468139277936674,0.18608508884241814
-139.03748908455728,0.0293736723097775,56.273921741545884,-2.195455312728882,2.524901866912842,2.2355728149414062,0.012936378288003425,0.02937452608338656,0.11574780076962554
-139.2188579277778,-0.023985770421716582,56.25124892859603,-2.1863014698028564,2.533616304397583,2.237034559249878,0.1943052215085288,0.02398491664810752,0.13842061371948233
-139.15219528147847,0.02342258606525498,56.322993235637846,-2.191723585128784,2.5322425365448,2.232868194580078,0.12764257520919386,0.02342343983886404,0.06667630667766389
-139.05886757665942,-0.06172521732869155,56.294641120393116,-2.1923270225524902,2.529890537261963,2.2343809604644775,0.03431487039014769,0.06172436355508249,0.09502842192239314
-139.187930831216,-0.029136329266160176,56.29148898809116,-2.1876721382141113,2.5343613624572754,2.233732223510742,0.16337812494671766,0.029135475492551115,0.09818055422434924
-139.1077990518734,-0.0038286153180138406,56.24734547548537,-2.1896164417266846,2.5278568267822266,2.2373769283294678,0.08324634560412392,0.00382776154440478,0.14232406683014176
-139.0818989745407,0.08892993357120985,56.31010125357944,-2.1948254108428955,2.526533842086792,2.2326791286468506,0.057346268271430745,0.0889307873448189,0.0795682887360698
-138.98079851444618,0.03424145007237364,56.27732317575255,-2.1976795196533203,2.5227210521698,2.2361385822296143,0.0437541918230977,0.0342423038459827,0.11234636656296004
-139.16976252802374,-0.05875667068837961,56.20153539672209,-2.1842200756073,2.5320427417755127,2.240213632583618,0.14520982175446306,0.058755816914770546,0.18813414559341624
-139.11454727877336,-0.036636475238575876,56.29503727136498,-2.189652681350708,2.531205654144287,2.2329440116882324,0.08999457250408227,0.036635621464966815,0.09463227095052673
-139.1557469798469,-0.08824925473511774,56.17514696086375,-2.183657646179199,2.530526876449585,2.2402236461639404,0.13119427357761992,0.08824840096150868,0.21452258145176017
-139.05796599168897,0.06236961954597844,56.25880653291265,-2.1949257850646973,2.5243003368377686,2.234870195388794,0.03341328541969801,0.0623704733195875,0.13086300940285867
-139.18181098171965,-0.05261961063852041,56.2641477408436,-2.185624599456787,2.5319747924804688,2.2346010208129883,0.15725827545037419,0.05261875686491135,0.12552180147191194
-139.01545489429483,0.024090805494591618,56.25559292890816,-2.194624662399292,2.524247646331787,2.2342474460601807,0.009097811974442038,0.02409165926820068,0.13407661340735189
-139.13684101622428,-0.03321463593505066,56.190733452549715,-2.185894727706909,2.5277116298675537,2.23946213722229,0.11228830995500516,0.0332137821614416,0.19893608976579458
-139.28657242320932,-0.09896195541247539,56.17856888563792,-2.1768884658813477,2.535839080810547,2.238931179046631,0.26201971694004556,0.09896110163886633,0.21110065667758704
-139.07282848332292,0.03556503975989338,56.26175717463409,-2.193101644515991,2.526567220687866,2.23527455329895,0.04827577705364661,0.03556589353350244,0.127912367681418
-139.15928501783696,-0.007678155058205463,56.248322192536676,-2.187372922897339,2.5299689769744873,2.2354049682617188,0.1347323115676886,0.007677301284596403,0.14134734977883312
-139.0965702208779,-0.040564507179746453,56.23893068242791,-2.189488172531128,2.528261184692383,2.2363579273223877,0.07201751460863193,0.04056365340613739,0.15073885988759628
-139.11486146747518,-0.04569152620370384,56.306433441995146,-2.190070867538452,2.531430721282959,2.2335665225982666,0.09030876120590392,0.04569067243009478,0.083236100320363

Errors:
rotation,[20.161052986765547, 19.32326250100173, 14.898753118938938, 11.231269714195221, 6.000956468035102, 1.6130501834809392, 2.4047025983221397, 0.6818972422478123, 0.357033678294849, 0.2780030445172833, 0.2460558863439739, 0.24690583323288967, 0.24430286707922758, 0.3067926447262181, 0.2995809385968916, 0.2607724758621146, 0.15805870514101553, 0.35671075187611867, 0.2177423217257218, 0.1910676558676233, 0.29069415466361803, 0.22939817397867046, 0.22584534435231945, 0.19034286223204044, 0.39209978426264985, 0.22126246491957582, 0.43396525599088875, 0.22664676814214418, 0.3353988337871975, 0.1672660846499946, 0.34443818188224135, 0.5720814752564989, 0.21175403826856704, 0.28375696263111816, 0.2633200279023656, 0.2192355339563617]
translation,[0.12242333873291766, 0.12661672856310524, 0.13918089577720938, 0.12567859330556086, 0.09988642684657023, 0.07020086967695871, 0.03310827931571758, 0.011336943128607224, 0.008684575916820592, 0.01059257481007947, 0.00774961209469005, 0.006462970547998381, 0.00694588320652656, 0.008628663378745571, 0.009053335438103716, 0.007376083066935379, 0.00708376862162563, 0.005778076187746173, 0.006007181022599006, 0.00631808189290517, 0.006398289523035672, 0.007407269624629009, 0.008009728071835198, 0.006923080483137056, 0.006130161466161965, 0.007744773596214394, 0.0073832676665421815, 0.00814044320704177, 0.008531119649290986, 0.00868372575482379, 0.008362134552228007, 0.008426325620958686, 0.007487637014387261, 0.008396166998487331, 0.007789516413345687, 0.007030087457961187]
loss,
[0.15395480394363403, 0.15138685703277588, 0.07560907304286957, 0.05918186902999878, 0.04531397670507431, 0.013721903786063194, 0.010731372982263565, 0.003515693126246333, 0.0019963348750025034, 0.0023723961785435677, 0.002025878056883812, 0.001948526012711227, 0.0026351124979555607, 0.0021679215133190155, 0.0019450150430202484, 0.0016625062562525272, 0.001473381882533431, 0.002127125859260559, 0.0017097126692533493, 0.001810582703910768, 0.0011810557916760445, 0.0015143377240747213, 0.0028355810791254044, 0.0024700697977095842, 0.0028157574124634266, 0.0011108897160738707, 0.0020384415984153748, 0.0016102570807561278, 0.001613563857972622, 0.0028168121352791786, 0.0014549032784998417, 0.0016371614765375853, 0.0013940440258011222, 0.0021067443303763866, 0.0012547874357551336, 0.0013289013877511024]

2022-04-28 17:10:44.919186