2022-04-27 06:27:18.373621

reference phi, theta, psi, translation: 164.57178246643477, -4.268868188959204e-07, 11.003265705708584, 0.2046843022108078, 0.7416750192642212, 3.957021951675415

phi,theta,psi,rot_x,rot_y,rot_z,phi_err,theta_err,psi_err
174.68706040079186,1.035587752499106,3.46078983121423,-0.0498787984251976,0.24902896583080292,4.223120212554932,10.115277934357096,1.035588179385925,7.542475874494354
173.7968135443724,0.40021586114787894,3.851699059773808,0.010895229876041412,0.28924062848091125,4.224365711212158,9.225031077937643,0.40021628803469783,7.151566645934776
173.36141630554079,-1.7147788935821124,4.515791949471801,0.18934538960456848,0.3427296578884125,4.216238498687744,8.789633839106017,1.7147784666952934,6.487473756236783
172.85591400506814,-2.65043552685888,4.3427059912803925,0.2523389756679535,0.3341731131076813,4.217104911804199,8.284131538633375,2.650435099972061,6.660559714428191
172.35804785608758,-2.706317256394683,3.9142576161556013,0.2512827515602112,0.3099491596221924,4.22769021987915,7.786265389652812,2.7063168295078643,7.089008089552983
171.98274262157372,-2.157993080113803,4.088058182888923,0.1987420618534088,0.31046611070632935,4.214170932769775,7.410960155138952,2.157992653226984,6.915207522819661
170.84611718141355,-4.016840999291464,3.947975271880192,0.3342742323875427,0.2736532688140869,4.204944133758545,6.274334714978778,4.016840572404645,7.055290433828391
170.09258339142107,-5.696096901415656,4.88913307771246,0.46377962827682495,0.31951960921287537,4.194025993347168,5.520800924986304,5.6960964745288365,6.114132627996124
167.54999083137045,-8.129130611051453,6.4109807601745175,0.6588832139968872,0.3706282079219818,4.171834945678711,2.978208364935682,8.129130184164634,4.592284945534066
163.9094453622403,-9.39424202499823,7.692017316843082,0.8150415420532227,0.36768054962158203,4.133387565612793,0.6623371041944779,9.39424159811141,3.3112483888655015
164.63938767883957,-5.864267017170839,6.0172869488676906,0.5240271687507629,0.3231247663497925,4.156472682952881,0.06760521240479989,5.86426659028402,4.985978756840893
164.081661751973,-5.02966515946838,4.559583707335338,0.44241541624069214,0.21590235829353333,4.1323771476745605,0.4901207144617672,5.029664732581561,6.443681998373246
163.6007481325124,-2.9593677363776525,3.9778795476138007,0.28746581077575684,0.20308645069599152,4.088992118835449,0.9710343339223755,2.9593673094908337,7.025386158094783
164.03525744675193,-1.677938105969727,5.961154746721233,0.2338150292634964,0.36861124634742737,4.047267913818359,0.5365250196828413,1.677937679082908,5.042110958987351
164.47745755399689,-1.0764393962150016,8.408097764521804,0.23335398733615875,0.5498189926147461,4.015334606170654,0.09432491243788377,1.0764389693281826,2.59516794118678
164.53663431296587,-0.6413110303730325,9.963536744208808,0.23205754160881042,0.6613929271697998,3.9845356941223145,0.03514815346889577,0.6413106034862136,1.039728961499776
164.58596193915173,-0.13786181667042313,10.91636777021945,0.21445249021053314,0.734338641166687,3.9582533836364746,0.014179472716961072,0.13786138978360424,0.08689793548913372
164.60370677061542,-0.0664307696241878,11.31843624722236,0.2166437804698944,0.7626674771308899,3.9533443450927734,0.03192430418064873,0.0664303427373689,0.3151705415137762
164.49274351735937,-0.2312357431431136,10.828495678999944,0.21897445619106293,0.72698974609375,3.9601566791534424,0.07903894907539666,0.2312353162562947,0.1747700267086394
164.71180134442002,-0.454122818044254,10.821294098293812,0.23275713622570038,0.7229706048965454,3.9645490646362305,0.14001887798525559,0.4541223911574351,0.1819716074147717
164.57659091961045,-0.23687376045423986,10.959946084671424,0.22096166014671326,0.7352703809738159,3.9570324420928955,0.004808453175684235,0.23687333356742096,0.043319621037159806
164.57611280636857,-0.1351755338181374,10.98651637431642,0.21504570543766022,0.7390305399894714,3.956637382507324,0.004330339933801497,0.1351751069313185,0.01674933139216428
164.49644547988953,-0.35378730538545,10.900526853986898,0.23142015933990479,0.7281044125556946,3.9576494693756104,0.07533698654523846,0.3537868784986311,0.10273885172168562
164.54406555878285,-0.1959989765337084,11.256704997503785,0.22513380646705627,0.7552515864372253,3.9493565559387207,0.027716907651921474,0.1959985496468895,0.2534392917952015
164.53880631312194,-0.18789590940949846,11.279797867087598,0.2246408760547638,0.7567183375358582,3.94858980178833,0.03297615331283055,0.18789548252267957,0.2765321613790146
164.61235379010463,-0.36132214680067704,10.951274305746447,0.23057623207569122,0.732674777507782,3.963818073272705,0.04057132366986593,0.36132171991385814,0.05199139996213731
164.48654170559303,-0.27182871719970253,10.872391597248324,0.22367560863494873,0.7276856303215027,3.9577460289001465,0.08524076084174226,0.27182829031288364,0.13087410846025982
164.60863816719615,-0.2939232097113605,10.985144360066894,0.22589056193828583,0.7348176836967468,3.955000400543213,0.036855700761378785,0.2939227828245416,0.018121345641690212
164.56898208887506,-0.32045812382810784,11.038845868642474,0.2293003350496292,0.7386492490768433,3.9538774490356445,0.0028003775597085223,0.32045769694128895,0.03558016293388988
164.45263664655306,-0.3440608388944952,11.021471574941254,0.23251760005950928,0.7365447282791138,3.956266403198242,0.1191458198817088,0.3440604120076763,0.01820586923266987
164.58169990110963,-0.2692521174607061,10.875643621066896,0.22181931138038635,0.7281520366668701,3.9594032764434814,0.00991743467486117,0.2692516905738872,0.127622084641688
164.47811325215721,-0.23919905530101068,11.054960846215472,0.2251608520746231,0.7412617206573486,3.9550490379333496,0.09366921427755415,0.2391986284141918,0.05169514050688839
164.58432269375092,-0.1603230427169647,11.039936137588736,0.21783989667892456,0.7422668933868408,3.955514430999756,0.012540227316151231,0.16032261583014581,0.036670431880152066
164.50156812176704,-0.14518217815116044,11.07752864500684,0.21949565410614014,0.745640754699707,3.9558537006378174,0.07021434466773258,0.14518175126434155,0.07426293929825611
164.51734585874976,-0.1917479895568994,11.062863375085177,0.22168949246406555,0.7429193258285522,3.9531726837158203,0.054436607685005356,0.1917475626700805,0.05959766937659339
164.5757166553967,-0.27349333565624145,11.112549586202434,0.22750645875930786,0.7453129887580872,3.9554710388183594,0.003934188961920881,0.27349290876942256,0.10928388049384985

Errors:
rotation,[18.693341988237375, 16.776814011907117, 16.99188606203809, 17.595126353033628, 17.581590308713658, 16.484160331185596, 17.346465721211814, 17.331030027511265, 15.699623494634382, 13.367827091171389, 10.917850559529713, 11.963467445416574, 10.955787801507991, 7.2565736577531, 3.7659318229528465, 1.7161877184548855, 0.23893879798969903, 0.41352518843179387, 0.4850442920403307, 0.7761128765574623, 0.285001407780265, 0.1562547782572843, 0.5318627167655552, 0.4771547490940125, 0.4974037972145247, 0.4538844435458614, 0.4879431596148857, 0.3488998292276106, 0.35883823743488735, 0.48141210112205496, 0.4067912098904364, 0.38456298319863436, 0.2095332750264491, 0.2896590352303302, 0.3057818397316793, 0.3867109782251933]
translation,[0.19962134480110283, 0.20314134327558975, 0.20325208859834643, 0.2067149443553724, 0.21534917975307888, 0.19913400524476543, 0.19594816646742252, 0.20054196869758822, 0.20864693794066014, 0.19786323208669554, 0.17068966299163169, 0.13046768106966233, 0.07298333421617542, 0.03961074649148166, 0.028386710519410663, 0.014586857317711477, 0.00037366655483239697, 0.0009335627806699165, 0.0011539287994422054, 0.005517189329283134, 0.0003036345275573282, 0.0003237501915966945, 0.00041176370966056197, 0.003908098978113728, 0.004412176295272907, 0.0064237536473923385, 0.000829808325207182, 0.0021077127693764908, 0.0023166403608003705, 0.0001728832750602649, 0.0007792692808639146, 0.0009205648289896118, 0.0006811878897003965, 0.0003642430787706985, 0.0026490865160626598, 0.0003722798981371511]
loss,
[0.08803719282150269, 0.07972797751426697, 0.08454222977161407, 0.07906469702720642, 0.07814262807369232, 0.08289258927106857, 0.07908309996128082, 0.0717286616563797, 0.0637064278125763, 0.041627414524555206, 0.03850248456001282, 0.027155384421348572, 0.013545015826821327, 0.007119366899132729, 0.005656563676893711, 0.0035144411958754063, 0.0025182547979056835, 0.0025836662389338017, 0.0035083256661891937, 0.005576713010668755, 0.0036489595659077168, 0.002195515437051654, 0.003084207884967327, 0.0028145702090114355, 0.0027200174517929554, 0.0034693998750299215, 0.002317071659490466, 0.0022791395895183086, 0.0016387454234063625, 0.004008530639111996, 0.003354403655976057, 0.0019332122756168246, 0.001989538548514247, 0.0019097283948212862, 0.00342250126414001, 0.002261706627905369]

2022-04-27 06:29:50.452028