2022-04-21 03:41:49.878896

reference phi, theta, psi, translation: -139.02455270626928, -8.537736090602699e-07, 56.38966954231551, -2.2014424800872803, 2.5346622467041016, 2.231398344039917

phi,theta,psi,rot_x,rot_y,rot_z,phi_err,theta_err,psi_err
-129.04008655489625,6.852725648450977,53.065809209147574,-2.6847352981567383,1.8050535917282104,2.604990243911743,9.984466151373027,6.852726502224586,3.3238603331679357
-129.65065082518203,6.234884572318795,53.708892010071786,-2.690056800842285,1.868531346321106,2.5476081371307373,9.37390188108725,6.234885426092404,2.6807775322437237
-131.6563495353346,3.7812626512651764,55.244161441139745,-2.65343976020813,2.095046043395996,2.395659923553467,7.368203170934663,3.7812635050387855,1.1455081011757642
-134.740084322947,2.665744054708286,58.20248029521235,-2.556328773498535,2.407674551010132,2.1700587272644043,4.284468383322263,2.665744908481895,1.8128107528968371
-137.5774815079537,1.4870381688813394,58.36740887310064,-2.4016668796539307,2.538142442703247,2.164900302886963,1.4470711983155695,1.4870390226549486,1.977739330785134
-139.70932015169808,-0.33468444199051683,58.002328431774295,-2.223146915435791,2.6445400714874268,2.173255443572998,0.684767445428804,0.3346835882169078,1.6126588894587854
-139.8081666493665,-0.49591551952562035,56.85656761359924,-2.174755573272705,2.602290391921997,2.217182159423828,0.7836139430972366,0.4959146657520113,0.4668980712837296
-139.22624819245976,-0.09772020433289524,56.29062838425574,-2.1835224628448486,2.538167715072632,2.2338695526123047,0.20169548619048783,0.09771935055928618,0.09904115805976943
-139.14623935652222,-0.05442542106376914,56.21145966158612,-2.1840860843658447,2.5289382934570312,2.2360002994537354,0.1216866502529399,0.05442456729016008,0.1782098807293906
-138.92604771805935,-0.08111075283918684,56.3325452551921,-2.198577642440796,2.527338743209839,2.234217405319214,0.0985049882099247,0.08110989906557778,0.05712428712340767
-139.14420396014955,-0.09607649134179763,56.418762733085174,-2.1901392936706543,2.5384247303009033,2.2253451347351074,0.11965125388027786,0.09607563756818857,0.029093190769664545
-139.1205715056213,-0.003700692465011693,56.22364471906542,-2.18864369392395,2.528571367263794,2.2378458976745605,0.09601879935203783,0.0036998386914026326,0.1660248232500905
-139.255986836106,-0.1234051392179563,56.31890536741959,-2.1800425052642822,2.541696071624756,2.2345173358917236,0.23143412983671396,0.12340428544434724,0.07076417489592046
-139.04287127362326,0.025188329781330294,56.36456176692654,-2.1964423656463623,2.5292575359344482,2.231182813644409,0.018318567353986737,0.025189183554939355,0.025107775388967468
-139.15076094175276,-0.012344995793252144,56.27690653421318,-2.1894640922546387,2.532414197921753,2.2366249561309814,0.1262082354834888,0.012344142019643083,0.11276300810232698
-139.09438456034349,-0.05846025553352288,56.37481046577614,-2.1931564807891846,2.534543991088867,2.229116678237915,0.06983185407420933,0.05845940175991382,0.014859076539366356
-139.14197731848014,-0.05275211020218049,56.26578015605523,-2.1890432834625244,2.5327229499816895,2.235283613204956,0.11742461221086842,0.05275125642857143,0.12388938626028079
-139.21710939935028,0.024891573639222137,56.38039756051722,-2.189250946044922,2.5362014770507812,2.2286763191223145,0.1925566930810021,0.024892427412831198,0.009271981798292472
-139.0222031211948,-0.06496275271198444,56.221387341544734,-2.191728115081787,2.52763032913208,2.240865468978882,0.0023495850744836844,0.06496189893837538,0.1682822007707756
-139.20484237960093,-0.11045083550955953,56.37368689965768,-2.1858651638031006,2.53881573677063,2.229384660720825,0.18028967333165724,0.11044998173595047,0.015982642657832002
-139.11607724114745,0.023685245729278447,56.297352705493616,-2.1918210983276367,2.529940128326416,2.234659433364868,0.09152453487817525,0.023686099502887508,0.09231683682189384
-139.1762238869786,0.011780500825819508,56.301775252981194,-2.1886656284332275,2.5321993827819824,2.234245538711548,0.1516711807093145,0.011781354599428568,0.08789428933431509
-139.13022939310773,0.1231052812435822,56.326835217045975,-2.1944026947021484,2.530102491378784,2.2314281463623047,0.10567668683845,0.12310613501719127,0.06283432526953447
-139.20253377566146,-0.05726431568146746,56.37157295610956,-2.1876161098480225,2.538179397583008,2.2312142848968506,0.17798106939218883,0.0572634619078584,0.01809658620594945
-139.2215217015541,0.012888508199651288,56.245337399869385,-2.186119318008423,2.5338306427001953,2.236677408218384,0.19696899528483414,0.01288936197326035,0.14433214244612458
-139.08068320086844,-0.042665658271099756,56.3167162917906,-2.193047523498535,2.5319368839263916,2.2336387634277344,0.05613049459915942,0.042664804497490695,0.07295325052491108
-139.14204562037185,-0.04458457359011351,56.3925860330911,-2.1916565895080566,2.536306619644165,2.2294719219207764,0.11749291410257001,0.04458371981650445,0.002916490775589864
-139.10055905135317,-0.02387994333988428,56.215175284494606,-2.188838005065918,2.5289177894592285,2.238987684249878,0.07600634508389703,0.02387908956627522,0.17449425782090344
-139.08805980517207,-0.03157209376404358,56.30463027205426,-2.1914877891540527,2.531409978866577,2.2346951961517334,0.0635070989027895,0.03157123999043452,0.08503927026124813
-139.17502177368465,-0.10710720038776271,56.2929608938573,-2.1851730346679688,2.536107301712036,2.2334089279174805,0.15046906741537214,0.10710634661415365,0.09670864845821114
-139.16800033921788,-0.02200635063709714,56.27341630754731,-2.1867055892944336,2.532111644744873,2.2355477809906006,0.1434476329486074,0.02200549686348808,0.11625323476820171
-139.0351121787261,-0.13027624046419653,56.36950682388563,-2.1924126148223877,2.533839225769043,2.2298755645751953,0.010559472456833419,0.13027538669058747,0.020162718429880044
-139.11801701487173,-0.12766394822205132,56.31942446179651,-2.1878576278686523,2.5349485874176025,2.233663558959961,0.09346430860244936,0.12766309444844226,0.07024508051900114
-139.126062977714,0.0013428638647620728,56.372570163728376,-2.1934328079223633,2.5344793796539307,2.2312023639678955,0.10151027144473801,0.0013437176383711332,0.017099378587133174
-139.11846780735695,-0.017945346680370594,56.40971273243491,-2.1936774253845215,2.536003589630127,2.2273855209350586,0.0939151010876742,0.017944492906761533,0.020043190119402254
-139.15006426245742,-0.06857464154902125,56.265804061717326,-2.1859967708587646,2.53281307220459,2.236250162124634,0.1255115561881439,0.06857378777541219,0.12386548059818381

Errors:
rotation,[20.161052986765547, 18.289564839423377, 12.294974777149212, 8.763024044700995, 4.911849551755652, 2.632109923104497, 1.7464266801329775, 0.3984559948095434, 0.3543210982724906, 0.23673917439891015, 0.24482008221813098, 0.26574346129353094, 0.42560259017698165, 0.06861552629789355, 0.25131538560545885, 0.1431503323734895, 0.29406525489972063, 0.22672110229212578, 0.23559368478363468, 0.3067222977254397, 0.20752747120295661, 0.25134682464305813, 0.2916171471251757, 0.2533411175059967, 0.35419049970421906, 0.1717485496215612, 0.16499312469466432, 0.2743796924710757, 0.18011760915447214, 0.3542840624877369, 0.2817063645802972, 0.16099757757730093, 0.29137248356989276, 0.11995336767024231, 0.131902784113838, 0.3179508245617399]
translation,[0.12242333873291766, 0.11834361385105918, 0.11243802878226106, 0.09692976731305514, 0.07946279964364411, 0.050416586727147994, 0.020706950051650352, 0.006176873652911752, 0.010499820368688795, 0.004602838032893963, 0.007141928536373854, 0.00722674155033598, 0.005477162655573409, 0.006246362917362802, 0.0050432307423902145, 0.005857518104340542, 0.005822848230034872, 0.007183607987850671, 0.00445965582968455, 0.006983305492575198, 0.006407853288486365, 0.006934071809863163, 0.006691881421518886, 0.005419518509549803, 0.005940560604028811, 0.005050921283925369, 0.005367497913647767, 0.006268307481241742, 0.005645354941768765, 0.006835568585090712, 0.007331621615404238, 0.006286136625071492, 0.005965775849838373, 0.004592281709298263, 0.00561265325057736, 0.006885036953122814]
loss,
[0.135299414396286, 0.11943589150905609, 0.06553620100021362, 0.03048945590853691, 0.02696298062801361, 0.011824168264865875, 0.004384581930935383, 0.0016146774869412184, 0.0014634353574365377, 0.0020939349196851254, 0.001439225859940052, 0.0008141796570271254, 0.002267485484480858, 0.0007096200715750456, 0.000662316451780498, 0.0009159019100479782, 0.002060179365798831, 0.000758068636059761, 0.0009649484418332577, 0.0009176446474157274, 0.000807612668722868, 0.0012505025370046496, 0.001777356257662177, 0.0011092731729149818, 0.0013100642245262861, 0.0009752092300914228, 0.0016563948011025786, 0.0012858551926910877, 0.0012141886400058866, 0.001831144792959094, 0.0013572296593338251, 0.0008783377707004547, 0.0011481973342597485, 0.0005394814070314169, 0.001493506133556366, 0.0009843137813732028]

2022-04-21 03:44:29.599827