2022-04-20 20:17:27.714464

reference phi, theta, psi, translation: 164.57178246643477, -4.268868188959204e-07, 11.003265705708584, 0.2046843022108078, 0.7416750192642212, 3.957021951675415

phi,theta,psi,rot_x,rot_y,rot_z,phi_err,theta_err,psi_err
174.68706040079186,1.035587752499106,3.46078983121423,-0.0498787984251976,0.24902896583080292,4.223120212554932,10.115277934357096,1.035588179385925,7.542475874494354
174.9654998924966,1.2447941393712578,3.6024176456358528,-0.05851484835147858,0.2580787241458893,4.209259033203125,10.39371742606184,1.2447945662580768,7.400848060072731
175.4482166818981,1.0123720905508358,3.897251298895916,-0.029376506805419922,0.26790767908096313,4.168449878692627,10.87643421546332,1.0123725174376548,7.106014406812668
176.08536404843358,0.960449669823307,4.876711098046322,-0.047757696360349655,0.33775636553764343,4.05763053894043,11.513581581998807,0.9604500967101259,6.1265546076622615
174.9630410243954,2.178917749609948,8.040680544725662,-0.10565263777971268,0.5741956233978271,3.9283835887908936,10.39125855796064,2.178918176496767,2.962585160982922
172.1781679941061,3.708748256639178,12.33476327307838,-0.1464197337627411,0.8674647212028503,3.8137495517730713,7.6063855276713355,3.7087486835259966,1.3314975673697962
170.4503077190113,2.384418444748699,14.239031966508982,0.006618569605052471,1.0122783184051514,3.83193302154541,5.878525252576537,2.3844188716355177,3.235766260800398
167.71000850324552,2.8453340230080033,14.493200380998081,0.02778209000825882,1.0278152227401733,3.8634285926818848,3.1382260368107495,2.845334449894822,3.489934675289497
166.36290395362224,2.001697584891444,11.783787280659084,0.06455722451210022,0.8372175097465515,3.944347381591797,1.7911214871874677,2.0016980117782626,0.7805215749504999
164.5674248057443,0.5250075639536962,10.63474882545607,0.16824717819690704,0.7256309986114502,3.957998037338257,0.004357660690459397,0.5250079908405151,0.36851688025251406
164.5040406502466,-0.16592483634364988,11.240502935018869,0.22352062165737152,0.7536239624023438,3.9455697536468506,0.06774181618817465,0.16592440945683098,0.2372372293102849
164.57189174946149,0.24570149967628713,10.906889175198765,0.18907895684242249,0.7385897636413574,3.952209711074829,0.00010928302671686652,0.24570192656310602,0.09637653050981854
164.6601924350514,-0.0034154098456245625,11.174154477421364,0.209002286195755,0.754029393196106,3.950065851211548,0.08840996861664507,0.0034149829588056664,0.1708887717127805
164.51658087756272,0.07519605842541824,11.125947002259414,0.20305190980434418,0.7513435482978821,3.9496116638183594,0.05520158887205184,0.07519648531223713,0.12268129655083015
164.74707244129397,0.2065256868467184,11.025384419562023,0.18901363015174866,0.746798038482666,3.950349807739258,0.17528997485919717,0.2065261137335373,0.02211871385343933
164.72566662843516,-0.010267639748542154,11.110995718166256,0.20580258965492249,0.7486703991889954,3.949357032775879,0.153884162000395,0.010267212861723258,0.10773001245767233
164.53921612447215,0.05184739543534002,11.121193190597085,0.20446594059467316,0.750068187713623,3.9499402046203613,0.03256634196262098,0.05184782232215891,0.1179274848885008
164.5732577872955,0.1462361830300338,11.08954807039877,0.19972871243953705,0.7481184601783752,3.9491124153137207,0.0014753208607203305,0.1462366099168527,0.08628236469018624
164.76921591458316,0.040253263771077116,10.994618686219347,0.2008587121963501,0.7407117486000061,3.950446128845215,0.19743344814838792,0.04025369065789601,0.00864701948923674
164.6344153011238,0.18205684484093407,10.951160753851495,0.19117848575115204,0.7407229542732239,3.9529714584350586,0.06263283468902614,0.18205727172775296,0.05210495185708908
164.80301169059638,0.003207519198442815,10.996814592037508,0.2019786238670349,0.7419139742851257,3.9530608654022217,0.23122922416160918,0.003207946085261711,0.006451113671076314
164.64836254740896,0.05235485508897511,11.062236705228829,0.20349963009357452,0.7457941174507141,3.9506404399871826,0.07658008097419611,0.052355281975794005,0.05897099952024476
164.66874383189227,0.06390252143136875,11.107992142478743,0.20366907119750977,0.7497768998146057,3.9513704776763916,0.09696136545750278,0.06390294831818764,0.10472643677015903
164.64870405686744,0.027092573213903487,11.086815994730765,0.20633336901664734,0.7472313046455383,3.9489400386810303,0.07692159043267566,0.027093000100722384,0.08355028902218109
164.64463326412212,0.009129212387757385,11.082757154816486,0.2067546397447586,0.7469609379768372,3.9528958797454834,0.07285079768735159,0.00912963927457628,0.07949144910790196
164.6460539434695,0.09700054282415978,11.011333866665662,0.19810990989208221,0.7440196871757507,3.952038288116455,0.0742714770347277,0.09700096971097867,0.008068160957078518
164.8141039178085,0.10291487571474048,11.010731956245055,0.19657257199287415,0.744472861289978,3.9530656337738037,0.2423214513737264,0.10291530260155937,0.007466250536470653
164.66952247345765,0.15004202230023245,11.000252738510962,0.19574755430221558,0.7437523603439331,3.9517018795013428,0.09774000702287822,0.15004244918705134,0.0030129671976215633
164.6265742439566,0.0964991431568854,10.962232490496087,0.1986478865146637,0.7399501800537109,3.9511563777923584,0.05479177752184228,0.0964995700437043,0.041033215212497254
164.63337711236994,0.044732086072691246,11.095130896271609,0.20401722192764282,0.7481537461280823,3.9498000144958496,0.061594645935173276,0.04473251295951014,0.09186519056302522
164.71217017463522,0.16496943132187708,10.963706957583163,0.19326190650463104,0.7418676018714905,3.9534573554992676,0.14038770820044988,0.16496985820869597,0.039558748125420706
164.6365736409015,0.040350924339757094,11.029029179257872,0.2036832571029663,0.7443036437034607,3.9495067596435547,0.06479117446673399,0.04035135122657599,0.025763473549288207
164.61956646986818,-0.08880610894459341,11.109574185045247,0.21352340281009674,0.7455042600631714,3.950035572052002,0.0477840034334065,0.08880568205777452,0.1063084793366631
164.6683750016771,0.18113958387864199,11.063938276105807,0.19355489313602448,0.7494986057281494,3.950277805328369,0.09659253524233691,0.18114001076546088,0.06067257039722307
164.67806020992018,0.07321868170422163,11.033754816389875,0.20008479058742523,0.7444619536399841,3.951643705368042,0.10627774348540697,0.07321910859104053,0.03048911068129101
164.65146345329214,0.04071751308850958,11.058165912483501,0.20393690466880798,0.7458909153938293,3.953939914703369,0.07968098685736891,0.04071793997532847,0.05490020677491714

Errors:
rotation,[18.693341988237375, 19.03936005239265, 18.994821139713643, 18.600586286371193, 15.532761895440329, 12.646631778567128, 11.498710385012453, 9.473495161995068, 4.573341073916231, 0.8978825317834885, 0.4709034549552905, 0.3421877400996414, 0.2627137232882312, 0.2530793707351191, 0.4039348024461738, 0.2718813873197906, 0.20234164917328068, 0.23399429546775927, 0.2463341582955207, 0.2967950582738682, 0.2408882839179472, 0.18790636247023487, 0.26559075054584946, 0.18756487955557913, 0.16147188606982982, 0.17934060770278487, 0.3527030045117564, 0.2507954234075511, 0.19232456277804383, 0.19819234945770864, 0.34491631453456656, 0.1309059992425982, 0.2428981648278441, 0.33840511640502086, 0.2099859627577385, 0.1752991336076145]
translation,[0.19962134480110283, 0.18644032976094138, 0.14602466180251295, 0.0408148293522288, 0.05959762109632116, 0.11722810799392658, 0.06773870146445171, 0.03322239132543103, 0.0016092572733965582, 0.003648806032247265, 0.008016770001807672, 0.006054083823819667, 0.004310988178706232, 0.0055631651948520044, 0.006368403921182875, 0.006171381032583412, 0.0054070750619859, 0.006820059659160549, 0.0068248957881591465, 0.004815071667199078, 0.0039807899933004265, 0.005562997451928453, 0.004098340576809356, 0.006820823381335828, 0.0029675396965958, 0.004788198238501629, 0.0037713908139753727, 0.005283348117875342, 0.006377484300659653, 0.005923663763642395, 0.004027864567563988, 0.006942222874675608, 0.0056910541974026785, 0.005721295726974773, 0.004996080204083597, 0.0022848533225729994]
loss,
[0.06861379742622375, 0.062107156962156296, 0.05979021638631821, 0.03431696444749832, 0.0392870232462883, 0.04162663221359253, 0.021485544741153717, 0.01736556366086006, 0.006652100943028927, 0.00344688817858696, 0.0024771527387201786, 0.0014547699829563498, 0.0019370948430150747, 0.0033224965445697308, 0.0019663674756884575, 0.0015800038818269968, 0.0018073631217703223, 0.0021045475732535124, 0.001961844740435481, 0.002136744325980544, 0.0019761756993830204, 0.001457333448342979, 0.001020657131448388, 0.0016314804088324308, 0.001324721029959619, 0.002116229385137558, 0.001719823107123375, 0.0011657209834083915, 0.001625685254111886, 0.001772762625478208, 0.001644163392484188, 0.0018622064962983131, 0.0022632244508713484, 0.001730478135868907, 0.0017218602588400245, 0.0019169909646734595]

2022-04-20 20:20:04.619226