2022-04-27 13:39:11.803958

reference phi, theta, psi, translation: -33.091320547511735, -0.0, 74.32085247222868, -2.1190009117126465, -3.251617431640625, 1.089412808418274

phi,theta,psi,rot_x,rot_y,rot_z,phi_err,theta_err,psi_err
-22.822884158753556,1.294954214858955,81.82337814338081,-1.5357718467712402,-3.6827800273895264,0.7731812596321106,10.268436388758179,1.294954214858955,7.502525671152128
-23.38742149176991,1.1971144334822903,81.20584708014161,-1.5938465595245361,-3.633904457092285,0.8078181147575378,9.703899055741825,1.1971144334822903,6.88499460791293
-24.073776956180737,1.070926402077811,80.19196013936657,-1.6389236450195312,-3.603565216064453,0.8663158416748047,9.017543591330998,1.070926402077811,5.871107667137892
-24.14380859328817,1.3949418778051985,79.97148846314774,-1.631208062171936,-3.6142191886901855,0.8758545517921448,8.947511954223565,1.3949418778051985,5.650635990919056
-23.995530309049073,1.574383714969898,79.55481960302028,-1.6165831089019775,-3.6162590980529785,0.8921546936035156,9.095790238462662,1.574383714969898,5.233967130791598
-23.68854916435014,1.014946823239028,79.36263174015446,-1.6074680089950562,-3.610285997390747,0.9011400938034058,9.402771383161596,1.014946823239028,5.041779267925776
-23.406197681798275,0.0356475189674441,78.25321777364763,-1.606115460395813,-3.584684133529663,0.971911609172821,9.68512286571346,0.0356475189674441,3.9323653014189546
-22.48838418188864,-1.859800897856814,76.81848872716226,-1.574134111404419,-3.5778005123138428,1.0323762893676758,10.602936365623094,1.859800897856814,2.4976362549335818
-21.402882707666027,-5.120804344144455,74.48487263495737,-1.550501823425293,-3.5570764541625977,1.1285067796707153,11.688437839845708,5.120804344144455,0.1640201627286899
-20.681122957692438,-3.4578142415150688,73.61260966662255,-1.4637441635131836,-3.5859551429748535,1.1567769050598145,12.410197589819298,3.4578142415150688,0.7082428056061332
-22.57676341465402,1.4382835257775124,74.78415103381981,-1.4728171825408936,-3.5907857418060303,1.0648688077926636,10.514557132857714,1.4382835257775124,0.4632985615911309
-25.548553109317183,2.846554720872212,74.57570049054019,-1.6370960474014282,-3.4941751956939697,1.0631136894226074,7.542767438194552,2.846554720872212,0.25484801831150605
-28.485322716558397,1.4907893267165326,74.46161584083347,-1.8185054063796997,-3.3928029537200928,1.0620579719543457,4.6059978309533385,1.4907893267165326,0.14076336860479444
-31.468402713919588,0.5755210317518065,74.89561972107443,-2.0097544193267822,-3.302234649658203,1.0445252656936646,1.6229178335921475,0.5755210317518065,0.5747672488457454
-33.31308312948371,-0.15755960240303152,74.47751652122126,-2.1333513259887695,-3.2401463985443115,1.077724814414978,0.22176258197197285,0.15755960240303152,0.15666404899258168
-33.08997500024524,0.046607480042367526,74.25746148654179,-2.1144652366638184,-3.2465803623199463,1.0916677713394165,0.001345547266495828,0.046607480042367526,0.06339098568689394
-33.01826142905469,0.03050353644070825,74.23078276764372,-2.110105514526367,-3.245778799057007,1.0931206941604614,0.07305911845704571,0.03050353644070825,0.09006970458496255
-33.077684074833805,0.05230883940211052,74.366423494371,-2.113567352294922,-3.2462453842163086,1.0848243236541748,0.013636472677930556,0.05230883940211052,0.045571022142326
-32.95761276431956,0.03482420823427267,74.3861695712615,-2.1070194244384766,-3.2512588500976562,1.0834534168243408,0.1337077831921718,0.03482420823427267,0.0653170990328249
-32.99826263516489,-0.03400479539358138,74.17166065018809,-2.108874559402466,-3.2447593212127686,1.0977505445480347,0.09305791234684335,0.03400479539358138,0.14919182204059211
-33.04803763874136,-0.007481133652922719,74.21111865302325,-2.110384702682495,-3.2441017627716064,1.0946528911590576,0.04328290877037233,0.007481133652922719,0.1097338192054309
-33.01145173045219,0.014597056408130603,74.38255640119057,-2.111321210861206,-3.2479796409606934,1.0832409858703613,0.07986881705954829,0.014597056408130603,0.06170392896189014
-33.061988300121115,0.024015285297977435,74.41030745978833,-2.115375280380249,-3.248239755630493,1.0816015005111694,0.029332247390620125,0.024015285297977435,0.0894549875596482
-32.98634053996864,0.005471474566774393,74.33160318998227,-2.1092896461486816,-3.2486257553100586,1.0875126123428345,0.104980007543098,0.005471474566774393,0.01075071775359504
-32.902988326432386,0.022435340075466378,74.41102462965118,-2.1052379608154297,-3.253726005554199,1.0822877883911133,0.18833222107934944,0.022435340075466378,0.09017215742250073
-33.00430052239118,-0.04170627500576764,74.27283624236348,-2.109410047531128,-3.247235059738159,1.090166687965393,0.08702002512055174,0.04170627500576764,0.0480162298651976
-33.04645303485392,0.023036043973293945,74.36648496607353,-2.111983299255371,-3.2476377487182617,1.0844879150390625,0.04486751265781663,0.023036043973293945,0.04563249384484891
-33.11900671931238,0.04040557135402813,74.32309960446561,-2.1154754161834717,-3.243952989578247,1.0870510339736938,0.02768617180064581,0.04040557135402813,0.002247132236931293
-32.96193627406418,0.013237354787726857,74.3230791138981,-2.107706069946289,-3.250979423522949,1.0878105163574219,0.1293842734475561,0.013237354787726857,0.002226641669423657
-33.07691226345759,-0.06389010176536143,74.23199171112681,-2.1140756607055664,-3.2445335388183594,1.0929327011108398,0.014408284054148623,0.06389010176536143,0.08886076110186991
-33.071991112160596,0.007638837273006923,74.32454077438048,-2.1133995056152344,-3.2474162578582764,1.0878655910491943,0.019329435351139068,0.007638837273006923,0.0036883021518008263
-32.97043985958084,0.04982613404450579,74.30286858414404,-2.106732130050659,-3.2512035369873047,1.0896096229553223,0.12088068793089235,0.04982613404450579,0.01798388808464324
-32.98892576656949,0.056034401506263876,74.32290152897968,-2.1081979274749756,-3.2497713565826416,1.0882630348205566,0.10239478094224808,0.056034401506263876,0.002049056751005196
-33.03664829830036,-0.03673066127978691,74.31706171723933,-2.112746000289917,-3.247539520263672,1.0878586769104004,0.05467224921137159,0.03673066127978691,0.0037907549893532178
-32.94689619751181,0.028245108935264822,74.288525186887,-2.1063621044158936,-3.250735282897949,1.0906546115875244,0.14442434999992315,0.028245108935264822,0.03232728534167961
-32.918165006768156,0.007662989788992221,74.28550624327386,-2.1051950454711914,-3.251472234725952,1.0902860164642334,0.1731555407435792,0.007662989788992221,0.03534622895482187

Errors:
rotation,[19.06591627476926, 17.786008097137046, 15.959577660546701, 15.99308982294782, 15.904141084224158, 15.4594974743264, 13.653135686099859, 14.96037351841349, 16.973262346718855, 16.576254636940497, 12.416139220226357, 10.644170177378271, 6.237550526274665, 2.7732061141896995, 0.535986233367586, 0.1113440129957573, 0.1936323594827165, 0.11151633422236708, 0.23384909045926938, 0.27625452978101683, 0.16049786162872595, 0.15616980242956904, 0.14280252024824575, 0.12120219986346743, 0.30093971857731655, 0.17674252999151696, 0.1135360504759595, 0.07033887539160523, 0.14484826990470662, 0.16715914692137995, 0.03065657477594682, 0.18869071006004137, 0.16047823919951715, 0.09519366548051172, 0.2049967442768676, 0.21616475948739328]
translation,[0.03326186669987141, 0.01833744965080797, 0.02130928822551237, 0.029725742971261404, 0.029241767699372367, 0.02228583360075742, 0.015373112579258219, 0.011686290270546351, 0.009957032093204532, 0.011117161916469165, 0.006594463370420023, 0.028685440693236863, 0.03787958456640883, 0.026768938736883463, 0.004812159306014863, 0.005835747204048225, 0.008376446234041879, 0.008428436645695037, 0.008184029743500965, 0.008583639169905233, 0.009166201234870108, 0.00863474904257, 0.006736393061538948, 0.008026247968743405, 0.007435844482820642, 0.008367554008767542, 0.00822726082168046, 0.008673636975752963, 0.006874563346197959, 0.007347739190866953, 0.006750622126395989, 0.006716769734086192, 0.007470370542325355, 0.006996166665865999, 0.007005662160153747, 0.007120869747033964]
loss,
[0.1339709311723709, 0.1393018215894699, 0.1335204690694809, 0.12629280984401703, 0.1262601613998413, 0.13045825064182281, 0.12280961871147156, 0.13125982880592346, 0.08533301949501038, 0.080164834856987, 0.034429918974637985, 0.031473033130168915, 0.018154360353946686, 0.010407567024230957, 0.0028908299282193184, 0.0011823719833046198, 0.0008437326177954674, 0.0013957677874714136, 0.0015262693632394075, 0.0021867870818823576, 0.001742709893733263, 0.0014206873020157218, 0.002906623063609004, 0.002610980300232768, 0.0015065980842337012, 0.0011584621388465166, 0.001381240668706596, 0.0012172817951068282, 0.0013476883759722114, 0.0012735521886497736, 0.0024206158705055714, 0.0013042325153946877, 0.0019692126661539078, 0.0018539640586823225, 0.001346713281236589, 0.0013951568398624659]

2022-04-27 13:41:52.702217