2022-04-27 07:25:42.958015

reference phi, theta, psi, translation: -86.91639066027085, -0.0, 34.793557367935236, -2.296917200088501, -0.12373751401901245, 3.3104169368743896

phi,theta,psi,rot_x,rot_y,rot_z,phi_err,theta_err,psi_err
-76.53055527251121,6.8177051513072,38.18892636661862,-2.336111545562744,-0.9462913274765015,3.345968008041382,10.385835387759641,6.8177051513072,3.395368998683381
-75.76314936831442,5.944051635166387,38.72834397141496,-2.3811752796173096,-0.9446983933448792,3.313436508178711,11.153241291956434,5.944051635166387,3.934786603479722
-76.2979121991914,4.874009126992161,40.462108945047234,-2.5725960731506348,-0.9404891133308411,3.1662466526031494,10.618478461079448,4.874009126992161,5.668551577111998
-79.69682606605402,8.203123541171195,38.42611151573647,-2.463610887527466,-0.9375531673431396,3.246490240097046,7.219564594216834,8.203123541171195,3.632554147801237
-82.32364168876005,8.868444813146139,36.04533296731264,-2.3470685482025146,-0.8343241810798645,3.335653305053711,4.592748971510801,8.868444813146139,1.2517755993774031
-82.93174709094463,6.460420705323787,35.60835453968815,-2.345399856567383,-0.6710978150367737,3.348531484603882,3.9846435693262237,6.460420705323787,0.8147971717529146
-84.22285774975214,4.439205742322906,34.47526713751805,-2.2850394248962402,-0.49239397048950195,3.3842339515686035,2.6935329105187122,4.439205742322906,0.3182902304171833
-85.9869863293397,1.2202762252544572,33.45035968651721,-2.226736307144165,-0.23325827717781067,3.3885180950164795,0.929404330931149,1.2202762252544572,1.343197681418026
-87.10012274894419,-0.19652842821518027,35.287475667575535,-2.3190114498138428,-0.1071123257279396,3.2836356163024902,0.183732088673338,0.19652842821518027,0.4939182996402991
-86.72882683547313,0.2913042708917672,34.80575267069829,-2.291677713394165,-0.1479606032371521,3.3051209449768066,0.1875638247977207,0.2913042708917672,0.012195302763053917
-86.87963741234701,0.0627738774367857,34.864929429667285,-2.2950639724731445,-0.1295606791973114,3.3024158477783203,0.036753247923840604,0.0627738774367857,0.07137206173204902
-86.85907854294527,0.2903367863367841,34.73174415594662,-2.2875077724456787,-0.1436203420162201,3.3079845905303955,0.05731211732557995,0.2903367863367841,0.061813211988614114
-86.88514937500722,0.11673684014372453,34.86740537324141,-2.294881582260132,-0.13363386690616608,3.3031134605407715,0.03124128526363279,0.11673684014372453,0.07384800530617497
-86.78761427365943,0.27417472729863424,34.78772780147863,-2.289726495742798,-0.1459653079509735,3.3074281215667725,0.12877638661142043,0.27417472729863424,0.005829566456604596
-86.86898231724179,0.17186796298292298,34.88143458179662,-2.2947185039520264,-0.13654406368732452,3.3013603687286377,0.04740834302906194,0.17186796298292298,0.08787721386138259
-86.87816209148629,0.23842361438082316,34.84683625855592,-2.2939610481262207,-0.1399230808019638,3.303611993789673,0.038228568784560935,0.23842361438082316,0.05327889062068181
-86.86692643030162,0.15606974085588657,34.773633706126304,-2.289255380630493,-0.13637444376945496,3.3076908588409424,0.04946422996923161,0.15606974085588657,0.01992366180893157
-86.87011612864401,0.1936634706014066,34.84262544693261,-2.293480157852173,-0.13788512349128723,3.3038136959075928,0.04627453162683537,0.1936634706014066,0.04906807899737231
-86.81520140771711,0.19818236745808818,34.894446092165495,-2.297354221343994,-0.1403953731060028,3.3030238151550293,0.10118925255373767,0.19818236745808818,0.10088872423025919
-86.87076499661516,0.2413486417336618,34.77243159283238,-2.289685010910034,-0.1405399590730667,3.307328462600708,0.045625663655684434,0.2413486417336618,0.02112577510285263
-86.83842405089516,0.11928376887707581,34.841689711016315,-2.2950100898742676,-0.1343727856874466,3.3050553798675537,0.077966609375693,0.11928376887707581,0.04813234308107894
-86.88896062056408,0.27320454328215116,34.841785333664696,-2.293992519378662,-0.14174506068229675,3.305565595626831,0.027430039706771936,0.27320454328215116,0.048227965729459754
-86.88158401626046,0.13227423158751406,34.87925575145138,-2.2958309650421143,-0.1337135136127472,3.3021914958953857,0.0348066440103878,0.13227423158751406,0.08569838351614578
-86.87646820457212,0.19481442103472327,34.840422710925274,-2.2933502197265625,-0.13754881918430328,3.303654193878174,0.03992245569872921,0.19481442103472327,0.04686534299003853
-86.84373110788026,0.14573179101684605,34.83684369180019,-2.2936813831329346,-0.1357557475566864,3.3040359020233154,0.07265955239058997,0.14573179101684605,0.04328632386495457
-86.82168325723946,0.26199859161478134,34.83086044608726,-2.2938897609710693,-0.1441815346479416,3.3054392337799072,0.0947074030313928,0.26199859161478134,0.037303078152021385
-86.91876073591284,0.09101192047367938,34.80193801004684,-2.2923202514648438,-0.12955506145954132,3.305757999420166,0.0023700756419913205,0.09101192047367938,0.00838064211160372
-86.89048375274899,0.22586740675035102,34.79594110395557,-2.290815830230713,-0.1387532651424408,3.3062140941619873,0.025906907521857647,0.22586740675035102,0.0023837360203344815
-86.83307601277504,0.18797395437369901,34.81471729398393,-2.2920968532562256,-0.13887761533260345,3.304858446121216,0.0833146474958113,0.18797395437369901,0.02115992604869632
-86.76381106440193,0.2578843985297838,34.8630579578347,-2.2953436374664307,-0.1456851363182068,3.304258108139038,0.15257959586891445,0.2578843985297838,0.06950058989946228
-86.8518522028034,0.16845646319569357,34.83034476680492,-2.2934978008270264,-0.13716454803943634,3.3042831420898438,0.06453845746744946,0.16845646319569357,0.036787398869684296
-86.8608475619403,0.14055324926611937,34.90079133790444,-2.2981014251708984,-0.1354026049375534,3.3015520572662354,0.055543098330545604,0.14055324926611937,0.10723396996920087
-86.8093274450309,0.14854077927005696,34.86858016577865,-2.2964329719543457,-0.13806645572185516,3.3041467666625977,0.10706321523994689,0.14854077927005696,0.07502279784341681
-86.79154163243219,0.2085747520132108,34.86630229769045,-2.295013666152954,-0.14234450459480286,3.3044533729553223,0.12484902783866403,0.2085747520132108,0.07274492975521696
-86.8213075968351,0.1690227936268019,34.88144482708037,-2.2952990531921387,-0.1384040266275406,3.3023369312286377,0.09508306343575157,0.1690227936268019,0.0878874591451364
-86.76907031006284,0.19842602406586676,34.81831338858195,-2.2924256324768066,-0.14136292040348053,3.305990219116211,0.14732035020800538,0.19842602406586676,0.024756020646712784

Errors:
rotation,[20.598909537750224, 21.032079530602545, 21.161039165183606, 19.055242283189266, 14.712969384034343, 11.259861446402926, 7.451028883258801, 3.492878237603632, 0.8741788165288173, 0.4910633984525418, 0.17089918709267532, 0.4094621156509782, 0.2218261307135323, 0.40878068036665927, 0.3071535198733675, 0.3299310737860659, 0.22545763263404975, 0.2890060812256143, 0.400260344242085, 0.30810008049219884, 0.24538272133384775, 0.34886254871838285, 0.25277925911404764, 0.281602219723491, 0.2616776672723906, 0.3940090727981955, 0.10176263822727442, 0.2541580502925431, 0.29244852791820664, 0.4799645842981605, 0.26978231953282733, 0.3033303175658658, 0.33062679235342063, 0.4061687096070918, 0.35199331620768987, 0.3705023949205849]
translation,[0.1579505536533441, 0.15710612071334218, 0.1555032215540395, 0.15074672627525132, 0.1319722165945203, 0.11180921113742315, 0.08188663083699677, 0.030252540357976976, 0.00974228210196415, 0.006516638101508931, 0.007442113675221407, 0.006693414328197811, 0.006840349748811647, 0.005804765058835315, 0.008274454049481683, 0.006742203883900899, 0.006193208604933886, 0.006921053168748692, 0.005273224715935498, 0.006103334321564624, 0.005148430874705845, 0.005056674639305925, 0.007052842715279617, 0.007137565990875672, 0.006696335315666602, 0.005132452626646966, 0.00626208040242382, 0.0064374101356650115, 0.006817202188281968, 0.005219247036154506, 0.006550204750611854, 0.006225133674691463, 0.004957901127092157, 0.0053666000790730806, 0.007078336077438685, 0.005613976392585762]
loss,
[0.12248797714710236, 0.10809272527694702, 0.07206664979457855, 0.05242501199245453, 0.04909084737300873, 0.028655430302023888, 0.025990117341279984, 0.009258626960217953, 0.0013857800513505936, 0.0017006149282678962, 0.0019151009619235992, 0.001194487209431827, 0.0011174497194588184, 0.0012553774286061525, 0.0012119233142584562, 0.0016164695844054222, 0.001354486565105617, 0.0010362525936216116, 0.0013208728050813079, 0.0011035144561901689, 0.0013316196855157614, 0.0010457453317940235, 0.0013072697911411524, 0.0012004929594695568, 0.0016036322340369225, 0.0016377570573240519, 0.0010955167235806584, 0.0013285767054185271, 0.0011899308301508427, 0.0010635126382112503, 0.0008741819765418768, 0.0012486426858231425, 0.0016383212059736252, 0.001989321783185005, 0.001311295898631215, 0.001238497905433178]

2022-04-27 07:30:05.992464