2022-04-28 23:47:24.448525

reference phi, theta, psi, translation: -139.02455270626928, -8.537736090602699e-07, 56.38966954231551, -2.2014424800872803, 2.5346622467041016, 2.231398344039917

phi,theta,psi,rot_x,rot_y,rot_z,phi_err,theta_err,psi_err
-129.04008655489625,6.852725648450977,53.065809209147574,-2.6847352981567383,1.8050535917282104,2.604990243911743,9.984466151373027,6.852726502224586,3.3238603331679357
-129.17615758354125,6.849177961108196,52.693652691841095,-2.674703359603882,1.7937650680541992,2.620337963104248,9.848395122728022,6.849178814881805,3.6960168504744146
-130.88650525360416,6.875917208893758,48.910701193610755,-2.580484628677368,1.7292938232421875,2.747079610824585,8.13804745266512,6.875918062667367,7.478968348704754
-131.21139003166496,6.068173896588864,47.15149035022559,-2.496880531311035,1.7213126420974731,2.8203792572021484,7.813162674604314,6.0681747503624734,9.238179192089916
-130.90449597187796,7.115562999832062,47.94580036956305,-2.557102918624878,1.702378273010254,2.7720279693603516,8.120056734391312,7.115563853605671,8.443869172752457
-131.0131779419512,8.125950052821944,48.720395047861274,-2.6067652702331543,1.6921725273132324,2.7264437675476074,8.011374764318077,8.125950906595552,7.6692744944542355
-130.77525513240298,7.505485106716015,48.766041202084466,-2.5920069217681885,1.7185789346694946,2.7225728034973145,8.2492975738663,7.505485960489624,7.623628340231043
-131.06200013413846,7.175626549726427,48.834804131553575,-2.577970027923584,1.7308462858200073,2.720149040222168,7.962552572130818,7.1756274035000365,7.554865410761934
-131.01040488514818,7.1748262580292375,48.64072089119308,-2.5671207904815674,1.7265305519104004,2.7232680320739746,8.0141478211211,7.174827111802847,7.748948651122433
-130.98738714764522,7.226364111841846,48.92598715697324,-2.5771632194519043,1.7278143167495728,2.7054662704467773,8.037165558624054,7.226364965615455,7.463682385342267
-130.8992230658387,7.423019629408492,49.13455381346875,-2.591447591781616,1.723291039466858,2.6894772052764893,8.125329640430579,7.423020483182101,7.255115728846761
-130.89629974487394,7.208370525414591,48.958860857448514,-2.5803422927856445,1.7174409627914429,2.6974852085113525,8.128252961395333,7.2083713791882005,7.430808684866996
-131.36140830659514,6.9005057151076015,48.32279607589649,-2.5315210819244385,1.7299836874008179,2.7322096824645996,7.663144399674138,6.900506568881211,8.066873466419018
-131.0804143241408,6.895580030354678,48.72060336863096,-2.550011157989502,1.7287548780441284,2.7129969596862793,7.944138382128472,6.895580884128287,7.6690661736845485
-131.16672059449309,7.147133952417875,48.92092940189285,-2.5613999366760254,1.7293473482131958,2.6986310482025146,7.85783211177619,7.147134806191485,7.4687401404226605
-130.8583648742237,7.161277209790895,48.84147381127809,-2.5693705081939697,1.7179510593414307,2.6972811222076416,8.16618783204558,7.161278063564504,7.548195731037417
-131.08783190957945,7.461105855599589,48.723902350000074,-2.5662930011749268,1.7054065465927124,2.703786611557007,7.936720796689826,7.461106709373198,7.665767192315435
-130.94247182366323,7.192882439199218,48.811653205361814,-2.5635201930999756,1.713958501815796,2.702936887741089,8.08208088260605,7.1928832929728275,7.578016336953695
-131.0222620935473,7.056212991271635,48.56588592355183,-2.5466461181640625,1.710448145866394,2.714975118637085,8.002290612721964,7.056213845045244,7.823783618763677
-130.80015800211686,7.113514951985417,48.635236249289555,-2.558058977127075,1.7012728452682495,2.7044572830200195,8.224394704152417,7.113515805759026,7.754433293025954
-131.02999386768778,7.339236043402357,48.550504337540964,-2.555570363998413,1.695248007774353,2.7041397094726562,7.994558838581497,7.339236897175966,7.839165204774545
-131.00596526218766,7.150345968763969,48.52770516609146,-2.547869920730591,1.6950122117996216,2.706608772277832,8.018587444081618,7.150346822537578,7.861964376224051
-130.84963589246442,7.142099103164029,48.61403192701125,-2.551738977432251,1.6972870826721191,2.697648048400879,8.174916813804856,7.142099956937638,7.775637615304262
-130.91030163267246,6.968727385574268,48.81340514888392,-2.5491342544555664,1.7087699174880981,2.6907594203948975,8.114251073596819,6.968728239347877,7.576264393431586
-131.10616413731177,7.008733199226497,48.926123760756646,-2.5478739738464355,1.7141308784484863,2.6842498779296875,7.918388568957511,7.008734053000106,7.463545781558864
-131.08382941872583,6.943147516172243,49.02061942792377,-2.546459674835205,1.7214895486831665,2.6777889728546143,7.940723287543449,6.9431483699458525,7.36905011439174
-131.02162005576534,6.796898616738003,49.01214657825837,-2.5425608158111572,1.7237988710403442,2.676776170730591,8.002932650503936,6.796899470511613,7.3775229640571425
-131.2111578052332,6.962614753638212,48.99088761446671,-2.5403356552124023,1.7215421199798584,2.6745269298553467,7.813394901036077,6.962615607411821,7.398781927848802
-130.96352246668522,6.997321936617932,49.33991028105436,-2.5583298206329346,1.7241287231445312,2.654759168624878,8.061030239584056,6.997322790391541,7.049759261261151
-131.1033500993737,7.340341399002536,49.36375447144687,-2.5644404888153076,1.71821928024292,2.65266752243042,7.9212026068955765,7.3403422527761455,7.025915070868642
-130.95503937173606,7.284099465385436,49.30586520313643,-2.5649049282073975,1.7124006748199463,2.6551947593688965,8.069513334533212,7.284100319159045,7.083804339179082
-130.9436602765788,7.21812600473442,49.22764246166685,-2.559981346130371,1.7104930877685547,2.6604528427124023,8.080892429690465,7.218126858508029,7.162027080648656
-131.10732526947066,7.175151694744048,48.979641707998276,-2.545072555541992,1.7093844413757324,2.6734471321105957,7.917227436798612,7.175152548517657,7.410027834317233
-131.06578405893865,7.176953062280653,48.824026093043294,-2.5416653156280518,1.7020877599716187,2.6773486137390137,7.958768647330629,7.176953916054262,7.5656434492722155
-131.04817583125836,7.099085930294217,48.71257448126161,-2.5347182750701904,1.6958882808685303,2.6850028038024902,7.976376875010914,7.0990867840678264,7.6770950610538975
-130.8930758955857,7.010836957667114,48.69127453633492,-2.5364184379577637,1.6883448362350464,2.684934377670288,8.13147681068358,7.010837811440723,7.698395005980586

Errors:
rotation,[20.161052986765547, 20.39359078808424, 22.49293386403724, 23.119516617056703, 23.67948976074944, 23.806600165367865, 23.378411874586966, 22.69304538639279, 22.93792358404638, 22.727212909581777, 22.80346585245944, 22.76743302545053, 22.63052443497437, 22.508785439941306, 22.473707058390335, 22.8756616266475, 23.06359469837846, 22.85298051253257, 22.882288076530884, 23.092343802937396, 23.172960940532008, 23.030898642843248, 23.092654386046757, 22.65924370637628, 22.39066840351648, 22.25292177188104, 22.17735508507269, 22.1747924362967, 22.10811229123675, 22.287459930540365, 22.43741799287134, 22.46104636884715, 22.502407819633504, 22.701366012657108, 22.752558720132637, 22.84070962810489]
translation,[0.12242333873291766, 0.12071432451925812, 0.11565351207322294, 0.11035256113764191, 0.10662485328621951, 0.1031387005549993, 0.10220099811522232, 0.09694196545692702, 0.09042488630659928, 0.08550324931303255, 0.08209613697299112, 0.07790945443691122, 0.07574487884562942, 0.07392929411147087, 0.07179948839192196, 0.07110781214508943, 0.06822876157357527, 0.06949998897509246, 0.06547080528526283, 0.06180209867424846, 0.057535576493589424, 0.054264412413981944, 0.05169612476698582, 0.05031279093288887, 0.04748652709679746, 0.045455070052710767, 0.04333163583568567, 0.03951069969179066, 0.038934675494537, 0.03891746832173926, 0.038405780047835236, 0.03793737670384001, 0.03663571827285317, 0.03401080964496739, 0.032130111156839725, 0.030003864517642143]
loss,
[0.11726176738739014, 0.1154036670923233, 0.04803485795855522, 0.029736578464508057, 0.03680206090211868, 0.032236143946647644, 0.02723875269293785, 0.028870582580566406, 0.026735281571745872, 0.02800288423895836, 0.030766954645514488, 0.028649356216192245, 0.03335714712738991, 0.02839570865035057, 0.03581405431032181, 0.029060866683721542, 0.027341041713953018, 0.0327858068048954, 0.029655365273356438, 0.029848288744688034, 0.032981228083372116, 0.02800922654569149, 0.029431622475385666, 0.028536811470985413, 0.029160328209400177, 0.026823516935110092, 0.027321431785821915, 0.028107047080993652, 0.028125783428549767, 0.029727205634117126, 0.02911476418375969, 0.025869641453027725, 0.029685430228710175, 0.032827213406562805, 0.025374136865139008, 0.029807910323143005]

2022-04-28 23:49:56.767357