2022-04-28 23:39:43.134237

reference phi, theta, psi, translation: -86.91639066027085, -0.0, 34.793557367935236, -2.296917200088501, -0.12373751401901245, 3.3104169368743896

phi,theta,psi,rot_x,rot_y,rot_z,phi_err,theta_err,psi_err
-76.53055527251121,6.8177051513072,38.18892636661862,-2.336111545562744,-0.9462913274765015,3.345968008041382,10.385835387759641,6.8177051513072,3.395368998683381
-76.09411301473655,5.391210390591436,39.32104046683198,-2.4439311027526855,-0.9148814678192139,3.2733659744262695,10.8222776455343,5.391210390591436,4.527483098896745
-78.66734580340385,6.50393046825712,40.4455798872558,-2.595156669616699,-0.9067215919494629,3.1497867107391357,8.249044856867002,6.50393046825712,5.6520225193205675
-81.33012920227917,8.031482009803993,38.35891269958731,-2.4830121994018555,-0.838717520236969,3.238776683807373,5.586261457991682,8.031482009803993,3.5653553316520714
-82.63251650340636,6.850907718219466,35.907383636645896,-2.354257106781006,-0.7132798433303833,3.3354411125183105,4.283874156864485,6.850907718219466,1.1138262687106604
-83.96094048564966,4.8358011576054984,34.31721656012396,-2.274503707885742,-0.5320000648498535,3.389540910720825,2.955450174621191,4.8358011576054984,0.4763408078112761
-85.61213871750023,2.574900975900536,34.15359596346172,-2.274644613265991,-0.3219916522502899,3.377373456954956,1.3042519427706196,2.574900975900536,0.6399614044735173
-87.02247032827032,0.3282667184738625,34.752617214050176,-2.3060333728790283,-0.14238500595092773,3.3288402557373047,0.10607966799946666,0.3282667184738625,0.040940153885060226
-87.14940256380584,-0.7036820932444531,35.03021317739242,-2.310028553009033,-0.07532726228237152,3.2992146015167236,0.2330119035349867,0.7036820932444531,0.2366558094571829
-86.81296110566934,0.177056633754415,34.86583442973231,-2.2960095405578613,-0.1408618688583374,3.3046622276306152,0.10342955460150449,0.177056633754415,0.07227706179707383
-86.71547381564575,0.30358295588915557,34.918669358056945,-2.2987236976623535,-0.1501493752002716,3.3044605255126953,0.20091684462509818,0.30358295588915557,0.12511199012170948
-86.86548526038675,0.19824676790585463,34.78270419734408,-2.2903354167938232,-0.13878171145915985,3.3073227405548096,0.050905399884101143,0.19824676790585463,0.010853170591154537
-86.81688163425294,0.11781567425152434,34.87094341123148,-2.2952706813812256,-0.13574209809303284,3.302870273590088,0.09950902601791256,0.11781567425152434,0.07738604329624366
-86.83077423902473,0.07067359925172918,34.954189756835596,-2.2995402812957764,-0.13301430642604828,3.2990846633911133,0.08561642124611524,0.07067359925172918,0.16063238890036047
-86.84059605105122,0.2209085584341811,34.870994637650256,-2.2950189113616943,-0.14068220555782318,3.3037045001983643,0.07579460921962777,0.2209085584341811,0.07743726971501985
-86.84640171184573,0.21255134528769415,34.85943795757459,-2.2956464290618896,-0.14051465690135956,3.3029301166534424,0.06998894842512016,0.21255134528769415,0.06588058963935595
-86.84126540958988,0.20582604834856363,34.98725470260763,-2.3011937141418457,-0.1392034888267517,3.296860933303833,0.0751252506809692,0.20582604834856363,0.19369733467239314
-86.87176220423399,0.21826061538393177,34.87005548663938,-2.2947661876678467,-0.13907261192798615,3.3024072647094727,0.04462845603686105,0.21826061538393177,0.07649811870414425
-86.77719140498598,0.16545257704872077,34.849353183265066,-2.2937378883361816,-0.14008919894695282,3.305772304534912,0.13919925528486488,0.16545257704872077,0.055795815329830134
-86.72034374052397,0.15833697444645148,34.860838146354446,-2.294991970062256,-0.14162974059581757,3.303321599960327,0.19604691974687682,0.15833697444645148,0.06728077841921021
-86.89921956469743,0.13605606599061296,34.92709098130357,-2.2972865104675293,-0.13165807723999023,3.2994754314422607,0.017171095573417006,0.13605606599061296,0.13353361336833558
-86.8370238621153,0.13720497777333882,34.96672315396257,-2.2996695041656494,-0.1359291523694992,3.297609329223633,0.07936679815554726,0.13720497777333882,0.173165786027333
-86.75494547885926,0.22540861339171017,34.87722035507872,-2.2941389083862305,-0.14433810114860535,3.3022632598876953,0.1614451814115938,0.22540861339171017,0.08366298714348375
-86.81351435099212,0.21173585166158973,34.95130058681668,-2.2986977100372314,-0.14122343063354492,3.298734188079834,0.10287630927872726,0.21173585166158973,0.15774321888144271
-86.71809660828704,0.2594672103512948,34.95025898296825,-2.298410177230835,-0.1478947103023529,3.299483299255371,0.19829405198380812,0.2594672103512948,0.15670161503301472
-86.7349603453478,0.2363046772759862,34.9060847345112,-2.29598331451416,-0.14619788527488708,3.301208734512329,0.18143031492304829,0.2363046772759862,0.11252736657596074
-86.84063703218624,0.19875463084691233,34.92726515112741,-2.297783136367798,-0.13942812383174896,3.2997143268585205,0.0757536280846125,0.19875463084691233,0.1337077831921718
-86.85228250472112,0.14460383841576793,34.922053716790685,-2.2978551387786865,-0.13557279109954834,3.300145149230957,0.06410815554973226,0.14460383841576793,0.12849634885544958
-86.93065209525784,0.14939536095961115,34.84673039062378,-2.2954392433166504,-0.1326150745153427,3.304157257080078,0.014261434986991617,0.14939536095961115,0.05317302268854718
-86.91874024534533,0.08744055390831315,34.85722497628351,-2.294977903366089,-0.12923167645931244,3.3046915531158447,0.0023495850744836844,0.08744055390831315,0.06366760834827545
-86.9802665893888,0.12430594066917838,34.866397920338834,-2.2953672409057617,-0.12913376092910767,3.303177833557129,0.06387592911795537,0.12430594066917838,0.07284055240359777
-86.87304627979795,0.1804475157425232,34.905490508053404,-2.2970805168151855,-0.13611531257629395,3.3034486770629883,0.043344380472902344,0.1804475157425232,0.11193314011816824
-86.83000242764852,0.14863276393367128,34.92628843407609,-2.298689603805542,-0.1366846263408661,3.3016419410705566,0.0863882326223262,0.14863276393367128,0.13273106614085606
-86.73804759085264,0.2073385339180041,34.930888566482096,-2.298708438873291,-0.1437249481678009,3.302053928375244,0.17834306941820444,0.2073385339180041,0.13733119854686038
-86.77713676347263,0.17812164412425788,34.93007918906545,-2.2993717193603516,-0.14079062640666962,3.3008391857147217,0.1392538967982233,0.17812164412425788,0.13652182113021638
-86.7929281608337,0.1705840605739524,34.82633886085671,-2.292532205581665,-0.1396854817867279,3.305924415588379,0.12346249943715293,0.1705840605739524,0.03278149292147248

Errors:
rotation,[20.598909537750224, 20.74097113502248, 20.40499784444469, 17.183098799447748, 12.248608143794613, 8.267592140037966, 4.519114323144673, 0.4752865403583894, 1.1733498062366228, 0.3527632501529933, 0.6296117906359633, 0.2600053383811103, 0.29471074356568056, 0.3169224093982049, 0.37414043736882874, 0.34842088335217025, 0.474648633701926, 0.33938719012493707, 0.36044764766341575, 0.4216646726125385, 0.2867607749323655, 0.3897375619562191, 0.4705167819467877, 0.4723553798217597, 0.6144628773681176, 0.5302623587749953, 0.40821604212369667, 0.3372083428209498, 0.21682981863514994, 0.1534577473310723, 0.2610224221907315, 0.3357250363335938, 0.36775206269685357, 0.5230128018830689, 0.4538973620526976, 0.3268280529325778]
translation,[0.1579505536533441, 0.1551262840381895, 0.14955750728644812, 0.13522098873217647, 0.11332068947797769, 0.08534763878409368, 0.053517783466124236, 0.020937384334761333, 0.002888165532025866, 0.004679517377010889, 0.002961183340303819, 0.0057990115778840945, 0.00674748446898743, 0.007506372639583425, 0.006036723830803226, 0.006320262673011889, 0.00817445702602626, 0.007301480127477333, 0.005089986984635253, 0.006333124513768773, 0.00851810618284432, 0.008544635326527938, 0.007591927204043003, 0.007995447266595512, 0.007305774456527914, 0.007338072128368012, 0.007776753121782498, 0.007514039960081043, 0.005699286549114113, 0.005633777662249706, 0.006657454648616223, 0.005227788862095295, 0.005772219612827811, 0.005178352713319789, 0.005899471781296128, 0.00566588257918621]
loss,
[0.14233574271202087, 0.11291910707950592, 0.06063738092780113, 0.046658217906951904, 0.041522152721881866, 0.030781622976064682, 0.013193897902965546, 0.0077371313236653805, 0.0030413432978093624, 0.00219703302718699, 0.001363424933515489, 0.0020628205966204405, 0.0010888123651966453, 0.001981542445719242, 0.0015696225455030799, 0.002921183593571186, 0.0012749431189149618, 0.00165530142839998, 0.0012792450143024325, 0.002220558002591133, 0.0020181990694254637, 0.001277358504012227, 0.0010872576385736465, 0.0019307443872094154, 0.0018016924150288105, 0.001581813208758831, 0.0015766602009534836, 0.0017769604455679655, 0.0021814918145537376, 0.0013756754342466593, 0.0011809319257736206, 0.0028898201417177916, 0.0021449082996696234, 0.001410716213285923, 0.0013049611588940024, 0.0020112828351557255]

2022-04-28 23:42:14.455323