2022-04-28 23:36:59.784906

reference phi, theta, psi, translation: 16.672973292337613, -0.0, 55.56417970941693, 0.9538894295692444, -3.184936285018921, 2.279534101486206

phi,theta,psi,rot_x,rot_y,rot_z,phi_err,theta_err,psi_err
26.607018987257597,-4.879078348390559,61.415046110949504,1.4386786222457886,-3.2383759021759033,2.121750593185425,9.934045694919984,4.879078348390559,5.850866401532571
26.10405922470349,-5.198683769304899,59.681257231655124,1.370976448059082,-3.220703125,2.2051281929016113,9.431085932365878,5.198683769304899,4.117077522238191
23.244460509799666,-4.759485359543174,55.67278654740931,1.168278694152832,-3.2052700519561768,2.3824851512908936,6.571487217462053,4.759485359543174,0.10860683799237592
18.999400610441068,-0.08839494361040028,53.70510125508243,1.086938500404358,-3.1741905212402344,2.470677614212036,2.3264273181034554,0.08839494361040028,1.859078454334501
18.1763252494141,0.2212239696725371,55.18587943695202,1.0729920864105225,-3.2337915897369385,2.376769542694092,1.503351957076486,0.2212239696725371,0.37830027246491227
17.156000855346328,-0.5206426041789941,54.11699581298005,0.969409167766571,-3.202859401702881,2.4261012077331543,0.4830275630087151,0.5206426041789941,1.4471838964368828
16.87196231606947,-0.044172278781242184,54.533548559891614,0.9694082140922546,-3.202239751815796,2.3837711811065674,0.19898902373185834,0.044172278781242184,1.0306311495253198
16.872163806649986,-0.10414467455371747,54.78908301221472,0.9686338305473328,-3.192934513092041,2.3602917194366455,0.19919051431237378,0.10414467455371747,0.7750966972022155
16.95213336899979,-0.29729990998004113,55.07018627769576,0.9636192321777344,-3.1939611434936523,2.3333914279937744,0.27916007666217624,0.29729990998004113,0.49399343172117227
16.674323962245982,-0.02717312517294713,55.24268612027902,0.9571537971496582,-3.1912667751312256,2.312835216522217,0.0013506699083691842,0.02717312517294713,0.3214935891379156
16.794195489727,-0.030229663118790665,55.32256518262232,0.9634517431259155,-3.184176206588745,2.3011488914489746,0.12122219738938611,0.030229663118790665,0.24161452679461348
16.701069275488457,-0.15160853372321262,55.42176685012758,0.9514807462692261,-3.1859428882598877,2.2922494411468506,0.028095983150844717,0.15160853372321262,0.142412859289351
16.672647150804742,-0.27185811047912267,55.35438361887083,0.944312572479248,-3.180673837661743,2.2943055629730225,0.0003261415328701389,0.27185811047912267,0.20979609054610648
16.634189770682987,0.058652024624147474,55.479335099547036,0.9551090598106384,-3.179844379425049,2.2842702865600586,0.03878352165462573,0.058652024624147474,0.08484460986989717
16.607864514074464,-0.0820126991908527,55.5224609139665,0.9481041431427002,-3.1809279918670654,2.278552532196045,0.06510877826314854,0.0820126991908527,0.041718795450435664
16.60874731602469,-0.07953667989256866,55.61500997722017,0.9474807381629944,-3.1814050674438477,2.271888256072998,0.06422597631292248,0.07953667989256866,0.050830267803235074
16.59977757009717,-0.10316630990069786,55.593791994563524,0.9457207322120667,-3.178605794906616,2.271458625793457,0.0731957222404418,0.10316630990069786,0.029612285146590978
16.689654321838074,-0.12021955051154953,55.60289322163257,0.9504863619804382,-3.17865252494812,2.2724294662475586,0.01668102950046091,0.12021955051154953,0.03871351221563657
16.630404138335507,-0.11576487993698387,55.63003297829961,0.9484171867370605,-3.181490421295166,2.271030902862549,0.04256915400210559,0.11576487993698387,0.06585326888267673
16.61265759932452,-0.10854702728859811,55.570036596630224,0.9462458491325378,-3.178816318511963,2.2729272842407227,0.060315693013091476,0.10854702728859811,0.005856887213290918
16.616719854333386,-0.10012548282473262,55.632454280360385,0.9475994110107422,-3.180614471435547,2.2685494422912598,0.05625343800422655,0.10012548282473262,0.06827457094345135
16.63290911021361,-0.0655895928044444,55.53841623586765,0.9486697316169739,-3.1771459579467773,2.273627996444702,0.0400641821240022,0.0655895928044444,0.025763473549282878
16.64140245044652,-0.08725870618896787,55.591671220826235,0.9492776393890381,-3.180215835571289,2.272014617919922,0.03157084189109227,0.08725870618896787,0.02749151140930195
16.611867004928094,-0.13440629861330244,55.55157801039826,0.9451419115066528,-3.179764747619629,2.273859977722168,0.061106287409518956,0.13440629861330244,0.01260169901867414
16.599888560671182,-0.023768254366635988,55.5697224079284,0.949428379535675,-3.1778178215026855,2.274019956588745,0.07308473166643026,0.023768254366635988,0.005542698511469268
16.61537942970877,-0.025120534959235843,55.583048106999094,0.9503539800643921,-3.1784164905548096,2.2737479209899902,0.05759386262884192,0.025120534959235843,0.018868397582160412
16.62453188319659,-0.13292585223051331,55.54454291555315,0.9468465447425842,-3.1778688430786133,2.2764830589294434,0.048441409141023684,0.13292585223051331,0.01963679386378203
16.647042479153658,-0.12435055160469076,55.615122675341475,0.9479156732559204,-3.180511236190796,2.271615982055664,0.025930813183954626,0.12435055160469076,0.050942965924541284
16.57614170047434,-0.0235688521519216,55.5795168991982,0.9481194019317627,-3.1792967319488525,2.272698402404785,0.09683159186327117,0.0235688521519216,0.015337189781263305
16.618521316726977,-0.018731024030023163,55.4689805327653,0.9487533569335938,-3.172677516937256,2.278945207595825,0.05445197561063608,0.018731024030023163,0.09519917665163291
16.61750191099335,-0.057507371579787386,55.58959484331855,0.9494718313217163,-3.1784508228302,2.2719147205352783,0.05547138134426177,0.057507371579787386,0.025415133901617537
16.649093243451954,-0.11788252917931356,55.57130359672126,0.9480003118515015,-3.1791694164276123,2.2746336460113525,0.02388004888565831,0.11788252917931356,0.007123887304324228
16.62585523234828,-0.0789405340111995,55.58380284290238,0.9487898945808411,-3.180814504623413,2.273886203765869,0.047118059989333716,0.0789405340111995,0.019623133485445976
16.61317669370144,-0.058699430325253446,55.592128843500625,0.9493014812469482,-3.180554151535034,2.2731759548187256,0.05979659863617215,0.058699430325253446,0.027949134083691263
16.612742976689145,-0.09019538752404649,55.50336370504714,0.9469480514526367,-3.1770691871643066,2.2779946327209473,0.060230315648468036,0.09019538752404649,0.06081600436979073
16.58620939931094,-0.088423936201161,55.63591035608041,0.9471662044525146,-3.1826822757720947,2.270768165588379,0.08676389302667431,0.088423936201161,0.07173064666347528

Errors:
rotation,[20.663990444843115, 18.74684722390897, 11.439579414997603, 4.273900716048356, 2.1028761992139353, 2.450854063624592, 1.2737924520384203, 1.0784318860683069, 1.0704534183633896, 0.3500173842192319, 0.39306638730279025, 0.3221173761634083, 0.4819803425580993, 0.18228015614867038, 0.1888402729044369, 0.19459292400872621, 0.20597431728773063, 0.175614092227647, 0.2241873028217662, 0.1747196075149805, 0.2246534917724105, 0.13141724847772948, 0.14632105948936208, 0.20811428504149554, 0.10239568454453551, 0.10158279517023817, 0.20100405523531903, 0.20122433071318668, 0.1357376337964561, 0.16838217629229216, 0.1383938868256667, 0.14888646536929612, 0.14568172748597918, 0.14644516304511684, 0.21124170754230526, 0.2469184758913106]
translation,[0.09908907901583852, 0.10591058503825934, 0.12998477595754654, 0.13554470823026943, 0.12311637885055582, 0.10215428224447543, 0.07696762618594999, 0.05593112069362416, 0.04007063762283014, 0.02467361827057246, 0.01393029644101862, 0.007429692354183004, 0.002758879516014723, 0.0010501612434303809, 0.005087879048730315, 0.008625387897184034, 0.011496193436667745, 0.009786812822894397, 0.00882133753255765, 0.010376092676263937, 0.011107763732800535, 0.01072901089798517, 0.009070779345810465, 0.009358570186034143, 0.009797351637843121, 0.009259435750434086, 0.008972241549576765, 0.009383592118948236, 0.009684328361220906, 0.011227517845365576, 0.010476814415132374, 0.0087190131748347, 0.007655034161996532, 0.008141547397853444, 0.008724260567690045, 0.008321589962242193]
loss,
[0.1133446916937828, 0.09941333532333374, 0.06528323888778687, 0.039596330374479294, 0.027026541531085968, 0.014335360378026962, 0.008347772061824799, 0.007018008269369602, 0.0048611955717206, 0.00246989238075912, 0.002296373713761568, 0.002363604959100485, 0.0020976238884031773, 0.0023476174101233482, 0.0019163083052262664, 0.0017612322699278593, 0.0017645210027694702, 0.0021358192898333073, 0.001950348960235715, 0.0019814125262200832, 0.0018188877729699016, 0.0019501158967614174, 0.001609270228073001, 0.0019623669795691967, 0.0017561810091137886, 0.0019379229051992297, 0.0031240235548466444, 0.0017875256016850471, 0.0019295618403702974, 0.0017833579331636429, 0.002165441866964102, 0.002192579908296466, 0.0018040877766907215, 0.0022703218273818493, 0.0017303142230957747, 0.002074315445497632]

2022-04-28 23:39:39.646405