2022-04-28 13:38:30.677450

reference phi, theta, psi, translation: -33.091320547511735, -0.0, 74.32085247222868, -2.1190009117126465, -3.251617431640625, 1.089412808418274

phi,theta,psi,rot_x,rot_y,rot_z,phi_err,theta_err,psi_err
-22.822884158753556,1.294954214858955,81.82337814338081,-1.5357718467712402,-3.6827800273895264,0.7731812596321106,10.268436388758179,1.294954214858955,7.502525671152128
-23.830751995322515,1.5864656282309855,80.7709689356869,-1.617542028427124,-3.615715503692627,0.8481783270835876,9.26056855218922,1.5864656282309855,6.450116463458215
-23.93103966290581,1.0113311441961417,78.61331217687987,-1.6268327236175537,-3.5573441982269287,0.9741188883781433,9.160280884605925,1.0113311441961417,4.292459704651193
-23.824714108096224,-0.1630516743226247,77.69301931830152,-1.6319435834884644,-3.538299083709717,1.0166363716125488,9.266606439415511,0.1630516743226247,3.372166846072844
-24.093297636828634,-1.0721417231638364,77.45990496192898,-1.6683980226516724,-3.5231497287750244,1.0267754793167114,8.998022910683101,1.0721417231638364,3.1390524897003047
-24.29744686847844,-3.1858926491632054,76.01838670740862,-1.715028166770935,-3.4744338989257812,1.0887532234191895,8.793873679033297,3.1858926491632054,1.697534235179944
-25.08745728373338,-6.196951384015915,74.83431194308439,-1.8029743432998657,-3.4106452465057373,1.0997607707977295,8.003863263778356,6.196951384015915,0.5134594708557074
-25.180849875349548,-2.4736535464030363,76.37831718610079,-1.725758671760559,-3.4967458248138428,0.9727458357810974,7.910470672162187,2.4736535464030363,2.0574647138721076
-27.35256145592117,1.45915759901192,76.1693816993901,-1.7736231088638306,-3.4767673015594482,0.9617592692375183,5.738759091590566,1.45915759901192,1.8485292271614213
-31.584112948648773,0.7613508337119893,74.63445377778064,-2.0155234336853027,-3.293823719024658,1.064901351928711,1.507207598862962,0.7613508337119893,0.31360130555195553
-33.10714609581865,-0.03874981745074226,74.61422958764824,-2.119258403778076,-3.2411768436431885,1.0689127445220947,0.015825548306914072,0.03874981745074226,0.2933771154195597
-32.9689235575851,-0.10366132964665645,74.17312914085964,-2.108644962310791,-3.2496347427368164,1.0991402864456177,0.12239698992663506,0.10366132964665645,0.14772333136903626
-33.07283464052309,-0.10868000173785426,74.23802276816393,-2.1153180599212646,-3.2480361461639404,1.095352053642273,0.018485906988644274,0.10868000173785426,0.08282970406474988
-33.15032655175147,-0.06723179160351751,74.31847556639751,-2.1206352710723877,-3.2457995414733887,1.0880500078201294,0.05900600423973401,0.06723179160351751,0.0023769058311700064
-32.933608064481554,-0.011630334344076633,74.36705870196381,-2.107616662979126,-3.254166603088379,1.0867278575897217,0.15771248303018126,0.011630334344076633,0.046206229735133775
-33.09306566084467,-0.058656872319950405,74.22902057883786,-2.1150407791137695,-3.24470591545105,1.0943841934204102,0.0017451133329373647,0.058656872319950405,0.09183189339081821
-32.98698257775062,0.05166851449028598,74.3450586626472,-2.1090545654296875,-3.2523109912872314,1.086898684501648,0.10433796976111864,0.05166851449028598,0.024206190418524898
-33.1292280974053,0.005823289903360048,74.31993039669072,-2.1179921627044678,-3.246988296508789,1.0886273384094238,0.037907549893567705,0.005823289903360048,0.000922075537957312
-33.13259879576071,-0.06214918477186926,74.19496525563618,-2.1178224086761475,-3.2445602416992188,1.0970566272735596,0.04127824824897175,0.06214918477186926,0.12588721659250268
-32.99579352177993,0.03950086358779646,74.29958326315325,-2.109488010406494,-3.25506591796875,1.0905020236968994,0.09552702573180483,0.03950086358779646,0.021269209075427398
-33.05448533731785,0.0782882764952869,74.2720371102306,-2.1128931045532227,-3.250694751739502,1.0932948589324951,0.03683521019388536,0.0782882764952869,0.048815361998080675
-33.13340817317735,-0.0653209928387769,74.2390336361611,-2.1187002658843994,-3.2446959018707275,1.0929977893829346,0.04208762566561575,0.0653209928387769,0.08181883606758333
-33.05498052603268,-0.04926339081528076,74.33535979402578,-2.114583969116211,-3.247889280319214,1.0874812602996826,0.036340021479055906,0.04926339081528076,0.014507321797097461
-32.983717747327354,0.01617382346155092,74.3208934533637,-2.1108410358428955,-3.2519407272338867,1.088568091392517,0.10760280018438095,0.01617382346155092,4.098113501527223e-05
-33.09058630217596,-0.03486214066613662,74.20900129438054,-2.1158289909362793,-3.2478034496307373,1.097096562385559,0.0007342453357779277,0.03486214066613662,0.1118511778481377
-33.12181051196667,-0.013026026948907424,74.22663001262835,-2.1161932945251465,-3.247905731201172,1.095898151397705,0.03048996445493657,0.013026026948907424,0.09422245960033138
-33.06303673415871,-0.04908008951347846,74.28406507335899,-2.1151628494262695,-3.249723196029663,1.0912541151046753,0.028283813353027654,0.04908008951347846,0.0367873988696914
-33.026840146652226,0.021445355354243877,74.29344975327858,-2.112170457839966,-3.249797821044922,1.090998649597168,0.06448040085950879,0.021445355354243877,0.027402718950099825
-33.10960154882527,0.04028027983032581,74.28315665819937,-2.116284132003784,-3.2466423511505127,1.0907025337219238,0.018281001313532386,0.04028027983032581,0.03769581402930555
-33.19918289488457,-0.028657964161910472,74.30655005610667,-2.1221911907196045,-3.2428886890411377,1.0893656015396118,0.10786234737283706,0.028657964161910472,0.014302416122006889
-33.06728511182246,-0.023236686019225992,74.21396684190715,-2.1136815547943115,-3.247131109237671,1.0955727100372314,0.024035435689278017,0.023236686019225992,0.10688563032152842
-33.115912643618366,-0.047138468645782444,74.22486099363331,-2.116978883743286,-3.2458910942077637,1.094562292098999,0.02459209610663038,0.047138468645782444,0.09599147859536572
-33.12097039869876,0.01628097668675535,74.31423401892293,-2.116986036300659,-3.2477986812591553,1.0885295867919922,0.029649851187024012,0.01628097668675535,0.006618453305748062
-33.02955173175272,-0.01650556950282551,74.26455805308943,-2.1110992431640625,-3.248474597930908,1.0932929515838623,0.061768815759016604,0.01650556950282551,0.05629441913924893
-33.05208111073001,0.05071031675673361,74.30562115037955,-2.113678455352783,-3.250887155532837,1.0890700817108154,0.03923943678172748,0.05071031675673361,0.015231321849128676
-33.08025564105631,-0.02025383855026283,74.22843318256923,-2.1154613494873047,-3.246676445007324,1.095334529876709,0.011064906455423795,0.02025383855026283,0.09241928965944624

Errors:
rotation,[19.06591627476926, 17.29715064387842, 14.46407173345326, 12.80182495981098, 13.209217123547242, 13.677300563376447, 14.714274118649978, 12.44158893243733, 9.046445917763908, 2.582159738126907, 0.347952481177216, 0.37378165094232774, 0.2099956127912484, 0.12861470167442152, 0.21554904710939166, 0.15223387904370597, 0.18021267466992952, 0.044652915334885065, 0.2293146496133437, 0.1562970983950287, 0.16393884868725295, 0.18922745457197598, 0.10011073409143412, 0.12381760478094714, 0.14744756385005225, 0.13773845100417537, 0.11415130173619752, 0.1133284751638525, 0.09625709517316375, 0.15082272765675442, 0.15415775203003243, 0.16772204334777854, 0.052549281179527424, 0.13456880440109104, 0.10518107538758976, 0.12373803466513286]
translation,[0.03326186669987141, 0.019703908628358136, 2.3443891641328207e-05, 0.004176089982030895, 4.996156796011064e-05, 0.006405894704991866, 0.019559332751628133, 0.012210142948807068, 0.011349073751884653, 0.025430027881534478, 0.013784363154432988, 0.004391006348425819, 0.0032132381236076313, 0.004199475187181001, 0.0046385086247369145, 0.0063071778751666585, 0.00533880969742917, 0.004476141505207032, 0.004234896339215588, 0.0019121502905434795, 0.0029002017863319907, 0.004767560458915021, 0.00585067507375836, 0.004250702411917828, 0.0026577768869335827, 0.0027101515270491205, 0.003046300243826572, 0.004625810380777473, 0.00509161037261574, 0.005369459831915613, 0.004742322023465917, 0.004284681814263003, 0.004378104408045758, 0.0056331711817110275, 0.003477387031423973, 0.004239089159707277]
loss,
[0.14298591017723083, 0.12727725505828857, 0.14641724526882172, 0.1310802400112152, 0.11751075834035873, 0.12880223989486694, 0.09983613342046738, 0.07771489024162292, 0.024641379714012146, 0.01398160494863987, 0.005206934176385403, 0.002726184669882059, 0.0023489841260015965, 0.0019114960450679064, 0.0013702585129067302, 0.0021207930985838175, 0.0016527294646948576, 0.002532188780605793, 0.0020480090752243996, 0.002091310452669859, 0.0018612665589898825, 0.0017459522932767868, 0.001617420930415392, 0.0022553165908902884, 0.0017848279094323516, 0.0018704754766076803, 0.0019770641811192036, 0.0023934287019073963, 0.002320814412087202, 0.0015251925215125084, 0.0021645815577358007, 0.001787255285307765, 0.003031986765563488, 0.001966828480362892, 0.0024244720116257668, 0.0025193847250193357]

2022-04-28 13:41:06.183593