2022-04-21 12:48:22.895611

reference phi, theta, psi, translation: -139.02455270626928, -8.537736090602699e-07, 56.38966954231551, -2.2014424800872803, 2.5346622467041016, 2.231398344039917

phi,theta,psi,rot_x,rot_y,rot_z,phi_err,theta_err,psi_err
-129.04008655489625,6.852725648450977,53.065809209147574,-2.6847352981567383,1.8050535917282104,2.604990243911743,9.984466151373027,6.852726502224586,3.3238603331679357
-129.44305405554869,6.898038075908797,51.55038147761851,-2.6301004886627197,1.7835636138916016,2.667724847793579,9.58149865072059,6.898038929682406,4.839288064697001
-133.6212583557639,8.714286780865788,47.20970063742703,-2.4751973152160645,1.7610180377960205,2.8002982139587402,5.4032943505053765,8.714287634639396,9.179968904888483
-138.53451395407754,7.510558768911822,47.265735509377805,-2.274240255355835,2.025949478149414,2.7693164348602295,0.49003875219173665,7.510559622685431,9.123934032937704
-138.9706078722045,3.738235357156265,51.014618024028124,-2.231083393096924,2.304351806640625,2.5871381759643555,0.053944834064765246,3.738236210929874,5.3750515182873855
-140.42763748632998,-0.09497608444110504,54.52704280470718,-2.130453586578369,2.5822408199310303,2.3890247344970703,1.4030847800607091,0.09497523066749598,1.8626267376083305
-140.38859612503418,-0.7886714698795252,55.32319356002596,-2.120938777923584,2.61193585395813,2.330958366394043,1.3640434187649078,0.7886706161059162,1.0664759822895462
-139.55383772543192,-0.07630939416871138,55.31021961569752,-2.1709036827087402,2.549604892730713,2.32047438621521,0.5292850191626428,0.07630854039510232,1.0794499266179898
-139.642466260102,-0.31178635474400174,55.66762292439678,-2.1584396362304688,2.5585992336273193,2.289121150970459,0.6179135538327216,0.3117855009703927,0.7220466179187284
-139.22805136240063,0.05211951634802628,56.11632878682618,-2.1930577754974365,2.5403637886047363,2.255636215209961,0.20349865613135876,0.05212037012163534,0.273340755489329
-139.07890735168425,0.05779418470565117,56.344805444752275,-2.2008166313171387,2.533834457397461,2.2353768348693848,0.05435464541497481,0.05779503847926023,0.044864097563234395
-139.0931687866712,0.0870841851440919,56.33813918012235,-2.196805000305176,2.530425548553467,2.231966733932495,0.068616080401938,0.08708503891770096,0.051530362193162205
-138.92272824612272,0.0735886671586348,56.373741541171036,-2.204517364501953,2.5236854553222656,2.230100393295288,0.10182446014655966,0.07358952093224386,0.01592800114447357
-139.0028600254653,0.007834606312639667,56.47346571814781,-2.1996145248413086,2.53068470954895,2.2225959300994873,0.021692680803965914,0.007835460086248728,0.08379617583229759
-138.86782718557416,0.11735724701063509,56.45152032034456,-2.2083165645599365,2.5217294692993164,2.2248287200927734,0.1567255206951188,0.11735810078424415,0.06185077802904715
-138.99467745883965,0.01700443454428485,56.44986399947083,-2.199690580368042,2.5283172130584717,2.223517417907715,0.029875247429629326,0.01700528831789391,0.060194457155319014
-138.93260469966256,0.03447937045606358,56.48453403969781,-2.2041172981262207,2.52728009223938,2.2225096225738525,0.09194800660671376,0.03448022422967264,0.09486449738230363
-138.9283836427555,0.13120958810221284,56.47234215202934,-2.2068428993225098,2.5244312286376953,2.2227132320404053,0.09616906351376997,0.1312104418758219,0.08267260971383195
-138.96603164546062,0.024310373024489147,56.4617826795725,-2.201754570007324,2.528024673461914,2.2236416339874268,0.058521060808658376,0.024311226798098207,0.07211313725699142
-138.993366062519,0.09550083556413953,56.36176138936683,-2.199899196624756,2.52419114112854,2.229567050933838,0.031186643750288567,0.0955016893377486,0.02790815294867599
-138.93110205804516,0.18707430481477152,56.43546254560586,-2.208547592163086,2.5223677158355713,2.22493839263916,0.09345064822412041,0.18707515858838059,0.04579300329034908
-139.0408358772506,-0.017325140799634833,56.44134675357582,-2.1970479488372803,2.530817747116089,2.2235958576202393,0.0162831709813247,0.017324287026025773,0.051677211260312106
-138.96385964530455,0.05985409778362798,56.433481790746555,-2.2023348808288574,2.5266058444976807,2.224843978881836,0.0606930609647236,0.05985495155723704,0.043812248431045475
-138.9464699836777,0.12403418866757807,56.442104904573696,-2.203873872756958,2.5232508182525635,2.2244954109191895,0.07808272259157434,0.12403504244118713,0.05243536225818701
-138.95216636144548,0.12819500036396345,56.46619498177633,-2.20456600189209,2.5250890254974365,2.2223799228668213,0.0723863448237978,0.1281958541375725,0.07652543946082346
-138.98734183567106,0.07546537963424226,56.51172843787822,-2.2042243480682373,2.528935194015503,2.2190797328948975,0.037210870598215706,0.07546623340785132,0.12205889556270932
-138.92753669929843,0.13416861541228944,56.39770184477944,-2.2044880390167236,2.5222434997558594,2.2273826599121094,0.097016006970847,0.1341694691858985,0.008032302463931273
-138.92602039730266,0.08145617983956255,56.43853271563778,-2.204728364944458,2.524019956588745,2.225431442260742,0.09853230896661103,0.08145703361317161,0.04886317332226753
-138.92749571816339,0.05438342236720192,56.465795415709884,-2.2041070461273193,2.5259392261505127,2.2230565547943115,0.0970569881058907,0.05438427614081098,0.07612587339437482
-139.02068681919906,0.10047939475300889,56.45113782975103,-2.2007877826690674,2.5280444622039795,2.223606824874878,0.003865887070219287,0.10048024852661795,0.061468287435523905
-138.95372364457626,0.07900150079281619,56.480353963925765,-2.204745054244995,2.5269837379455566,2.2224180698394775,0.0708290616930185,0.07900235456642525,0.09068442161025558
-139.00045579887748,0.07869566414185383,56.42559292225519,-2.20125412940979,2.5267276763916016,2.2254881858825684,0.02409690739179382,0.0786965179154629,0.035923379939681865
-138.89089956459048,0.10654513072863941,56.42819863942355,-2.2063684463500977,2.5221445560455322,2.2256696224212646,0.13365314167879205,0.10654598450224848,0.03852909710803942
-138.98683640167246,0.07735761750468535,56.471461057626406,-2.2028284072875977,2.526939868927002,2.222330093383789,0.03771630459681319,0.07735847127829441,0.08179151531089701
-138.89641835743984,0.1027480874589528,56.43589284752357,-2.206460475921631,2.522010564804077,2.22393798828125,0.12813434882943397,0.10274894123256186,0.04622330520805917
-138.9188350382958,0.09764463729933755,56.46494164206363,-2.206017017364502,2.524325370788574,2.222663640975952,0.10571766797346527,0.09764549107294661,0.0752720997481191

Errors:
rotation,[20.161052986765547, 21.3188256451, 23.297550890033257, 17.124532407814872, 9.167232563282024, 3.3606867483365357, 3.2191900171603702, 1.6850434861757349, 1.6517456727218427, 0.528959781742323, 0.15701378145746944, 0.20723148151280119, 0.19134198222327709, 0.11332431672251222, 0.3359343995084101, 0.10707499290284225, 0.22129272821869003, 0.3100521151034238, 0.15494542486374802, 0.15459648603671317, 0.3263188101028501, 0.08528466926766258, 0.1643602609530061, 0.2545531272909485, 0.27710763842219377, 0.23473599956877633, 0.23921777862067678, 0.22885251590205016, 0.2275671376410765, 0.16581442303236116, 0.24051583786969932, 0.13871680524693858, 0.27872822328908, 0.19686629118600463, 0.277106595270055, 0.278635258794531]
translation,[0.12242333873291766, 0.11800155681749391, 0.10039095411530585, 0.08539311292005713, 0.08967857385308253, 0.08156355849376418, 0.0620308880454159, 0.04292426923020187, 0.024159904224025475, 0.012488943087791249, 0.0013418607940458571, 0.004879887802381688, 0.005929179155068631, 0.008368434065324948, 0.0079902819381088, 0.009306399228129258, 0.008091901448723071, 0.008273861218218492, 0.008292339395535642, 0.008434955933749322, 0.007402747225823347, 0.009134787945696665, 0.008201273024336153, 0.009657215055923984, 0.009293708732749373, 0.008886615669772446, 0.008354578631738718, 0.0081885637032455, 0.00863747905621981, 0.008828200199325842, 0.00798465899186862, 0.008359940794889553, 0.008333840397508396, 0.009110864504558336, 0.009325170667017879, 0.008820699453175429]
loss,
[0.16958092153072357, 0.17675767838954926, 0.0971197709441185, 0.06038377434015274, 0.03838268667459488, 0.012574228458106518, 0.009362681768834591, 0.005482088308781385, 0.004686265718191862, 0.002917768433690071, 0.001699641696177423, 0.0023443661630153656, 0.0016190670430660248, 0.0012667225673794746, 0.0011991289211437106, 0.0014094400685280561, 0.001846078783273697, 0.0012801261618733406, 0.0010681786807253957, 0.002043856307864189, 0.0013517088955268264, 0.0014622635208070278, 0.001147112692706287, 0.0013259508414193988, 0.0016769212670624256, 0.0016400727909058332, 0.0013146146666258574, 0.0016794432885944843, 0.001862733974121511, 0.0018276659538969398, 0.0013590885791927576, 0.0015176469460129738, 0.0011264164932072163, 0.001499521778896451, 0.0015347441658377647, 0.0011292592389509082]

2022-04-21 12:53:03.977783