2022-04-21 15:39:03.732490

reference phi, theta, psi, translation: 164.57178246643477, -4.268868188959204e-07, 11.003265705708584, 0.2046843022108078, 0.7416750192642212, 3.957021951675415

phi,theta,psi,rot_x,rot_y,rot_z,phi_err,theta_err,psi_err
174.68706040079186,1.035587752499106,3.46078983121423,-0.0498787984251976,0.24902896583080292,4.223120212554932,10.115277934357096,1.035588179385925,7.542475874494354
174.13329598364393,0.928092593175719,3.6514383401958574,-0.03903081268072128,0.2581068277359009,4.217292308807373,9.561513517209164,0.9280930200625379,7.351827365512726
169.92061288849848,-1.068789474029418,4.046896474742664,0.13933125138282776,0.2643279433250427,4.20612096786499,5.348830422063713,1.068789047142599,6.95636923096592
166.03176272228168,-1.5525446878895557,6.496252256867542,0.21397995948791504,0.4337683916091919,4.165435314178467,1.459980255846915,1.5525442610027367,4.507013448841042
165.03926793398713,1.5139530153472271,10.344204530994775,0.09025588631629944,0.7477468848228455,4.052307605743408,0.46748546755236475,1.5139534422340462,0.6590611747138091
164.97371177833335,1.6946570116411117,11.360094424743913,0.09536930173635483,0.8086944222450256,3.9790337085723877,0.4019293118985843,1.6946574385279307,0.3568287190353292
164.50994193368948,-0.6596290402717527,11.277940055633355,0.2563689351081848,0.7469502091407776,3.946051597595215,0.06184053274529333,0.6596286133849338,0.274674349924771
164.44990457088505,-0.2960737793775896,11.313043812872635,0.23362760245800018,0.753582239151001,3.935403347015381,0.12187789554971573,0.2960733524907707,0.3097781071640515
164.40628698284536,-0.2373146735334588,11.337296107068058,0.2300712913274765,0.7573762536048889,3.9408934116363525,0.16549548358941024,0.23731424664663991,0.3340304013594739
164.4326515130416,-0.2153327739928325,11.445714261084609,0.23154133558273315,0.7652351260185242,3.9486351013183594,0.13913095339316328,0.2153323471060136,0.4424485553760249
164.4965001214029,-0.2589404905788613,11.143264946899981,0.22644144296646118,0.7447696924209595,3.943681478500366,0.07528234503186582,0.2589400636920424,0.13999924119139706
164.50286585770934,-0.1597443756878661,11.520517639100943,0.2285059690475464,0.7727608680725098,3.9409091472625732,0.0689166087254307,0.1597439488010472,0.5172519333923589
164.5231241987876,-0.21794689372304063,11.388128936192231,0.2300036996603012,0.7607365846633911,3.93717622756958,0.04865826764716985,0.21794646683622174,0.38486323048364746
164.5066361221312,-0.7075832162772904,11.136473177544051,0.2575344741344452,0.7343389391899109,3.9388370513916016,0.06514634430357091,0.7075827893904715,0.13320747183546722
164.42756985229911,-0.24893651371134345,11.031387302068818,0.2256380319595337,0.7374241948127747,3.949765682220459,0.1442126141356539,0.24893608682452456,0.02812159636023459
164.32231663718923,-0.4285697491857866,11.374139854998399,0.2439366728067398,0.7544434666633606,3.9418234825134277,0.24946582924553695,0.4285693222989677,0.3708741492898149
164.47715702567342,-0.2954491635011808,11.148548951996633,0.22912690043449402,0.7422682046890259,3.938507556915283,0.09462544076134805,0.2954487366143619,0.14528324628804867
164.5105976318498,-0.12644489354694285,11.096687325628725,0.2169954478740692,0.7463223338127136,3.953437328338623,0.06118483458496371,0.12644446666012396,0.0934216199201412
164.57932299527846,0.2169711148964733,11.297219118339362,0.19780589640140533,0.7652124166488647,3.952392101287842,0.007540528843691163,0.2169715417832922,0.2939534126307777
164.4020249448033,-0.1147639796531461,11.317403181110395,0.22192923724651337,0.7577458024024963,3.9440207481384277,0.16975752163148172,0.1147635527663272,0.3141374754018109
164.49436910238185,-0.19696495650710633,11.240425241617059,0.2252964973449707,0.7523013949394226,3.941433906555176,0.07741336405291577,0.19696452962028743,0.23715953590847505
164.32233029756756,-0.381969403960239,11.186633233034978,0.24064624309539795,0.7419791221618652,3.9469048976898193,0.249452168867208,0.3819689770734201,0.1833675273263946
164.475613402921,-0.23920984978259738,11.225007797113047,0.2271965742111206,0.7502889633178711,3.9426093101501465,0.09616906351376997,0.23920942289577848,0.22174209140446344
164.63433333885374,0.0952192883848666,11.019494235176534,0.19937138259410858,0.7459853887557983,3.9558701515197754,0.06255087241896717,0.09521971527168549,0.01622852946795028
164.32547218458578,-0.4914876071361777,11.37921895441995,0.2502199411392212,0.7561593651771545,3.944096565246582,0.2463102818489915,0.4914871802493588,0.37595324871136526
164.58736895812075,-0.2983362878009342,11.245446284430665,0.23069560527801514,0.7510578632354736,3.9414210319519043,0.015586491685979809,0.2983358609141153,0.2421805787220812
164.44284215528327,-0.3543473270722301,11.449706506654481,0.24045678973197937,0.762864887714386,3.9372358322143555,0.12894031115149573,0.3543469001854112,0.4464408009458971
164.6121625448079,-0.30668926458955026,11.19383737506205,0.2301144301891327,0.7483566403388977,3.946850061416626,0.04038007837311852,0.30668883770273137,0.19057166935346537
164.5230968780309,-0.08611102237195199,11.176992421021504,0.21688833832740784,0.750826895236969,3.951927423477173,0.04868558840385617,0.0861105954851331,0.17372671531292028
164.53528193551023,-0.13147875063656675,11.176947171018254,0.2196827530860901,0.7501389980316162,3.9512650966644287,0.03650053092454186,0.13147832374974786,0.1736814653096701
164.51289257541092,-0.2213324182916666,11.165408420189163,0.22524955868721008,0.7486028671264648,3.953813076019287,0.05888989102385267,0.22133199140484772,0.16214271448057893
164.44893468402293,-0.0893841370678247,11.353990796946862,0.22170811891555786,0.7620911598205566,3.9451663494110107,0.12284778241183858,0.08938371018100581,0.350725091238278
164.47340042162992,-0.15945282673396877,11.296373028655927,0.22352486848831177,0.7560935616493225,3.943344831466675,0.09838204480485047,0.15945239984714987,0.29310732294734265
164.40934690759352,-0.3225978558903615,11.386822662513467,0.2380669265985489,0.7594317197799683,3.943927049636841,0.16243555884125271,0.3225974290035426,0.3835569568048829
164.29914863552455,-0.5482537939935406,11.22185481103744,0.2524709403514862,0.7423247694969177,3.9433724880218506,0.2726338309102232,0.5482533671067217,0.21858910532885645
164.4091693226751,-0.5337104114012802,11.182115062899014,0.2475583404302597,0.7405732870101929,3.9423394203186035,0.16261314375967117,0.5337099845144613,0.17884935719042971

Errors:
rotation,[18.693341988237375, 17.841433902784427, 13.373988700172232, 7.519537965690694, 2.64050008450022, 2.453415469461844, 0.9961434960549982, 0.727729355204538, 0.7368401315955241, 0.7969118558752017, 0.4742216499153053, 0.7459124909188368, 0.6514679649670391, 0.9059366055295096, 0.42127029732041305, 1.0489093008343195, 0.5353574236637586, 0.2810509211652289, 0.5184654832577611, 0.5986585497996199, 0.5115374295816782, 0.8147886732670226, 0.5571205778140119, 0.17399911715860295, 1.1137507108097155, 0.5561029313221764, 0.929728012282804, 0.5376405854293153, 0.30852289920190956, 0.34166031998395985, 0.4423645969092793, 0.5629565838311223, 0.550941767599343, 0.8685899446496782, 1.0394763033458014, 0.8751724854645622]
translation,[0.19962134480110283, 0.19423462763265675, 0.18559210564418915, 0.16229378096227087, 0.09057808189462335, 0.03037220312987632, 0.006829850310007046, 0.017418953309469742, 0.011527868163319965, 0.0023678824971611334, 0.011355123983028292, 0.008674521299417925, 0.014540984281073754, 0.01615505387631, 0.006783500604441883, 0.010350070386654586, 0.016741900128198317, 0.002016002095965419, 0.0004862065612565303, 0.008849579293191745, 0.012221445860855162, 0.007883706368370547, 0.011337864518455198, 0.000601417309426644, 0.007413613711837463, 0.012160361682776788, 0.013466857497943963, 0.007372482912209932, 0.0026661754663956927, 0.0032926474812251527, 0.0007714169639383428, 0.006917805260667542, 0.009734951964768257, 0.0077008894551857665, 0.010560009524351877, 0.012201926914237937]
loss,
[0.15847153961658478, 0.1613653153181076, 0.11743050813674927, 0.05508967489004135, 0.02049582451581955, 0.015938404947519302, 0.004798795096576214, 0.006273457780480385, 0.0057987188920378685, 0.006922032684087753, 0.006800754927098751, 0.00681863259524107, 0.004577559418976307, 0.006152222864329815, 0.005474376492202282, 0.00637851795181632, 0.003954178653657436, 0.0038296636193990707, 0.006371794268488884, 0.003986851777881384, 0.0048737358301877975, 0.005533391144126654, 0.005915106739848852, 0.007256228476762772, 0.003662139642983675, 0.006620168220251799, 0.0047365352511405945, 0.007041759788990021, 0.004767873324453831, 0.005166387185454369, 0.0053308866918087006, 0.006250998005270958, 0.004247741773724556, 0.005261240527033806, 0.004665268585085869, 0.004777071997523308]

2022-04-21 15:41:40.704829