2022-04-21 15:44:29.551079

reference phi, theta, psi, translation: -86.91639066027085, -0.0, 34.793557367935236, -2.296917200088501, -0.12373751401901245, 3.3104169368743896

phi,theta,psi,rot_x,rot_y,rot_z,phi_err,theta_err,psi_err
-76.53055527251121,6.8177051513072,38.18892636661862,-2.336111545562744,-0.9462913274765015,3.345968008041382,10.385835387759641,6.8177051513072,3.395368998683381
-75.72724306384767,6.321554429445288,38.71877146129318,-2.364454746246338,-0.9585410356521606,3.3201076984405518,11.189147596423183,6.321554429445288,3.925214093357944
-73.49019218612841,5.377111503596554,40.14710745071542,-2.4242215156555176,-1.0065803527832031,3.2578489780426025,13.426198474142438,5.377111503596554,5.353550082780181
-71.54026197054898,5.4842676863014965,39.826365182386205,-2.353822708129883,-1.1058851480484009,3.2688183784484863,15.376128689721867,5.4842676863014965,5.032807814450969
-70.87678422476311,6.4646015525001,39.52057419815015,-2.2843594551086426,-1.1799709796905518,3.2787983417510986,16.039606435507736,6.4646015525001,4.7270168302149145
-70.17828126891341,6.889421734137941,38.960365497520286,-2.227956533432007,-1.222251057624817,3.2978451251983643,16.73810939135744,6.889421734137941,4.16680812958505
-71.02033431054926,7.3802153905927375,39.097174186595645,-2.251716136932373,-1.2165884971618652,3.2862050533294678,15.89605634972159,7.3802153905927375,4.303616818660409
-70.14570809676162,7.454326032608198,39.409286510908544,-2.2466349601745605,-1.2478208541870117,3.2738685607910156,16.770682563509226,7.454326032608198,4.615729142973308
-69.35797554959488,7.55271968086421,39.80370944490927,-2.2603416442871094,-1.2922568321228027,3.241245746612549,17.558415110675966,7.55271968086421,5.0101520769740375
-71.20721511642998,8.187017566645956,39.189224646039904,-2.268298387527466,-1.2518556118011475,3.2595415115356445,15.709175543840871,8.187017566645956,4.395667278104668
-71.4421121521759,8.740301909569824,39.08748556325798,-2.25111722946167,-1.2767829895019531,3.2569220066070557,15.474278508094955,8.740301909569824,4.293928195322742
-70.62476390476797,9.09075589323772,39.89622435721709,-2.268580913543701,-1.3372923135757446,3.212212562561035,16.291626755502875,9.09075589323772,5.1026669892818575
-71.5667904252853,9.17775436106149,39.83319195646163,-2.2824063301086426,-1.3025405406951904,3.2258176803588867,15.349600234985544,9.17775436106149,5.039634588526397
-70.68344205992756,9.033799692764969,40.51592400551777,-2.3052797317504883,-1.334521770477295,3.1953282356262207,16.232948600343292,9.033799692764969,5.722366637582532
-69.74018610535963,8.838781082864886,40.55792625381876,-2.2827982902526855,-1.3602993488311768,3.196990966796875,17.176204554911223,8.838781082864886,5.764368885883528
-69.23586542761339,8.266079394634698,40.41522652658427,-2.282782554626465,-1.343855857849121,3.2062010765075684,17.68052523265746,8.266079394634698,5.621669158649034
-69.57737488611403,8.10651986882668,39.76954483868087,-2.2551634311676025,-1.3107324838638306,3.251152276992798,17.33901577415682,8.10651986882668,4.975987470745636
-68.8453288712504,7.936650309292296,39.972715645732066,-2.2454071044921875,-1.333876132965088,3.248885154724121,18.071061789020447,7.936650309292296,5.17915827779683
-68.73666739174467,8.226655442706026,39.96610743771008,-2.2295732498168945,-1.3545360565185547,3.2456231117248535,18.179723268526175,8.226655442706026,5.172550069774843
-69.20230187803195,8.168810634066784,39.85709078836751,-2.2455315589904785,-1.3383557796478271,3.2389302253723145,17.714088782238903,8.168810634066784,5.063533420432272
-69.64755507983591,7.8557205441181965,40.02012740385571,-2.280468225479126,-1.3081024885177612,3.230773687362671,17.26883558043494,7.8557205441181965,5.226570035920474
-69.670176666367,8.031707580305056,39.785189386974785,-2.2636306285858154,-1.3121823072433472,3.242811918258667,17.24621399390385,8.031707580305056,4.99163201903955
-70.02818103171322,8.252754392250107,39.345311544047625,-2.2350685596466064,-1.300615668296814,3.2700674533843994,16.888209628557632,8.252754392250107,4.551754176112389
-69.66846228888532,8.161033711777879,39.50829693311705,-2.239471197128296,-1.3112460374832153,3.2636911869049072,17.247928371385527,8.161033711777879,4.714739565181816
-69.81869912986892,8.119306770650995,39.68600137984786,-2.260293483734131,-1.3086735010147095,3.2534775733947754,17.09769153040193,8.119306770650995,4.892444011912623
-69.68398047867959,7.9721818501877415,39.85888029793005,-2.272768259048462,-1.3101274967193604,3.246196746826172,17.232410181591263,7.9721818501877415,5.065322929994814
-69.92387038270878,8.081749908386712,39.69651987116968,-2.2648990154266357,-1.3061734437942505,3.247044324874878,16.992520277562065,8.081749908386712,4.902962503234441
-70.03768865503787,8.161732451851774,39.6652649255277,-2.2641780376434326,-1.3061586618423462,3.2477235794067383,16.87870200523298,8.161732451851774,4.871707557592465
-70.66301979430922,8.171999483182198,39.604366958887866,-2.2765610218048096,-1.278536081314087,3.254441499710083,16.253370865961628,8.171999483182198,4.81080959095263
-70.58191812810449,8.12073525169275,39.58431693857929,-2.2740559577941895,-1.275990605354309,3.2586305141448975,16.33447253216636,8.12073525169275,4.790759570644056
-70.14306481355283,8.109032692720506,39.70606506053477,-2.267897844314575,-1.2954577207565308,3.2536892890930176,16.773325846718024,8.109032692720506,4.912507692599533
-69.89630373921861,8.336408538225353,39.55415140810993,-2.2454562187194824,-1.3173776865005493,3.2555222511291504,17.02008692105224,8.336408538225353,4.760594040174695
-69.91543509908381,8.327398270353436,39.39958764228713,-2.237820863723755,-1.3145191669464111,3.260108470916748,17.00095556118704,8.327398270353436,4.606030274351895
-70.32181769432123,8.33069709139307,39.27157282176817,-2.239539623260498,-1.2952913045883179,3.2685251235961914,16.594572965949624,8.33069709139307,4.478015453832931
-70.54960450314115,8.282176907557384,39.14974956773182,-2.2391228675842285,-1.2817463874816895,3.276710271835327,16.366786157129695,8.282176907557384,4.356192199796581
-70.46565464805253,8.411879701047281,39.2306121773156,-2.2382431030273438,-1.2939910888671875,3.274576187133789,16.450736012218314,8.411879701047281,4.4370548093803635

Errors:
rotation,[20.598909537750224, 21.435916119226416, 24.156860060519172, 25.893204190474332, 27.23122481822275, 27.79433925508043, 27.579888558974737, 28.84073773909073, 30.121286868514215, 28.291860388591495, 28.50850861298752, 30.485049638022453, 29.56698918457343, 30.989114930690793, 31.779354523659634, 31.56827378594119, 30.421523113729137, 31.186870376109574, 31.578928781007043, 30.94643283673796, 30.35112616047361, 30.269553593248457, 29.69271819692013, 30.12370164834522, 30.109442312965548, 30.269914961773818, 29.977232689183218, 29.912142014677222, 29.236179940096456, 29.245967354503165, 29.79486623203806, 30.117089499452288, 29.93438410589237, 29.403285511175625, 29.005155264483662, 29.29967052264596]
translation,[0.1579505536533441, 0.15606140157305592, 0.15260558671230662, 0.14602769519070335, 0.13554225640105688, 0.1322196031786742, 0.13413905198399778, 0.13091881813761752, 0.1263639003472985, 0.13263517106749045, 0.12882841544379442, 0.12255861424071579, 0.1296271069037216, 0.12884536158158344, 0.12607375564577072, 0.12780971789676254, 0.13705694044717376, 0.1373640744916349, 0.13298379234256874, 0.13111538721824, 0.13415217015491976, 0.1356054920603258, 0.13786067296180438, 0.13855668814191624, 0.14100120493901436, 0.14256290262656357, 0.13770232588142228, 0.13783516930133644, 0.14125344098512738, 0.1423775009825654, 0.14116850737315456, 0.13732201772359787, 0.13589766905573963, 0.1373929121390578, 0.13940770222204435, 0.14104015922452806]
loss,
[0.15018898248672485, 0.14848744869232178, 0.12732897698879242, 0.13850241899490356, 0.12961426377296448, 0.11882470548152924, 0.13843899965286255, 0.1389828324317932, 0.1384080946445465, 0.14596951007843018, 0.13351431488990784, 0.11769666522741318, 0.12906327843666077, 0.13730388879776, 0.13200967013835907, 0.13468047976493835, 0.12290053069591522, 0.13940571248531342, 0.15255115926265717, 0.12104477733373642, 0.13356013596057892, 0.12487636506557465, 0.12703949213027954, 0.13166677951812744, 0.1359664797782898, 0.14761877059936523, 0.14117711782455444, 0.12253540754318237, 0.14689308404922485, 0.13172633945941925, 0.13080242276191711, 0.1368512511253357, 0.12271305918693542, 0.1154329925775528, 0.11893272399902344, 0.12892737984657288]

2022-04-21 15:47:08.767108