2022-04-28 16:33:34.647745

reference phi, theta, psi, translation: 132.9853677440357, -8.537735924097414e-07, 76.34363348549546, 2.865516185760498, 2.6707684993743896, 0.9517420530319214

phi,theta,psi,rot_x,rot_y,rot_z,phi_err,theta_err,psi_err
143.3552887910292,-3.0579185397180266,69.36864430507845,2.3124754428863525,2.981729030609131,1.6183615922927856,10.369921046993511,3.0579176859444344,6.974989180417012
143.27447399276963,-2.675860665871046,68.47363680680748,2.298739433288574,2.9677982330322266,1.6628004312515259,10.28910624873393,2.6758598120974537,7.869996678687983
142.78615644824873,-1.3503095174819038,65.44797228751855,2.248274564743042,2.9362950325012207,1.7938320636749268,9.800788704213033,1.3503086637083113,10.895661197976906
143.50338095261344,0.24880702500377916,64.82201277084356,2.2346739768981934,3.0063064098358154,1.7361290454864502,10.518013208577742,0.24880787877737157,11.521620714651903
142.65336391040535,3.3077544669663763,66.30264751874059,2.2404050827026367,3.0340609550476074,1.640127182006836,9.667996166369647,3.3077553207399686,10.040985966754874
142.5447092610888,3.9489565889807796,67.71743241284952,2.218273401260376,3.082839250564575,1.5681750774383545,9.559341517053099,3.948957442754372,8.62620107264594
141.71411727688022,2.744163018245942,69.41391479889728,2.32454252243042,3.076761484146118,1.4499149322509766,8.728749532844517,2.7441638720195343,6.929718686598179
140.09571761342403,2.0133589605795814,71.7499624384467,2.4717464447021484,3.04404878616333,1.2928466796875,7.11034986938833,2.0133598143531737,4.593671047048758
139.637043089901,0.9928586772736787,73.14516518020521,2.532547950744629,3.0248775482177734,1.201567530632019,6.6516753458653,0.9928595310472711,3.1984683052902483
137.67653291129722,0.9705202926743973,74.50661312708552,2.6641581058502197,2.9490480422973633,1.0997319221496582,4.6911651672615164,0.9705211464479897,1.8370203584099443
135.33407855430633,0.9057934414326617,75.37837066142176,2.780587673187256,2.8381175994873047,1.042110562324524,2.3487108102706316,0.9057942952062541,0.9652628240737045
133.39554792445165,0.3659094865532182,75.5229042944484,2.8674769401550293,2.720191240310669,1.0176647901535034,0.4101801804159493,0.36591034032681063,0.8207291910470644
133.06330020246554,-0.19506169626955985,75.83337737336049,2.8746678829193115,2.6817197799682617,0.9944579601287842,0.0779324584298422,0.19506084249596745,0.510256112134968
132.81576048656595,0.2442837345681694,76.26011393232454,2.871781349182129,2.667461395263672,0.9616304039955139,0.16960725746974958,0.2442845883417618,0.08351955317091608
132.91520804088134,0.03674780414177863,76.35155650493267,2.8652749061584473,2.663424015045166,0.9500493407249451,0.07015970315435993,0.03674865791537104,0.007923019437214407
133.07675567513047,-0.044405254354030914,76.5072779878198,2.8602190017700195,2.671653985977173,0.9384115934371948,0.09138793109477206,0.044404400580438506,0.16364450232434535
132.9846847251187,0.03418674211395212,76.35851646769692,2.8628435134887695,2.665309429168701,0.948942244052887,0.0006830189169875212,0.034187595887544525,0.01488298220145623
133.0743104674076,-0.03549606432550133,76.4385594545803,2.8604888916015625,2.67232608795166,0.946078360080719,0.08894272337190046,0.03549521055190892,0.09492596908484074
132.87454109456309,0.02063013145681481,76.39929952723107,2.8694441318511963,2.663994789123535,0.9465157389640808,0.11082664947261378,0.020630985230407222,0.05566604173560563
132.97323732806976,0.07884470458958956,76.40393039548833,2.864373207092285,2.668944835662842,0.9466918110847473,0.012130415965941665,0.07884555836318197,0.060296909992871406
132.8882697747948,-0.06413069787904713,76.45300530467487,2.8697752952575684,2.6632659435272217,0.9428280591964722,0.09709796924090597,0.06412984410545472,0.1093718191794153
132.9676912144637,-0.04413964684442161,76.46493081496573,2.8661434650421143,2.6670422554016113,0.9414281845092773,0.017676529571986066,0.0441387930708292,0.12129732947026639
133.03914865356037,-0.09937551309165164,76.41177828284468,2.862372636795044,2.6703970432281494,0.9460384845733643,0.053780909524675735,0.09937465931805924,0.06814479734921974
132.9690162711627,-0.06762318764174445,76.496479458742,2.866927146911621,2.6672377586364746,0.9404999017715454,0.016351472872997874,0.06762233386815204,0.15284597324654214
132.96551921430765,-0.02073536064303599,76.38824828115399,2.8636975288391113,2.6647543907165527,0.9475206732749939,0.01984852972805129,0.02073450686944358,0.0446147956585321
132.96572411998275,0.015292146054856282,76.47049058895011,2.8637163639068604,2.6661436557769775,0.9420475959777832,0.019643624052946507,0.015292999828448691,0.12685710345465395
132.99663755616623,0.016586321777412302,76.4122085847624,2.8617749214172363,2.6674771308898926,0.9456793069839478,0.011269812130535684,0.016587175551004713,0.06857509926693695
132.9431844957217,-0.023048263093128508,76.45882462584773,2.8650853633880615,2.665180206298828,0.9418672919273376,0.04218324831398945,0.023047409319536097,0.11519114035226607
132.96545091241595,-0.0395129433492117,76.4734753816174,2.8642075061798096,2.665829658508301,0.9409301280975342,0.019916831619752884,0.039512089575619296,0.1298418961219454
132.9548504588241,-0.0022075641110499405,76.50736678027901,2.865081310272217,2.665971040725708,0.9384599328041077,0.030517285211601575,0.002206710337457531,0.16373329478355458
132.9134595124538,-0.05659956455922459,76.42265194400333,2.8673830032348633,2.662931203842163,0.9462950229644775,0.07190823158188664,0.05659871078563218,0.07901845850787481
132.93593083482315,0.08637396841718331,76.40216820668248,2.8651888370513916,2.6661033630371094,0.946749746799469,0.04943690921254529,0.08637482219077572,0.05853472118701575
132.9752317433074,-0.021913471443385915,76.45198760648854,2.8635993003845215,2.6670522689819336,0.9434106945991516,0.010136000728294903,0.021912617669793504,0.10835412099308428
132.99798993362188,0.03326680828648774,76.44306054924334,2.862496852874756,2.6686930656433105,0.9439932107925415,0.012622189586181776,0.033267662060080146,0.09942706374788202
133.0018831414488,-0.06863657780988476,76.39225077200761,2.863554000854492,2.666727066040039,0.9480108022689819,0.016515397413087385,0.06863572403629235,0.04861728651215458
132.88329739707905,0.0127700747998124,76.4559627765855,2.8684301376342773,2.6635289192199707,0.9426373243331909,0.10207034695665129,0.012770928573404809,0.11232929109003464

Errors:
rotation,[20.402827913354958, 20.834962739519366, 22.04675856589825, 22.288441802007014, 23.01673745386449, 22.13450003245341, 18.40263209146223, 13.71738073079026, 10.84300318220282, 7.49870667211945, 4.21976792955059, 1.5968197117898244, 0.7832494130607777, 0.4974113989824275, 0.11483138050694539, 0.2994368339995559, 0.049753597005988276, 0.2193639030086501, 0.18712367643862662, 0.15127288432199504, 0.270599632525776, 0.18311265211308164, 0.2213003661919547, 0.23681977998769205, 0.08519783225602698, 0.16179372733604916, 0.09643208694847734, 0.1804217979857916, 0.1892708173173176, 0.1964572903326137, 0.20752540087539362, 0.19434645259033675, 0.1404027393911727, 0.14531691539414393, 0.13376840796153433, 0.22717056662009075]
translation,[0.07464079787699607, 0.07459082874228073, 0.07915094346176055, 0.09752583943273763, 0.08165092259789564, 0.0778621785537581, 0.08860560139014328, 0.0976985265978989, 0.09287979511056044, 0.09246576382157201, 0.0764949415320677, 0.05023188957328717, 0.024026206027090602, 0.004612832481027951, 0.005433754245956379, 0.00630543026230157, 0.00617689985579517, 0.0038733124259326956, 0.0029196463386851335, 0.003210619375870749, 0.0040306437681199014, 0.0044454426350339915, 0.003823823455925357, 0.003975007119732865, 0.006271783183928292, 0.006623096273979279, 0.006268755683199068, 0.006329084837655152, 0.006743009259220223, 0.006604153532838275, 0.005143053145760135, 0.004498896839169042, 0.005785140481608941, 0.005345252273062151, 0.004952161862395776, 0.0048598121005714034]
loss,
[0.10745114088058472, 0.09293734282255173, 0.07029944658279419, 0.05261203274130821, 0.04267193004488945, 0.04527456313371658, 0.028239745646715164, 0.02424938976764679, 0.03103679046034813, 0.02241922728717327, 0.013775734230875969, 0.011201377026736736, 0.005365939345210791, 0.006066087633371353, 0.0011582716833800077, 0.001962256385013461, 0.0019006673246622086, 0.0017209252109751105, 0.0020970141049474478, 0.0019895376171916723, 0.0015840022824704647, 0.0021166561637073755, 0.0021884487941861153, 0.0013261297717690468, 0.0009163866052404046, 0.0009007834596559405, 0.0013584799598902464, 0.001676800660789013, 0.0016979544889181852, 0.0011076567461714149, 0.0013664213474839926, 0.0016610214952379465, 0.0014564038719981909, 0.0015258248895406723, 0.0012573753483593464, 0.000974421389400959]

2022-04-28 16:36:09.425083