2022-04-28 12:43:09.036999

reference phi, theta, psi, translation: -33.091320547511735, -0.0, 74.32085247222868, -2.1190009117126465, -3.251617431640625, 1.089412808418274

phi,theta,psi,rot_x,rot_y,rot_z,phi_err,theta_err,psi_err
-22.822884158753556,1.294954214858955,81.82337814338081,-1.5357718467712402,-3.6827800273895264,0.7731812596321106,10.268436388758179,1.294954214858955,7.502525671152128
-22.838474065534108,1.282388358304701,81.82111052057635,-1.5369714498519897,-3.682253122329712,0.773367702960968,10.252846481977627,1.282388358304701,7.500258048347675
-23.074802025911136,1.231925655629388,81.72558349484456,-1.5503156185150146,-3.676339626312256,0.7798217535018921,10.016518521600599,1.231925655629388,7.404731022615877
-26.43852334307526,1.8781558662025122,80.66572938095534,-1.7248808145523071,-3.5865206718444824,0.8525709509849548,6.6527972044364745,1.8781558662025122,6.344876908726661
-29.364455147650954,1.1178019514435096,78.82321072026353,-1.900431752204895,-3.4668164253234863,0.9595211148262024,3.726865399860781,1.1178019514435096,4.502358248034852
-31.71429293913463,0.7385683820092674,77.50805779557757,-2.034212112426758,-3.3434205055236816,1.0455682277679443,1.3770276083771051,0.7385683820092674,3.1872053233488913
-38.41218817511341,1.212881303036168,75.81043476793842,-2.3483479022979736,-3.0759201049804688,1.1584874391555786,5.320867627601672,1.212881303036168,1.489582295709738
-44.560290748946585,5.61519666666043,76.28858216078515,-2.601639747619629,-2.8800535202026367,1.1159179210662842,11.46897020143485,5.61519666666043,1.9677296885564743
-44.22029417734711,6.64108978484907,77.61262799177047,-2.6128005981445312,-2.915963888168335,1.0087674856185913,11.128973629835372,6.64108978484907,3.291775519541787
-41.031108099138905,4.444599164501203,77.4981198703352,-2.491457462310791,-3.0241878032684326,1.0108363628387451,7.93978755162717,4.444599164501203,3.1772673981065225
-44.01933293649241,5.5904373704826,75.53540354062952,-2.5982165336608887,-2.8790340423583984,1.1347496509552002,10.928012388980676,5.5904373704826,1.2145510684008372
-44.13296679371391,5.963295622514747,73.87844745930862,-2.5631017684936523,-2.8654873371124268,1.2324564456939697,11.041646246202177,5.963295622514747,0.4424050129200623
-44.40743453041629,6.9680596763868,71.96690290686465,-2.5338704586029053,-2.8227710723876953,1.3286176919937134,11.316113982904554,6.9680596763868,2.353949565364033
-45.973736925978194,7.216323321416693,70.2687539546594,-2.584575653076172,-2.7288897037506104,1.4083445072174072,12.88241637846646,7.216323321416693,4.052098517569277
-46.600874650285014,6.300621204481732,69.82279724337093,-2.6218860149383545,-2.6805877685546875,1.4324595928192139,13.50955410277328,6.300621204481732,4.498055228857751
-46.53007973953783,5.9876308541961185,69.68428783719224,-2.598188638687134,-2.6639068126678467,1.4532015323638916,13.438759192026097,5.9876308541961185,4.636564635036436
-47.81612581307578,6.812189822503206,69.39135468406873,-2.6217079162597656,-2.6260807514190674,1.4532127380371094,14.724805265564044,6.812189822503206,4.929497788159949
-47.6635359719231,7.036108591719042,70.99819083726008,-2.6330184936523438,-2.675055742263794,1.3477647304534912,14.572215424411368,7.036108591719042,3.322661634968597
-47.51711720668554,6.50598455354705,70.51409434964626,-2.636028528213501,-2.647264003753662,1.3762922286987305,14.425796659173805,6.50598455354705,3.8067581225824227
-49.06430190276058,7.657110077453355,70.5563595602303,-2.6770124435424805,-2.5891129970550537,1.382534384727478,15.972981355248848,7.657110077453355,3.7644929119983743
-50.51391393144741,9.104558015193575,70.95097373952778,-2.723588228225708,-2.5580737590789795,1.3480385541915894,17.422593383935677,9.104558015193575,3.369878732700897
-49.379050680093115,9.535148681123664,71.50435566608222,-2.6774654388427734,-2.623917579650879,1.3133987188339233,16.28773013258138,9.535148681123664,2.8164968061464606
-47.572042172896204,8.783970383404808,71.466140757676,-2.608832836151123,-2.6859500408172607,1.316806435585022,14.480721625384469,8.783970383404808,2.8547117145526784
-46.3974101450995,8.095511570883176,71.02571649961523,-2.5493147373199463,-2.730194568634033,1.33781898021698,13.306089597587764,8.095511570883176,3.2951359726134513
-45.56020312267977,7.263143828103432,71.05774325663343,-2.520786762237549,-2.7517147064208984,1.3446509838104248,12.468882575168038,7.263143828103432,3.26310921559525
-46.475328943151005,7.61676083940378,71.23323130697857,-2.5711419582366943,-2.7160356044769287,1.3254729509353638,13.38400839563927,7.61676083940378,3.0876211652501127
-45.82889934953349,7.341633905422429,71.72699934245712,-2.5674967765808105,-2.7361831665039062,1.3017736673355103,12.737578802021758,7.341633905422429,2.59385312977156
-46.405746390981506,7.091915239325677,70.95653351351217,-2.5884649753570557,-2.686062812805176,1.3447356224060059,13.31442584346977,7.091915239325677,3.3643189587165097
-46.17172020435477,6.431704836414869,70.70979975993464,-2.5867931842803955,-2.6659035682678223,1.365425705909729,13.080399656843035,6.431704836414869,3.6110527122940397
-45.42975675481629,6.157752691976225,71.22218006090148,-2.5717828273773193,-2.692908525466919,1.328345775604248,12.338436207304554,6.157752691976225,3.0986724113272004
-44.76581455616686,6.249224097256573,71.05827601138868,-2.534108877182007,-2.720360040664673,1.325136661529541,11.674494008655124,6.249224097256573,3.2625764608399948
-44.80307665318386,6.653588401535523,71.32913399311471,-2.5313143730163574,-2.7215540409088135,1.3131113052368164,11.711756105672123,6.653588401535523,2.9917184791139704
-44.356303734289575,6.996888837881917,71.71473232270777,-2.5069947242736816,-2.745023250579834,1.2924503087997437,11.26498318677784,6.996888837881917,2.6061201495209048
-44.38486417030398,7.025487399830309,72.08874665146851,-2.5069658756256104,-2.7519593238830566,1.2623823881149292,11.293543622792242,7.025487399830309,2.232105820760168
-44.88256639474447,7.568059140487905,72.48460392519493,-2.5306243896484375,-2.74497127532959,1.2304723262786865,11.791245847232737,7.568059140487905,1.8362485470337475
-45.3248655397324,7.76165279643132,71.9878920781841,-2.537846565246582,-2.717689275741577,1.2654809951782227,12.233544992220665,7.76165279643132,2.3329603940445764

Errors:
rotation,[19.06591627476926, 19.035492888630003, 18.65317519984586, 14.875829979365648, 9.347025599339144, 5.302801313735264, 8.023331226347578, 19.051896556651755, 21.06183893422623, 15.561654114234894, 17.733000827864114, 17.447346881636985, 20.638123224655388, 24.15083821745243, 24.308230536112763, 24.062954681258653, 26.4664928762272, 24.930985651099007, 24.73853933530328, 27.394584344700576, 29.89703013183015, 28.639375619851506, 26.119403723341954, 24.69673714108439, 22.99513561886672, 24.088390400293164, 22.67306583721575, 23.770660041511956, 23.123157205551944, 21.59486131060798, 21.18629456675169, 21.357062986321615, 20.867992174180664, 20.55113684338272, 21.19555353475439, 22.328158182696562]
translation,[0.03326186669987141, 0.03327339889491565, 0.03422135314592811, 0.0389105012801938, 0.037179948818202746, 0.019758862646663822, 0.008439723386056919, 0.007250678041839542, 0.012036117157687265, 0.015457496065502063, 0.009566844159381027, 0.00612962525410321, 0.01195483587275259, 0.017364615436457953, 0.017181129463628153, 0.036285027490470245, 0.04597157080255476, 0.0429991948028996, 0.0498184910997459, 0.058560180984418064, 0.058864897517849624, 0.05887764867586398, 0.06195836370364871, 0.06341837561589125, 0.06446970570918786, 0.06319516986156604, 0.05956096434327973, 0.06585495906890193, 0.07348726097117053, 0.07760832850587862, 0.08422468310931652, 0.0892170127383487, 0.09531866954907198, 0.10025539753765234, 0.1000999728292915, 0.10328706068332805]
loss,
[0.16253040730953217, 0.15960440039634705, 0.16577136516571045, 0.1559053212404251, 0.14836272597312927, 0.15699708461761475, 0.15140274167060852, 0.14943024516105652, 0.14181049168109894, 0.1340303272008896, 0.13005973398685455, 0.11238370835781097, 0.10571438074111938, 0.10171744227409363, 0.10149504989385605, 0.10672076791524887, 0.09818576276302338, 0.09215584397315979, 0.10478752106428146, 0.10529037564992905, 0.10634128749370575, 0.10000066459178925, 0.10199274122714996, 0.09095226228237152, 0.10161393880844116, 0.10716195404529572, 0.1105661392211914, 0.1165381520986557, 0.10402390360832214, 0.10001473128795624, 0.10872640460729599, 0.09774184226989746, 0.09666621685028076, 0.08654369413852692, 0.100092813372612, 0.10179769992828369]

2022-04-28 12:45:36.944888