2022-04-28 12:38:00.019768

reference phi, theta, psi, translation: 16.672973292337613, -0.0, 55.56417970941693, 0.9538894295692444, -3.184936285018921, 2.279534101486206

phi,theta,psi,rot_x,rot_y,rot_z,phi_err,theta_err,psi_err
26.607018987257597,-4.879078348390559,61.415046110949504,1.4386786222457886,-3.2383759021759033,2.121750593185425,9.934045694919984,4.879078348390559,5.850866401532571
27.272378450159803,-5.522684874130006,61.905556146193966,1.4783107042312622,-3.242027521133423,2.0823590755462646,10.59940515782219,5.522684874130006,6.341376436777033
28.131879210030455,-6.441032368507986,62.9552264480307,1.5606117248535156,-3.2431728839874268,2.0023210048675537,11.458905917692842,6.441032368507986,7.391046738613767
27.26820008193505,-5.259844435865319,63.76035548701346,1.5689435005187988,-3.2671287059783936,1.9409390687942505,10.595226789597437,5.259844435865319,8.19617577759653
26.20512041121029,-4.159095348344205,64.711309064776,1.561377763748169,-3.3120293617248535,1.8609652519226074,9.532147118872679,4.159095348344205,9.14712935535907
24.360503174895996,-1.7570718693918173,65.40162262381085,1.5265519618988037,-3.363632917404175,1.7742406129837036,7.687529882558383,1.7570718693918173,9.837442914393918
19.781831223264586,3.3590365736913803,64.94166402472385,1.3460896015167236,-3.4447200298309326,1.741537094116211,3.1088579309269733,3.3590365736913803,9.377484315306916
20.686788599608963,1.6738621482315101,61.813717422613976,1.3121733665466309,-3.3556087017059326,1.9379228353500366,4.013815307271351,1.6738621482315101,6.249537713197043
19.86051329495584,2.009292993593875,56.78571464624411,1.2298977375030518,-3.1674511432647705,2.230433464050293,3.1875400026182277,2.009292993593875,1.221534936827176
17.623646832344175,0.7925967778738539,55.387086564616844,1.0413917303085327,-3.1593177318573,2.294813632965088,0.9506735400065622,0.7925967778738539,0.17709314480008942
16.524882838300687,-0.1512739486399785,55.34133454246152,0.9385846257209778,-3.1762073040008545,2.291982889175415,0.14809045403692522,0.1512739486399785,0.22284516695541612
16.841658474269416,0.11300412955769389,55.61341512804897,0.9697377681732178,-3.178093194961548,2.275777816772461,0.16868518193180293,0.11300412955769389,0.049235418632036954
16.584264502944777,-0.012963219130830188,55.51647425315898,0.948207676410675,-3.1789422035217285,2.277240037918091,0.088708789392836,0.012963219130830188,0.047705456257951084
16.826293963731473,0.004410003563484135,55.59786620240344,0.9652758240699768,-3.1769914627075195,2.274874448776245,0.1533206713938604,0.004410003563484135,0.03368649298650439
16.607545202730766,0.03637165393317801,55.51442861150256,0.9511188268661499,-3.176481008529663,2.278029441833496,0.0654280896068471,0.03637165393317801,0.04975109791437404
16.753646364171924,0.03353780649096357,55.67900201955402,0.9609391093254089,-3.181398868560791,2.2697675228118896,0.08067307183431183,0.03353780649096357,0.11482231013708599
16.671448452605407,0.019236140050052055,55.62714722337528,0.9569797515869141,-3.180316209793091,2.2710776329040527,0.0015248397322054075,0.019236140050052055,0.06296751395834832
16.75370442077987,0.014964874548227128,55.63509073338001,0.9597869515419006,-3.1791586875915527,2.271738052368164,0.08073112844225605,0.014964874548227128,0.07091102396307747
16.76479664799197,-0.0016750947023932172,55.679169359188684,0.9611055850982666,-3.180673837661743,2.269073247909546,0.09182335565435906,0.0016750947023932172,0.11498964977175063
16.64606063946047,0.018316794015954218,55.6041602217236,0.9544990062713623,-3.1801917552948,2.2734036445617676,0.026912652877143728,0.018316794015954218,0.03998051230666988
16.7444495144545,0.012637293363040572,55.6813072083989,0.9616261124610901,-3.183370351791382,2.2690727710723877,0.07147622211688898,0.012637293363040572,0.11712749898196506
16.709905832727163,0.004358772188769848,55.53075617871348,0.9562587738037109,-3.1776316165924072,2.277885913848877,0.036932540389550184,0.004358772188769848,0.03342353070345183
16.64676927158686,0.03337097570220871,55.561942822463756,0.9540387988090515,-3.179171085357666,2.2759296894073486,0.026204020750753898,0.03337097570220871,0.002236886953177475
16.804946207480597,0.030170586907687338,55.62615343085105,0.9636654257774353,-3.1784615516662598,2.2718396186828613,0.1319729151429847,0.030170586907687338,0.06197372143411428
16.74758627883083,0.03224323778202258,55.60375724056257,0.9601055383682251,-3.178222179412842,2.273123025894165,0.0746129864932179,0.03224323778202258,0.039577531145639
16.71461695570718,0.0001690898318989428,55.569575558861246,0.9567034840583801,-3.17771577835083,2.275617837905884,0.04164366336956604,0.0001690898318989428,0.005395849444312262
16.731955390915257,0.010880234261213121,55.61007175045025,0.9589351415634155,-3.1792356967926025,2.2732303142547607,0.05898209857764414,0.010880234261213121,0.04589204103331923
16.69280303904545,-0.02649324052664142,55.61016054290946,0.9553034901618958,-3.1792218685150146,2.272770881652832,0.019829746707838325,0.02649324052664142,0.04598083349252846
16.721617899606443,-0.021768039796452296,55.699366228564415,0.9581071734428406,-3.1823980808258057,2.2679312229156494,0.04864460726883024,0.021768039796452296,0.13518651914748148
16.743467674761312,-0.011782041351095646,55.59710805140557,0.9586969017982483,-3.1782736778259277,2.2738494873046875,0.07049438242369988,0.011782041351095646,0.03292834198863659
16.73909464614521,0.04296801633749719,55.602971768808025,0.9603230357170105,-3.1783177852630615,2.274021625518799,0.06612135380759909,0.04296801633749719,0.03879205939109198
16.7123578706392,-0.0007369909873958285,55.59934152326416,0.9579622149467468,-3.1798653602600098,2.2742021083831787,0.03938457830158626,0.0007369909873958285,0.03516181384722472
16.68982678411462,-0.03725429194904325,55.5990819760757,0.9549053311347961,-3.1814887523651123,2.2741494178771973,0.016853491777006013,0.03725429194904325,0.03490226665876861
16.713583889595213,0.017568618371245126,55.62870792160063,0.95867919921875,-3.181563377380371,2.2733871936798096,0.040610597257600745,0.017568618371245126,0.06452821218369564
16.699243907432773,0.054401656101489754,55.59500776823579,0.959052562713623,-3.1796581745147705,2.2747344970703125,0.02627061509516082,0.054401656101489754,0.030828058818855197
16.697362190316433,-0.017338463688450215,55.63403205405866,0.9563678503036499,-3.1813557147979736,2.27211332321167,0.024388897978820268,0.017338463688450215,0.06985234464172407

Errors:
rotation,[20.663990444843115, 22.46346646872923, 25.290985024814596, 24.051247003059284, 22.838371822575954, 19.28204466634412, 15.84537881992527, 11.937215168699904, 6.418367933039279, 1.9203634626805055, 0.5222095696323199, 0.3309247301215338, 0.1493774647816173, 0.19141716794384894, 0.15155084145439915, 0.2290331884623614, 0.08372849374060579, 0.16660702695356067, 0.2084881001285029, 0.08520995919976783, 0.20124101446189463, 0.07471484328177186, 0.061811883406140085, 0.22411722348478633, 0.1464337554208795, 0.047208602645777246, 0.11575437387217649, 0.09230382072700821, 0.20559916621276403, 0.11520476576343211, 0.14788142953618827, 0.0752833831362068, 0.08901005038481788, 0.12270742781254151, 0.11150033001550577, 0.11157970630899455]
translation,[0.09908907901583852, 0.0958996458065462, 0.08748361265998117, 0.08019186943555923, 0.07625846836355787, 0.06671411289529416, 0.05678071969718346, 0.06001445220057189, 0.03337954935384868, 0.010152478807519572, 0.003422380559359617, 0.003743560723984629, 0.007375201551582222, 0.006195828136674741, 0.008185069580264326, 0.00663543560935409, 0.007695620024143146, 0.007568904629458473, 0.007560369925963428, 0.007069706959680566, 0.005304373029817455, 0.006139698226495405, 0.0065574848876535086, 0.007135305840193951, 0.00745055029235786, 0.007250674563927362, 0.0068683980300834335, 0.008002723437113168, 0.007555955830500949, 0.00733527754097274, 0.006815426255419865, 0.006053639950054368, 0.005526988189684445, 0.005001608369229693, 0.005656845489824924, 0.006434761645667031]
loss,
[0.14592868089675903, 0.16064754128456116, 0.15179133415222168, 0.13091561198234558, 0.13548536598682404, 0.11407246440649033, 0.05803876742720604, 0.050479304045438766, 0.02930501103401184, 0.008021047338843346, 0.0021196696907281876, 0.0026912575121968985, 0.0018036148976534605, 0.0021505807526409626, 0.001567350933328271, 0.0013982211239635944, 0.0017124594887718558, 0.001570647582411766, 0.0017350757261738181, 0.002906475216150284, 0.002936207689344883, 0.001744148088619113, 0.0022201421670615673, 0.0015593904536217451, 0.0010405777720734477, 0.0015542207984253764, 0.0018860644195228815, 0.002116754185408354, 0.002160456730052829, 0.0013666286831721663, 0.0016300104325637221, 0.0017573487712070346, 0.002427693922072649, 0.001181875471957028, 0.0020776991732418537, 0.0021591982804238796]

2022-04-28 12:40:29.628485