2022-04-28 12:45:41.427296

reference phi, theta, psi, translation: 175.36684180812657, -0.0, 39.4597479484966, 0.2069414258003235, 2.553555727005005, 3.112318754196167

phi,theta,psi,rot_x,rot_y,rot_z,phi_err,theta_err,psi_err
-174.60268024378553,2.426304892454245,32.24175771288345,-0.3459881842136383,2.1274664402008057,3.6064906120300293,10.030477948087878,2.426304892454245,7.217990235613151
-174.29064988174267,2.0678712943358355,32.787660582296716,-0.3398294150829315,2.1503541469573975,3.590132236480713,10.342508310130768,2.0678712943358355,6.672087366199882
-173.42817457448848,0.8821750030052883,34.53711450045252,-0.3157604932785034,2.2653419971466064,3.5066187381744385,11.204983617384983,0.8821750030052883,4.922633448044081
-173.82843732022957,1.0884545786528765,35.43968643322927,-0.32646188139915466,2.3188157081604004,3.4577925205230713,10.804720871643894,1.0884545786528765,4.020061515267329
-174.6438936052374,1.3829454346880359,36.9880356765578,-0.3338155448436737,2.4015121459960938,3.388590097427368,9.989264586636068,1.3829454346880359,2.4717122719387987
-175.32792339023584,1.2728778658155138,38.589028602914205,-0.3089066743850708,2.503554105758667,3.306758403778076,9.305234801637596,1.2728778658155138,0.870719345582394
-175.62423065680932,1.2911623515684203,38.48661333140445,-0.28734180331230164,2.495651960372925,3.3162686824798584,9.008927535064117,1.2911623515684203,0.9731346170921498
-175.72076855053828,1.135622864417388,39.15347885101865,-0.27341940999031067,2.535905122756958,3.2906899452209473,8.912389641335153,1.135622864417388,0.3062690974779514
-176.16822790344415,0.6559104050650489,40.750998626182096,-0.23325714468955994,2.6193037033081055,3.2211060523986816,8.464930288429287,0.6559104050650489,1.2912506776854968
-175.98050698429554,-0.09511112209370635,41.93035372978986,-0.19336314499378204,2.6839210987091064,3.1668150424957275,8.65265120757789,0.09511112209370635,2.4706057812932585
-176.55931087494076,-0.14321279260436448,42.432031124327295,-0.1686403900384903,2.708163022994995,3.131765365600586,8.073847316932643,0.14321279260436448,2.9722831758306967
-176.73552975552707,-0.30497999291627553,42.185618389640744,-0.1476159393787384,2.6949410438537598,3.1469571590423584,7.897628436346395,0.30497999291627553,2.7258704411441457
-176.79204274071978,-0.29927655836212336,42.290567661332574,-0.14033064246177673,2.701125383377075,3.143195867538452,7.841115451153655,0.29927655836212336,2.830819712835975
-177.30292723025838,-0.7051838891471666,42.25240397934513,-0.09716182202100754,2.69561505317688,3.1377501487731934,7.33023096161503,0.7051838891471666,2.7926560308485335
-177.77045367894576,-0.6231052520003791,41.42412742926519,-0.07513666898012161,2.654620409011841,3.167217493057251,6.862704512927678,0.6231052520003791,1.9643794807685921
-177.31031749494034,-0.9318955172868209,41.926504918192556,-0.07881418615579605,2.677964448928833,3.143237829208374,7.322840696933099,0.9318955172868209,2.4667569696959575
-177.63488808429935,-1.0604814223001926,41.86246506453452,-0.06100500747561455,2.675483465194702,3.1420514583587646,6.998270107574058,1.0604814223001926,2.4027171160379197
-177.86685496889132,-1.2996307407267256,41.586187327702085,-0.039251908659935,2.657548666000366,3.154191017150879,6.766303222982117,1.2996307407267256,2.126439379205486
-177.7950150392011,-1.8048994736969248,42.24940894139408,-0.011528408154845238,2.6936259269714355,3.1187562942504883,6.83814315267233,1.8048994736969248,2.789660992897481
-178.1866444258313,-1.6744728082386935,42.58639681466417,-0.0030431002378463745,2.7069458961486816,3.10420298576355,6.4465137660421306,1.6744728082386935,3.126648866167571
-178.04006856624284,-1.9859006285056882,42.210278787639076,0.016341865062713623,2.6832494735717773,3.1276698112487793,6.593089625630569,1.9859006285056882,2.7505308391424776
-177.96423980607736,-2.152890284997332,42.18386303102405,0.019340969622135162,2.6838366985321045,3.1195948123931885,6.668918385796076,2.152890284997332,2.7241150825274545
-178.4235290466257,-2.1557957748297465,42.79589579198139,0.03696565330028534,2.7137699127197266,3.082472801208496,6.209629145247732,2.1557957748297465,3.336147843484788
-178.88229919279712,-2.1599508465834174,42.891737006415006,0.05727613717317581,2.715623140335083,3.0715444087982178,5.750858999076286,2.1599508465834174,3.4319890579184076
-178.8778595698366,-2.3113789669707048,43.087353624244166,0.06089293211698532,2.72241473197937,3.0599398612976074,5.7552986220368325,2.3113789669707048,3.627605675747567
-178.91552123292004,-2.685715433954163,43.57742652738175,0.08760824799537659,2.746147871017456,3.0330824851989746,5.717636958953392,2.685715433954163,4.117678578885155
-179.2977112981173,-2.203708705289111,43.159009138826775,0.08495107293128967,2.7231862545013428,3.056032180786133,5.3354468937561705,2.203708705289111,3.6992611903301764
-178.95726734912716,-2.488158076180705,43.37514022982807,0.08025622367858887,2.7355241775512695,3.0442020893096924,5.675890842746298,2.488158076180705,3.9153922813314708
-178.98016214322504,-2.450173242941143,43.47089265180248,0.07491619139909744,2.739839553833008,3.0364296436309814,5.65299604864839,2.450173242941143,4.011144703305881
-179.16153098644557,-2.5651229766922197,43.46999789702121,0.08739187568426132,2.7389650344848633,3.036691665649414,5.471627205427865,2.5651229766922197,4.01024994852461
-178.9431151971669,-2.619886153090365,43.21799123740442,0.08571957796812057,2.7289342880249023,3.0514564514160156,5.690042994706573,2.619886153090365,3.7582432889078206
-178.7200138981176,-2.3975123722286718,42.49014920397493,0.07184737920761108,2.6909255981445312,3.0937232971191406,5.913144293755863,2.3975123722286718,3.0304012554783313
-178.5532616597209,-2.8238376597964834,42.92596308434594,0.08752951771020889,2.7129409313201904,3.069661855697632,6.079896532152532,2.8238376597964834,3.466215135849339
-178.73988974860234,-2.8290105237245275,42.77565452637605,0.09695468842983246,2.698892116546631,3.0805418491363525,5.893268443271097,2.8290105237245275,3.3159065778794528
-178.72228152092205,-2.9277751365228695,42.859529249383804,0.09739289432764053,2.7033920288085938,3.074159860610962,5.910876670951382,2.9277751365228695,3.3997813008872058
-178.9220235730099,-2.9550102678340124,42.93366753772971,0.11065185815095901,2.706998109817505,3.067234992980957,5.711134618863525,2.9550102678340124,3.4739195892331125

Errors:
rotation,[19.674773076155276, 19.082466970666488, 17.00979206843435, 15.913236965564101, 13.843922293262903, 11.448832013035503, 11.273224503724688, 10.354281603230493, 10.412091371179832, 11.218368110964855, 11.189343285367704, 10.928478870406815, 10.971211722351754, 10.82807088161073, 9.450189245696649, 10.721493183915877, 10.46146864591217, 10.192373342914328, 11.432703619266736, 11.247635440448395, 11.329521093278734, 11.545923753320862, 11.701572763562266, 11.34279890357811, 11.694283264755104, 12.52103097179271, 11.238416789375458, 12.079441200258474, 12.114313994895415, 12.047000130644694, 12.068172436704758, 11.341057921462866, 12.369949327798354, 12.038185544875077, 12.238433108361457, 12.14006447593065]
translation,[0.170370405351016, 0.16750862473462824, 0.15549917356359266, 0.14497135743898681, 0.13555285520539506, 0.12794049461731927, 0.12921755049760186, 0.1323088473347367, 0.12707811513684675, 0.1245346904718172, 0.11260630360539103, 0.11469280971037943, 0.11561100988479822, 0.10665523187560044, 0.10214126706548043, 0.09896188675473638, 0.0961488154249599, 0.09355620150778154, 0.08984124675848637, 0.0875653239663361, 0.08984353755336993, 0.08411421299903932, 0.07588373156112471, 0.06914855858444469, 0.06502569451815798, 0.061375624305842535, 0.06304908056817471, 0.062366004471996916, 0.05937703224718849, 0.05923338918872645, 0.06347941514157807, 0.06976942180928525, 0.06649655960369039, 0.06559632120804793, 0.06377931277583038, 0.061304812017466404]
loss,
[0.11213120073080063, 0.11127599328756332, 0.10431788861751556, 0.10029991716146469, 0.09735368937253952, 0.0839698314666748, 0.09007048606872559, 0.0947905108332634, 0.08302000164985657, 0.09704086184501648, 0.09040149301290512, 0.09402965754270554, 0.09337514638900757, 0.09535402059555054, 0.10811394453048706, 0.09093621373176575, 0.09778627008199692, 0.09402777999639511, 0.09653248637914658, 0.08448007702827454, 0.09610407054424286, 0.10271405428647995, 0.08155124634504318, 0.09585529565811157, 0.09210184216499329, 0.08466027677059174, 0.09178696572780609, 0.095811627805233, 0.09200894087553024, 0.09428195655345917, 0.08130259811878204, 0.10686816275119781, 0.10830692946910858, 0.0972084254026413, 0.08339504897594452, 0.09745223820209503]

2022-04-28 12:48:20.530114