2022-04-28 12:50:57.785476

reference phi, theta, psi, translation: 132.9853677440357, -8.537735924097414e-07, 76.34363348549546, 2.865516185760498, 2.6707684993743896, 0.9517420530319214

phi,theta,psi,rot_x,rot_y,rot_z,phi_err,theta_err,psi_err
143.3552887910292,-3.0579185397180266,69.36864430507845,2.3124754428863525,2.981729030609131,1.6183615922927856,10.369921046993511,3.0579176859444344,6.974989180417012
143.15602485218326,-3.6969815014190517,69.36174581401673,2.3488972187042236,2.9610142707824707,1.6044495105743408,10.170657108147566,3.6969806476454594,6.981887671478731
143.50590812260634,-8.52295451702587,68.58486643744114,2.484113931655884,2.8692336082458496,1.5748169422149658,10.520540378570644,8.522953663252277,7.758767048054324
143.90617086834743,-13.053922973761027,70.37357003766242,2.6105356216430664,2.9040610790252686,1.3569215536117554,10.920803124311732,13.053922119987435,5.970063447833041
141.89862800711896,-11.154068343935622,72.065264461102,2.6863818168640137,2.868007183074951,1.2750108242034912,8.91326026308326,11.15406749016203,4.278369024393456
142.9229651373241,-11.00647375279604,72.99431362219632,2.6121785640716553,2.942918539047241,1.2288389205932617,9.9375973932884,11.006472899022448,3.3493198632991437
141.46033476807924,-10.752398156836835,73.73383186401193,2.689893960952759,2.8819375038146973,1.188352346420288,8.474967024043536,10.752397303063242,2.609801621483527
142.42537219591034,-11.536409361676904,73.72215224053122,2.6528167724609375,2.920130968093872,1.1713720560073853,9.440004451874643,11.536408507903312,2.6214812449642437
141.946398350174,-10.711465152096476,73.35468806318453,2.6624348163604736,2.891817331314087,1.208769679069519,8.961030606138308,10.711464298322884,2.988945422310934
141.94944461454384,-11.025714458678278,74.24416993841695,2.6723783016204834,2.913954257965088,1.1282644271850586,8.964076870508137,11.025713604904686,2.099463547078514
142.02836062021416,-10.298780432751705,74.33977209622961,2.643782377243042,2.9418740272521973,1.1271698474884033,9.04299287617846,10.298779578978113,2.0038613892658503
141.43379265296457,-10.42034359826404,74.19220585921148,2.67374587059021,2.9068045616149902,1.1424345970153809,8.448424908928871,10.420342744490448,2.1514276262839758
140.67226754164315,-10.41752003222024,74.2821936015264,2.7104227542877197,2.8738691806793213,1.137582540512085,7.6868997976074525,10.417519178446648,2.061439883969058
141.2428478845277,-11.029481269021321,74.77852978813289,2.683264970779419,2.921862840652466,1.0921261310577393,8.257480140491992,11.029480415247729,1.5651036973625736
140.80398090959767,-10.557026190820547,75.20494532820595,2.7004356384277344,2.9187796115875244,1.0723010301589966,7.81861316556197,10.557025337046955,1.1386881572895078
140.38822729481902,-10.87904235409597,76.13838630093657,2.7307868003845215,2.9184257984161377,1.0045784711837769,7.402859550783319,10.879041500322378,0.20524718455888546
140.57930866703927,-10.487719117093365,76.49412987366752,2.706854820251465,2.9469997882843018,0.9840431213378906,7.593940923003572,10.487718263319772,0.15049638817205846
140.46337303606748,-10.631667491397158,76.95374013310685,2.7222859859466553,2.941246747970581,0.9551267623901367,7.478005292031781,10.631666637623566,0.6101066476113886
140.36708102914864,-9.984930075318886,76.69317524646003,2.7128124237060547,2.939321279525757,0.9790796041488647,7.381713285112937,9.984929221545293,0.3495417609645699
139.95564409392543,-10.514594310094164,77.28521604371674,2.745650291442871,2.9194588661193848,0.9218699932098389,6.97027634988973,10.514593456320572,0.9415825582212847
140.60132919692342,-9.897029866736347,76.5172295734405,2.6981136798858643,2.9308671951293945,0.9885327816009521,7.615961452887717,9.897029012962754,0.1735960879450431
140.5098319828019,-9.610664091965196,76.765568421473,2.705359935760498,2.930382013320923,0.9679737091064453,7.5244642387662,9.610663238191604,0.4219349359775464
140.80048385274264,-10.072900054716703,76.50293398750767,2.69291090965271,2.936077117919922,0.980721652507782,7.815116108706945,10.07289920094311,0.1593005020122149
140.91622823841766,-10.483047464885301,76.03895240699953,2.687417507171631,2.930844306945801,1.0069743394851685,7.93086049438196,10.483046611111709,0.30468107849593196
140.74929841510257,-10.645109785010922,75.70856249646768,2.690255880355835,2.9190104007720947,1.032185673713684,7.763930671066873,10.64510893123733,0.6350709890277813
140.47290798014882,-10.356287709131374,75.99180361115894,2.6997129917144775,2.9176506996154785,1.0134550333023071,7.487540236113119,10.356286855357782,0.35182987433651647
140.28451770246153,-10.08519133231901,76.30125899188471,2.7084414958953857,2.912492036819458,0.9976485967636108,7.299149958425829,10.085190478545417,0.042374493610751074
140.20142162101916,-9.99589983876196,76.4435454926744,2.7096967697143555,2.9097087383270264,0.9922245144844055,7.216053876983466,9.995898984988369,0.09991200717894344
139.86585442709642,-9.999004685103108,76.66463871610772,2.728095054626465,2.901423215866089,0.9693848490715027,6.880486683060724,9.999003831329516,0.3210052306122577
139.64936475116372,-9.749040891136687,76.71574219147776,2.731806516647339,2.8968613147735596,0.9675835967063904,6.6639970071280175,9.749040037363095,0.37210870598229917
139.70938845358978,-9.976298862997874,76.1765124168836,2.72688889503479,2.883406162261963,1.0024508237838745,6.7240207095540825,9.976298009224282,0.1671210686118627
139.50587613708007,-10.234791462919612,76.41345167919134,2.7409377098083496,2.8738324642181396,0.9860403537750244,6.520508393044366,10.23479060914602,0.06981819369588038
139.39235839307446,-9.951261540827339,76.42456439697095,2.741725444793701,2.8702328205108643,0.9860032796859741,6.406990649038761,9.951260687053747,0.08093091147549103
139.04740651923214,-9.415298518870141,76.34144099477189,2.7520296573638916,2.857510805130005,0.9980468153953552,6.0620387751964415,9.41529766509655,0.0021924907235728597
138.92737277475834,-9.455323421948364,76.34064869282817,2.757530927658081,2.8507192134857178,0.9973411560058594,5.94200503072264,9.455322568174772,0.002984792667291458
138.719133967343,-9.479713842671103,76.34703491970212,2.76804518699646,2.8365373611450195,0.9998763799667358,5.733766223307299,9.47971298889751,0.003401434206665499

Errors:
rotation,[20.402827913354958, 20.849525427271757, 26.802261089877245, 29.944788692132207, 24.345696777638743, 24.29339015560999, 21.837165948590304, 23.597894204742197, 22.661440326772126, 22.08925402249134, 21.345633844422423, 21.020195279703294, 20.165858860023157, 20.852064253102295, 19.514326659898433, 18.487148235664584, 18.2321555744954, 18.719778577266737, 17.7161842676228, 18.426452364431587, 17.686586553795514, 17.557062412935352, 18.047315811662273, 18.718588183989603, 19.044110591331986, 18.195656965807416, 17.426714930581998, 17.311864869150778, 17.2004957450025, 16.78514575047341, 16.867439787390225, 16.825117195886264, 16.439182247568, 15.479528931016564, 15.400312391564704, 15.216880646411475]
translation,[0.07464079787699607, 0.07486449629967584, 0.0778091389825688, 0.10284049600353562, 0.10018626008158993, 0.09128439235914865, 0.08630652495080948, 0.08429502410026313, 0.08132664973795833, 0.08052717810705268, 0.08162197964202811, 0.08026823855127496, 0.07978456219022334, 0.08347104793554472, 0.0872999800335883, 0.08998544893639426, 0.08957632082795008, 0.08882746338837144, 0.0868266102096138, 0.08125237618560988, 0.07338043584946696, 0.07290376437422186, 0.07181307523493619, 0.0708289755231668, 0.07051778997821234, 0.0710932819268395, 0.06930617528999417, 0.0668426586776043, 0.06770827328688256, 0.06652777436187307, 0.06214139153503506, 0.06080560873526508, 0.058797408533938444, 0.05973073646503835, 0.05852464470497232, 0.05638513873182127]
loss,
[0.1503652185201645, 0.13417726755142212, 0.10624302923679352, 0.0812559574842453, 0.07458843290805817, 0.05925510451197624, 0.07265570014715195, 0.06822033226490021, 0.07867872714996338, 0.0867684930562973, 0.06994719803333282, 0.06806910037994385, 0.07680878788232803, 0.06882573664188385, 0.06934095919132233, 0.07657161355018616, 0.07051443308591843, 0.0728437751531601, 0.08365292847156525, 0.0750187337398529, 0.07101739197969437, 0.07151959836483002, 0.07615844905376434, 0.06813867390155792, 0.07671372592449188, 0.08265145123004913, 0.06821008771657944, 0.06913422048091888, 0.06774099171161652, 0.06168675050139427, 0.07195445150136948, 0.06255631148815155, 0.07550439983606339, 0.06872406601905823, 0.05713030695915222, 0.061845533549785614]

2022-04-28 12:53:26.671473