2022-04-27 10:22:23.310051

reference phi, theta, psi, translation: 132.9853677440357, -8.537735924097414e-07, 76.34363348549546, 2.865516185760498, 2.6707684993743896, 0.9517420530319214

phi,theta,psi,rot_x,rot_y,rot_z,phi_err,theta_err,psi_err
143.3552887910292,-3.0579185397180266,69.36864430507845,2.3124754428863525,2.981729030609131,1.6183615922927856,10.369921046993511,3.0579176859444344,6.974989180417012
142.85910286858447,-2.47236574329601,68.84092339923575,2.3133585453033447,2.96923828125,1.6341904401779175,9.873735124548773,2.4723648895224177,7.502710086259711
142.13071783511597,-0.7078687626567302,67.38472023799986,2.2954318523406982,2.970823049545288,1.6593570709228516,9.145350091080275,0.7078679088831378,8.958913247495602
140.23173400055566,3.068028622547579,66.48213805993936,2.36089825630188,2.9559719562530518,1.6123286485671997,7.246366256519963,3.068029476321171,9.8614954255561
141.28402026484451,2.9106704357953097,68.90347427165473,2.3250558376312256,3.0344550609588623,1.4816474914550781,8.298652520808815,2.910671289568902,7.4401592138407295
139.66689101657397,2.2144076093600886,71.50203340176441,2.458592653274536,3.004594326019287,1.3137329816818237,6.681523272538271,2.214408463133681,4.841600083731052
137.8611939056977,1.2748638954145952,73.39353817918355,2.605778694152832,2.940675973892212,1.173237681388855,4.8758261616619905,1.2748647491881877,2.9500953063119084
135.3308956861531,1.1898506530950337,75.67521751293968,2.7657594680786133,2.8338420391082764,1.014045000076294,2.3455279421174,1.1898515068686262,0.6684159725557777
133.4944080824984,-0.00037424034021517653,75.38834273760997,2.853083372116089,2.7107338905334473,1.0307971239089966,0.5090403384627109,0.0003733865666227668,0.9552907478854848
133.01081702888317,-0.10918917341849284,75.818091409998,2.867349147796631,2.6762030124664307,0.9907596707344055,0.025449284847468334,0.10918831964490043,0.5255420754974551
132.88428094431953,-0.10564688789919591,76.18241370032648,2.868821144104004,2.661269187927246,0.9608355760574341,0.10108679971617107,0.1056460341256035,0.1612197851689814
133.01790676524163,0.15438288466221478,76.55246651936861,2.862297534942627,2.670243740081787,0.9352686405181885,0.03253902120593466,0.1543837384358072,0.2088330338731481
133.00946465142752,0.09609639401650519,76.37103620444556,2.8577635288238525,2.66941499710083,0.9485071301460266,0.024096907391822242,0.0960972477900976,0.027402718950099825
133.0745426938394,0.08444785153366981,76.32662631446213,2.8562097549438477,2.671963691711426,0.9525572061538696,0.08917494980369156,0.08444870530726221,0.017007171033327495
132.92789853235922,0.08066818240228794,76.48723821279498,2.8645403385162354,2.6654934883117676,0.940720796585083,0.05746921167647656,0.08066903617588035,0.14360472729951823
133.11835152717586,0.043442983326173724,76.40270096143773,2.854003429412842,2.6741952896118164,0.9464199542999268,0.1329837831401619,0.04344383709976613,0.05906747594227113
132.94856668478766,0.029988227998393496,76.5445161791747,2.8634350299835205,2.6653099060058594,0.9361740350723267,0.03680105924803456,0.029989081771985907,0.20088269367924738
133.1405223212217,0.07720421663324965,76.4120924715465,2.8535854816436768,2.6749730110168457,0.9460881352424622,0.15515457718601056,0.07720507040684206,0.06845898605104139
133.09530646891622,0.008008165604599982,76.44485688899505,2.8573660850524902,2.6733336448669434,0.9441049098968506,0.10993872488052148,0.008009019378192392,0.10122340349958847
132.99928766956418,0.010072058306736693,76.41673016999295,2.862626075744629,2.6668379306793213,0.945223867893219,0.013919925528483645,0.010072912080329103,0.07309668449748585
132.97957574361953,0.004106007186719038,76.37377511030273,2.8627262115478516,2.6663992404937744,0.9488757848739624,0.005792000416164456,0.004106860960311448,0.030141624807271228
132.99121438596524,0.012251612267862746,76.36564718519041,2.8614866733551025,2.6665618419647217,0.9499223828315735,0.0058466419295371,0.012252466041455155,0.022013699694952038
132.89572834136845,0.0005245652182188014,76.32669461635383,2.8665637969970703,2.6624791622161865,0.9509186148643494,0.08963940266724535,0.0005254189918112111,0.0169388691416259
132.9336905327754,0.04492884456490653,76.4244141328092,2.8648438453674316,2.664611339569092,0.9450925588607788,0.051677211260312106,0.044929698338498934,0.08078064731374468
133.03006450196426,0.04264207881892634,76.36845439293928,2.8597493171691895,2.66919207572937,0.9499044418334961,0.04469675792856265,0.04264293259251875,0.024820907443825035
133.071031976606,0.04082527242178962,76.40542620691657,2.859095811843872,2.671938180923462,0.9477449655532837,0.0856642325703092,0.04082612619538203,0.06179272142111358
132.9959408768709,0.04213177866246277,76.3350137867629,2.861382246017456,2.666059732437134,0.9512966871261597,0.01057313283519079,0.042132632436055174,0.0086196987325593
132.92538502274465,0.057959392104850606,76.3978788478837,2.865063190460205,2.6639437675476074,0.9478305578231812,0.059982721291049756,0.05796024587844301,0.054245362388243734
132.93282992893998,0.020917408842150678,76.4261899819934,2.8646371364593506,2.6647186279296875,0.9440556764602661,0.05253781509571809,0.02091826261574309,0.0825564964979435
133.0059129530591,-0.09037829518592294,76.41026881103811,2.8633642196655273,2.6655428409576416,0.9474257826805115,0.020545209023396183,0.09037744141233053,0.06663532554264862
133.0401731819359,0.003404024575642257,76.39852088566569,2.859426736831665,2.6688642501831055,0.9475036263465881,0.05480543790019965,0.0034048783492346664,0.054887400170230194
133.0515112959581,0.029915307552570786,76.39979813104048,2.8584041595458984,2.669344425201416,0.9464882612228394,0.0661435519224085,0.029916161326163197,0.05616464554502443
132.90974388954533,0.0074989410229326986,76.41494066043039,2.865194797515869,2.662344217300415,0.9454774260520935,0.07562385449037379,0.007499794796525109,0.07130717493492966
133.0323594455254,0.006149418316063551,76.43455696372668,2.860621213912964,2.669283628463745,0.9447831511497498,0.04699170148970211,0.006150272089655961,0.09092347823121827
133.0656771082967,0.013371242511854264,76.42620364237175,2.8589112758636475,2.671215772628784,0.9453029632568359,0.0803093642610122,0.013372096285446673,0.08257015687628666
133.02066616166633,0.004445242841586641,76.33591537173335,2.859652519226074,2.667041778564453,0.9512887001037598,0.03529841763062791,0.004446096615179051,0.007718113762109624

Errors:
rotation,[20.402827913354958, 19.8488101003309, 18.812131247459014, 20.175891158397235, 18.649483024218448, 13.737531819403005, 9.100786217162087, 4.203795421541804, 1.4647044729148186, 0.6601796799898239, 0.36795261901075593, 0.39575579351489, 0.14759687413201966, 0.19063082614428128, 0.28174297515187513, 0.23549509618219916, 0.26767283469926784, 0.300818633643894, 0.21917114775830232, 0.09708952210629859, 0.04004048618374713, 0.04011280766594429, 0.10710369080068247, 0.17738755691255573, 0.11216059796490643, 0.1882830801868048, 0.061325464003805265, 0.1721883295577365, 0.15601257420940468, 0.17755797597837533, 0.11309771641966451, 0.15222435879359614, 0.15443082422182858, 0.14406545181057634, 0.17625161742274553, 0.047462628007916584]
translation,[0.07464079787699607, 0.07235523028117985, 0.07353463699909302, 0.08119578759870372, 0.06875906637809592, 0.06742683692909601, 0.06937647448443052, 0.05645880954826055, 0.03712693609608397, 0.014283107305301357, 0.0017749398052187004, 0.006495236558463624, 0.007168851196684756, 0.005624055882083923, 0.006777723805210911, 0.007154914375377963, 0.008746673634245639, 0.007012431088726068, 0.005885095378325822, 0.006194037986086087, 0.005554231450468627, 0.006081017404165223, 0.004935985033537982, 0.006121610678815337, 0.005576661143775752, 0.004728161294730526, 0.006163294350694848, 0.005763558407545943, 0.006441049388688391, 0.0060091763022454, 0.006589093246770261, 0.007236019554190953, 0.00728180955446156, 0.00610170675718269, 0.005912761143341605, 0.006743921489373861]
loss,
[0.09283556044101715, 0.07081746309995651, 0.055970143526792526, 0.03205660358071327, 0.02084808610379696, 0.020222552120685577, 0.018072111532092094, 0.009516355581581593, 0.007291090674698353, 0.00308862398378551, 0.0020600780844688416, 0.001503460924141109, 0.0010258506517857313, 0.0011359211057424545, 0.0009808129398152232, 0.0015582700725644827, 0.0008219314622692764, 0.001031405758112669, 0.0014641759917140007, 0.000859689200296998, 0.001565994112752378, 0.0009882986778393388, 0.0009079866576939821, 0.001806367072276771, 0.0008629754884168506, 0.0011657045688480139, 0.0018254643073305488, 0.0015877129044383764, 0.001264798454940319, 0.0014572758227586746, 0.0015017481055110693, 0.0012987930094823241, 0.0015816058730706573, 0.0008139848941937089, 0.0007732309168204665, 0.0019735675305128098]

2022-04-27 10:24:59.389558