2022-04-27 10:17:05.434840

reference phi, theta, psi, translation: 175.36684180812657, -0.0, 39.4597479484966, 0.2069414258003235, 2.553555727005005, 3.112318754196167

phi,theta,psi,rot_x,rot_y,rot_z,phi_err,theta_err,psi_err
-174.60268024378553,2.426304892454245,32.24175771288345,-0.3459881842136383,2.1274664402008057,3.6064906120300293,10.030477948087878,2.426304892454245,7.217990235613151
-174.6688374560863,2.402855776322861,32.01068558307275,-0.3471687436103821,2.1249587535858154,3.6025121212005615,9.964320735787169,2.402855776322861,7.449062365423849
-173.87719121052513,1.838462040522046,30.980863810964077,-0.3668127655982971,2.0655224323272705,3.6171071529388428,10.755966981348308,1.838462040522046,8.478884137532521
-174.78359829452083,2.753184411427762,31.497571036770125,-0.3831016421318054,2.1161108016967773,3.5605931282043457,9.849559897352606,2.753184411427762,7.962176911726473
-176.20672284960636,3.6811108056516653,33.63964813408035,-0.3926318287849426,2.2602286338806152,3.4336678981781006,8.426435342267041,3.6811108056516653,5.8200998144162455
-179.2626997484318,5.301223717361154,37.774398770795955,-0.3316408395767212,2.5174145698547363,3.202836513519287,5.370458443441635,5.301223717361154,1.685349177700644
179.17900261034245,3.7652184486226115,39.806021463943324,-0.17194652557373047,2.609189033508301,3.1105761528015137,3.8121608022158853,3.7652184486226115,0.34627351544672536
176.90153067311508,1.617037016148325,40.50438098582045,0.06131390854716301,2.619473695755005,3.0594842433929443,1.5346888649885102,1.617037016148325,1.0446330373238482
175.1320745459749,0.016178175285778956,39.22082793132955,0.21508833765983582,2.532893419265747,3.1153481006622314,0.23476726215167787,0.016178175285778956,0.2389200171670467
175.44667305914567,-0.006680045641703421,39.54665869059043,0.20578259229660034,2.553689479827881,3.1071908473968506,0.07983125101910105,0.006680045641703421,0.08691074209382776
175.36797561952878,0.02927074023489931,39.41333339799178,0.2041354775428772,2.5463504791259766,3.110517978668213,0.001133811402212359,0.02927074023489931,0.046414550504820795
175.25963515891405,0.10156303414444184,39.36169716786648,0.20669008791446686,2.543961763381958,3.1124095916748047,0.10720664921251455,0.10156303414444184,0.09805078063011763
175.4227264159156,0.07224254999513205,39.272303652009356,0.1990828514099121,2.53774356842041,3.1179358959198,0.055884607789039364,0.07224254999513205,0.18744429648724292
175.41429796247982,0.12766630402693815,39.41219617149497,0.19752395153045654,2.545656681060791,3.110182046890259,0.0474561543532559,0.12766630402693815,0.0475517770016296
175.25117938472158,0.18709711098573292,39.43923689041905,0.20192429423332214,2.549926519393921,3.1112351417541504,0.11566242340498434,0.18709711098573292,0.020511058077545385
175.2184627785972,-0.10398680132903236,39.54735536988577,0.2213914692401886,2.553727388381958,3.1051242351531982,0.14837902952936588,0.10398680132903236,0.08760742138917266
175.3065858792687,0.050863992595730684,39.46821396797283,0.20745839178562164,2.5511810779571533,3.109109401702881,0.060255928857856134,0.050863992595730684,0.008466019476230713
175.35895976982437,-0.026271398292374685,39.50468034795153,0.2100822478532791,2.5515685081481934,3.106048822402954,0.007882038302199135,0.026271398292374685,0.044932399454928884
175.3003977278807,0.12270434516594865,39.38422654684377,0.20388999581336975,2.5461745262145996,3.112421989440918,0.06644408024587278,0.12270434516594865,0.0755214016528285
175.28841757607648,-0.031867897583555044,39.545490728242356,0.2131783366203308,2.5530848503112793,3.1023690700531006,0.07842423205008231,0.031867897583555044,0.0857427797457575
175.4137788681029,0.1061097039162982,39.443024230313824,0.20018456876277924,2.549201488494873,3.108295202255249,0.046937059976329465,0.1061097039162982,0.016723718182774405
175.44570317228354,0.06047218613218239,39.37662454629755,0.20098479092121124,2.544728994369507,3.1114871501922607,0.0788613641569782,0.06047218613218239,0.08312340219904968
175.35475237329564,0.06161861508767589,39.42755043674916,0.20389947295188904,2.5481224060058594,3.1101033687591553,0.012089434830926393,0.06161861508767589,0.0321975117474409
175.2685280652134,-0.0026823771801159245,39.45611087276357,0.21314768493175507,2.549173355102539,3.1091504096984863,0.0983137429131773,0.0026823771801159245,0.003637075733031736
175.33512240962102,0.12222543361284079,39.47006153414332,0.20173543691635132,2.5515615940093994,3.108400583267212,0.03171939850554395,0.12222543361284079,0.010313585646720469
175.33820965512587,0.07112553555214682,39.4249447195808,0.2049880176782608,2.547734260559082,3.109250068664551,0.0286321530007001,0.07112553555214682,0.034803228915798456
175.37158195941055,0.009759430021078392,39.38447584874847,0.20645739138126373,2.5451266765594482,3.1120834350585938,0.004740151283982641,0.009759430021078392,0.07527209974812621
175.3584543358258,0.08954289317622663,39.45569764631878,0.2025894671678543,2.5494494438171387,3.1087894439697266,0.008387472300768195,0.08954289317622663,0.004050302177816434
175.35686973193836,0.04662991936899375,39.39724488740181,0.20599572360515594,2.545459032058716,3.1111276149749756,0.009972076188205392,0.04662991936899375,0.06250306109478743
175.31766444610247,0.06953737201635492,39.33435592061892,0.20589269697666168,2.542534112930298,3.1137759685516357,0.04917736202409628,0.06953737201635492,0.12539202787768033
175.28528934943662,0.06583588982050012,39.482608591648635,0.207216277718544,2.549607038497925,3.1059019565582275,0.08155245868994143,0.06583588982050012,0.022860643152036175
175.40558264109887,0.06500079124410203,39.348289506525745,0.20284710824489594,2.542901039123535,3.1129846572875977,0.03874083297230868,0.06500079124410203,0.11145844197085353
175.4111560754616,0.08718406762812608,39.460168005130555,0.20093132555484772,2.5497095584869385,3.1068735122680664,0.0443142673350394,0.08718406762812608,0.00042005663395627835
175.40843766017196,0.08445222997494516,39.430166399201276,0.2009086161851883,2.547964096069336,3.1087706089019775,0.04159585204538985,0.08445222997494516,0.029581549295322418
175.30912670963997,0.18886435360161608,39.38361524491305,0.19895844161510468,2.544957399368286,3.1116080284118652,0.05771509848659662,0.18886435360161608,0.0761327035835464
175.3865537340712,0.03895950681509616,39.44888111752711,0.2047681212425232,2.5477821826934814,3.107353687286377,0.0197119259446481,0.03895950681509616,0.010866830969490593

Errors:
rotation,[19.674773076155276, 19.816238877533877, 21.073313159402876, 20.56492122050684, 17.92764596233495, 12.357031338503432, 7.9236527662852225, 4.1963589184606835, 0.48986545460450354, 0.17342203875463225, 0.07681910214193247, 0.306820463987074, 0.3155714542714143, 0.22267423538182365, 0.3232705924682626, 0.3399732522475709, 0.11958594092981753, 0.0790858360495027, 0.2646698270646499, 0.19603490937939486, 0.16977048207540207, 0.22245695248821026, 0.10590556166604317, 0.10463319582632495, 0.1642584177651052, 0.13456091746864537, 0.08977168105318724, 0.10198066765481126, 0.11910505665198656, 0.24410676191813152, 0.17024899166247773, 0.21520006618726423, 0.13191839159712176, 0.15562963131565744, 0.3227121556717591, 0.06953826372923486]
translation,[0.170370405351016, 0.16578306287587274, 0.15030617385147949, 0.12850038784557682, 0.09838306335458302, 0.05611027570338489, 0.032504646879078614, 0.002997043998161253, 0.010282418318676712, 0.003932359933646268, 0.006095393736284649, 0.006013213768951253, 0.006044897516607861, 0.007123856625947944, 0.0033896634339969367, 0.004674523261838814, 0.0039554838056350405, 0.005936200885974685, 0.004747514180278856, 0.007650097038091275, 0.006206325582821748, 0.006530360778164379, 0.005306458469625852, 0.0048982092115927856, 0.004552374463857589, 0.006156041148565272, 0.005540950864312499, 0.005547284755633264, 0.0060933058861127876, 0.005899356777536724, 0.007441266092488519, 0.006434290995601444, 0.006945029134874048, 0.0065866178505018524, 0.006393166599039546, 0.007601648098356506]
loss,
[0.058801278471946716, 0.06321367621421814, 0.06067253276705742, 0.05194668471813202, 0.038127586245536804, 0.03412773460149765, 0.016758300364017487, 0.0107262609526515, 0.0011127166217193007, 0.0022937145549803972, 0.001473480835556984, 0.0012060068547725677, 0.0028231069445610046, 0.0011398817878216505, 0.001330163679085672, 0.0013976948102936149, 0.00040048296796157956, 0.0006988306413404644, 0.0011505265720188618, 0.0013487174874171615, 0.0009570595575496554, 0.0011645144550129771, 0.0008364610257558525, 0.0015374238137155771, 0.00102467299439013, 0.0008114295778796077, 0.0008066992159001529, 0.0007696718676015735, 0.0007712222868576646, 0.0005554183735512197, 0.0011023334227502346, 0.001106311334297061, 0.0008490349864587188, 0.0006470780353993177, 0.0008961656130850315, 0.0005838465876877308]

2022-04-27 10:19:41.036381