2022-04-27 10:09:08.634604

reference phi, theta, psi, translation: 16.672973292337613, -0.0, 55.56417970941693, 0.9538894295692444, -3.184936285018921, 2.279534101486206

phi,theta,psi,rot_x,rot_y,rot_z,phi_err,theta_err,psi_err
26.607018987257597,-4.879078348390559,61.415046110949504,1.4386786222457886,-3.2383759021759033,2.121750593185425,9.934045694919984,4.879078348390559,5.850866401532571
26.66837457657182,-4.928413998227803,61.12707850535259,1.4272326231002808,-3.2392797470092773,2.1226465702056885,9.995401284234209,4.928413998227803,5.562898795935659
27.10047283403434,-6.228416953566894,58.32086796409617,1.3310855627059937,-3.2390713691711426,2.192718505859375,10.427499541696726,6.228416953566894,2.75668825467924
25.549212222572088,-4.762856147304308,57.860403931010595,1.3242740631103516,-3.2179172039031982,2.2058887481689453,8.876238930234475,4.762856147304308,2.2962242215936612
23.230786471081302,-2.0152969435018644,56.966772715857395,1.2924470901489258,-3.183065414428711,2.246250867843628,6.5578131787436895,2.0152969435018644,1.402593006440462
20.047252374411283,1.5382793831973143,55.653197564869714,1.2331253290176392,-3.141066312789917,2.3074114322662354,3.37427908207367,1.5382793831973143,0.08901785545278074
18.358892790833952,0.846088510811068,55.56368452070211,1.0905526876449585,-3.1663081645965576,2.299504041671753,1.6859194984963395,0.846088510811068,0.0004951887148223477
16.24216252553364,-0.23350102170312131,55.37993877165043,0.9209326505661011,-3.1800148487091064,2.2891786098480225,0.43081076680397246,0.23350102170312131,0.18424093776650352
16.880061212877813,0.07243998890831055,55.52151151767187,0.9678031206130981,-3.1724703311920166,2.2787444591522217,0.2070879205402001,0.07243998890831055,0.04266819174506509
16.75674214741323,-0.008407468744265137,55.62320961931877,0.9596583843231201,-3.182725429534912,2.273465394973755,0.08376885507561838,0.008407468744265137,0.059029909901838096
16.448135417691837,0.08825510564538021,55.535134329971456,0.9450370669364929,-3.184767484664917,2.277587890625,0.22483787464577532,0.08825510564538021,0.029045379445477693
16.5161794697508,0.02896515424022333,55.484348458397825,0.9463774561882019,-3.179717540740967,2.2806906700134277,0.1567938225868133,0.02896515424022333,0.07983125101910815
16.643487365690667,-0.08717421373434393,55.55483601063236,0.9503768682479858,-3.1804580688476562,2.2790815830230713,0.02948592664694516,0.08717421373434393,0.009343698784576304
16.598061485068204,-0.0972868847721156,55.52446215939331,0.9466528296470642,-3.182433605194092,2.2795450687408447,0.07491180726940883,0.0972868847721156,0.039717550023624426
16.62393936428609,-0.013273084941755438,55.51563072479649,0.9511755704879761,-3.1810641288757324,2.278374433517456,0.049033928051521514,0.013273084941755438,0.04854898462044588
16.566499180913574,-0.06198130448576871,55.48777721336117,0.9462274312973022,-3.180318832397461,2.2810349464416504,0.1064741114240384,0.06198130448576871,0.07640249605576344
16.620688194241165,0.06553705688108036,55.429686454470215,0.9532127380371094,-3.175128698348999,2.287132978439331,0.05228509809644777,0.06553705688108036,0.13449325494671882
16.642899969422047,-0.039177962468929385,55.63141950670113,0.952216386795044,-3.184938907623291,2.273606061935425,0.03007332291556608,0.039177962468929385,0.06723979728419494
16.522956724954742,0.05254211307236313,55.44992088988638,0.9466266632080078,-3.1775307655334473,2.2825686931610107,0.1500165673828704,0.05254211307236313,0.11425881953055494
16.6638652350794,-0.10706503371235435,55.60177648570327,0.9504241347312927,-3.1825218200683594,2.274204969406128,0.00910805725821362,0.10706503371235435,0.0375967762863354
16.55919087850166,-0.024692503226617885,55.538423066056815,0.9475820660591125,-3.1825203895568848,2.277451276779175,0.11378241383595267,0.024692503226617885,0.025756643360118403
16.549398094779157,-0.03825450388656489,55.52798312191045,0.9455165863037109,-3.1820530891418457,2.279777765274048,0.12357519755845559,0.03825450388656489,0.03619658750648114
16.56811964329416,-0.09544463364749996,55.60739773139019,0.9454775452613831,-3.184067726135254,2.275404930114746,0.10485364904345218,0.09544463364749996,0.04321802197326008
16.604930947825945,0.04870022925374714,55.55857895429752,0.9530282020568848,-3.1815052032470703,2.276014804840088,0.06804234451166735,0.04870022925374714,0.005600755119409939
16.5298910745096,-0.06041664099525559,55.52105731009206,0.9437199234962463,-3.181985855102539,2.279083728790283,0.14308221782801311,0.06041664099525559,0.04312239932487216
16.511770582641557,0.09825251885261418,55.482511137511096,0.9487738609313965,-3.1786866188049316,2.2819230556488037,0.161202709696056,0.09825251885261418,0.08166857190583698
16.492635807681765,-0.007353199122156925,55.57821574816131,0.9440292716026306,-3.1846795082092285,2.2758874893188477,0.18033748465584765,0.007353199122156925,0.014036038744379198
16.50953711078296,0.030707608441337284,55.47398706142692,0.9460930228233337,-3.1806676387786865,2.2820372581481934,0.16343618155465123,0.030707608441337284,0.09019264799001547
16.492118420852137,-0.07315688746607232,55.45066879560049,0.940048336982727,-3.1797034740448,2.2832822799682617,0.18085487148547585,0.07315688746607232,0.11351091381644096
16.583928116128156,-0.10404821703649648,55.48348443946782,0.9446163773536682,-3.1791226863861084,2.2815234661102295,0.0890451762094564,0.10404821703649648,0.08069526994911058
16.61979343945989,-0.02866128016154697,55.558831671296815,0.9505617618560791,-3.18105411529541,2.2775375843048096,0.05317985287772231,0.02866128016154697,0.005348038120118304
16.576667625040432,-0.02479962927910479,55.534273726136036,0.948091447353363,-3.1821696758270264,2.278473377227783,0.09630566729718026,0.02479962927910479,0.029905983280897885
16.591671843099657,-0.015895623452962682,55.45120496545034,0.948108434677124,-3.1773931980133057,2.284252405166626,0.08130144923795513,0.015895623452962682,0.11297474396659624
16.59007699392846,-0.09131331731687924,55.46373494748273,0.9457250237464905,-3.1787805557250977,2.2827086448669434,0.08289629840915325,0.09131331731687924,0.10044476193420593
16.603875683599178,-0.05781946091826012,55.58985097541243,0.9485200047492981,-3.1837317943573,2.275510549545288,0.06909760873843496,0.05781946091826012,0.025671265995498516
16.559561416264135,0.0044398568810006,55.51955125338007,0.9473379850387573,-3.180868148803711,2.2793736457824707,0.11341187607347791,0.0044398568810006,0.04462845603686105

Errors:
rotation,[20.663990444843115, 20.48671407839767, 19.412604749942858, 15.935319299132445, 9.975703128686016, 5.001576320723765, 2.53250319802223, 0.8485527262735972, 0.3221961011935757, 0.1512062337217216, 0.3421383597366332, 0.2655902278461448, 0.12600383916586538, 0.21191624206514886, 0.11085599761372283, 0.24485791196557055, 0.25231540992424695, 0.1364910826686904, 0.31681749998578845, 0.15376986725690336, 0.16423156042268897, 0.19802628895150162, 0.2435163046642122, 0.12234332888482444, 0.24662125814814087, 0.3411238004545072, 0.20172672252238377, 0.284336437986004, 0.3675226727679891, 0.27378866319506345, 0.08718917115938758, 0.15101127985718293, 0.21017181665751405, 0.2746543776602384, 0.1525883356521936, 0.16248018899133956]
translation,[0.09908907901583852, 0.09628615233267812, 0.10062458592885903, 0.08890003273002378, 0.07349875489397295, 0.05678541974325313, 0.031201921443445357, 0.006088478176060619, 0.006965943899143845, 0.003805895649890978, 0.0033198313330373708, 0.005239660903948895, 0.004623853905233233, 0.003677937344785498, 0.004356703563763276, 0.004604969972564099, 0.0035943761341954428, 0.003743057761577795, 0.005843326395684301, 0.005739512794000312, 0.004575482408029963, 0.004113821691777986, 0.005003843084354642, 0.00490463789205986, 0.004981333946488142, 0.00479140838336356, 0.00458708295105037, 0.0037931816123419893, 0.005264603549139046, 0.005651190889423674, 0.004983013399856517, 0.004154542765820501, 0.004648241416445487, 0.004989222334613963, 0.004494212861678726, 0.004850722849990774]
loss,
[0.11272947490215302, 0.10609762370586395, 0.07395710051059723, 0.0553060881793499, 0.03594602644443512, 0.02880031429231167, 0.01923762820661068, 0.003202929859980941, 0.001343755517154932, 0.0017145925667136908, 0.002002994529902935, 0.0017998951952904463, 0.0013890042901039124, 0.001326048281043768, 0.002152053639292717, 0.0007894166628830135, 0.002029494382441044, 0.000984394340775907, 0.001743724336847663, 0.0011784585658460855, 0.0010540292132645845, 0.00124608154874295, 0.0012931362725794315, 0.0008756215102039278, 0.000983891892246902, 0.002635769546031952, 0.0008693148265592754, 0.001235967967659235, 0.001127133029513061, 0.00061964918859303, 0.0008094417862594128, 0.0010313874809071422, 0.0015930522931739688, 0.0013634589267894626, 0.00194558035582304, 0.0013938050251454115]

2022-04-27 10:11:43.537022