2022-04-27 13:45:14.906582

reference phi, theta, psi, translation: 164.57178246643477, -4.268868188959204e-07, 11.003265705708584, 0.2046843022108078, 0.7416750192642212, 3.957021951675415

phi,theta,psi,rot_x,rot_y,rot_z,phi_err,theta_err,psi_err
174.68706040079186,1.035587752499106,3.46078983121423,-0.0498787984251976,0.24902896583080292,4.223120212554932,10.115277934357096,1.035588179385925,7.542475874494354
175.10851039333835,2.004222900882393,3.730565227956809,-0.10234785825014114,0.2582275867462158,4.200788974761963,10.53672792690358,2.004223327769212,7.2727004777517745
176.6916799410556,3.667316539970228,3.6516278779453253,-0.2252185344696045,0.25377291440963745,4.163626194000244,12.119897474620842,3.667316966857047,7.351637827763259
178.08850826783657,4.392807218216174,3.659084736971687,-0.2957501709461212,0.25659069418907166,4.133286476135254,13.516725801401805,4.392807645102994,7.344180968736897
177.8188660597828,5.918266770658503,4.421654013462454,-0.40734171867370605,0.31295156478881836,4.071301460266113,13.247083593348037,5.9182671975453225,6.58161169224613
178.73124272911312,4.901973065124473,4.373808111439692,-0.3359549343585968,0.3073747456073761,4.055878639221191,14.159460262678351,4.901973492011292,6.629457594268892
177.6768117854249,4.421132180120044,3.340388323742303,-0.29794514179229736,0.2356317788362503,4.0642170906066895,13.10502931899012,4.4211326070068635,7.662877381966281
177.28484088933618,4.546645879265561,3.205282272760985,-0.3086784780025482,0.22965335845947266,4.044332981109619,12.713058422901412,4.54664630615238,7.797983432947599
177.21610186552917,5.283711881994998,2.535195465179483,-0.3676656186580658,0.18442942202091217,4.009957790374756,12.6443193990944,5.283712308881817,8.468070240529102
176.9846130941791,4.722844529135532,2.8418615674029466,-0.3238949179649353,0.2055116444826126,3.99922513961792,12.412830627744341,4.722844956022351,8.161404138305638
177.42783772979956,4.297546940694635,2.906925949436488,-0.29644775390625,0.20420092344284058,4.007704257965088,12.856055263364794,4.297547367581454,8.096339756272096
177.55106800280495,4.026686492816718,2.8313817093386198,-0.2793806493282318,0.1989302635192871,4.005887031555176,12.979285536370185,4.026686919703537,8.171883996369964
177.1968953735831,4.026825893384916,2.7437932844130803,-0.2719759941101074,0.19632834196090698,4.011751174926758,12.62511290714832,4.026826320271735,8.259472421295504
177.3237183260919,4.320581082042658,2.072621543970604,-0.30146509408950806,0.15079425275325775,4.008525371551514,12.751935859657124,4.320581508929477,8.93064416173798
177.01786245505872,4.273058014334224,2.124586050062884,-0.29285889863967896,0.15731477737426758,4.007918834686279,12.44607998862395,4.2730584412210435,8.8786796556457
177.29784556951589,4.30659909847592,1.7632779008707895,-0.300279825925827,0.12725387513637543,4.004092216491699,12.726063103081117,4.306599525362739,9.239987804837794
177.30090549426404,3.7029886646554355,1.6900379958441543,-0.2563563287258148,0.11805092543363571,4.013631820678711,12.729123027829274,3.7029890915422543,9.31322770986443
177.1549443517009,4.0916310316539235,1.591569826622725,-0.2834777534008026,0.11299674212932587,4.002763748168945,12.583161885266122,4.091631458540743,9.411695879085858
176.8754666712423,4.3008127567691705,1.534042344894881,-0.30056145787239075,0.1135348528623581,4.00752067565918,12.303684204807524,4.30081318365599,9.469223360813704
176.80366772268712,4.0520705561512935,1.4134990042759705,-0.2835398018360138,0.10295982658863068,4.01280403137207,12.231885256252355,4.052070983038113,9.589766701432612
176.8851245587287,3.7545648120855106,1.6820876556502595,-0.2610974907875061,0.11909961700439453,4.0146708488464355,12.313342092293937,3.7545652389723294,9.321178050058325
176.64123216384587,3.7963340052773114,2.143128732998999,-0.2620528042316437,0.15332861244678497,4.016496658325195,12.069449697411102,3.79633443216413,8.860136972709585
176.53312392966293,3.6211064867546825,2.580845674827498,-0.24609296023845673,0.18497392535209656,4.028853416442871,11.961341463228166,3.6211069136415013,8.422420030881085
176.90209074862702,4.091538570119352,2.618833479443816,-0.28067782521247864,0.18795262277126312,4.013532638549805,12.330308282192249,4.091538997006171,8.384432226264767
176.80040289226386,4.093849913642618,2.6019355914372047,-0.281128466129303,0.1873067021369934,4.0137858390808105,12.228620425829092,4.093850340529437,8.40133011427138
176.99121105691734,4.184598751499591,2.592837139132513,-0.2878185212612152,0.18638652563095093,4.0114665031433105,12.419428590482568,4.18459917838641,8.410428566576071
176.94544878947826,4.047221686940644,2.688546872424609,-0.2757889926433563,0.19174732267856598,4.017603397369385,12.373666323043494,4.0472221138274636,8.314718833283974
177.15748518207212,3.958969618644707,2.8067757394102375,-0.27020150423049927,0.19901812076568604,4.017405033111572,12.585702715637353,3.958970045531526,8.196489966298346
177.2425210372388,3.916064543823075,2.681870789397745,-0.26824232935905457,0.1906612664461136,4.011971473693848,12.67073857080402,3.916064970709894,8.321394916310838
177.3524597621193,4.032982995595646,2.7602779459749063,-0.27755552530288696,0.19584880769252777,4.011683464050293,12.78067729568454,4.032983422482466,8.242987759733678
177.3821847453872,4.107797182571337,2.759946468356749,-0.28304144740104675,0.19573137164115906,4.011153221130371,12.810402278952438,4.1077976094581565,8.243319237351834
177.30143824901933,4.051451998343003,2.8197541660503194,-0.27598807215690613,0.201518252491951,4.010825157165527,12.729655782584558,4.051452425229822,8.183511539658264
177.4015278411167,3.999284279183045,2.8157982058604127,-0.27465400099754333,0.19923651218414307,4.010308742523193,12.82974537468192,3.9992847060698637,8.187467499848172
177.4916726777825,4.093690566851995,2.8468258342690764,-0.28248900175094604,0.2014876753091812,4.008416175842285,12.919890211347735,4.093690993738814,8.156439871439508
177.57181811750345,4.189262918916323,2.806253443382143,-0.289314866065979,0.1991311013698578,4.009275436401367,13.000035651068686,4.189263345803142,8.19701226232644
177.39643251999584,4.06607605681405,2.879201998151995,-0.2787865400314331,0.204615980386734,4.0146660804748535,12.824650053561072,4.066076483700869,8.124063707556589

Errors:
rotation,[18.693341988237375, 19.813651732424567, 23.13885226924115, 25.253714415241696, 25.74696248313949, 25.690891348958537, 25.189039307963263, 25.05768816200139, 26.39610194850532, 25.29707972207233, 25.249942387218347, 25.177856452443685, 24.911411648715557, 26.003161530324583, 25.597818085490694, 26.272650433281648, 25.74533982923596, 26.086489222892723, 26.073720749277218, 25.87372294072308, 25.38908538132459, 24.725921102284815, 24.004868407750752, 24.806279505463188, 24.72380088062991, 25.014456335445047, 24.73560727015493, 24.741162727467227, 24.908198457824753, 25.056648477900687, 25.161519125762428, 24.964619747472646, 25.016497580599957, 25.170021076526055, 25.386311259198266, 25.014790244818528]
translation,[0.19962134480110283, 0.17883363724967438, 0.146299393551514, 0.1206615602596175, 0.07245021125959106, 0.05023073530022071, 0.05080130355598644, 0.031462922273868266, 0.0001298074622866352, 0.013549447654697566, 0.007290845123498535, 0.010586935141620124, 0.0053788787768667135, 0.008456187906173085, 0.009446709204230963, 0.013777037713190943, 0.007586311077995234, 0.016749058887990387, 0.010749651315652642, 0.007002693735955745, 0.0062141645466873285, 0.003173248983953769, 0.009469686087005158, 0.003406161864695001, 0.0031525145486988038, 0.005033654159459111, 0.000491574123496541, 0.0002679112743120271, 0.0056822470011441695, 0.005088906972517293, 0.005241000567383303, 0.005772089972320593, 0.006491499806536183, 0.007722688492476593, 0.006499004367640282, 0.001596252576017143]
loss,
[0.052906375378370285, 0.04812503978610039, 0.04554205387830734, 0.04395134001970291, 0.043804269284009933, 0.038144081830978394, 0.039127811789512634, 0.040176745504140854, 0.03193323314189911, 0.03686334192752838, 0.03888573870062828, 0.040416061878204346, 0.03425845503807068, 0.0403643473982811, 0.04150685295462608, 0.035256870090961456, 0.033062584698200226, 0.043379515409469604, 0.034366898238658905, 0.03599369153380394, 0.033828072249889374, 0.03551992028951645, 0.042062174528837204, 0.04014597460627556, 0.035510316491127014, 0.034570351243019104, 0.03829453885555267, 0.043973829597234726, 0.039424486458301544, 0.03594505414366722, 0.03996781259775162, 0.03601359575986862, 0.03952208161354065, 0.04002305865287781, 0.037567391991615295, 0.037174783647060394]

2022-04-27 13:49:53.569099