2022-04-20 20:41:46.974344

reference phi, theta, psi, translation: -33.091320547511735, -0.0, 74.32085247222868, -2.1190009117126465, -3.251617431640625, 1.089412808418274

phi,theta,psi,rot_x,rot_y,rot_z,phi_err,theta_err,psi_err
-22.822884158753556,1.294954214858955,81.82337814338081,-1.5357718467712402,-3.6827800273895264,0.7731812596321106,10.268436388758179,1.294954214858955,7.502525671152128
-23.78764325637598,1.6700185696486103,81.50470200727551,-1.6091293096542358,-3.6668171882629395,0.7641279697418213,9.303677291135756,1.6700185696486103,7.183849535046832
-27.78648337389208,2.609943007202017,79.75587305142878,-1.9134047031402588,-3.548478126525879,0.7655608654022217,5.3048371736196565,2.609943007202017,5.435020579200099
-30.623873728709604,2.6809780411258384,74.83033677298744,-2.0049092769622803,-3.4144022464752197,1.086530089378357,2.467446818802131,2.6809780411258384,0.5094843007587571
-34.642036451387675,0.5821618872465628,73.2367306962184,-2.2187349796295166,-3.2428536415100098,1.1860162019729614,1.5507159038759397,0.5821618872465628,1.084121776010278
-33.9800408566517,-0.10277593723308309,74.02355482822553,-2.1951513290405273,-3.2582664489746094,1.129082202911377,0.8887203091399627,0.10277593723308309,0.2972976440031516
-33.458863272033874,0.04502377625247155,74.0933047200297,-2.1533217430114746,-3.2611441612243652,1.116768479347229,0.36754272452213854,0.04502377625247155,0.22754775219897283
-33.353114868209154,0.041009465474484384,74.09602313531937,-2.1360573768615723,-3.250039577484131,1.1101669073104858,0.2617943206974189,0.041009465474484384,0.22482933690930906
-33.20991653716525,0.07434876697276456,74.24602774987119,-2.1213769912719727,-3.247108221054077,1.0947610139846802,0.11859598965351381,0.07434876697276456,0.07482472235749071
-33.19216829060697,0.0821468387305756,74.17027412178658,-2.1184229850769043,-3.242142677307129,1.0987285375595093,0.10084774309523681,0.0821468387305756,0.15057835044210321
-33.057705771511515,0.020030011706542065,74.25966080745454,-2.1114418506622314,-3.2489688396453857,1.0937697887420654,0.03361477600022056,0.020030011706542065,0.061191664774142396
-33.17055757207305,-0.07218116646166481,74.3225326987645,-2.1173555850982666,-3.2391650676727295,1.086822271347046,0.07923702456131565,0.07218116646166481,0.0016802265358251134
-33.150039683806334,0.013337351549791142,74.25353412776903,-2.1145596504211426,-3.238447427749634,1.090699553489685,0.058719136294598684,0.013337351549791142,0.06731834445965035
-33.103683189909454,0.08466495454416556,74.28817001705016,-2.1104702949523926,-3.243461847305298,1.088682770729065,0.01236264239771856,0.08466495454416556,0.032682455178516534
-33.05341299761816,-0.007634449120278139,74.37460606099668,-2.1104819774627686,-3.246500253677368,1.0842053890228271,0.03790754989357481,0.007634449120278139,0.053753588768003624
-33.10263134077727,0.037991482797814835,74.30453515030152,-2.1106622219085693,-3.242197036743164,1.0883430242538452,0.011310793265536745,0.037991482797814835,0.016317321927161288
-33.01342907021691,0.13053210277548755,74.3532139085162,-2.104142904281616,-3.2468786239624023,1.0850698947906494,0.07789147729482693,0.13053210277548755,0.0323614362875162
-33.08802839633179,-0.00371812793541771,74.29384590425045,-2.1111972332000732,-3.2415666580200195,1.0887489318847656,0.0032921511799486325,0.00371812793541771,0.02700656797823342
-33.13634856961504,0.06741103035369914,74.24479148563141,-2.113473415374756,-3.2431280612945557,1.0921796560287476,0.04502802210330259,0.06741103035369914,0.07606098659726968
-33.06132235667704,-0.0003241044555466167,74.29344292308942,-2.108365297317505,-3.242959499359131,1.0887672901153564,0.02999819083469646,0.0003241044555466167,0.0274095491392643
-33.046534997123956,-0.0014277231219657332,74.32773047272288,-2.108351707458496,-3.2424395084381104,1.0856672525405884,0.04478555038777898,0.0014277231219657332,0.006878000494197067
-33.12745907841027,0.031770767088985,74.33531881289076,-2.112562656402588,-3.2410008907318115,1.0856337547302246,0.03613853089853336,0.031770767088985,0.014466340662082189
-33.087502471765696,0.0730564942516848,74.23976446640229,-2.1086111068725586,-3.2413790225982666,1.0915954113006592,0.00381807574603954,0.0730564942516848,0.08108800582638764
-33.17877087454999,0.04150310824138407,74.27847114842875,-2.115551233291626,-3.2384068965911865,1.089150309562683,0.08745032703825473,0.04150310824138407,0.04238132379992976
-33.12578226696903,0.07725536271097533,74.24785824056875,-2.1104729175567627,-3.24054217338562,1.091134786605835,0.03446171945729759,0.07725536271097533,0.07299423165993346
-33.1339648335947,0.0007512293412770098,74.24776261792037,-2.1122803688049316,-3.237797737121582,1.0906559228897095,0.04264428608296811,0.0007512293412770098,0.07308985430830717
-33.10303090684372,-0.06327836790852649,74.36763926804326,-2.112771987915039,-3.2403147220611572,1.0827503204345703,0.011710359331985387,0.06327836790852649,0.046786795814583115
-33.01992799521217,-0.005130481687482606,74.30910454685626,-2.1052169799804688,-3.2422382831573486,1.0863133668899536,0.07139255229956376,0.005130481687482606,0.011747925372418422
-33.03242041120413,-0.021908534579678507,74.38599881653226,-2.108250379562378,-3.2463791370391846,1.0814462900161743,0.05890013630760649,0.021908534579678507,0.06514634430358512
-33.20089727236625,0.06410458451661279,74.20335272793695,-2.1152279376983643,-3.236754894256592,1.0940455198287964,0.10957672485451297,0.06410458451661279,0.11749974429173449
-33.02735582593456,0.03604309058742198,74.38073274068218,-2.106708288192749,-3.245009183883667,1.082940697669983,0.0639647215771717,0.03604309058742198,0.059880268453497365
-33.059737752789594,0.03692314812994436,74.2850417904103,-2.108675956726074,-3.2429163455963135,1.0885599851608276,0.03158279472214076,0.03692314812994436,0.035810681818375656
-33.11366551138143,0.04543801544422181,74.26166205288135,-2.1107428073883057,-3.2418596744537354,1.08986496925354,0.02234496386969198,0.04543801544422181,0.05919041934733116
-33.047480978324,0.0019859359917102355,74.32107103828211,-2.1082918643951416,-3.24285626411438,1.086093783378601,0.0438395691877318,0.0019859359917102355,0.00021856605343373303
-33.09121126448501,0.024259814707234467,74.2778905823493,-2.108837604522705,-3.239551305770874,1.0886300802230835,0.00010928302672397194,0.024259814707234467,0.0429618898793791
-33.03021426010221,0.029769244508178347,74.3385221716115,-2.1062886714935303,-3.244985580444336,1.0849255323410034,0.06110628740952251,0.029769244508178347,0.01766969938282159

Errors:
rotation,[19.06591627476926, 18.1575453958312, 13.349800760021772, 5.657909160686726, 3.2169995671327802, 1.2887938903761973, 0.6401142529735829, 0.5276331230812124, 0.26776947898376907, 0.3335729322679156, 0.11483645248090502, 0.15309841755880557, 0.13937483230404019, 0.12971005212040065, 0.09929558778185657, 0.06561959799051287, 0.24078501635783067, 0.03401684709359976, 0.1885000390542714, 0.05773184442950738, 0.053091274003941785, 0.08237563864960054, 0.157962575824112, 0.17133475907956855, 0.18471131382820638, 0.11648536973255229, 0.121775523055095, 0.08827095935946479, 0.14595501519087012, 0.29118105366286023, 0.15988808061809104, 0.10431662467046077, 0.12697339866124496, 0.046044071232875766, 0.06733098761333754, 0.10854523130052245]
translation,[0.03326186669987141, 0.045479509894939874, 0.07239362967930774, 0.07476329107504665, 0.07320030484920714, 0.05663520457504312, 0.03323165910374648, 0.013369596405488515, 0.0009362281847709042, 0.005410499542700009, 0.004925139980857196, 0.011605692331449369, 0.012605672271750024, 0.011258385403400517, 0.010009832167478194, 0.012270064863916907, 0.012794170870954247, 0.012387610639021496, 0.009001967882893425, 0.012745653992685568, 0.014011347565363153, 0.01296917709718759, 0.013124610732848652, 0.012536633583987822, 0.012947247291187125, 0.014340127389782964, 0.014190714518505843, 0.015643436496151963, 0.012021735377849119, 0.012708037059677046, 0.013534578989559343, 0.012673635269606187, 0.012087452439438096, 0.01359107192642739, 0.015284864754111283, 0.013238165530855994]
loss,
[0.257057249546051, 0.20557013154029846, 0.08843916654586792, 0.03880268707871437, 0.012762307189404964, 0.00834918487817049, 0.0032814331352710724, 0.0021961024031043053, 0.0016929097473621368, 0.0017302840715274215, 0.0016850149258971214, 0.0013049652334302664, 0.0018011037027463317, 0.0017541602719575167, 0.0015571292024105787, 0.002083591651171446, 0.001956008141860366, 0.0016402741894125938, 0.0010781441815197468, 0.0021353906486183405, 0.001626226119697094, 0.002070761052891612, 0.001178949372842908, 0.0011131184874102473, 0.0014712705742567778, 0.001915693050250411, 0.0015135491266846657, 0.0013879000907763839, 0.001571502536535263, 0.0016651664627715945, 0.0014279572060331702, 0.0011669383384287357, 0.001423670444637537, 0.0012466378975659609, 0.001647152821533382, 0.0012301391689106822]

2022-04-20 20:46:17.679720