2022-04-20 20:32:41.692241

reference phi, theta, psi, translation: 16.672973292337613, -0.0, 55.56417970941693, 0.9538894295692444, -3.184936285018921, 2.279534101486206

phi,theta,psi,rot_x,rot_y,rot_z,phi_err,theta_err,psi_err
26.607018987257597,-4.879078348390559,61.415046110949504,1.4386786222457886,-3.2383759021759033,2.121750593185425,9.934045694919984,4.879078348390559,5.850866401532571
26.262850877622533,-5.540447089348254,59.75179259521385,1.374591588973999,-3.2183358669281006,2.198077440261841,9.58987758528492,5.540447089348254,4.187612885796916
27.111911693346816,-7.422131474565342,53.85473362432448,1.2706949710845947,-3.1096842288970947,2.4397530555725098,10.438938401009203,7.422131474565342,1.709446085092452
26.709174711578893,-5.757295898185699,53.53390597863064,1.286198616027832,-3.0873076915740967,2.4688262939453125,10.03620141924128,5.757295898185699,2.0302737307862913
25.69750416718953,-2.9654089477787706,53.1926936333589,1.3094956874847412,-3.0537428855895996,2.496774196624756,9.024530874851916,2.9654089477787706,2.3714860760580336
21.850837249286727,0.5320396184105284,51.52210790954924,1.1983752250671387,-3.0240156650543213,2.590306043624878,5.177863956949114,0.5320396184105284,4.042071799867692
17.632971748108535,2.5470540725783803,54.55645701436784,1.1353585720062256,-3.1882097721099854,2.406784772872925,0.959998455770922,2.5470540725783803,1.0077226950490967
17.1831115837094,0.286044169432906,54.26429567262054,1.0048002004623413,-3.2001826763153076,2.419072151184082,0.5101382913717885,0.286044169432906,1.2998840367963922
16.77579496010298,0.19468811099729758,54.61868003770665,0.9761834144592285,-3.2073161602020264,2.383087158203125,0.10282166776536883,0.19468811099729758,0.9454996717102802
16.64767939429376,0.37345173689889033,54.70171806254108,0.9733248949050903,-3.194979667663574,2.3636462688446045,0.02529389804385218,0.37345173689889033,0.8624616468758504
16.765933874488777,0.11529945194497175,54.80985361748073,0.9658447504043579,-3.1842308044433594,2.349945068359375,0.09296058215116432,0.11529945194497175,0.7543260919362069
16.791620508409903,0.12963300588537305,55.195151418750314,0.9703860282897949,-3.185337543487549,2.317208766937256,0.11864721607229001,0.12963300588537305,0.3690282906666198
16.75866484566459,0.1982986534552084,55.474185136912844,0.9701710939407349,-3.1868505477905273,2.291525363922119,0.08569155332697775,0.1982986534552084,0.08999457250408938
16.645049771463306,0.015977865278098517,55.384907734271614,0.9531877040863037,-3.178441047668457,2.2910349369049072,0.027923520874306718,0.015977865278098517,0.17927197514531912
16.669537707185096,0.022986029297696036,55.48107679778539,0.9533752202987671,-3.1783010959625244,2.2813875675201416,0.003435585152516296,0.022986029297696036,0.08310291163154204
16.626819996568543,0.1959002937565891,55.56085682238572,0.9586917161941528,-3.1769344806671143,2.27461576461792,0.04615329576907001,0.1959002937565891,0.0033228870312100867
16.6471466395385,0.018309173152953148,55.56886180409298,0.9531928896903992,-3.1796822547912598,2.275202989578247,0.025826652799111116,0.018309173152953148,0.004682094676049076
16.56333168068598,0.07839909299782337,55.48397621308806,0.9500031471252441,-3.1752495765686035,2.2788503170013428,0.10964161165163233,0.07839909299782337,0.08020349632887047
16.61756850533776,0.06733276816973405,55.62168990222844,0.9543666839599609,-3.1813900470733643,2.2712557315826416,0.055404786999851297,0.06733276816973405,0.057510192811506045
16.67124013183572,-0.004854794045175344,55.6974776812589,0.9553026556968689,-3.1839911937713623,2.2688162326812744,0.0017331605018924279,0.004854794045175344,0.13329797184196934
16.702512152950625,0.04638416048909866,55.4536057769436,0.9573083519935608,-3.1749777793884277,2.282650947570801,0.029538860613012474,0.04638416048909866,0.11057393247333636
16.66100850845904,-0.03659866594374292,55.487463024659355,0.9512606859207153,-3.1788628101348877,2.28161358833313,0.011964783878571694,0.03659866594374292,0.07671668475757798
16.66940451849628,0.014558921521748914,55.57875533310574,0.9554484486579895,-3.1812145709991455,2.2752845287323,0.0035687738413336945,0.014558921521748914,0.01457562368880616
16.676282518990483,0.015322417112540187,55.49814885561584,0.9545145630836487,-3.1772472858428955,2.280346155166626,0.0033092266528704783,0.015322417112540187,0.06603085380109519
16.63698331805352,0.09498325075430557,55.57524120077777,0.9562631249427795,-3.179410457611084,2.275228500366211,0.03598997428409234,0.09498325075430557,0.011061491360834452
16.643321733603294,0.048458787809388025,55.516634762604475,0.9543374180793762,-3.1782562732696533,2.2785000801086426,0.029651558734318684,0.048458787809388025,0.04754494681245802
16.642034242944746,0.08900574038371194,55.52142272521266,0.9556324481964111,-3.1773765087127686,2.2772607803344727,0.030939049392866735,0.08900574038371194,0.04275698420427432
16.669872386454426,0.06429081718472301,55.60153401398774,0.9565304517745972,-3.179128885269165,2.273827314376831,0.0031009058831870107,0.06429081718472301,0.037354304570804686
16.676617198259812,-0.027772397923383943,55.567755313447435,0.952923595905304,-3.1779747009277344,2.2752673625946045,0.003643905922199764,0.027772397923383943,0.0035756040305017223
16.666877348503373,0.052248269542140485,55.573632691228234,0.9557549357414246,-3.1771936416625977,2.273592948913574,0.006095943834239392,0.052248269542140485,0.009452981811300276
16.670866178978663,-0.07757994272495376,55.591582428367026,0.9510531425476074,-3.1795833110809326,2.27467679977417,0.0021071133589494195,0.07757994272495376,0.02740271895009272
16.582148851849368,0.14467874251272922,55.52901106538054,0.9547287821769714,-3.177380084991455,2.277627468109131,0.09082444048824456,0.14467874251272922,0.0351686440363963
16.648657818892367,0.0451479179790584,55.515828800282414,0.9539967775344849,-3.1762707233428955,2.278284788131714,0.024315473445245317,0.0451479179790584,0.04835090913451978
16.640808223988728,0.047808431442381144,55.554374972863386,0.9544623494148254,-3.178311347961426,2.2755343914031982,0.03216506834888477,0.047808431442381144,0.009804736553547855
16.66692174473298,0.0424458352130925,55.5512740669802,0.9554850459098816,-3.1788206100463867,2.276970624923706,0.006051547604631224,0.0424458352130925,0.012905642436734865
16.65590977224363,0.09193238787830946,55.532419329776374,0.9569206833839417,-3.1784167289733887,2.279076337814331,0.017063520093984152,0.09193238787830946,0.03176037964055922

Errors:
rotation,[20.663990444843115, 19.31793756043009, 19.570515960666995, 17.82377104821327, 14.36142589868872, 9.751975375227335, 4.514775223398399, 2.0960664976010865, 1.2430094504729465, 1.2612072818185929, 0.962586126032343, 0.6173085126242829, 0.3739847792862755, 0.22317336129772436, 0.10952452608175438, 0.2453764765568692, 0.04881792062811334, 0.2682442009783262, 0.1802477479810914, 0.1398859263890371, 0.1864969535754475, 0.1252801345798926, 0.032703319051888766, 0.08466249756650586, 0.14203471639923237, 0.12565529335616474, 0.162701773980853, 0.10474602763871471, 0.03499190787608543, 0.06779719518768015, 0.1070897750339959, 0.2706718270373701, 0.1178143005588235, 0.08977823634481377, 0.06140302525445859, 0.14075628761285283]
translation,[0.09908907901583852, 0.10151341878441045, 0.12064144521419085, 0.12589879375328028, 0.12507204200585154, 0.12705094662843752, 0.12174166085973326, 0.1044125385878667, 0.08213206000119033, 0.060579841068500784, 0.0424965160729176, 0.025653209809009425, 0.01217880100344182, 0.0012271953913103317, 0.004312327906355051, 0.007961033467537959, 0.006764990663872261, 0.00895598915083351, 0.00736681684172158, 0.006463635871002182, 0.005285033981921927, 0.0042409540192522854, 0.004973429058148682, 0.005464078059766564, 0.00623696907796667, 0.005754909195362146, 0.006843644156444562, 0.007187805191375851, 0.008141396272893786, 0.009033409390189817, 0.007646955215262707, 0.006847791517769153, 0.007525112364241693, 0.007359712778253424, 0.005902487084271435, 0.004688864976653662]
loss,
[0.1397780478000641, 0.1393870860338211, 0.09781931340694427, 0.09339284151792526, 0.07809555530548096, 0.056574560701847076, 0.027525857090950012, 0.010428354144096375, 0.009743870235979557, 0.006967855151742697, 0.006466127932071686, 0.003608554136008024, 0.0023283897899091244, 0.0026793130673468113, 0.0023339074105024338, 0.0015039363643154502, 0.0014834078028798103, 0.002478699665516615, 0.0016540891956537962, 0.0023484844714403152, 0.001695722807198763, 0.0019651094917207956, 0.0015019861748442054, 0.0013943419326096773, 0.0016340177971869707, 0.0015721780946478248, 0.0011712968116626143, 0.00163961760699749, 0.0014483300037682056, 0.0020638061687350273, 0.00164698192384094, 0.0013561686500906944, 0.0013088233536109328, 0.0017699049785733223, 0.0016329450299963355, 0.001502197701483965]

2022-04-20 20:37:09.555647