2022-04-20 20:27:57.132187

reference phi, theta, psi, translation: 164.57178246643477, -4.268868188959204e-07, 11.003265705708584, 0.2046843022108078, 0.7416750192642212, 3.957021951675415

phi,theta,psi,rot_x,rot_y,rot_z,phi_err,theta_err,psi_err
174.68706040079186,1.035587752499106,3.46078983121423,-0.0498787984251976,0.24902896583080292,4.223120212554932,10.115277934357096,1.035588179385925,7.542475874494354
174.41638000398427,0.7380299468188177,3.84327572897989,-0.025942105799913406,0.2762783169746399,4.219729900360107,9.844597537549504,0.7380303737056366,7.159989976728694
172.4247788042786,-2.325956620663772,7.675996254371171,0.23991823196411133,0.5536581873893738,4.173242568969727,7.85299633784382,2.3259561937769533,3.327269451337413
168.52304690128716,-5.414299027188335,12.785417446968529,0.5630189180374146,0.8523303866386414,4.094736099243164,3.9512644348523907,5.414298600301516,1.7821517412599448
164.7075256459996,-4.316277116351642,11.64229735068133,0.5186822414398193,0.7390703558921814,4.116580486297607,0.13574317956482673,4.316276689464822,0.6390316449727464
164.27383595446048,-2.496954164285114,11.729859522067247,0.3989022374153137,0.764370858669281,4.065899848937988,0.29794651197428834,2.4969537373982953,0.7265938163586636
164.60003212884195,-1.262536457267435,11.24558630330865,0.29695287346839905,0.741478681564331,3.984527826309204,0.028249662407176857,1.262536030380616,0.24232059760006663
164.52630706694083,-0.1892667752696045,11.193555629758785,0.22512947022914886,0.7497116327285767,3.944258689880371,0.045475399493938085,0.1892663483827856,0.19028992405020162
164.63553545214768,-0.5753477245239719,11.159464448063959,0.24829469621181488,0.7424293160438538,3.9609804153442383,0.06375298571290955,0.575347297637153,0.15619874235537523
164.70359145703767,-0.5065371085031385,11.126733327787612,0.24254074692726135,0.7422507405281067,3.958416223526001,0.13180899060290585,0.5065366816163196,0.12346762207902806
164.60150744970267,-0.481455609050642,11.290169509342261,0.24538198113441467,0.7524810433387756,3.955113172531128,0.029724983267897187,0.4814551821638231,0.2869038036336775
164.50555695224233,-0.5896209937534674,11.11747244504672,0.2501218616962433,0.7398325800895691,3.957716226577759,0.06622551419243905,0.5896205668666485,0.11420673933813674
164.5139171037864,-0.36379110623552696,11.353085796881835,0.2393694669008255,0.7597704529762268,3.9501476287841797,0.05786536264835718,0.36379067934870807,0.3498200911732514
164.46402940208864,-0.5379509866520946,11.25636434181893,0.24966499209403992,0.7497215270996094,3.9578800201416016,0.1077530643461273,0.5379505597652757,0.2530986361103462
164.61344662037186,-0.40066398761962707,11.077896621448375,0.23435887694358826,0.7390491962432861,3.950571060180664,0.04166415393709144,0.4006635607328082,0.07463091573979064
164.55160608762657,-0.5977582767073508,11.296169830528118,0.25467708706855774,0.7522905468940735,3.9581432342529297,0.02017637880820189,0.5977578498205319,0.2929041248195343
164.52767310477483,-0.5312222139138034,11.032010556830583,0.24477212131023407,0.7349308729171753,3.959677219390869,0.04410936165993462,0.5312217870269845,0.028744851121999204
164.4905715172033,-0.471345818589193,11.176373435127973,0.24263092875480652,0.7460825443267822,3.9553210735321045,0.08121094923146188,0.4713453917023741,0.1731077294193888
164.62269469650803,-0.4132134607862007,11.227950754871678,0.23885492980480194,0.7495646476745605,3.954592227935791,0.05091223007326562,0.4132130338993818,0.22468504916309406
164.56254805067692,-0.3522604904237791,11.193072393875006,0.23515428602695465,0.7487170696258545,3.9505767822265625,0.009234415757845227,0.3522600635369602,0.18980668816642243
164.48237529019931,-0.5146365645249439,11.275954178132173,0.24907606840133667,0.7507820129394531,3.9544789791107178,0.08940717623545424,0.514636137638125,0.27268847242358873
164.5908660149758,-0.4390494080055498,11.039417043211815,0.23807001113891602,0.7380433082580566,3.9627931118011475,0.019083548541033224,0.4390489811187309,0.03615133750323096
164.6468735661699,-0.4586445057304651,11.176615906843507,0.24045710265636444,0.7471302151679993,3.9577724933624268,0.0750910997351184,0.4586440788436462,0.17335020113492305
164.6135968845336,-0.552314434408829,11.233063151465432,0.24961531162261963,0.747905433177948,3.9576783180236816,0.04181441809882358,0.5523140075220101,0.2297974457568479
164.62310450785824,-0.4258447927801299,11.13670796529677,0.23850807547569275,0.7450482845306396,3.9588463306427,0.051322041423475184,0.425844365893311,0.13344225958818612
164.55211152162514,-0.4718999268695542,11.190774035219297,0.24388620257377625,0.7465261816978455,3.9575443267822266,0.01967094480963283,0.4718994999827353,0.18750832951071317
164.53125212389992,-0.49811995562105454,11.146277060323957,0.24436184763908386,0.7436823844909668,3.9576427936553955,0.04053034253485066,0.49811952873423565,0.14301135461537307
164.5731894854038,-0.47319878552897743,11.188857313383464,0.24187448620796204,0.7461768388748169,3.958099603652954,0.0014070189690187362,0.47319835864215853,0.1855916076748798
164.52103416090156,-0.49951969039148436,11.238919184905072,0.24655547738075256,0.7500279545783997,3.9596662521362305,0.05074830553320453,0.49951926350466547,0.23565347919648794
164.5011856311735,-0.501449490352151,11.180883067527473,0.2452542781829834,0.7451709508895874,3.9573872089385986,0.07059683526125582,0.5014490634653321,0.1776173618188892
164.58675424109543,-0.5293953541561822,11.16357536817066,0.2458118498325348,0.7435057759284973,3.955045461654663,0.01497177466066546,0.5293949272693633,0.16030966246207612
164.59408986426402,-0.5203337105112341,11.255356035142707,0.24773885309696198,0.7502208352088928,3.954852342605591,0.02230739782925184,0.5203332836244152,0.25209032943412346
164.5816862407313,-0.44375668222531994,11.242570774790089,0.24141134321689606,0.7518391013145447,3.958711624145508,0.00990377429653222,0.44375625533850105,0.23930506908150484
164.59608427950167,-0.4679717789249873,11.060169719231252,0.23927165567874908,0.739084780216217,3.9638423919677734,0.024301813066898603,0.4679713520381684,0.056904013522668606
164.5610727298162,-0.41243944652636017,11.213889102917914,0.23898634314537048,0.7501423954963684,3.957235813140869,0.010709736618565557,0.41243901963954127,0.21062339720933032
164.6124767335097,-0.4326523756439437,11.236668637573553,0.24152660369873047,0.7508050203323364,3.954904317855835,0.04069426707494017,0.4326519487571248,0.23340293186496908

Errors:
rotation,[18.693341988237375, 17.742617887983833, 13.506221982958186, 11.147714776413851, 5.0910515140023955, 3.5214940657312472, 1.5331062903878594, 0.4250316719269253, 0.7952990257054378, 0.7618132942982535, 0.7980839690653978, 0.7700528203972243, 0.7714761331703166, 0.8988022602217492, 0.5169586304096903, 0.9108383534482681, 0.6040759998089184, 0.7256640703532248, 0.6888103131357415, 0.5513011674612278, 0.876731786297168, 0.4942838671629951, 0.7070853797136877, 0.8239258713776816, 0.6106086669049723, 0.6790787743030813, 0.6816612258844594, 0.6601969852860571, 0.7859210482343579, 0.7496632605454772, 0.7046763643921049, 0.7947310108877905, 0.6929650987165381, 0.5491771786277356, 0.6337721534674372, 0.706749147697034]
translation,[0.19962134480110283, 0.19771528217597112, 0.18551095536427997, 0.18909871191625705, 0.18330951366933057, 0.12518285085742775, 0.03266657066348788, 0.009944073614746252, 0.006471548385915682, 0.00357321527403176, 0.002400600248105178, 0.002905173600292521, 0.0014620208774909216, 0.004862826316270663, 0.005196773916783748, 0.005912012978906311, 0.003605347219851396, 0.001249270492187371, 0.0009547440212962499, 0.0033588363707002244, 0.0016885394122736486, 0.0068302982315398, 0.0037175989933517783, 0.0043249771139217685, 0.00427037424511667, 0.0035878066351378024, 0.0031879775328063076, 0.003946762112938096, 0.006480336783486251, 0.0032660872412213493, 0.0006956116462610851, 0.0018678613826708101, 0.005570144841555269, 0.008121492150785059, 0.0036627118584986462, 0.0016507154564280313]
loss,
[0.10825751721858978, 0.09559952467679977, 0.08555196970701218, 0.059167198836803436, 0.03254183754324913, 0.02341916412115097, 0.007063320837914944, 0.0032850075513124466, 0.004389570094645023, 0.0036280665080994368, 0.0031091037672013044, 0.003007124178111553, 0.0032775048166513443, 0.0028904443606734276, 0.003118811873719096, 0.0038147233426570892, 0.0027487147599458694, 0.003613327629864216, 0.002335974480956793, 0.0025484678335487843, 0.00372869148850441, 0.003869348671287298, 0.003789427224546671, 0.0033492620568722486, 0.0032015061005949974, 0.0031013782136142254, 0.002595470752567053, 0.003475174307823181, 0.002899831160902977, 0.003372876439243555, 0.0035501651000231504, 0.002690646331757307, 0.0029041781090199947, 0.003866105806082487, 0.0027489252388477325, 0.004408133216202259]

2022-04-20 20:32:38.065801