2022-04-20 08:27:58.583484

reference phi, theta, psi, translation: -86.91639066027085, -0.0, 34.793557367935236, -2.296917200088501, -0.12373751401901245, 3.3104169368743896

phi,theta,psi,rot_x,rot_y,rot_z,phi_err,theta_err,psi_err
-76.53055527251121,6.8177051513072,38.18892636661862,-2.336111545562744,-0.9462913274765015,3.345968008041382,10.385835387759641,6.8177051513072,3.395368998683381
-76.32975454110199,6.5127960634242275,37.85240977640125,-2.339053153991699,-0.9537684321403503,3.3403160572052,10.586636119168858,6.5127960634242275,3.0588524084660165
-76.18982445557594,7.892084966180831,35.72635288778929,-2.2700729370117188,-1.0391184091567993,3.341048240661621,10.726566204694905,7.892084966180831,0.9327955198540536
-76.71701260666337,7.151978329482572,36.110711538048,-2.289320230484009,-0.9742414355278015,3.3422369956970215,10.199378053607475,7.151978329482572,1.3171541701127651
-76.43455696372668,6.612191268232345,36.593967912393914,-2.322777032852173,-0.9491481781005859,3.3079588413238525,10.481833696544172,6.612191268232345,1.8004105444586784
-77.19249622573382,7.031775167130027,37.797450659244745,-2.3817806243896484,-0.9527826905250549,3.2550623416900635,9.72389443453703,7.031775167130027,3.0038932913095096
-77.40574156181079,6.111470917709065,38.73522880209833,-2.4496676921844482,-0.8979970216751099,3.203097105026245,9.510649098460064,6.111470917709065,3.9416714341630907
-78.31617162722763,5.897036725961658,39.209633251279904,-2.4933290481567383,-0.8473406434059143,3.169081926345825,8.600219033043217,5.897036725961658,4.416075883344668
-80.53525227724059,5.708076825883474,39.73288721340541,-2.5529420375823975,-0.7381502389907837,3.1385416984558105,6.381138383030262,5.708076825883474,4.939329845470176
-83.07056385563597,4.0613037310072935,39.66674024638842,-2.5776898860931396,-0.5353876948356628,3.1438024044036865,3.845826804634882,4.0613037310072935,4.873182878453186
-84.65877408296069,2.1323817747019707,38.532614655464485,-2.528390884399414,-0.35224390029907227,3.1730995178222656,2.2576165773101593,2.1323817747019707,3.739057287529249
-86.0375297291978,0.7091451202699101,38.04926265847019,-2.4923489093780518,-0.21112926304340363,3.1785712242126465,0.8788609310730493,0.7091451202699101,3.255705290534955
-86.98314209902938,-0.30764270516265024,35.78643123172872,-2.3534395694732666,-0.10679583996534348,3.2579152584075928,0.06675143875852996,0.30764270516265024,0.9928738637934842
-86.96056149363332,0.005762929186107625,34.40243000020904,-2.2641396522521973,-0.1217408999800682,3.3195981979370117,0.04417083336247174,0.005762929186107625,0.3911273677261988
-86.93038571788021,-0.01571770749415411,34.99918704308764,-2.3042001724243164,-0.12333124876022339,3.2962868213653564,0.013995057609363926,0.01571770749415411,0.2056296751524016
-86.83722193760123,-0.02437135698905076,34.7481946665626,-2.286625862121582,-0.12646982073783875,3.3042116165161133,0.07916872266962116,0.02437135698905076,0.04536270137263898
-87.04591836769097,-0.026005695855645487,34.8595506556959,-2.2942802906036377,-0.11722201108932495,3.300272226333618,0.12952770742012376,0.026005695855645487,0.06599328776066216
-86.96240564470922,-0.03315240645132264,34.82326869082479,-2.2928576469421387,-0.12002444267272949,3.3019814491271973,0.04601498443837215,0.03315240645132264,0.029711322889554026
-86.96136745595538,-0.03775458834961581,34.86853918464364,-2.297414541244507,-0.11949445307254791,3.3031554222106934,0.0449767956845335,0.03775458834961581,0.07498181670840154
-86.91279115057826,0.018180058391595585,34.853198579767785,-2.293029308319092,-0.12554168701171875,3.3011040687561035,0.003599509692591596,0.018180058391595585,0.05964121183254889
-87.12173346747811,-0.051737304576563566,34.80423636870255,-2.293576240539551,-0.11299493908882141,3.302435874938965,0.20534280720725917,0.051737304576563566,0.010679000767311209
-87.05197674548478,-0.07818596702995563,34.77896808386809,-2.2886886596679688,-0.11503417789936066,3.302950143814087,0.13558608521393012,0.07818596702995563,0.014589284067149322
-86.82726352179135,-0.06834228007872312,34.86144261809599,-2.2946996688842773,-0.12432155758142471,3.3005359172821045,0.0891271384794976,0.06834228007872312,0.06788525016075653
-86.90063341385563,-0.2011523114398883,34.748645459047815,-2.2885305881500244,-0.11285041272640228,3.3047728538513184,0.015757246415219583,0.2011523114398883,0.04491190888742125
-86.95779526701946,-0.14836036685802134,34.936854736722104,-2.2995951175689697,-0.1158277839422226,3.297623634338379,0.041404606748614015,0.14836036685802134,0.14329736878686816
-86.90434220657495,0.012826645999670669,34.79769646257226,-2.2917027473449707,-0.12606166303157806,3.3044190406799316,0.01204845369589691,0.012826645999670669,0.004139094637025664
-86.94348602070829,-0.0377378895137627,34.74291834542876,-2.286881446838379,-0.12064333260059357,3.308521032333374,0.02709536043744265,0.0377378895137627,0.05063902250647345
-86.96522651283644,-0.052683299547738725,34.86774346760533,-2.2966790199279785,-0.11950692534446716,3.29976487159729,0.04883585256558831,0.052683299547738725,0.0741860996700936
-86.96185922957562,-0.054865397148796576,34.8496434663048,-2.295053482055664,-0.11928440630435944,3.3031914234161377,0.04546856930477361,0.054865397148796576,0.05608609836956191
-86.97224794730322,-0.10066944260147034,34.80736459534241,-2.2922017574310303,-0.11633788794279099,3.301746368408203,0.05585728703236725,0.10066944260147034,0.013807227407177436
-87.0176891958513,0.014552038945778278,34.81787284138048,-2.2917582988739014,-0.12103462219238281,3.3017027378082275,0.10129853558045454,0.014552038945778278,0.024315473445241764
-86.91192371655366,-0.059753507535132276,34.79812676448997,-2.291139602661133,-0.12107749283313751,3.304086685180664,0.004466943717190475,0.059753507535132276,0.004569396554735761
-86.89748469664825,-0.012042260557245055,34.896478073443575,-2.2973945140838623,-0.12389407306909561,3.3011679649353027,0.018905963622600552,0.012042260557245055,0.10292070550833898
-87.00409711940299,-0.08487732946983026,34.72090123063922,-2.2865214347839355,-0.11680161952972412,3.3057892322540283,0.0877064591321357,0.08487732946983026,0.07265613729601483
-86.89943130056172,-0.10249044321412328,34.792997292423294,-2.2909014225006104,-0.11924292147159576,3.302321195602417,0.016959359709133537,0.10249044321412328,0.0005600755119417045
-86.98641375964182,-0.09211312540302598,34.806077104683865,-2.2909092903137207,-0.1162540540099144,3.3016858100891113,0.07002309937097095,0.09211312540302598,0.012519736748629384

Errors:
rotation,[20.598909537750224, 20.1582845910591, 19.55144669072979, 18.66851055320281, 18.894435509235194, 19.759562892976568, 19.563791450332218, 18.913331642349544, 17.028545054383912, 12.78031341409536, 8.129055639541379, 4.843711341877914, 1.3672680077146644, 0.44106113027477817, 0.23534244025591963, 0.1489027810313109, 0.2215266910364314, 0.10887871377924882, 0.15771320074255085, 0.08142077991673607, 0.26775911255113394, 0.22836133631103506, 0.22535466871897725, 0.26182146674252915, 0.3330623423935035, 0.029014194332593245, 0.1154722724576788, 0.17570525178342064, 0.1564200648231321, 0.17033395704101503, 0.14016604797147458, 0.06878984780705852, 0.1338689296881846, 0.2452399258979808, 0.12000987843519852, 0.1746559615226263]
translation,[0.1579505536533441, 0.15677696924924334, 0.13967460544260035, 0.13548626755060056, 0.12083056870090658, 0.11327756791359356, 0.10010600510738943, 0.0892784205537751, 0.0813913902765977, 0.06943435546364629, 0.04138839264505467, 0.013582955779242845, 0.01066931125179682, 0.011068984707701901, 0.007442014110781159, 0.010871797427974172, 0.010027044178453792, 0.009352692693178177, 0.0058054897018946505, 0.00980666570818034, 0.008773514053144638, 0.011078078099468591, 0.00935813619147119, 0.00973220241185846, 0.009204518644994941, 0.00782446994479713, 0.00736284039339985, 0.009006953945110752, 0.007129254089651482, 0.010027956541371452, 0.010177922393898697, 0.008571308528930288, 0.0073145972695289885, 0.009926884011251857, 0.01021186577843114, 0.010816737338046778]
loss,
[0.14110851287841797, 0.12803779542446136, 0.07586714625358582, 0.06592924147844315, 0.05301627516746521, 0.052169423550367355, 0.05469468981027603, 0.05562357231974602, 0.06423218548297882, 0.03882620111107826, 0.03303799405694008, 0.015620030462741852, 0.005706498399376869, 0.002080292208120227, 0.0022589820437133312, 0.00230991723947227, 0.002557596657425165, 0.002085853833705187, 0.0033059667330235243, 0.0021335287019610405, 0.0030633285641670227, 0.0017875711200758815, 0.00360911525785923, 0.002374410629272461, 0.002522291149944067, 0.0027140770107507706, 0.0035145969595760107, 0.003748083021491766, 0.0020775524899363518, 0.002179640345275402, 0.002231745980679989, 0.002416837029159069, 0.0037723188288509846, 0.003290850669145584, 0.002951077651232481, 0.0032137844245880842]

2022-04-20 08:31:43.326571