2022-04-20 08:21:39.801607

reference phi, theta, psi, translation: 132.9853677440357, -8.537735924097414e-07, 76.34363348549546, 2.865516185760498, 2.6707684993743896, 0.9517420530319214

phi,theta,psi,rot_x,rot_y,rot_z,phi_err,theta_err,psi_err
143.3552887910292,-3.0579185397180266,69.36864430507845,2.3124754428863525,2.981729030609131,1.6183615922927856,10.369921046993511,3.0579176859444344,6.974989180417012
143.4730275919419,-2.8150653284722122,68.92688132994036,2.2918734550476074,2.9802050590515137,1.6392370462417603,10.487659847906201,2.81506447469862,7.416752155555102
143.12332190643724,-1.027162189003277,67.12512523821518,2.248842716217041,2.962205410003662,1.694898247718811,10.137954162401542,1.0271613352296844,9.218508247280283
142.6984568193058,2.7898568975764717,64.70439008314678,2.188425302505493,2.9782941341400146,1.7080930471420288,9.71308907527009,2.789857751350064,11.639243402348683
141.79292399952382,4.494795242124539,65.9922632322877,2.2084479331970215,2.9960951805114746,1.6470922231674194,8.807556255488123,4.494796095898131,10.351370253207762
140.61309078267416,2.9297420341523157,67.30480019452153,2.349630117416382,2.9587650299072266,1.5606873035430908,7.6277230386384645,2.929742887925908,9.038833290973926
140.2144126408205,1.7263571512038807,69.31215864064244,2.4142487049102783,2.9752511978149414,1.4502685070037842,7.2290448967848135,1.7263580049774732,7.031474844853022
138.89884990478436,2.0741797623336593,72.33828761279493,2.532614231109619,2.984304428100586,1.242577314376831,5.913482160748657,2.0741806161072516,4.005345872700531
137.71008280050032,1.1885801813069687,74.42097621527189,2.639599323272705,2.9451804161071777,1.1104459762573242,4.724715056464618,1.1885810350805612,1.9226572702235671
135.00464487025826,1.5083280911483266,74.93384145966981,2.7826642990112305,2.808012008666992,1.064038872718811,2.019277126222562,1.508328944921919,1.4097920258256522
133.65356515053804,0.20062861744250007,75.32352424238655,2.853350877761841,2.724200487136841,1.0350412130355835,0.6681974065023439,0.20062947121609248,1.0201092431089052
132.8848956613448,0.09713970698377483,75.66916596533504,2.879532814025879,2.675410270690918,1.004289150238037,0.10047208269088514,0.09714056075736724,0.6744675201604196
132.97923423416103,-0.05561283932646734,76.14930777341942,2.8705296516418457,2.6703808307647705,0.9700428247451782,0.006133509874672427,0.055611985552874936,0.19432571207603644
132.99125536710025,0.08514535345578217,76.31921555921267,2.8613600730895996,2.6690714359283447,0.9531716108322144,0.005887623064552372,0.08514620722937458,0.024417926282794156
133.07022601428395,0.10612203287665702,76.4200428117404,2.861046075820923,2.674044370651245,0.9463387727737427,0.08485827024824744,0.10612288665024942,0.07640932624494212
132.97210351666754,0.05475822169363375,76.24304528958868,2.863309383392334,2.6653056144714355,0.959050178527832,0.013264227368154025,0.05475907546722616,0.1005881959067807
133.06084133436434,0.038778630877857864,76.46276564499883,2.8610281944274902,2.6717967987060547,0.9426026940345764,0.07547359032864165,0.03877948465145027,0.11913215950336564
132.88951286922375,-0.014724780091319098,76.43184537862618,2.868941307067871,2.66043758392334,0.944931149482727,0.09585487481194832,0.014723926317726689,0.08821189313071898
132.88971777489886,0.011833861082635013,76.37417126127458,2.868349552154541,2.6640210151672363,0.949766218662262,0.09564996913684354,0.011834714856227422,0.03053777577912342
132.96438540290544,0.0720760424438516,76.31955706867117,2.864431142807007,2.6664514541625977,0.9526765942573547,0.02098234113026365,0.07207689621744401,0.024076416824286184
132.89534585077493,0.01390940556732489,76.43957715276663,2.869391918182373,2.6632161140441895,0.9444000720977783,0.09002189326076859,0.013910259340917299,0.09594366727117176
133.04255008776704,0.07423286577161606,76.3685431853985,2.8599979877471924,2.6708898544311523,0.9495771527290344,0.057182343731341234,0.07423371954520847,0.024909699903034266
133.06508971202808,0.062490350023211697,76.36102997731149,2.8591690063476562,2.671626567840576,0.9495608806610107,0.07972196799238418,0.062491203796804104,0.017396491816029425
133.05653831518723,0.05871374984429722,76.27768800905899,2.8598830699920654,2.6719961166381836,0.9576154947280884,0.07117057115152647,0.058714603617889626,0.0659454764364682
132.99337272574297,0.03432664295669968,76.3667878267818,2.8640947341918945,2.668719530105591,0.9508761763572693,0.008004981707273373,0.03432749673029209,0.023154341286343083
132.9725406487744,0.015250173504708621,76.42710522734218,2.8668487071990967,2.6673924922943115,0.9463470578193665,0.012827095261286559,0.01525102727830103,0.08347174184672213
133.07674201475214,-0.014498556411597755,76.34583280640821,2.861060380935669,2.6716856956481934,0.9520408511161804,0.0913742707164431,0.014497702638005346,0.0021993209127515456
132.9933454049863,-0.04607654634986413,76.30712612438174,2.863823413848877,2.667933225631714,0.9543313980102539,0.007977660950587051,0.04607569257627172,0.03650736111372055
133.07058118412078,0.06977971040141208,76.39374658343584,2.860729217529297,2.674816131591797,0.9489331245422363,0.08521344008508436,0.06978056417500449,0.050113097940382545
132.90091928513766,0.07724211839266881,76.3579768827525,2.869277238845825,2.6636147499084473,0.9511121511459351,0.08444845889803787,0.07724297216626122,0.014343397257036372
132.9792615549177,0.031354750122374965,76.27182087656195,2.864586353302002,2.6680452823638916,0.9556408524513245,0.006106189117986105,0.03135560389596737,0.07181260893351293
133.0411703895547,-0.05706163516488732,76.377722959643,2.8631999492645264,2.6711556911468506,0.9499635100364685,0.05580264551900882,0.05706078139129491,0.03408947414753527
132.9208361167574,0.026640253414796294,76.34435748554749,2.8669090270996094,2.665087938308716,0.9517607092857361,0.06453162727828499,0.026641107188388705,0.0007240000520312151
133.03200427568856,0.11807928518536068,76.43301334097426,2.8616225719451904,2.6725189685821533,0.9448878169059753,0.04663653165286519,0.11808013895895308,0.08937985547879634
133.03861589880512,0.10556986437137549,76.42168888733036,2.8607797622680664,2.6719777584075928,0.9458982348442078,0.05324815476942035,0.10557071814496789,0.07805540183490223
133.0203792937212,0.06586839159050609,76.43312945419014,2.861103057861328,2.6705727577209473,0.9447786211967468,0.03501154968549258,0.0658692453640985,0.08949596869467769

Errors:
rotation,[20.402827913354958, 20.719476478159923, 20.38362374491151, 24.142190228968836, 23.653722604594016, 19.5962992175383, 15.98687774661531, 11.99300864955644, 7.8359533617687465, 4.937398096970133, 1.8889361208273416, 0.8720801636086719, 0.2560712075035838, 0.1154517565767211, 0.267390483143439, 0.1686114987421609, 0.23338523448345755, 0.19879069426039397, 0.13802245977219438, 0.11713565417199384, 0.19987581987285766, 0.15632576317958397, 0.15960966360521772, 0.1958306512058843, 0.06548681972390855, 0.1115498643863097, 0.1080712942672, 0.09056071464057933, 0.2051071022004714, 0.17603482832133546, 0.1092744019474664, 0.146952901057839, 0.0918967345187049, 0.2540965260906146, 0.23687427474929046, 0.19037676374426876]
translation,[0.07464079787699607, 0.07026160865818731, 0.05600143883887565, 0.04036013909128755, 0.0390972951428985, 0.056755263413950985, 0.06569854627956584, 0.07547627070324303, 0.07674919210979603, 0.06280938085760823, 0.04737446788742439, 0.025732685625097673, 0.007665131476652043, 0.0037401923429962736, 0.0022760977867264387, 0.0034531715694736675, 0.0046564753310898155, 0.006001930128576305, 0.0029167807598691198, 0.0034097306149751816, 0.003968432458816729, 0.0043513101236412055, 0.004455126789713049, 0.0017962329257983356, 0.0025723390926133405, 0.0025588240755958225, 0.0024873638546081267, 0.0024690056632596935, 0.0013786653648244496, 0.0022072554145706746, 0.0015420814804985028, 0.0018092017051403175, 0.0027657806669338925, 0.0032194852878415503, 0.003940135461980354, 0.00490534808498122]
loss,
[0.15100984275341034, 0.13703134655952454, 0.12573875486850739, 0.07120469212532043, 0.05713361129164696, 0.04888308048248291, 0.04454789310693741, 0.037630677223205566, 0.030129414051771164, 0.01996823213994503, 0.006183617748320103, 0.007213703356683254, 0.004230799153447151, 0.001939099282026291, 0.00175414455588907, 0.0019466415978968143, 0.0015170748811215162, 0.0020571306813508272, 0.002073653507977724, 0.0030971902888268232, 0.002489777049049735, 0.0022646933794021606, 0.0015650184359401464, 0.0021088982466608286, 0.001482988242059946, 0.0016063591465353966, 0.0020240850280970335, 0.0016956928884610534, 0.001395700266584754, 0.002409961773082614, 0.0012916338164359331, 0.0032004001550376415, 0.0014128288021311164, 0.0017027243738994002, 0.001974679995328188, 0.0011934771900996566]

2022-04-20 08:24:31.654922