2022-04-28 16:13:16.159815

reference phi, theta, psi, translation: 16.672973292337613, -0.0, 55.56417970941693, 0.9538894295692444, -3.184936285018921, 2.279534101486206

phi,theta,psi,rot_x,rot_y,rot_z,phi_err,theta_err,psi_err
26.607018987257597,-4.879078348390559,61.415046110949504,1.4386786222457886,-3.2383759021759033,2.121750593185425,9.934045694919984,4.879078348390559,5.850866401532571
26.889191177343747,-5.418120194766046,61.95191947028002,1.4566586017608643,-3.2741317749023438,2.0669970512390137,10.216217885006134,5.418120194766046,6.387739760863084
26.312472201942676,-3.738030199977842,62.251436925763414,1.5130385160446167,-3.298229217529297,2.009413719177246,9.639498909605063,3.738030199977842,6.687257216346481
23.881177574417425,0.2820386556097996,60.66329500033039,1.4761708974838257,-3.2950024604797363,2.0485317707061768,7.208204282079812,0.2820386556097996,5.09911529091346
20.090284273729655,3.9614997605728566,56.79064262773028,1.3101425170898438,-3.1886887550354004,2.260957956314087,3.417310981392042,3.9614997605728566,1.226462918313345
19.540363545537126,2.390337332030838,55.089560109276505,1.2106088399887085,-3.1429946422576904,2.3548550605773926,2.8673902531995132,2.390337332030838,0.4746196001404286
17.494248898518283,1.088080483122194,55.014557802000596,1.0466786623001099,-3.186135768890381,2.3463099002838135,0.8212756061806701,1.088080483122194,0.5496219074163378
16.508324752205283,-0.01890109499904195,54.908706945338324,0.9472448825836182,-3.1895482540130615,2.3343920707702637,0.16464854013232966,0.01890109499904195,0.6554727640786098
16.38945213989038,-0.07053896791652091,55.30653814373488,0.9368895292282104,-3.1892929077148438,2.3016984462738037,0.2835211524472321,0.07053896791652091,0.2576415656820501
16.689335010494375,0.06046683332440437,55.53961493406698,0.9586599469184875,-3.180093288421631,2.282029628753662,0.01636171815676235,0.06046683332440437,0.024564775349951162
16.65598831941908,0.03454889385165398,55.53302038642334,0.9538533091545105,-3.177459716796875,2.2768006324768066,0.016984972918532293,0.03454889385165398,0.03115932299359514
16.704974436146415,-0.04249043458844098,55.529533574852046,0.954820990562439,-3.1765389442443848,2.278139114379883,0.03200114380880237,0.04249043458844098,0.03464613456488763
16.710208068597936,0.016459883043384464,55.56257461496198,0.9570724368095398,-3.1761157512664795,2.2759039402008057,0.03723477626032334,0.016459883043384464,0.0016050944549519386
16.70849881375814,0.06097701387534264,55.56602727558742,0.9591060876846313,-3.1774649620056152,2.275536060333252,0.035525521420527895,0.06097701387534264,0.0018475661704897561
16.689147180292203,0.08197523969378186,55.47743289186319,0.9576330184936523,-3.175318956375122,2.2822487354278564,0.01617388795459007,0.08197523969378186,0.08674681755374536
16.74991195824322,-0.00585155491603395,55.54555036845573,0.9588850140571594,-3.17716908454895,2.278041362762451,0.07693866590560816,0.00585155491603395,0.018629340961204832
16.703442766225038,0.012200605641072861,55.48005909959906,0.9566530585289001,-3.1763436794281006,2.2816081047058105,0.03046947388742538,0.012200605641072861,0.08412060981787306
16.64430869593836,0.030789330129176184,55.59907856098111,0.9556246995925903,-3.181910753250122,2.275404691696167,0.028664596399252673,0.030789330129176184,0.03489885156417927
16.743942372908627,0.0015393209415947272,55.54364133058271,0.9582390189170837,-3.1770713329315186,2.278107166290283,0.07096908057101459,0.0015393209415947272,0.020538378834224602
16.72609850370197,-0.03273551622332482,55.627925864940664,0.9568822979927063,-3.181365489959717,2.2726705074310303,0.05312521136435677,0.03273551622332482,0.06374615552373086
16.67293231120259,0.05801517890200943,55.55294404823226,0.957382321357727,-3.1783573627471924,2.2775707244873047,4.098113502237766e-05,0.05801517890200943,0.011235661184670676
16.804411745178044,0.021936078754119695,55.57475284225212,0.9626876711845398,-3.176508903503418,2.275662660598755,0.1314384528404311,0.021936078754119695,0.010573132835183685
16.705222030503826,-0.005810134765099787,55.577915219837834,0.9568271040916443,-3.178790807723999,2.274594783782959,0.03224873816621354,0.005810134765099787,0.01373551042090071
16.733604881599813,-0.059525747684128064,55.669197283000464,0.956389844417572,-3.1827945709228516,2.2707390785217285,0.06063158926220069,0.059525747684128064,0.10501757358353103
16.666896131523593,0.09539471388914601,55.57946225768484,0.9587792754173279,-3.178729772567749,2.2744617462158203,0.006077160814019322,0.09539471388914601,0.015282548267904872
16.656345196803215,0.01103436629906558,55.71495613534497,0.9561403393745422,-3.1839427947998047,2.2664847373962402,0.016628095534397147,0.01103436629906558,0.15077642592803642
16.764439770607837,-0.04949282665152394,55.670802377455416,0.9597789645195007,-3.182194471359253,2.269028663635254,0.09146647827022392,0.04949282665152394,0.10662266803848297
16.725786022547442,0.04659209731134481,55.61414254319558,0.9613285064697266,-3.179964303970337,2.2724483013153076,0.052812730209829795,0.04659209731134481,0.0499628337786433
16.669829697772112,0.0484535115009201,55.5582647655957,0.9568380117416382,-3.177973747253418,2.275157928466797,0.003143594565500507,0.0484535115009201,0.005914943821231589
16.664382621909027,0.06638341483190859,55.577669333027714,0.9565223455429077,-3.17858624458313,2.275178909301758,0.008590670428585412,0.06638341483190859,0.013489623610780654
16.74689130708278,-0.01302374596076409,55.61494850551764,0.9585232138633728,-3.1796488761901855,2.273493528366089,0.07391801474516768,0.01302374596076409,0.05076879610070506
16.711101115831916,0.0005234954316491789,55.6035455046983,0.9579561948776245,-3.179224967956543,2.273691415786743,0.038127823494303215,0.0005234954316491789,0.03936579528136974
16.680826302335834,0.0393754402873387,55.57014587965694,0.9570281505584717,-3.1787216663360596,2.2754502296447754,0.007853009998221694,0.0393754402873387,0.005966170240007784
16.661462716038848,0.09162566479644421,55.5062426297823,0.9570813179016113,-3.1762003898620605,2.2794029712677,0.011510576298764619,0.09162566479644421,0.0579370796346339
16.72131737128296,0.048709050070723355,55.61042350519251,0.959582507610321,-3.1793978214263916,2.273566722869873,0.0483440789453482,0.048709050070723355,0.046243795775573915
16.71944760699767,-0.027947685444147594,55.5250802915132,0.955653727054596,-3.1778013706207275,2.279024124145508,0.04647431466005614,0.027947685444147594,0.039099417903734945

Errors:
rotation,[20.663990444843115, 22.022077840635266, 20.064786325929386, 12.589358228603071, 8.605273660278243, 5.73234718537078, 2.458977996719202, 0.8390223992099813, 0.6117016860458031, 0.10139332683111787, 0.08269318976378141, 0.10913771296213098, 0.055299753758659746, 0.09835010146636029, 0.18489594520211727, 0.10141956178284695, 0.1267906893463713, 0.09435277809260813, 0.09304678034683392, 0.14960688311141246, 0.0692918212217025, 0.16394766442973446, 0.051794383352214035, 0.22517491052985977, 0.11675442297107021, 0.17843888776149913, 0.24758197296023082, 0.1493676612998179, 0.0575120498876522, 0.08846370887127465, 0.13771055680663682, 0.07801711420732213, 0.05319462052556818, 0.16107332072984273, 0.14329692479164546, 0.11352141800793868]
translation,[0.09908907901583852, 0.10581082453684054, 0.1168037575005112, 0.1200883266613566, 0.09150867609425362, 0.07853431638317776, 0.061812318472099115, 0.03333632681144838, 0.01203412970463269, 0.001280050675080524, 0.007460447973088868, 0.007200357226771814, 0.008264502056384515, 0.006923048075588412, 0.005166770533544529, 0.005792067247011978, 0.0049545256810716864, 0.004313604522784509, 0.0059858171191997656, 0.0059901877424346495, 0.005478003026041733, 0.006751033084138491, 0.006950618489078408, 0.006067523751167592, 0.006609400037317137, 0.007616822409938884, 0.006699910034164702, 0.006163427022148227, 0.007275023060263841, 0.006854445431653922, 0.006491418747026856, 0.006849532586596041, 0.006473838358224349, 0.006215015742047747, 0.0063959841703820075, 0.005505114761807484]
loss,
[0.16287457942962646, 0.15546900033950806, 0.1244955062866211, 0.0821242481470108, 0.05309532210230827, 0.029360458254814148, 0.016127515584230423, 0.014099635183811188, 0.002529982477426529, 0.0029106028378009796, 0.0018773576011881232, 0.0019155985210090876, 0.0015138759044930339, 0.002485395409166813, 0.001239808276295662, 0.00211666664108634, 0.002199819078668952, 0.0020196917466819286, 0.0014196031261235476, 0.0021771807223558426, 0.001730018062517047, 0.00255009438842535, 0.0016787791391834617, 0.00209013931453228, 0.0015163274947553873, 0.0014370701974257827, 0.00293155200779438, 0.002213431056588888, 0.001770846894942224, 0.0020406972616910934, 0.0015832189237698913, 0.002365031512454152, 0.0015310699818655849, 0.001633667154237628, 0.002015885431319475, 0.0019413076806813478]

2022-04-28 16:15:45.234480