2022-04-19 13:26:25.986251

reference phi, theta, psi, translation: -33.091320547511735, -0.0, 74.32085247222868, -2.1190009117126465, -3.251617431640625, 1.089412808418274

phi,theta,psi,rot_x,rot_y,rot_z,phi_err,theta_err,psi_err
-22.822884158753556,1.294954214858955,81.82337814338081,-1.5357718467712402,-3.6827800273895264,0.7731812596321106,10.268436388758179,1.294954214858955,7.502525671152128
-24.039701142411545,1.7364892871897688,80.20196636650064,-1.583512783050537,-3.618725299835205,0.8950521349906921,9.05161940510019,1.7364892871897688,5.881113894271962
-25.51909621097421,0.8366173142538571,78.08115164807667,-1.6743659973144531,-3.5133166313171387,1.0460588932037354,7.5722243365375235,0.8366173142538571,3.7602991758479902
-27.421194611796043,0.8749741579445799,77.30985253605297,-1.8041239976882935,-3.4336016178131104,1.0789119005203247,5.670125935715692,0.8749741579445799,2.9890000638242924
-26.833383409182865,1.215370151445936,77.62387048314432,-1.754868745803833,-3.4840002059936523,1.0604184865951538,6.25793713832887,1.215370151445936,3.303018010915636
-27.537618601293495,1.2561791180278905,77.13846942939902,-1.7934497594833374,-3.462642192840576,1.0951602458953857,5.55370194621824,1.2561791180278905,2.817616957170344
-29.821025972909627,1.464404817874759,75.74095808370105,-1.9087727069854736,-3.3729209899902344,1.1802691221237183,3.270294574602108,1.464404817874759,1.4201056114723656
-31.447577467140217,2.4991395444932345,74.80797473364481,-1.975264310836792,-3.312192440032959,1.213800072669983,1.643743080371518,2.4991395444932345,0.4871222614161326
-36.204698356121966,6.298388326137124,71.65595854489982,-2.1290957927703857,-3.155147075653076,1.3413852453231812,3.113377808610231,6.298388326137124,2.664893927328862
-33.39447507872816,3.326444519643199,71.43636796308391,-2.049180507659912,-3.228729009628296,1.3059757947921753,0.3031545312164283,3.326444519643199,2.8844845091447695
-32.29360226377843,-0.7193177611626036,72.12460514461108,-2.073113203048706,-3.2453439235687256,1.2404155731201172,0.7977182837333032,0.7193177611626036,2.1962473276175984
-33.505773011253524,-0.1844102988562805,74.25451767500951,-2.147329092025757,-3.2409660816192627,1.0986608266830444,0.4144524637417888,0.1844102988562805,0.06633479721917013
-32.89666698635554,0.05167932918330724,74.2672764683791,-2.102895975112915,-3.253887414932251,1.0929014682769775,0.19465356115619414,0.05167932918330724,0.05357600384958516
-32.9308862340973,-0.04759496767850152,74.31730760404945,-2.1058189868927,-3.2470381259918213,1.086638331413269,0.16043431341443437,0.04759496767850152,0.0035448681792331627
-33.08514947159662,0.004916185351576791,74.31708220780683,-2.111560344696045,-3.244527578353882,1.0872684717178345,0.006171075915112567,0.004916185351576791,0.0037702644218455816
-33.19159455471669,-0.007975311156887656,74.22241578591046,-2.1205198764801025,-3.2402400970458984,1.0933891534805298,0.10027400720495194,0.007975311156887656,0.09843668631822311
-33.04458497811592,0.028945601434620712,74.21854306865106,-2.112330675125122,-3.2446935176849365,1.0957705974578857,0.046735569395814025,0.028945601434620712,0.10230940357762108
-32.97080185960686,-0.010252331245797568,74.23642450389815,-2.1082863807678223,-3.2493269443511963,1.0948888063430786,0.12051868790487674,0.010252331245797568,0.08442796833053023
-32.982641992533075,0.04057327927610182,74.25445620330699,-2.107609510421753,-3.250764846801758,1.0924923419952393,0.10867855497865975,0.04057327927610182,0.06639626892169304
-32.90910476083413,-0.06562987509459868,74.2333167678258,-2.1055641174316406,-3.2503814697265625,1.09392249584198,0.1822157866776024,0.06562987509459868,0.08753570440288172
-32.92852640373906,0.046552214513908126,74.27122431771936,-2.105999231338501,-3.2531991004943848,1.0927366018295288,0.16279414377267187,0.046552214513908126,0.04962815450932112
-33.06111403590735,-0.05480427547561301,74.14085649703134,-2.1111934185028076,-3.2448313236236572,1.1010006666183472,0.03020651160438348,0.05480427547561301,0.17999597519734323
-32.80084626248943,-0.03669005816058862,74.31696609459094,-2.098068952560425,-3.2579920291900635,1.0891786813735962,0.2904742850223059,0.03669005816058862,0.003886377637741134
-32.89717925054329,0.0548083705692838,74.34087175668598,-2.1027958393096924,-3.25276255607605,1.088120937347412,0.1941412969684464,0.0548083705692838,0.020019284457305275
-33.02235271236753,-0.046313789100811915,74.24518080641411,-2.1115031242370605,-3.2474124431610107,1.0940909385681152,0.0689678351442069,0.046313789100811915,0.07567166581456775
-32.953183386642806,-0.03299072160793401,74.17763706571185,-2.106295108795166,-3.248889446258545,1.098067045211792,0.13813716086892924,0.03299072160793401,0.1432154065168305
-32.821647603606706,0.025915124515045178,74.32554481218847,-2.0989956855773926,-3.255936861038208,1.0897526741027832,0.2696729439050287,0.025915124515045178,0.004692339959788683
-32.945950216311765,0.012285875226377144,74.27673628037957,-2.105919599533081,-3.250929594039917,1.090567946434021,0.14537033119997034,0.012285875226377144,0.044116191849113306
-32.87561634333356,-0.010652181153238464,74.2783003936995,-2.102020263671875,-3.254389524459839,1.0918411016464233,0.2157042041781736,0.010652181153238464,0.042552078529183746
-33.15738896735326,0.007770540478878118,74.21630276660329,-2.1163887977600098,-3.2424516677856445,1.094504714012146,0.06606841984152823,0.007770540478878118,0.1045497056253879
-32.99098848369883,-0.09086916770212579,74.31521073597425,-2.109999418258667,-3.2479565143585205,1.0881696939468384,0.10033206381290682,0.09086916770212579,0.005641736254432317
-32.97258112388565,-0.0007685835397683194,74.3124854904954,-2.1084775924682617,-3.2500290870666504,1.089676856994629,0.11873942362608858,0.0007685835397683194,0.00836698173327477
-33.010037881294,-0.0015119912180867347,74.18060819800081,-2.1080703735351562,-3.246358871459961,1.0964592695236206,0.08128266621773861,0.0015119912180867347,0.140244274227868
-32.98020019990479,-0.017827716017004752,74.31614647189053,-2.10912823677063,-3.249349594116211,1.0893747806549072,0.111120347606942,0.017827716017004752,0.004706000338146055
-33.09329105708728,-0.009016806748743307,74.25075424077684,-2.1148412227630615,-3.2455554008483887,1.092640995979309,0.0019705095755426782,0.009016806748743307,0.07009823145183702
-33.02981810913035,0.020027924689101407,74.198373520032,-2.10988712310791,-3.2476000785827637,1.0968576669692993,0.06150243838138181,0.020027924689101407,0.12247895219667271

Errors:
rotation,[19.06591627476926, 16.669222586561922, 12.16914082663937, 9.534100157484565, 10.776325300690441, 9.627498021416475, 6.154805003949233, 4.630004886280885, 12.076660062076217, 6.514083560004397, 3.713283372513505, 0.6651975598172394, 0.29990889418908656, 0.21157414927216905, 0.01485752568853494, 0.2066860046800627, 0.17799057440805582, 0.21519898748120456, 0.2156481031764546, 0.3353813661750828, 0.2589745127959011, 0.2650067622773397, 0.33105072082063564, 0.26896895199503545, 0.19095329005958656, 0.3143432889936938, 0.3002804083798626, 0.20177239827546078, 0.2689084638605958, 0.17838866594579425, 0.19684296776946492, 0.12787498889913168, 0.22303893166369335, 0.1336540639620928, 0.08108554777612301, 0.20400931526715593]
translation,[0.03326186669987141, 0.019031961718732227, 0.0010999163803226963, 0.005146595676352561, 0.011433192332314768, 0.01926961264853677, 0.020172570360373676, 0.011840012456787008, 0.004625737596022361, 0.009836789138254254, 0.014694314321372026, 0.0089129484922843, 0.005661527454350335, 0.011363705543956826, 0.010208833223880553, 0.007292492886920243, 0.007363342185047195, 0.005985708782070276, 0.005830325752010701, 0.006822060881400915, 0.004640406599462743, 0.006421507652194514, 0.005869312242553271, 0.007918624652447193, 0.0060615516855024865, 0.0065156127175241, 0.006893844864783283, 0.00710377730748224, 0.006000763656553332, 0.007382624769380897, 0.00801673348008869, 0.0067330901322382175, 0.008066793944648154, 0.007022629807151404, 0.00620073162870316, 0.006004573821297932]
loss,
[0.2429855316877365, 0.23454618453979492, 0.2562445402145386, 0.23455767333507538, 0.2390599250793457, 0.2363491952419281, 0.24893300235271454, 0.2512522339820862, 0.17985358834266663, 0.09519096463918686, 0.025570612400770187, 0.006365758366882801, 0.004098964389413595, 0.0038634962402284145, 0.0034109377302229404, 0.004718291573226452, 0.0017412416636943817, 0.003555940231308341, 0.001501135528087616, 0.0024598566815257072, 0.0029432165902107954, 0.0023048329167068005, 0.0035291349049657583, 0.003398983273655176, 0.004199895076453686, 0.0017686820356175303, 0.0027152886614203453, 0.0019329197239130735, 0.0017055424395948648, 0.003183587919920683, 0.004581809975206852, 0.0029280390590429306, 0.002207099925726652, 0.002611687872558832, 0.0019570235162973404, 0.002926638349890709]

2022-04-19 13:29:06.657463