2022-04-20 20:01:48.031991

reference phi, theta, psi, translation: 16.672973292337613, -0.0, 55.56417970941693, 0.9538894295692444, -3.184936285018921, 2.279534101486206

phi,theta,psi,rot_x,rot_y,rot_z,phi_err,theta_err,psi_err
26.607018987257597,-4.879078348390559,61.415046110949504,1.4386786222457886,-3.2383759021759033,2.121750593185425,9.934045694919984,4.879078348390559,5.850866401532571
26.942056841519648,-5.335678527849429,60.794099953125304,1.434232234954834,-3.220526933670044,2.152219772338867,10.269083549182035,5.335678527849429,5.229920243708371
27.54574652640581,-6.237589914944754,57.70743501435899,1.3726345300674438,-3.1579809188842773,2.2999625205993652,10.872773234068198,6.237589914944754,2.143255304942059
26.431710229378172,-6.069756124246378,53.37918511845693,1.2109315395355225,-3.0778446197509766,2.479886293411255,9.75873693704056,6.069756124246378,2.1849945909600024
22.013870449680347,-2.6957684343745516,54.09751611346717,1.0875465869903564,-3.140085220336914,2.440168619155884,5.340897157342734,2.6957684343745516,1.4666635959497611
19.465325379768075,1.9499816360534459,55.0680825794314,1.1834614276885986,-3.1462442874908447,2.3496906757354736,2.792352087430462,1.9499816360534459,0.4960971299855359
17.261730476150834,1.0641803440688478,55.65779086708655,1.0411829948425293,-3.2084994316101074,2.3050577640533447,0.5887571838132217,1.0641803440688478,0.09361115766961348
16.936954981116727,-0.46218863830899415,54.94878991048254,0.9499045610427856,-3.1826000213623047,2.3329575061798096,0.2639816887791149,0.46218863830899415,0.6153897989343946
16.712752314063767,0.23366300350646427,55.367733223603615,0.966448187828064,-3.1821141242980957,2.293351173400879,0.03977902172615444,0.23366300350646427,0.19644648581331836
16.51840952651481,0.0687650187236285,55.49328576092679,0.9510705471038818,-3.1833553314208984,2.2849466800689697,0.15456376582280384,0.0687650187236285,0.07089394849014496
16.728197079324456,-0.05617083764001187,55.49490451576008,0.955338716506958,-3.1788859367370605,2.2833549976348877,0.05522378698684349,0.05617083764001187,0.06927519365684986
16.71160142718862,0.14297949972506777,55.57727659715044,0.9625359773635864,-3.1777431964874268,2.2761693000793457,0.038628134851006024,0.14297949972506777,0.013096887733503593
16.674161745253194,0.05331252518619885,55.556960199464235,0.9565832018852234,-3.175570011138916,2.2741613388061523,0.0011884529155814505,0.05331252518619885,0.007219509952697933
16.67233296210292,0.04134143349015331,55.60492520291065,0.9558911323547363,-3.1756765842437744,2.2703254222869873,0.0006403302346917883,0.04134143349015331,0.04074549349371637
16.626473364468165,0.04346492572504911,55.551233085845176,0.9530066251754761,-3.1748714447021484,2.2750351428985596,0.04649992786944779,0.04346492572504911,0.012946623571757243
16.615077193837998,0.05404983666804463,55.50682661095634,0.9529045224189758,-3.176978349685669,2.2799105644226074,0.05789609849961508,0.05404983666804463,0.05735309846059522
16.717822021975206,0.04074177896062068,55.56730452096222,0.958117663860321,-3.17574143409729,2.2759006023406982,0.04484872963759301,0.04074177896062068,0.0031248115452839897
16.610658061445,0.11767156397367604,55.45216119193414,0.9541608095169067,-3.1711716651916504,2.280353546142578,0.062315230892611595,0.11767156397367604,0.11201851748279523
16.521396026729395,0.01582131608829306,55.45150549377382,0.944998025894165,-3.1747376918792725,2.2805449962615967,0.15157726560821771,0.01582131608829306,0.11267421564311064
16.698272313023338,-0.004495851565900112,55.6477334135337,0.9571417570114136,-3.181321859359741,2.2715020179748535,0.025299020685725537,0.004495851565900112,0.08355370411676688
16.73163778711885,0.042604633266950256,55.61916614733013,0.9606325626373291,-3.180358409881592,2.2730274200439453,0.0586644947812367,0.042604633266950256,0.05498643791319324
16.706521473993423,0.03447486426757138,55.43516768127915,0.9560583829879761,-3.174311637878418,2.284093141555786,0.03354818165581008,0.03447486426757138,0.12901202813778667
16.736099608194163,0.029395559028843426,55.495765119595504,0.9585426449775696,-3.176405191421509,2.280911445617676,0.06312631585655026,0.029395559028843426,0.06841458982142967
16.584807502983793,0.03303871032613635,55.54594651942759,0.9502373337745667,-3.1812970638275146,2.2766363620758057,0.08816578935381969,0.03303871032613635,0.018233189989345533
16.603108994864844,0.1325403272110727,55.629752940543646,0.9571971893310547,-3.181570053100586,2.2724363803863525,0.06986429747276901,0.1325403272110727,0.06557323112671298
16.64993677181445,0.07489528630631415,55.48433821311407,0.9554235339164734,-3.1756770610809326,2.2804501056671143,0.023036520523163517,0.07489528630631415,0.07984149630286197
16.694956256181296,0.11188872522495094,55.596933881581734,0.9606685638427734,-3.1777896881103516,2.2730863094329834,0.02198296384368348,0.11188872522495094,0.032754172164800366
16.571225671819224,0.08632596128226681,55.62612952518895,0.9525979161262512,-3.1814558506011963,2.2722322940826416,0.10174762051838826,0.08632596128226681,0.0619498157720173
16.637347025626823,0.07283558710774697,55.549785085741135,0.9553555846214294,-3.176791191101074,2.2765214443206787,0.03562626671078917,0.07283558710774697,0.014394623675798357
16.625810836118674,0.008230825089198882,55.57170999297688,0.9526562690734863,-3.1797192096710205,2.2753500938415527,0.04716245621893833,0.008230825089198882,0.007530283559944451
16.62090505274731,-0.09519365685361277,55.51512870589249,0.947811484336853,-3.179931402206421,2.279100179672241,0.0520682395903016,0.09519365685361277,0.04905100352444691
16.637022591641248,0.07053401691473626,55.5279728766267,0.9551923274993896,-3.1781041622161865,2.2789034843444824,0.035950700696364635,0.07053401691473626,0.036206832790234955
16.671421131848724,0.025292076442452068,55.48614479814954,0.9548324942588806,-3.1764795780181885,2.281214475631714,0.0015521604888881768,0.025292076442452068,0.07803491126739459
16.609162250016766,-0.012443952920500245,55.63133071424192,0.9522567987442017,-3.184438943862915,2.2731528282165527,0.06381104232084667,0.012443952920500245,0.0671510048249857
16.669776763806045,0.08620972008508443,55.52687663126491,0.9576164484024048,-3.177279233932495,2.278679609298706,0.0031965285315678216,0.08620972008508443,0.037303078152021385
16.601976891009915,-0.014415919699679971,55.49723019517247,0.9492802619934082,-3.178347110748291,2.2807016372680664,0.07099640132769736,0.014415919699679971,0.06694951424446316

Errors:
rotation,[20.663990444843115, 20.834682320739834, 19.25361845395501, 18.01348765224694, 9.503329187667047, 5.238430853469444, 1.746548685551683, 1.3415601260225036, 0.4698885110459371, 0.2942227330365773, 0.18066981828370524, 0.19470452230957738, 0.06172048805447823, 0.08272725721856147, 0.10291147716625415, 0.16929903362825494, 0.08871532014349767, 0.2920053123490829, 0.2800727973396214, 0.11334857636839253, 0.15625556596138018, 0.19703507406116813, 0.16093646470682338, 0.1394376896693016, 0.26797785581055467, 0.17777330313233963, 0.16662586123343479, 0.2500233975726724, 0.1228564774943345, 0.06292356486808166, 0.19631289996836127, 0.14269155040133585, 0.10487914819873484, 0.1434060000663326, 0.12670932676867364, 0.1523618352718405]
translation,[0.09908907901583852, 0.09935122891313419, 0.10974020524118533, 0.1027940598413748, 0.09165122654146085, 0.07014902882239316, 0.05443375846416476, 0.0276828231406272, 0.008590435561020904, 0.0011493626701435389, 0.002270722774497358, 0.005526545339341382, 0.009797476571252517, 0.012045988202569191, 0.010704106059764129, 0.006304562266826963, 0.008313098816498332, 0.01033728885455254, 0.009578643502606177, 0.006622614985622555, 0.005691222846466282, 0.005289386301470245, 0.004851305271183826, 0.005377364120277228, 0.005885817947649308, 0.0064286733383571715, 0.007678506858642464, 0.0071825755613010855, 0.0077898941629737095, 0.00677968882433877, 0.005634114729802242, 0.005443884495488049, 0.00550256485945777, 0.00438474582966375, 0.005645865737092137, 0.005632205786246125]
loss,
[0.1496492475271225, 0.1494043618440628, 0.1162911206483841, 0.09149803966283798, 0.06747590005397797, 0.029407059773802757, 0.015048960223793983, 0.0037515549920499325, 0.0023819473572075367, 0.001602258300408721, 0.0019806642085313797, 0.0010384335182607174, 0.0015339571982622147, 0.001692343270406127, 0.002710717497393489, 0.002009739400818944, 0.002414002548903227, 0.002185879508033395, 0.001332006766460836, 0.0023601329885423183, 0.001982296584174037, 0.0019121411023661494, 0.00171512714587152, 0.0016474113799631596, 0.0010667958995327353, 0.0013614085037261248, 0.001344155054539442, 0.0018798087257891893, 0.0018461477011442184, 0.0018502173479646444, 0.0016624133568257093, 0.0011150902137160301, 0.0010887030512094498, 0.0014389557763934135, 0.001515673939138651, 0.0018615350127220154]

2022-04-20 20:04:19.976127