2022-04-20 19:59:08.599245

reference phi, theta, psi, translation: 164.57178246643477, -4.268868188959204e-07, 11.003265705708584, 0.2046843022108078, 0.7416750192642212, 3.957021951675415

phi,theta,psi,rot_x,rot_y,rot_z,phi_err,theta_err,psi_err
174.68706040079186,1.035587752499106,3.46078983121423,-0.0498787984251976,0.24902896583080292,4.223120212554932,10.115277934357096,1.035588179385925,7.542475874494354
174.34376143272868,0.4469874778512623,4.170160471807061,-0.003608108963817358,0.3018604516983032,4.222408771514893,9.771978966293915,0.4469879047380812,6.833105233901523
171.84896653648983,-2.729741845576844,8.90349565389106,0.29317235946655273,0.657800018787384,4.163275241851807,7.277184070055057,2.729741418690025,2.099770051817524
170.41615677316125,-4.416356106362358,9.903933098416692,0.44138583540916443,0.7028900384902954,4.1122894287109375,5.844374306726479,4.416355679475539,1.0993326072918919
167.5587061527514,-6.079726395393081,10.918150449592824,0.6120761632919312,0.7187004685401917,4.070795059204102,2.9869236863166293,6.079725968506262,0.08511525611575976
164.49591272513427,-3.6250655934713483,11.124448629510242,0.46291404962539673,0.7115846276283264,4.097681045532227,0.07586974130049384,3.6250651665845295,0.1211829238016584
164.96324792852488,-2.7207719771571797,11.61224793342786,0.4028759300708771,0.7604562640190125,4.067878246307373,0.39146546209011035,2.720771550270361,0.6089822277192756
164.2262705170805,-2.599042950796444,11.95017410393518,0.4074539244174957,0.7698469758033752,4.021714687347412,0.3455119493542611,2.5990425239096253,0.9469083982265953
164.51174510363035,-1.2210020491413962,11.634607411449542,0.30361196398735046,0.7676915526390076,3.9784107208251953,0.0600373628044224,1.2210016222545772,0.631341705740958
164.57616744788191,-0.0045287465509120895,11.068291667928044,0.20950013399124146,0.7479712963104248,3.953320026397705,0.004384981447145719,0.004528319664093194,0.06502596221946
164.51126699038846,-0.16971560295314567,11.306404015225736,0.2238396853208542,0.7580442428588867,3.9510064125061035,0.06051547604630514,0.16971517606632677,0.30313830951715204
164.68990375794098,-0.6806521713477948,11.02701171213178,0.25285637378692627,0.7343384623527527,3.9601211547851562,0.11812129150621331,0.6806517444609759,0.023746006423195354
164.36171316832187,-0.5523253087334078,11.395115365939509,0.2540822923183441,0.7591551542282104,3.949963331222534,0.21006929811289865,0.5523248818465889,0.3918496602309247
164.45289619374154,-0.5166117679758498,11.047260661699928,0.24297739565372467,0.7328559756278992,3.9449291229248047,0.11888627269323138,0.516611341089031,0.0439949559913444
164.6883464748102,-0.48770135087414845,11.3240984740443,0.24378156661987305,0.7551589012145996,3.954178810119629,0.11656400837543401,0.48770092398732956,0.32083276833571617
164.5166081983194,-0.6618657138824118,11.13112257810299,0.25615713000297546,0.7403597235679626,3.961764097213745,0.05517426811536552,0.6618652869955929,0.1278568723944069
164.68476745568512,-0.5418695989541997,11.227406901059014,0.24674120545387268,0.7480053901672363,3.9551353454589844,0.11298498925035005,0.5418691720673808,0.22414119535043042
164.5697743908188,-0.48267743230093574,11.149562381314734,0.24085862934589386,0.7437443733215332,3.9548346996307373,0.002008075615975713,0.48267700541411684,0.14629667560615012
164.6190883566263,-0.42536293809550435,11.083021824646822,0.23668988049030304,0.7430180311203003,3.9629061222076416,0.04730589019152376,0.42536251120868546,0.07975611893823853
164.61597379036476,-0.4026858900970463,11.163156165310351,0.23820270597934723,0.7481597065925598,3.964719533920288,0.04419132392999359,0.4026854632102274,0.15989045960176718
164.5434645021359,-0.3811190508742498,11.184381831929812,0.2358407974243164,0.7489615082740784,3.958198308944702,0.02831796429887845,0.3811186239874309,0.1811161262212284
164.60419854423566,-0.4055607286122238,11.118510633800563,0.2348199188709259,0.7431626915931702,3.9595837593078613,0.03241607780088884,0.4055603017254049,0.11524492809197895
164.5423716718687,-0.43062484961517256,11.27139929572942,0.24080047011375427,0.753320038318634,3.959577798843384,0.029410794566075538,0.43062442272835366,0.26813359002083637
164.56779363595948,-0.6303780498075785,11.073177814505542,0.25229498744010925,0.7380351424217224,3.961390495300293,0.0039888304752935255,0.6303776229207596,0.06991210879695764
164.6255087344461,-0.6010677093080166,11.01779607939414,0.24755115807056427,0.7322969436645508,3.954679250717163,0.05372626801133151,0.6010672824211977,0.014530373685555986
164.63546715025598,-0.49983274267674765,11.390237757098472,0.24828314781188965,0.7593932151794434,3.950524091720581,0.06368468382120795,0.49983231578992876,0.386972051389888
164.57179612681313,-0.5495223781193835,11.073473220187145,0.24486538767814636,0.7360416650772095,3.9546239376068115,1.3660378357371883e-05,0.5495219512325646,0.070207514478561
164.5815223161912,-0.4931723397824553,11.302865123462023,0.24603520333766937,0.7531510591506958,3.9524993896484375,0.009739849756442709,0.4931719128956364,0.29959941775343957
164.55876412587673,-0.5127734202927489,11.243568836182558,0.24611268937587738,0.7496370077133179,3.9534597396850586,0.01301834055803397,0.51277299340593,0.24030313047397378
164.54849152136504,-0.5199833494460747,11.17262280749999,0.24467733502388,0.7444927096366882,3.955965995788574,0.02329094506973206,0.5199829225592558,0.16935710179140528
164.60900699741134,-0.5225928400413596,11.245339562724883,0.2465968132019043,0.7499133348464966,3.954601526260376,0.03722453097657308,0.5225924131545407,0.24207385701629924
164.69038187118286,-0.5416819213396259,11.227780853916073,0.24696901440620422,0.7489452362060547,3.956028938293457,0.11859940474809605,0.541681494452807,0.2245151482074892
164.5519202763284,-0.4820158959144275,11.254883044542684,0.24452823400497437,0.7522107362747192,3.9604713916778564,0.01986219010638024,0.4820154690276086,0.25161733883409987
164.6713802849119,-0.4569833154311345,11.166121321183782,0.23978197574615479,0.7473173141479492,3.9630494117736816,0.09959781847712179,0.4569828885443156,0.16285561547519833
164.65017937772816,-0.41931847054627935,11.126024695661224,0.2363373339176178,0.744793713092804,3.958915948867798,0.07839691129339599,0.41931804365946046,0.12275898995264001
164.4880033660754,-0.47222041751914984,11.20008016796344,0.24286459386348724,0.7461976408958435,3.9526820182800293,0.0837791003593793,0.47221999063233094,0.19681446225485644

Errors:
rotation,[18.693341988237375, 17.05207210493352, 12.106695540562606, 11.360062593493911, 9.15176491093865, 3.8221178316866817, 3.721219240079747, 3.8914628714904818, 1.9123806907999576, 0.07393926333069892, 0.533368961629784, 0.8225190423903845, 1.1542438401904123, 0.6794925697736067, 0.9250977006984797, 0.8448964275053653, 0.8789953566681613, 0.6309817566362427, 0.5524245203384477, 0.6067672467419882, 0.5905527145075378, 0.5532213076182727, 0.7281688073152656, 0.7042785621930108, 0.6693239241180852, 0.9504890510010247, 0.619743126089483, 0.8025111804055187, 0.7660944644379377, 0.7126309694203932, 0.8018908011474131, 0.8847960474083922, 0.7534949979680887, 0.7194363224966358, 0.6204739449054965, 0.7528135532465667]
translation,[0.19962134480110283, 0.20205767376991624, 0.19397602418225457, 0.16408267885650574, 0.1476915066732074, 0.15356129576683042, 0.12678357567991494, 0.0838282173202396, 0.03203272522807232, 0.002222028158175071, 0.0018377793276052046, 0.004431639530693587, 0.0008578592300505505, 0.011355067387296636, 0.0018878945721656493, 0.007351475348968073, 0.0016727157111704472, 0.00023390408775281202, 0.007772288702134311, 0.010589106357593359, 0.004202320621741862, 0.0044298856001052656, 0.0066591425066100385, 0.006316241790810473, 0.0016092822014313057, 0.0006248173054972384, 0.0011454182334098562, 2.609756841742694e-06, 0.00029404942080279994, 0.0017117040169134512, 0.0014947142440950856, 0.0027374346867734545, 0.00755265192563126, 0.008888326280823478, 0.004163962389513998, 0.0013039345117649148]
loss,
[0.09709309041500092, 0.09634967148303986, 0.07349209487438202, 0.07711152732372284, 0.0618584118783474, 0.03132469952106476, 0.03231639787554741, 0.01904967799782753, 0.007851477712392807, 0.0025357455015182495, 0.004838489927351475, 0.00476801348850131, 0.005156022496521473, 0.0037665595300495625, 0.004080576356500387, 0.004378414247184992, 0.0020682692993432283, 0.003510870039463043, 0.003483882173895836, 0.0025926935486495495, 0.002894691890105605, 0.004040510859340429, 0.002897222526371479, 0.0034169729333370924, 0.003877122886478901, 0.004611856769770384, 0.003545280545949936, 0.0023534579668194056, 0.0025050328113138676, 0.004271862097084522, 0.004920303821563721, 0.0038484339602291584, 0.0032567798625677824, 0.0034060932230204344, 0.003457823768258095, 0.0036563402973115444]

2022-04-20 20:01:44.404896