2022-04-21 15:08:44.418157

reference phi, theta, psi, translation: 164.57178246643477, -4.268868188959204e-07, 11.003265705708584, 0.2046843022108078, 0.7416750192642212, 3.957021951675415

phi,theta,psi,rot_x,rot_y,rot_z,phi_err,theta_err,psi_err
174.68706040079186,1.035587752499106,3.46078983121423,-0.0498787984251976,0.24902896583080292,4.223120212554932,10.115277934357096,1.035588179385925,7.542475874494354
173.76647384407923,0.40578952313483085,4.65901034419639,0.01596716232597828,0.3321082293987274,4.226078987121582,9.19469137764446,0.40578995002164975,6.344255361512194
170.9179707714821,-1.3033487344817711,9.908605801582627,0.2497686892747879,0.6836552619934082,4.197308540344238,6.3461883050473205,1.3033483075949521,1.0946599041259564
167.76596141292626,-2.023474575634732,14.10395814548281,0.3981517553329468,0.9540107846260071,4.144227027893066,3.1941789464914905,2.0234741487479133,3.1006924397742264
163.5860359050402,-3.181124621857516,13.702312286434795,0.5112035870552063,0.8709418177604675,4.148067951202393,0.9857465613945635,3.1811241949706974,2.699046580726211
164.64522066039075,-4.109346433530413,11.423698853842366,0.5114205479621887,0.7075008749961853,4.116436958312988,0.07343819395597961,4.109346006643594,0.42043314813378174
164.19337632603774,-3.149729717763144,11.896709944433258,0.4486904442310333,0.7669366002082825,4.055977821350098,0.3784061403970327,3.149729290876325,0.8934442387246744
164.25498463235124,-1.7115040503066683,11.301481156381449,0.33370527625083923,0.7355598211288452,3.9930009841918945,0.31679783408353046,1.7115036234198493,0.29821545067286515
164.5732304665388,0.16255443549272183,11.100396118348042,0.1988767385482788,0.7511261105537415,3.9401843547821045,0.0014480001040340085,0.16255486237954073,0.09713041263945854
164.64870405686744,-0.39251610738338044,10.941198922947033,0.23189914226531982,0.7341151833534241,3.96667742729187,0.07692159043267566,0.39251568049656155,0.06206678276155131
164.41386849282407,-0.4453474205245402,11.091851551696356,0.24152901768684387,0.7390457987785339,3.9522485733032227,0.1579139736107038,0.4453469936377213,0.08858584598777242
164.55876412587673,-0.28525208879929104,11.08776453725175,0.22760598361492157,0.7418088316917419,3.9548308849334717,0.01301834055803397,0.28525166191247214,0.08449883154316673
164.57637235355702,-0.23435482034016863,11.029946132153947,0.22235295176506042,0.7408075332641602,3.959226608276367,0.004589887122250502,0.23435439345334974,0.02668042644536328
164.46189838306762,-0.430482078056186,11.138293422957858,0.2404460310935974,0.7448195219039917,3.9578826427459717,0.10988408336714883,0.4304816511693671,0.1350277172492742
164.5720010324882,-0.410721846668947,11.078171536562468,0.23660744726657867,0.7404663562774658,3.9550445079803467,0.00021856605343373303,0.4107214197821281,0.07490583085388458
164.5931199774019,-0.3819947750319932,11.051036048763653,0.234034925699234,0.7399423122406006,3.9590811729431152,0.021337510967128992,0.3819943481451743,0.047770343055068665
164.430015060022,-0.41803600925439266,11.063636040235034,0.23877792060375214,0.7381604909896851,3.954639434814453,0.1417674064127823,0.41803558236757377,0.06037033452644991
164.54570480418366,-0.3501182419826283,11.162970042655468,0.23392927646636963,0.7469478845596313,3.9547979831695557,0.026077662251111633,0.3501178150958094,0.15970433694688424
164.59679461917537,-0.3694403036430095,10.925990652986352,0.23084378242492676,0.7311173677444458,3.960681676864624,0.025012152740600868,0.3694398767561906,0.07727505272223212
164.56652322077386,-0.2502109844910532,11.0028635783212,0.22453586757183075,0.7389513254165649,3.961667060852051,0.005259245660909073,0.25021055760423433,0.00040212738738354403
164.62642397979488,-0.2633971961539629,11.103275043083203,0.22605858743190765,0.7455519437789917,3.9585659503936768,0.05464151336011014,0.263396769267144,0.10000933737461892
164.58467786358776,-0.29383094440967766,11.033245113523062,0.227829247713089,0.7397955060005188,3.958909511566162,0.012895397152988153,0.29383051752285877,0.029979407814478165
164.5722059381633,-0.32359406398547014,10.950262583975638,0.22796836495399475,0.7328352928161621,3.955535411834717,0.0004234717285385159,0.32359363709865124,0.05300312173294586
164.5857160523416,-0.26781853064450584,11.051238393117815,0.22595280408859253,0.7416821122169495,3.957148313522339,0.013933585906841017,0.26781810375768694,0.04797268740923144
164.57907710846834,-0.26029747554387195,11.07416477684061,0.22612713277339935,0.7426453232765198,3.9540982246398926,0.007294642033571108,0.26029704865705305,0.07089907113202543
164.58828420346953,-0.4262131291050883,11.062190601451931,0.2370859980583191,0.7383905053138733,3.955690383911133,0.016501737034758435,0.4262127022182694,0.05892489574334725
164.52505031213354,-0.32072788549859427,11.008610328734118,0.22926202416419983,0.7373148202896118,3.9562809467315674,0.04673215430122468,0.3207274586117754,0.00534462302553429
164.58358503332056,-0.39736796480007397,10.908798213071783,0.23282134532928467,0.7297409176826477,3.9623606204986572,0.011802566885791066,0.3973675379132551,0.09446749263680054
164.5555402765885,-0.3828294401204364,11.04308741611705,0.23441444337368011,0.7385452389717102,3.9566245079040527,0.016242189846281008,0.3828290132336175,0.03982171040846616
164.5214166514951,-0.37548641900155744,11.010437404337097,0.23396536707878113,0.7371048331260681,3.9589643478393555,0.050365814939681286,0.37548599211473854,0.007171698628512857
164.52290563273417,-0.4404085004180255,10.950084999057218,0.23756136000156403,0.7313345670700073,3.9585251808166504,0.048876833700603584,0.4404080735312066,0.053180706651366094
164.5571795219893,-0.3547334811141134,10.970204175031137,0.23077882826328278,0.7344207763671875,3.958158254623413,0.014602944445471167,0.3547330542272945,0.03306153067744688
164.53304163346246,-0.3697147660734929,11.008317484373455,0.2329200804233551,0.7362861633300781,3.958306074142456,0.03874083297230868,0.369714339186674,0.005051778664871165
164.52459951964832,-0.35042777355667604,11.069844682190576,0.23282061517238617,0.7411419153213501,3.9571754932403564,0.04718294678644952,0.35042734666985714,0.06657897648199196
164.60553726131297,-0.3620405702402814,11.039838807393064,0.2318957895040512,0.738990306854248,3.958725690841675,0.033754794878205985,0.3620401433534625,0.036573101684480136
164.5453769551035,-0.35624183260424364,10.988868520711844,0.23158173263072968,0.7349503636360168,3.956827402114868,0.026405511331262232,0.35624140571742474,0.014397184996740364

Errors:
rotation,[18.693341988237375, 15.944736689178303, 8.744196516768229, 8.31834553501363, 6.865917337091473, 4.603217348733355, 4.421579669998032, 2.326516908176245, 0.2611332751230333, 0.5315040536907885, 0.6918468132361975, 0.38276883401367284, 0.2656247070209635, 0.6753934517857901, 0.48584581668944643, 0.45110220216737196, 0.620173323306806, 0.5358998142938053, 0.4717270822190236, 0.25587193065252695, 0.41804762000187307, 0.3367053224903251, 0.3770202305601356, 0.3297243770737594, 0.3384907618226496, 0.501639334996375, 0.37280423593853435, 0.5036375974358467, 0.4388929134883647, 0.4330235056829327, 0.5424656138831763, 0.40239752935021256, 0.41350695082385386, 0.4641892699382986, 0.43236803991614864, 0.39704410204542734]
translation,[0.19962134480110283, 0.20800950485364655, 0.22882038161920182, 0.24008627133728044, 0.23810246745092822, 0.17685894226972643, 0.12103570835873256, 0.042746933411334176, 0.015061778372127854, 0.009568083363849844, 0.003127692345231914, 0.0008966313109768365, 0.0029400082827910623, 0.003397765225649607, 0.0004154949574246558, 0.0032992739092883028, 0.0011079509450464542, 0.0003821220510005219, 0.003077439212611388, 0.0051158030356956985, 0.0033716334030691186, 0.0027486467498505363, 0.0018265384609508217, 0.0012611834452957993, 0.0015447637560317418, 0.00013439407686544058, 0.00020429961157741872, 0.00459027472514606, 0.0006544129294603351, 0.0026611317276099555, 0.0013898216569057098, 0.0011966693923373128, 0.0018050244976359764, 0.001579203296525833, 0.0026523794865314088, 3.286934465496216e-05]
loss,
[0.10961847007274628, 0.10898709297180176, 0.09897086024284363, 0.07704519480466843, 0.06310996413230896, 0.048741668462753296, 0.03742352873086929, 0.010644853115081787, 0.005793813616037369, 0.003180664498358965, 0.004494579508900642, 0.004135027527809143, 0.004687403794378042, 0.0038964643608778715, 0.0031675235368311405, 0.0025132412556558847, 0.0033885312732309103, 0.003449484705924988, 0.0030847962480038404, 0.002744875615462661, 0.003424108726903796, 0.0030619115568697453, 0.0033960617147386074, 0.002546460833400488, 0.0032897337805479765, 0.0031096735037863255, 0.0035538729280233383, 0.0029540646355599165, 0.0027235138695687056, 0.003321925876662135, 0.0041343397460877895, 0.00400123093277216, 0.003098109271377325, 0.002435180824249983, 0.002794701373204589, 0.002723765093833208]

2022-04-21 15:13:23.579860