2022-04-21 15:42:51.314883

reference phi, theta, psi, translation: 132.9853677440357, -8.537735924097414e-07, 76.34363348549546, 2.865516185760498, 2.6707684993743896, 0.9517420530319214

phi,theta,psi,rot_x,rot_y,rot_z,phi_err,theta_err,psi_err
143.3552887910292,-3.0579185397180266,69.36864430507845,2.3124754428863525,2.981729030609131,1.6183615922927856,10.369921046993511,3.0579176859444344,6.974989180417012
142.4642359722877,-2.5589765366602624,67.93933842879406,2.3202672004699707,2.936413526535034,1.6932499408721924,9.478868228251997,2.55897568288667,8.4042950567014
137.61290286898938,-0.8987919326277884,61.71689266093988,2.4012062549591064,2.6820201873779297,1.9978563785552979,4.627535124953681,0.8987910788541961,14.626740824555583
130.7288508271819,5.4355953750314105,60.32718139127406,2.5646634101867676,2.4853641986846924,2.007228374481201,2.2565169168537977,5.435596228805003,16.0164520942214
129.28788581798432,6.739235943037964,63.918371913461705,2.7136738300323486,2.469191789627075,1.8194894790649414,3.697481926051381,6.739236796811556,12.425261572033754
130.60325730872373,5.346940393080385,66.75582373998176,2.765779495239258,2.565333366394043,1.6279165744781494,2.382110435311972,5.346941246853977,9.587809745513695
130.88748880084464,3.1334609721561764,69.10070281412801,2.853846549987793,2.5699543952941895,1.4626036882400513,2.0978789431910627,3.1334618259297686,7.242930671367446
130.53078900162987,1.2418637610056649,73.38213176326964,2.9828479290008545,2.5690042972564697,1.1834174394607544,2.454578742405829,1.2418646147792574,2.961501722225819
130.91857982194654,0.21210467366345112,75.01133678599278,2.9972097873687744,2.597673177719116,1.0623526573181152,2.066787922089162,0.21210552743704353,1.3322966995026775
131.14321108336992,0.4790620320390922,75.07846388515566,2.97153902053833,2.5996170043945312,1.053825855255127,1.842156660665779,0.47906288581268464,1.265169600339803
131.74368033406242,0.23164077177037706,75.63599856672546,2.9431867599487305,2.6275405883789062,1.0127071142196655,1.2416874099732809,0.23164162554396947,0.7076349187699975
132.31226626170928,0.047784917878664415,75.72382113907348,2.9129531383514404,2.6443281173706055,1.0028107166290283,0.6731014823264161,0.04778577165225682,0.6198123464219805
132.62691941639343,0.12884583634937496,75.71974351613899,2.8905351161956787,2.6574172973632812,1.0017575025558472,0.35844832764226453,0.12884669012296737,0.623889969356469
132.57148560108962,0.01682761938364476,75.86534948886532,2.8878045082092285,2.6512765884399414,0.9888927936553955,0.41388214294607906,0.01682847315723717,0.47828399663013954
132.7880982204274,0.1716403815834042,76.04029112407686,2.870554208755493,2.659773349761963,0.9729489684104919,0.1972695236082984,0.1716412353569966,0.3033423614186006
132.96280079901797,0.07295966825195248,76.18981762538678,2.858887195587158,2.6631932258605957,0.9609150290489197,0.022566945017729267,0.07296052202554489,0.1538158601086792
133.15740654885,0.08648558193969556,76.16890358614819,2.8432884216308594,2.667402744293213,0.9615463018417358,0.17203880481429223,0.08648643571328797,0.17472989934726968
133.20661123163075,0.052929640360283844,76.24471868593534,2.840609312057495,2.671133279800415,0.9551090598106384,0.22124348759504642,0.05293049413387625,0.09891479956012006
133.19038270216282,0.030404232105861757,76.29840397281164,2.8418378829956055,2.6678428649902344,0.9514708518981934,0.20501495812712278,0.030405085879454168,0.04522951268381803
133.04801423910305,0.025886682958308736,76.38626752629469,2.848403215408325,2.661550998687744,0.943569540977478,0.06264649506735509,0.025887536731901147,0.0426340407992285
133.3528319213824,0.1562557989494301,76.34256797598493,2.832634687423706,2.676628589630127,0.9470167756080627,0.36746417734670445,0.1562566527230225,0.0010655095105249757
133.18714519249622,-0.06869547617037233,76.45449428591394,2.843748092651367,2.668130397796631,0.9405099153518677,0.20177744846051837,0.06869462239677993,0.11086080041847879
133.14687439714982,0.177933235853352,76.28399227366292,2.8405191898345947,2.6675212383270264,0.9517688155174255,0.16150665311411672,0.1779340896269444,0.059641211832541785
133.2335221769606,0.07281398971179316,76.33336771117294,2.839550018310547,2.669970750808716,0.9486898183822632,0.24815443292490613,0.07281484348538557,0.010265774322519405
133.18276021104907,-0.0033889853859322043,76.36345469446684,2.8395133018493652,2.664923906326294,0.9455689191818237,0.19739246701337265,0.0033881316123397947,0.01982120897137918
133.36586392231877,0.11650212818671869,76.40203160289907,2.82724928855896,2.6730332374572754,0.941072940826416,0.38049617828306737,0.1165029819603111,0.05839811740361256
133.27581470830134,0.09527332679743644,76.56160531247808,2.8322296142578125,2.67002272605896,0.9283513426780701,0.2904469642656409,0.09527418057102885,0.21797182698261963
133.3610964502781,0.18873316796836812,76.40082948960514,2.8255116939544678,2.674290657043457,0.9416819214820862,0.3757287062423984,0.18873402174196052,0.057196004109684395
133.34153478849518,0.06187090461305266,76.36383718506036,2.8288328647613525,2.672487497329712,0.9447280168533325,0.35616704445948244,0.06187175838664507,0.020203699564902422
133.3740328285661,0.017081614062440055,76.37520945002844,2.8293631076812744,2.67453670501709,0.9441092610359192,0.3886650845304018,0.017082467836032466,0.031575964532976286
133.1345117547521,0.0739361254246781,76.34269774957917,2.8408524990081787,2.662748336791992,0.9455711245536804,0.14914401071641237,0.07393697919827051,0.0009357359162862622
133.31521123943395,0.10455847625189427,76.31536333252077,2.8319733142852783,2.6735856533050537,0.9496169686317444,0.32984349539825075,0.10455933002548667,0.028270152974684493
133.21095523194288,0.023537278485254914,76.2783915185435,2.836622476577759,2.6663222312927246,0.951007604598999,0.22558748790717686,0.023538132258847325,0.06524196695195883
133.35070090236135,0.1830501449653935,76.36516907194851,2.8290107250213623,2.6771838665008545,0.9453636407852173,0.3653331583256545,0.18305099873898592,0.02153558645305509
133.25291991420343,0.08693096965692045,76.3429163156326,2.834815502166748,2.6706368923187256,0.9466304183006287,0.2675521701677326,0.08693182343051285,0.0007171698628525291
133.22002572316066,0.10072328559010403,76.22814181681971,2.8347954750061035,2.6675102710723877,0.9547746181488037,0.234657979124961,0.10072413936369644,0.11549166867574456

Errors:
rotation,[20.402827913354958, 20.442138967840066, 20.15306702836346, 23.7085652398802, 22.861980294896693, 17.316861427679644, 12.474271440488277, 6.657945079410905, 3.611190149028883, 3.5863891468182665, 2.1809639542872477, 1.3406996004006535, 1.111184987121701, 0.9089946127334558, 0.6722531203838956, 0.24934332715195334, 0.43325513987484987, 0.3730887812890427, 0.280649556690395, 0.13116807259848473, 0.5247863395802519, 0.3813328712757771, 0.3990819545736029, 0.3312350507328111, 0.22060180759709164, 0.5553972776469911, 0.6036929718192894, 0.6216587320940433, 0.4382425024110299, 0.43732351689941057, 0.22401672583096915, 0.4626729783984219, 0.314367587117983, 0.5699197435176955, 0.355201163461098, 0.450873787164402]
translation,[0.07464079787699607, 0.07657843198822167, 0.08596397678026513, 0.06563802501550065, 0.06417030728122697, 0.07746985785737426, 0.07841063091847467, 0.07954520109502639, 0.07493557817246987, 0.055263339683296664, 0.04218589636689707, 0.028846025527228925, 0.021102328398705517, 0.011962895624340497, 0.0013771839878975456, 0.0075494322338078845, 0.01567156307356754, 0.016624265102638702, 0.018807281179113566, 0.020196594388036004, 0.020517906910458628, 0.0198470823827277, 0.01988438136193782, 0.019670265846375656, 0.023791169749237895, 0.028122105880399317, 0.029581443496741855, 0.02836590703125985, 0.026507106181941964, 0.02491068778576011, 0.02428771731092283, 0.02240025229435627, 0.023621362241400767, 0.023096036347689086, 0.02306335958655481, 0.023227842299519352]
loss,
[0.20840415358543396, 0.1912180632352829, 0.13292859494686127, 0.07134923338890076, 0.05026644095778465, 0.04443303868174553, 0.03806683421134949, 0.01360278856009245, 0.009910169057548046, 0.00870472937822342, 0.005679206922650337, 0.003997615538537502, 0.00395416421815753, 0.002419866854324937, 0.002371874637901783, 0.0013430461985990405, 0.002219041809439659, 0.0013735012616962194, 0.0017282598419114947, 0.002622737316414714, 0.002676271600648761, 0.0022163772955536842, 0.0021491963416337967, 0.0022840388119220734, 0.0015741591341793537, 0.0026687856297940016, 0.004558594897389412, 0.0026682978495955467, 0.002318351296707988, 0.002374075585976243, 0.0021042018197476864, 0.0020129329059273005, 0.0017673794645816088, 0.002311830874532461, 0.0021550972014665604, 0.00198375154286623]

2022-04-21 15:48:51.750800