2022-04-27 06:01:51.607184

reference phi, theta, psi, translation: 175.36684180812657, -0.0, 39.4597479484966, 0.2069414258003235, 2.553555727005005, 3.112318754196167

phi,theta,psi,rot_x,rot_y,rot_z,phi_err,theta_err,psi_err
-174.60268024378553,2.426304892454245,32.24175771288345,-0.3459881842136383,2.1274664402008057,3.6064906120300293,10.030477948087878,2.426304892454245,7.217990235613151
-174.68482009874413,2.5923748768933805,32.34088083321326,-0.35269176959991455,2.1370019912719727,3.60071063041687,9.948338093129337,2.5923748768933805,7.1188671152833365
-174.61224250862355,2.4868834846503574,32.51394416640304,-0.34938445687294006,2.1460602283477783,3.5964958667755127,10.020915683249882,2.4868834846503574,6.945803782093556
-174.6216408489215,2.5342863220751193,33.41902277860519,-0.3500584065914154,2.204515218734741,3.5642147064208984,10.011517342951947,2.5342863220751193,6.0407251698914095
-175.49377404366209,3.044760102138427,34.452375758514755,-0.32651475071907043,2.272333860397339,3.524876356124878,9.13938414821132,3.044760102138427,5.007372189981844
-175.7252081734988,3.2275965098037953,33.44903804491281,-0.33635520935058594,2.200387477874756,3.562653064727783,8.907950018374663,3.2275965098037953,6.010709903583788
-175.54618891535276,2.971729862589211,33.133882871324666,-0.33255690336227417,2.1853392124176025,3.5715670585632324,9.086969276520676,2.971729862589211,6.325865077171933
-175.71552296525573,3.1558998078464566,33.040596147640635,-0.33026909828186035,2.1848487854003906,3.5689494609832764,8.917635226617676,3.1558998078464566,6.419151800855964
-175.80322259419867,3.342139372977275,33.029118014740426,-0.3301578164100647,2.183093547821045,3.5702717304229736,8.829935597674762,3.342139372977275,6.4306299337561725
-175.6215942037897,3.1631844488733054,32.96565872716184,-0.32638102769851685,2.1770260334014893,3.572222948074341,9.011563988083708,3.1631844488733054,6.494089221334761
-175.52218763060932,2.714694526766571,32.73321714442255,-0.3067783713340759,2.1648285388946533,3.5805838108062744,9.11097056126414,2.714694526766571,6.726530804074052
-175.5006725347238,2.8049454324062055,32.53822207380785,-0.31451916694641113,2.1493020057678223,3.5837981700897217,9.13248565714963,2.8049454324062055,6.921525874688747
-175.66122296135413,2.5844902302666157,32.38607277985665,-0.29421716928482056,2.138856887817383,3.58933162689209,8.971935230519307,2.5844902302666157,7.0736751686399515
-175.66607239566483,2.3899688239097707,32.687232895835436,-0.2809860110282898,2.1605136394500732,3.5745689868927,8.967085796208607,2.3899688239097707,6.772515052661163
-175.50467502557743,2.369774973219259,32.6349238920769,-0.2921847105026245,2.1613786220550537,3.575507164001465,9.128483166296007,2.369774973219259,6.8248240564197005
-175.54744567016004,2.3016772757063437,32.69363961327691,-0.2861912250518799,2.165205478668213,3.575265884399414,9.08571252171339,2.3016772757063437,6.766108335219691
-175.7189653805974,2.234806157441713,32.44269163298147,-0.2696984112262726,2.151448965072632,3.5843613147735596,8.914192811276052,2.234806157441713,7.017056315515127
-175.52430498925204,2.2812064006785966,32.08166490892752,-0.28186169266700745,2.1283223628997803,3.599210500717163,9.10885320262139,2.2812064006785966,7.378083039569077
-175.38204580921902,2.204073702600079,32.11760536434013,-0.28364336490631104,2.129741907119751,3.5979630947113037,9.251112382654412,2.204073702600079,7.34214258415647
-175.50410128968713,2.0689337249030366,32.2037306346794,-0.2695351541042328,2.136779308319092,3.5954344272613525,9.129056902186335,2.0689337249030366,7.256017313817196
-175.39902565949566,2.0912719056980915,32.211247257861004,-0.2759205102920532,2.1346657276153564,3.597458839416504,9.234132532377771,2.0912719056980915,7.248500690635595
-175.66321737659175,1.7506799960664556,32.17500285903033,-0.23638677597045898,2.138205051422119,3.595442295074463,8.969940815281689,1.7506799960664556,7.28474508946627
-176.14732752458391,1.6618136921049484,32.024188867061866,-0.20627662539482117,2.1286418437957764,3.598682165145874,8.48583066728952,1.6618136921049484,7.435559081434732
-175.81436946292413,1.7569539961774476,32.07695207840021,-0.2362346351146698,2.1269659996032715,3.602161407470703,8.8187887289493,1.7569539961774476,7.382795870096388
-175.84964055979808,1.7094105660571837,32.11443274147066,-0.23079730570316315,2.1317923069000244,3.5973641872406006,8.783517632075359,1.7094105660571837,7.345315207025941
-175.7744538374146,1.6051656525778215,32.166157764055164,-0.2291051745414734,2.1363561153411865,3.595324993133545,8.858704354458837,1.6051656525778215,7.293590184441435
-175.74093126896815,1.5605664515474138,32.250278373873044,-0.22960959374904633,2.1402812004089355,3.5948548316955566,8.892226922905252,1.5605664515474138,7.209469574623554
-175.8670848629383,1.458421808812959,32.18715718065837,-0.214315727353096,2.1385653018951416,3.5942435264587402,8.766073328935136,1.458421808812959,7.272590767838231
-175.63278205365017,1.7293004932027776,32.07633394628033,-0.24417731165885925,2.1292712688446045,3.598052501678467,9.00037613822326,1.7293004932027776,7.38341400221627
-175.504456459524,1.761320723864381,32.01090756422077,-0.2512667179107666,2.123924493789673,3.600531816482544,9.128701732349441,1.761320723864381,7.448840384275826
-175.4993064968898,1.6339910078731885,31.883251328633236,-0.2426730841398239,2.116424083709717,3.604552745819092,9.133851694983605,1.6339910078731885,7.576496619863363
-175.53539721646413,1.6311786055830018,31.846614193925287,-0.24149808287620544,2.1142899990081787,3.60552716255188,9.097760975409301,1.6311786055830018,7.613133754571312
-175.49803608170416,1.6541988804795,31.916989048038513,-0.2446533888578415,2.1173033714294434,3.6038360595703125,9.135122110169277,1.6541988804795,7.542758900458086
-175.60455971199968,1.537682182125838,31.8916866122582,-0.23035559058189392,2.117471933364868,3.6023075580596924,9.028598479873722,1.537682182125838,7.568061336238397
-175.65879141400958,1.5817021467708192,31.921100821918863,-0.23156705498695374,2.1181118488311768,3.601576566696167,8.97436677786385,1.5817021467708192,7.538647126577736
-175.73863632540704,1.428463604958112,31.949719314541216,-0.21746882796287537,2.121520519256592,3.6001181602478027,8.894521866466391,1.428463604958112,7.510028633955383

Errors:
rotation,[19.674773076155276, 19.659580085306054, 19.453602949993794, 18.586528834918475, 17.19151644033159, 18.146256431762247, 18.38456421628182, 18.492686835320097, 18.60270490440821, 18.668837658291775, 18.552195892104763, 18.858956964244584, 18.630100629425876, 18.12956967277954, 18.323082195934965, 18.153498132639424, 18.166055284232893, 18.768142642869066, 18.79732866941096, 18.454007940906568, 18.57390512871146, 18.005365900814414, 17.5832034408292, 17.958538595223136, 17.838243405158483, 17.757460191478092, 17.662262949076222, 17.497085905586324, 18.113090633642308, 18.338862840489647, 18.344339322720156, 18.342073335563615, 18.332079891106865, 18.134341998237957, 18.094716051212405, 17.83301410537989]
translation,[0.170370405351016, 0.1708095383296122, 0.17154014748746782, 0.17435030124477002, 0.17539781246008257, 0.1697445019937236, 0.16915602144908792, 0.16649456420598074, 0.16669701959400474, 0.16491022228261, 0.16424672056989476, 0.15957883750433854, 0.157495534780705, 0.15507658527197243, 0.15709047477782434, 0.15844708391605433, 0.15803766577667222, 0.15975631932735723, 0.1595265593715487, 0.16000750095643745, 0.16108299791646363, 0.15874048289695786, 0.155060306104029, 0.15878262299421309, 0.15681039399527208, 0.15729192858770613, 0.1589195534313248, 0.1567082395515289, 0.15687791699192122, 0.15671304768725314, 0.1558679024349079, 0.15556075199597075, 0.15581076877156796, 0.15376911878015687, 0.1535306403797243, 0.15324600797244248]
loss,
[0.09522238373756409, 0.0956914871931076, 0.09470721334218979, 0.09157123416662216, 0.09639759361743927, 0.09149909019470215, 0.0992477536201477, 0.08735071122646332, 0.09273513406515121, 0.09280448406934738, 0.09206321090459824, 0.09570374339818954, 0.08550538122653961, 0.08805354684591293, 0.0902329608798027, 0.08992056548595428, 0.09576179087162018, 0.09046562761068344, 0.09408581256866455, 0.08536465466022491, 0.08306126296520233, 0.08383919298648834, 0.0918072983622551, 0.09842495620250702, 0.09223721921443939, 0.0870564803481102, 0.08658885955810547, 0.10201992094516754, 0.0988713949918747, 0.08930504322052002, 0.09821435064077377, 0.08969693630933762, 0.10408864915370941, 0.09096521139144897, 0.08494870364665985, 0.09247120469808578]

2022-04-27 06:04:21.469161