2022-04-27 13:21:44.806371

reference phi, theta, psi, translation: -86.91639066027085, -0.0, 34.793557367935236, -2.296917200088501, -0.12373751401901245, 3.3104169368743896

phi,theta,psi,rot_x,rot_y,rot_z,phi_err,theta_err,psi_err
-76.53055527251121,6.8177051513072,38.18892636661862,-2.336111545562744,-0.9462913274765015,3.345968008041382,10.385835387759641,6.8177051513072,3.395368998683381
-76.39962054612205,6.287140998487693,38.62088119010856,-2.3729705810546875,-0.9314630627632141,3.320615768432617,10.516770114148798,6.287140998487693,3.8273238221733266
-77.08828802956694,3.382535778298896,39.681100719118376,-2.5499587059020996,-0.7991873621940613,3.205573081970215,9.82810263070391,3.382535778298896,4.88754335118314
-79.30281977359266,4.178133826339305,40.2955718576094,-2.600358009338379,-0.7359718680381775,3.1696434020996094,7.61357088667819,4.178133826339305,5.502014489674167
-82.29043330901544,4.787967242700403,40.06435287873155,-2.622182607650757,-0.6208738088607788,3.168708324432373,4.625957351255408,4.787967242700403,5.270795510796312
-82.94404143145064,3.73553282400506,39.87888250691444,-2.6140096187591553,-0.531909704208374,3.1820778846740723,3.9723492288202067,3.73553282400506,5.085325138979201
-83.39736108666439,3.7280116803728487,40.005490308464374,-2.6212351322174072,-0.5100792050361633,3.162951707839966,3.51902957360646,3.7280116803728487,5.211932940529138
-83.44361512772372,3.811894414714816,38.793640579880275,-2.5493619441986084,-0.5107391476631165,3.2097489833831787,3.472775532547132,3.811894414714816,4.000083211945039
-83.02273204087837,3.976519717992183,38.48827306737276,-2.5251195430755615,-0.534683883190155,3.2212610244750977,3.8936586193924825,3.976519717992183,3.6947156994375234
-82.95217618675213,4.156637013365369,38.672715495719785,-2.5335941314697266,-0.5483542680740356,3.216090679168701,3.964214473518723,4.156637013365369,3.8791581277845495
-82.97394399963696,4.069991202625447,38.81015597729337,-2.5422379970550537,-0.5415129661560059,3.2095677852630615,3.942446660633891,4.069991202625447,4.016598609358134
-83.09069925330915,3.8711153701060317,38.62374645446538,-2.533639669418335,-0.5246086716651917,3.2179763317108154,3.8256914069616954,3.8711153701060317,3.8301890865301473
-83.09134129109114,3.8194641785078005,38.80412833535083,-2.544408082962036,-0.5252299308776855,3.2067947387695312,3.825049369179709,3.8194641785078005,4.010570967415596
-83.36633836745419,3.7525888439478092,38.825158487805304,-2.544586181640625,-0.508826494216919,3.209000825881958,3.550052292816659,3.7525888439478092,4.031601119870068
-83.51321475536615,3.4346030979322992,39.00765089714429,-2.5624289512634277,-0.4827098250389099,3.1987509727478027,3.4031759049046997,3.4346030979322992,4.214093529209052
-84.2842474900122,2.7757498269873855,38.828355016336864,-2.558333396911621,-0.4106292426586151,3.209089756011963,2.6321431702586437,2.7757498269873855,4.034797648401629
-85.76722499279454,1.60929185533461,38.70836908318725,-2.5562822818756104,-0.28123387694358826,3.211076021194458,1.1491656674763107,1.60929185533461,3.9148117152520143
-86.0620364479398,0.9549397462457831,37.69008691568132,-2.4975903034210205,-0.2273683398962021,3.2484383583068848,0.8543542123310459,0.9549397462457831,2.896529547746084
-87.0836073515311,0.0577682686199529,37.289950528439874,-2.4646804332733154,-0.1305737942457199,3.2399709224700928,0.16721669126025063,0.0577682686199529,2.4963931605046383
-86.87840114810724,-0.07427803263240085,35.790577156554924,-2.3648734092712402,-0.12485483288764954,3.2859599590301514,0.037989512163605355,0.07427803263240085,0.9970197886196885
-86.94584243597194,0.025410020937132013,34.751746364931,-2.2918591499328613,-0.12484176456928253,3.313408374786377,0.02945177570109081,0.025410020937132013,0.04181100300423424
-87.02864481928,-0.07570686626623793,34.87195427922864,-2.2938239574432373,-0.1161392405629158,3.296078681945801,0.11225415900915436,0.07570686626623793,0.0783969112934031
-86.99891983601212,-0.19051598310289808,34.99001409903231,-2.301936626434326,-0.1096406877040863,3.292602062225342,0.08252917574127139,0.19051598310289808,0.19645673109707218
-87.00831134612088,-0.1792945510324145,34.902386187075635,-2.295685052871704,-0.11049100756645203,3.295685052871704,0.09192068585002744,0.1792945510324145,0.10882881914039899
-87.01877519592934,-0.18191819874883564,34.842768880905176,-2.2922611236572266,-0.10938120633363724,3.297915458679199,0.10238453565848715,0.18191819874883564,0.049211512969939974
-87.0611496895401,-0.1304869354252245,34.859448202858346,-2.2933390140533447,-0.11110080778598785,3.296398639678955,0.14475902926925244,0.1304869354252245,0.06589083492310976
-87.00163825130178,-0.1491035369011419,34.864898693816016,-2.2945268154144287,-0.11255601793527603,3.2973899841308594,0.08524759103093515,0.1491035369011419,0.07134132588078046
-86.97766428731504,-0.11287250326795953,35.00870832679064,-2.302110433578491,-0.11566630005836487,3.292044162750244,0.06127362704418715,0.11287250326795953,0.21515095885540347
-86.98908436360729,-0.026510518016521826,34.895607224324394,-2.295588254928589,-0.12059641629457474,3.2975013256073,0.07269370333644076,0.026510518016521826,0.10204985638915787
-86.98728119366642,-0.06712650283850437,34.98015130587081,-2.3002192974090576,-0.11917451024055481,3.2931125164031982,0.07089053339556983,0.06712650283850437,0.18659393793557655
-87.00690432715186,-0.09472241981778212,34.88653673310662,-2.295531749725342,-0.1157531812787056,3.296229124069214,0.0905136668810087,0.09472241981778212,0.09297936517138083
-87.04421082039848,-0.13933607231468084,34.87921818541095,-2.2952699661254883,-0.11192166060209274,3.2956840991973877,0.12782016012762654,0.13933607231468084,0.08566081747571275
-87.0274836871211,-0.13174792116975784,34.81142514280399,-2.290630340576172,-0.11192390322685242,3.3000848293304443,0.11109302685025568,0.13174792116975784,0.017867774868754793
-86.9954842508596,-0.1328783246779225,34.87244605284888,-2.294440269470215,-0.11376474797725677,3.29797625541687,0.07909359058875509,0.1328783246779225,0.0788886849136432
-87.05298078329277,-0.1889276198095707,34.89350011096545,-2.2953686714172363,-0.1080770492553711,3.294952392578125,0.13659012302191798,0.1889276198095707,0.099942743030212
-86.97974066482271,-0.1146576786274341,34.78788148073495,-2.2892158031463623,-0.11486838757991791,3.3009095191955566,0.06335000455186446,0.1146576786274341,0.005675887200283114

Errors:
rotation,[20.598909537750224, 20.631234934809818, 18.098181760185945, 17.293719202691662, 14.684720104752124, 12.793207191804466, 12.458974194508446, 11.284753159206987, 11.564894036822189, 12.000009614668642, 12.029036472617472, 11.526995863597875, 11.655084515103106, 11.334242256634536, 11.051872532046051, 9.442690645647659, 6.673269238062935, 4.705823506322913, 2.7213781203848417, 1.1092873334156947, 0.09667279964245706, 0.26635793656879536, 0.46950188994124165, 0.38004405602284097, 0.33351424737726276, 0.3411367996175867, 0.3056924538128575, 0.3892970891675501, 0.20125407774212045, 0.32461097416965073, 0.27821545187017166, 0.3528170499180201, 0.26070872288876834, 0.2908606001803208, 0.4254604858617007, 0.18368357037958166]
translation,[0.1579505536533441, 0.15517044734773044, 0.14220177857429217, 0.13422294471884033, 0.12844303540687552, 0.12117096995883969, 0.10835394746247129, 0.09955986334816469, 0.09665966934050196, 0.09961331016157349, 0.09894809906112201, 0.09802552046007218, 0.09602651179308452, 0.09579608854379451, 0.09574146562277175, 0.09342483709415639, 0.08283283227076144, 0.07277238721281343, 0.04184434465416409, 0.01927208521940127, 0.0003871316131576208, 0.013760151245378438, 0.012153661488295775, 0.013179372261662436, 0.013334480805369253, 0.013916990044481992, 0.012384918811689793, 0.01234223908816734, 0.011454256536243435, 0.012447307635155447, 0.01267253388449685, 0.013377704095040244, 0.012413369744368907, 0.011919243308736505, 0.014026764058158392, 0.012459007011559109]
loss,
[0.11512085795402527, 0.10001258552074432, 0.05077033489942551, 0.039381641894578934, 0.02192368172109127, 0.0235853623598814, 0.02376118302345276, 0.021993741393089294, 0.02314644679427147, 0.024523746222257614, 0.019739752635359764, 0.02420128509402275, 0.02000024914741516, 0.0259148757904768, 0.023194991052150726, 0.025521550327539444, 0.01727287471294403, 0.015497304499149323, 0.009995228610932827, 0.005580137949436903, 0.002540749264881015, 0.002210058271884918, 0.002646862296387553, 0.0018728913273662329, 0.0022060771007090807, 0.002541780937463045, 0.002535173436626792, 0.0015012825606390834, 0.0019591073505580425, 0.0018413695506751537, 0.002073921263217926, 0.002456674352288246, 0.0017594657838344574, 0.0020449100993573666, 0.0020866934210062027, 0.0025148512795567513]

2022-04-27 13:26:15.696230