2022-04-20 10:51:45.118177

reference phi, theta, psi, translation: -86.91639066027085, -0.0, 34.793557367935236, -2.296917200088501, -0.12373751401901245, 3.3104169368743896

phi,theta,psi,rot_x,rot_y,rot_z,phi_err,theta_err,psi_err
-76.53055527251121,6.8177051513072,38.18892636661862,-2.336111545562744,-0.9462913274765015,3.345968008041382,10.385835387759641,6.8177051513072,3.395368998683381
-76.46294322991724,6.166497987335123,38.61183118945829,-2.37846302986145,-0.9167665243148804,3.321899175643921,10.453447430353606,6.166497987335123,3.818273821523057
-77.23752766293171,4.4925541120719155,40.14414314861563,-2.569427013397217,-0.8248703479766846,3.184725046157837,9.678862997339138,4.4925541120719155,5.350585780680397
-80.9114590967249,7.184613486232618,38.383183776802944,-2.4823198318481445,-0.793339192867279,3.256591558456421,6.004931563545952,7.184613486232618,3.5896264088677086
-83.53351407757943,6.5035357442940045,35.71747022677369,-2.363471031188965,-0.6334792971611023,3.35719633102417,3.3828765826914236,6.5035357442940045,0.923912858838456
-84.7975976778412,4.0479922439086575,34.69371366264799,-2.3168630599975586,-0.4482762813568115,3.395143508911133,2.118792982429653,4.0479922439086575,0.09984370528724895
-86.1997945333098,1.394902013601201,34.1724131346251,-2.289363145828247,-0.22677592933177948,3.3933961391448975,0.7165961269610506,1.394902013601201,0.6211442333101331
-87.18065067925865,-0.34943820000210585,34.6445806968535,-2.298849582672119,-0.09159014374017715,3.339210033416748,0.26426001898779816,0.34943820000210585,0.1489766710817335
-87.0002448927111,-0.08871497771148995,34.80115936848146,-2.2918100357055664,-0.1162751093506813,3.3039615154266357,0.08385423244024537,0.08871497771148995,0.007602000546221177
-86.70727075845257,0.3079767830694952,34.814908539280694,-2.2909555435180664,-0.1511240005493164,3.30409836769104,0.20911990181828344,0.3079767830694952,0.021351171345457942
-86.93611624659384,0.03353910907297077,34.89997171520403,-2.296455144882202,-0.12665317952632904,3.3010785579681396,0.019725586322991262,0.03353910907297077,0.10641434726879595
-86.8329462391808,0.17038338334845107,34.79510099068766,-2.291118621826172,-0.13807237148284912,3.30497145652771,0.08344442109005001,0.17038338334845107,0.0015436227524219248
-86.83890216413705,0.1791870918475736,34.85809924049727,-2.2946372032165527,-0.13755109906196594,3.303654670715332,0.07748849613379605,0.1791870918475736,0.0645418725620317
-86.7913572173246,0.14879067919250172,34.78538163149873,-2.290391206741333,-0.1386275589466095,3.3092877864837646,0.12503344294624696,0.14879067919250172,0.008175736436506043
-86.78760744347026,0.17135574074563129,34.901863677604126,-2.2974395751953125,-0.13915492594242096,3.301377058029175,0.1287832168005849,0.17135574074563129,0.10830630966889032
-86.86547843019757,0.12653847652246655,34.830730672493026,-2.292836904525757,-0.13380180299282074,3.3044962882995605,0.05091223007327983,0.12653847652246655,0.03717330455778978
-86.86758895865111,0.15750291598573646,34.828271804391825,-2.2931764125823975,-0.135775625705719,3.3048758506774902,0.048801701619737514,0.15750291598573646,0.034714436456589226
-86.86976778899634,0.11187251070786013,34.77894759330058,-2.2903072834014893,-0.1322162002325058,3.30757999420166,0.046622871274507816,0.11187251070786013,0.014609774634656958
-86.82407382344896,0.15461643781171547,34.83518054073729,-2.293724775314331,-0.13802145421504974,3.306955575942993,0.09231683682189384,0.15461643781171547,0.04162317280205485
-86.87930956326686,0.20431945658669193,34.891614978754525,-2.2977075576782227,-0.1390913873910904,3.303593635559082,0.037081097003991204,0.20431945658669193,0.09805761081928921
-86.87759518578518,0.07015862957203908,34.84223612614991,-2.2939672470092773,-0.13001349568367004,3.3039541244506836,0.038795474485667114,0.07015862957203908,0.04867875821467749
-86.82247555918318,0.25256905769155036,34.73220860881018,-2.2866766452789307,-0.14388000965118408,3.3085262775421143,0.0939151010876742,0.25256905769155036,0.06134875912505322
-86.89996405531697,0.12227568655895299,34.83010571018397,-2.2926647663116455,-0.13192042708396912,3.304717540740967,0.016426604953878154,0.12227568655895299,0.03654834224873582
-86.86996586448227,0.02086661230523613,34.78170015953609,-2.290637254714966,-0.12758055329322815,3.3078999519348145,0.04642479578858172,0.02086661230523613,0.011857208399142394
-86.8443594852839,0.13580806524529238,34.83473999353583,-2.293947696685791,-0.1356150358915329,3.3058981895446777,0.07203117498694667,0.13580806524529238,0.04118262560059094
-86.8544271841205,0.15470352347411115,34.85062359845069,-2.295137882232666,-0.1362837702035904,3.3047947883605957,0.06196347615035336,0.15470352347411115,0.05706623051545279
-86.87539586487243,0.1434696447999031,34.84265959787846,-2.2945218086242676,-0.13422535359859467,3.3055877685546875,0.04099479539841866,0.1434696447999031,0.04910222994322311
-86.879596431212,0.1586206898530023,34.789951028053466,-2.2911360263824463,-0.1351141631603241,3.3076179027557373,0.036794229058855876,0.1586206898530023,0.003606339881770282
-86.79266178345607,0.1244740902545311,34.89757431880536,-2.2975573539733887,-0.13660921156406403,3.30350661277771,0.12372887681478062,0.1244740902545311,0.10401695087012541
-86.86849054362155,0.15151507991428756,34.830399408318286,-2.292302131652832,-0.13550634682178497,3.3042073249816895,0.04790011664930205,0.15151507991428756,0.036842040383049834
-86.84391552298784,0.17441424595711372,34.81723763378767,-2.292524576187134,-0.1382783204317093,3.3052732944488525,0.07247513728300703,0.17441424595711372,0.02368026585243399
-86.84564356084786,0.19460213099818208,34.79120778286075,-2.291004180908203,-0.13942013680934906,3.3068618774414062,0.07074709942298796,0.19460213099818208,0.0023495850744836844
-86.85990499583484,0.07379874818499897,34.85471829685812,-2.2955024242401123,-0.13126039505004883,3.3050143718719482,0.05648566443601055,0.07379874818499897,0.06116092892288094
-86.88216458233991,0.05770900911804975,34.792293782938785,-2.291752338409424,-0.1288253217935562,3.307084321975708,0.03422607793093846,0.05770900911804975,0.0012635849964510726
-86.93735251083362,0.12741905018301652,34.82310476628471,-2.2931199073791504,-0.13150516152381897,3.3064444065093994,0.020961850562770223,0.12741905018301652,0.02954739834947162
-86.84972801397153,0.09219682406645378,34.85263167406667,-2.2952284812927246,-0.1328120231628418,3.3048014640808105,0.06666264629932073,0.09219682406645378,0.059074306131435605

Errors:
rotation,[20.598909537750224, 20.438219239211787, 19.52200289009145, 16.779171458646278, 10.810325185823885, 6.26662893162556, 2.732642373872385, 0.7626748900716376, 0.1801712106979565, 0.5384478562332367, 0.159679042664758, 0.255371427190923, 0.32121746054340133, 0.2819998585752547, 0.40844526721510654, 0.21462401115353616, 0.2410190540620632, 0.1731051566170249, 0.28855644743566417, 0.33945816440997234, 0.15763286227238368, 0.4078329179042778, 0.17525063376156697, 0.07914861649296025, 0.24902186583282998, 0.2737332301399173, 0.23356667014154486, 0.19902125879362845, 0.35221991793943713, 0.23625723694663944, 0.27056964909255476, 0.2676988154956537, 0.19144534154389048, 0.09319867204543927, 0.17792829909525837, 0.21793377649721013]
translation,[0.1579505536533441, 0.15606129223310905, 0.1431782538913895, 0.13980477582467454, 0.12315309162390076, 0.10357856649173325, 0.06859653155936396, 0.023920066826526032, 0.008433888989753058, 0.007650043993741917, 0.007838303779667655, 0.0073091770293229885, 0.0064034810293795985, 0.0041578981805745485, 0.006618558370531602, 0.006864988659300408, 0.006293774968132659, 0.0058246494340084, 0.00419721897060743, 0.004649338493153188, 0.006790145448396956, 0.006711180387104498, 0.006843488980330825, 0.005523574353132332, 0.005020278966099134, 0.0052252656244267115, 0.004994576972483955, 0.005225692677818472, 0.004891434599291422, 0.007349905730070105, 0.006253536356759071, 0.005775012011795866, 0.005004090096420555, 0.005519409202676684, 0.005179639752228127, 0.005284162874298559]
loss,
[0.17140382528305054, 0.16247473657131195, 0.09750065207481384, 0.06433318555355072, 0.05599866434931755, 0.03632523864507675, 0.024628974497318268, 0.007866274565458298, 0.0024504857137799263, 0.0018887988990172744, 0.0016678718384355307, 0.0019315885147079825, 0.0021383874118328094, 0.002041853964328766, 0.0014921369729563594, 0.0018546500941738486, 0.0019433654379099607, 0.002338830614462495, 0.0021257810294628143, 0.0023563927970826626, 0.0012040124274790287, 0.002485224511474371, 0.0017477164510637522, 0.0020088087767362595, 0.001490219496190548, 0.0017476867651566863, 0.001477364799939096, 0.001932192943058908, 0.0018037657719105482, 0.0018538145814090967, 0.0022893957793712616, 0.001712384051643312, 0.0017927587032318115, 0.0019245143048465252, 0.001642786432057619, 0.001989023294299841]

2022-04-20 10:56:28.873734