2022-04-20 10:46:56.516099

reference phi, theta, psi, translation: 16.672973292337613, -0.0, 55.56417970941693, 0.9538894295692444, -3.184936285018921, 2.279534101486206

phi,theta,psi,rot_x,rot_y,rot_z,phi_err,theta_err,psi_err
26.607018987257597,-4.879078348390559,61.415046110949504,1.4386786222457886,-3.2383759021759033,2.121750593185425,9.934045694919984,4.879078348390559,5.850866401532571
26.475276590999098,-5.574714070215397,59.82792871389198,1.3851944208145142,-3.229066848754883,2.193565845489502,9.802303298661485,5.574714070215397,4.263749004475045
25.563168006593717,-7.693426780960864,54.86088537586448,1.1697150468826294,-3.1916584968566895,2.3979907035827637,8.890194714256104,7.693426780960864,0.7032943335524564
26.934666576837692,-7.166516190406659,52.52129969832499,1.2502069473266602,-3.0699124336242676,2.523736000061035,10.26169328450008,7.166516190406659,3.0428800110919454
27.881366654294602,-6.916556209965047,52.46390220363479,1.3202540874481201,-3.0410079956054688,2.5348174571990967,11.20839336195699,6.916556209965047,3.1002775057821452
27.787021251289218,-5.600170290789387,52.42185897419878,1.3482353687286377,-3.03224515914917,2.5484507083892822,11.114047958951605,5.600170290789387,3.1423207352181564
26.744041119744516,-4.333433468790665,52.90013272554516,1.338148832321167,-3.059859037399292,2.5330066680908203,10.071067827406903,4.333433468790665,2.6640469838717706
24.712848728514857,-1.9599583180679732,52.2838003605053,1.304429054260254,-3.039583921432495,2.5798332691192627,8.039875436177244,1.9599583180679732,3.28037934891163
20.8894727556818,1.9459878030663502,52.21614050658716,1.2607011795043945,-3.075716972351074,2.585726261138916,4.216499463344189,1.9459878030663502,3.3480392028297743
17.456423310894753,1.332417636763742,54.3798317375259,1.0815229415893555,-3.237032890319824,2.4617912769317627,0.78345001855714,1.332417636763742,1.184347971891036
17.00884955232028,-0.19384246621399576,53.54751171545731,0.9794119596481323,-3.221301555633545,2.491973400115967,0.335876259982669,0.19384246621399576,2.016667993959622
17.32071257472848,-0.41432953836113506,53.96936127407022,0.986152172088623,-3.2168328762054443,2.457256555557251,0.6477392823908659,0.41432953836113506,1.5948184353467099
16.839214974093842,0.05565463023877169,53.80444294146568,0.979191243648529,-3.2044787406921387,2.4547181129455566,0.16624168175622955,0.05565463023877169,1.759736767951253
16.912316781233198,-0.09406913732443833,54.33920918743724,0.9755151271820068,-3.2142882347106934,2.415696382522583,0.2393434888955852,0.09406913732443833,1.2249705219796923
16.91542963994743,-0.49952746174287266,54.38364298308276,0.9562618136405945,-3.206547737121582,2.4013237953186035,0.24245634760981716,0.49952746174287266,1.180536726334175
16.93391725448336,-0.4146633088554819,54.54385531534916,0.9570927023887634,-3.1989693641662598,2.3818674087524414,0.260943962145749,0.4146633088554819,1.0203243940677709
16.77054083708395,0.09584798146382784,54.852327148834455,0.9697045683860779,-3.197409152984619,2.3546066284179688,0.09756754474633667,0.09584798146382784,0.7118525605824786
16.86578953260707,0.08595963249682921,54.917364210111316,0.9735543727874756,-3.184924602508545,2.340649127960205,0.1928162402694582,0.08595963249682921,0.6468154993056174
16.72771555098797,-0.02285991765754419,55.06745761712234,0.9598649740219116,-3.1851446628570557,2.324958086013794,0.0547422586503572,0.02285991765754419,0.49672209229458986
16.703394954900848,-0.08372479077358029,55.28194263253367,0.9554461240768433,-3.1872851848602295,2.3061318397521973,0.030421662563234975,0.08372479077358029,0.2822370768832627
16.73296796645971,0.02923142700775513,55.3863454890919,0.9613772034645081,-3.183659076690674,2.296815872192383,0.059994674122098246,0.02923142700775513,0.17783422032503182
16.720706069352246,0.04904794010509762,55.40135824488759,0.9600794315338135,-3.17987060546875,2.291790723800659,0.047732777014633854,0.04904794010509762,0.16282146452934398
16.72157350337684,-0.06264325277559774,55.45542602235741,0.9548506140708923,-3.1791625022888184,2.2854831218719482,0.04860021103922563,0.06264325277559774,0.10875368705952582
16.653836809830526,-0.0013689431062022632,55.45324377691759,0.9529818892478943,-3.1786978244781494,2.2847368717193604,0.019136482507086328,0.0013689431062022632,0.11093593249934486
16.630088242086394,-0.0014415312599458353,55.48117242043377,0.9522225260734558,-3.179731607437134,2.282560110092163,0.04288505025121836,0.0014415312599458353,0.08300728898316123
16.652264158774134,-0.023047420563595256,55.51587319651202,0.952572226524353,-3.1793088912963867,2.2787015438079834,0.020709133563478588,0.023047420563595256,0.048306512904915166
16.663146357669255,0.030279449698440503,55.52526470662079,0.9542052149772644,-3.1781201362609863,2.2784271240234375,0.009826934668357268,0.030279449698440503,0.038915002796144904
16.745371589992455,-0.0700519189142511,55.526449744441784,0.9556728601455688,-3.178492307662964,2.279423236846924,0.07239829765484274,0.0700519189142511,0.037729964975149244
16.645548375272718,0.07788502257723276,55.58348182401139,0.9568215012550354,-3.180279016494751,2.2747364044189453,0.027424917064895027,0.07788502257723276,0.01930211459445985
16.666015037120662,0.01286531033043479,55.562707803650795,0.9537150859832764,-3.1786139011383057,2.275989294052124,0.006958255216950704,0.01286531033043479,0.001471905766138093
16.700609945266777,0.03114362556656495,55.57259450247439,0.9576048254966736,-3.177511692047119,2.275259494781494,0.027636652929164285,0.03114362556656495,0.008414793057454517
16.642454299578702,0.03160046036802924,55.643259639627345,0.9543353319168091,-3.1812093257904053,2.2698771953582764,0.030518992758910457,0.03160046036802924,0.07907993021041193
16.704668785181056,-0.0240029519331042,55.57661406880094,0.9547780156135559,-3.1778736114501953,2.2751166820526123,0.03169549284344342,0.0240029519331042,0.012434359384009497
16.659949829137688,-0.017881151926399226,55.571942219408655,0.953223466873169,-3.1796915531158447,2.2761013507843018,0.01302346319992509,0.017881151926399226,0.007762509991721345
16.63660082746,0.006879288752744158,55.544921991052085,0.9527061581611633,-3.180635690689087,2.2775135040283203,0.03637246487761203,0.006879288752744158,0.01925771836484813
16.658385715817758,0.027917234990129564,55.56592482274987,0.9554062485694885,-3.180220603942871,2.276459217071533,0.01458757651985465,0.027917234990129564,0.0017451133329373647

Errors:
rotation,[20.663990444843115, 19.640766373351926, 17.286915828769423, 20.471089485998682, 21.225227077704183, 19.856538984959148, 17.06854828006934, 13.280213103156846, 9.510526469240313, 3.3002156272119176, 2.5463867201562866, 2.656887256098711, 1.9816330799462543, 1.5583831481997157, 1.9225205356868649, 1.6959316650690017, 0.905268086792643, 0.9255913720719049, 0.5743242686024912, 0.396383530220078, 0.26706032145488523, 0.25960218164907545, 0.21999715087434918, 0.13144135811263344, 0.12733387049432543, 0.09206306703198901, 0.07902138716294267, 0.1801801815442431, 0.12461205423658764, 0.021295471313523585, 0.06719507155318374, 0.14119938333735163, 0.06813280416055711, 0.03866712511804566, 0.06250947199520432, 0.044249924842921576]
translation,[0.09908907901583852, 0.11101640517539924, 0.1288322753938278, 0.13499921547953342, 0.14213125747175948, 0.15298996117569263, 0.1604701652777436, 0.16364708769854985, 0.18021090750756397, 0.1770168217964967, 0.15766128846132954, 0.13523881722309472, 0.12256112449480838, 0.10636647097582141, 0.08745596963082392, 0.07042252563760165, 0.056403965372476605, 0.039521108137832606, 0.027432138173586473, 0.01731629715594707, 0.010565633310664069, 0.004417483021040169, 0.0009617426053791789, 0.002193901950620969, 0.002791551220513888, 0.0052277706276377955, 0.0059350342419186575, 0.004729197671151653, 0.005696249677666465, 0.007040634448237881, 0.007400078614725025, 0.00829513675263538, 0.007866794331048865, 0.006242440182004927, 0.004820356625239164, 0.005104674879815363]
loss,
[0.15979903936386108, 0.14535385370254517, 0.11373784393072128, 0.10308104753494263, 0.12210485339164734, 0.11248751729726791, 0.10490783303976059, 0.08184163272380829, 0.060250699520111084, 0.03302302956581116, 0.020749883726239204, 0.01727432943880558, 0.02093861997127533, 0.011393003165721893, 0.013505547307431698, 0.007747478783130646, 0.005920369178056717, 0.004382751882076263, 0.0038184798322618008, 0.002841648645699024, 0.0024275085888803005, 0.0023825226817280054, 0.0018869502237066627, 0.0019397258292883635, 0.0019044786458835006, 0.0024852920323610306, 0.001740576233714819, 0.0019447130616754293, 0.0018068015342578292, 0.002299086656421423, 0.0021782719995826483, 0.0013546189293265343, 0.0019234179053455591, 0.0015760376118123531, 0.0015549883246421814, 0.00200520153157413]

2022-04-20 10:51:41.169165