2022-04-20 10:56:32.786389

reference phi, theta, psi, translation: -33.091320547511735, -0.0, 74.32085247222868, -2.1190009117126465, -3.251617431640625, 1.089412808418274

phi,theta,psi,rot_x,rot_y,rot_z,phi_err,theta_err,psi_err
-22.822884158753556,1.294954214858955,81.82337814338081,-1.5357718467712402,-3.6827800273895264,0.7731812596321106,10.268436388758179,1.294954214858955,7.502525671152128
-22.818804828271766,1.534480759685835,81.55571669018634,-1.5325485467910767,-3.683506727218628,0.7875374555587769,10.27251571923997,1.534480759685835,7.234864217957664
-24.265235696352658,3.6474785980597195,81.70130900253433,-1.637902021408081,-3.665336847305298,0.6973443627357483,8.826084851159077,3.6474785980597195,7.380456530305651
-27.266712808243277,1.9998203727671828,78.87280472382699,-1.843367099761963,-3.5227558612823486,0.839626669883728,5.824607739268458,1.9998203727671828,4.551952251598308
-30.313718253593912,0.9192621616036327,75.40578704075018,-1.9978373050689697,-3.38727068901062,1.0429668426513672,2.7776022939178233,0.9192621616036327,1.0849345685215042
-34.18259694667759,-0.5109767190898672,73.74106503434298,-2.1915156841278076,-3.2134549617767334,1.1370487213134766,1.0912763991658565,0.5109767190898672,0.5797874378856989
-33.47580214117551,0.15215440078019116,73.95599059695577,-2.138310432434082,-3.2454426288604736,1.1181209087371826,0.38448159366377155,0.15215440078019116,0.3648618752729078
-33.30327156274098,-0.09536294971394944,74.1013438526828,-2.129204750061035,-3.2381091117858887,1.1048582792282104,0.2119510152292463,0.09536294971394944,0.21950861954587708
-33.185867441097635,0.008212751900008376,74.18406427372084,-2.1174871921539307,-3.2406108379364014,1.097124457359314,0.09454689358589974,0.008212751900008376,0.13678819850784407
-33.071745225350476,0.019363962948158054,74.31393349059945,-2.110022783279419,-3.2435665130615234,1.0878764390945435,0.019575322161259123,0.019363962948158054,0.0069189816292265505
-33.10743979395296,0.061781979902992785,74.26494054368295,-2.111497640609741,-3.241699457168579,1.0904145240783691,0.016119246441228086,0.061781979902992785,0.055911928545725686
-33.0687775081561,0.03428661260336977,74.29789620642826,-2.107776641845703,-3.2432162761688232,1.087997317314148,0.02254303935563229,0.03428661260336977,0.022956265800416986
-33.119416530662576,0.025090860646215497,74.29837431967016,-2.1108291149139404,-3.2386608123779297,1.0864413976669312,0.028095983150841164,0.025090860646215497,0.022478152558520037
-33.1046974730012,-0.021810809351945532,74.36324745640695,-2.1112711429595947,-3.2409820556640625,1.0830986499786377,0.01337692548946734,0.021810809351945532,0.04239498417827292
-33.12269502146419,0.056966824692571416,74.19194631202302,-2.1105122566223145,-3.2389609813690186,1.0954340696334839,0.03137447395245374,0.056966824692571416,0.12890616020565915
-33.09620413276829,-0.022807988416753983,74.27735099740487,-2.110950231552124,-3.2410223484039307,1.0900086164474487,0.00488358525655741,0.022807988416753983,0.04350147482381317
-33.08255741480661,0.12920812196200857,74.32004650990662,-2.1083288192749023,-3.2432703971862793,1.0875575542449951,0.008763132705126964,0.12920812196200857,0.0008059623220617596
-33.13008187105155,-0.0017759530887241498,74.31759447199458,-2.1135756969451904,-3.2410449981689453,1.087045669555664,0.03876132353981632,0.0017759530887241498,0.0032580002340978353
-33.09026186819038,0.020554836020340982,74.29500703640934,-2.108444929122925,-3.2399919033050537,1.087325930595398,0.0010586793213533952,0.020554836020340982,0.02584543581933474
-32.96768729334533,-0.03788940692943638,74.3586575692847,-2.102647542953491,-3.243165969848633,1.0831422805786133,0.12363325416640691,0.03788940692943638,0.03780509705602242
-32.96726382161679,0.03183851517874301,74.3822968540021,-2.101191997528076,-3.243363857269287,1.0815964937210083,0.12405672589494543,0.03183851517874301,0.061444381773426926
-33.020098749941425,0.07178589558260556,74.2688474118882,-2.1030383110046387,-3.241370916366577,1.0894205570220947,0.07122179757030977,0.07178589558260556,0.052005060340476916
-33.059341601817735,0.03344724972040567,74.34462836072949,-2.1074767112731934,-3.2423949241638184,1.085893988609314,0.03197894569400006,0.03344724972040567,0.023775888500807696
-33.075344735043075,0.027217429372268714,74.32140571755144,-2.1086153984069824,-3.242215394973755,1.0867655277252197,0.015975812468660422,0.027217429372268714,0.0005532453227630185
-33.095162528919865,0.07269916343959189,74.29894122537128,-2.1096441745758057,-3.2433063983917236,1.0876119136810303,0.0038419814081294135,0.07269916343959189,0.021911246857399647
-33.106736284468454,0.028013107897208123,74.34122009633366,-2.1122817993164062,-3.243553400039673,1.0857560634613037,0.015415736956718717,0.028013107897208123,0.020367624104977722
-33.09793558572289,-0.013060781977227664,74.2979576781308,-2.1117849349975586,-3.2406399250030518,1.0879144668579102,0.006615038211151614,0.013060781977227664,0.022894794097879867
-33.10384369935495,0.03437549618390874,74.20475974690596,-2.1083807945251465,-3.2392585277557373,1.0932643413543701,0.012523151843211622,0.03437549618390874,0.11609272532271575
-33.10712219015656,-0.08582564026893268,74.28218677133724,-2.1115660667419434,-3.2373569011688232,1.0884405374526978,0.0158016426448242,0.08582564026893268,0.03866570089144261
-33.11411288877206,0.07604139193288469,74.17966563189535,-2.109421730041504,-3.2393925189971924,1.0954431295394897,0.022792341260327476,0.07604139193288469,0.14118684033333295
-33.08018733916461,-0.013318850173484484,74.36752315482737,-2.1094415187835693,-3.241605043411255,1.0825897455215454,0.01113320834712539,0.013318850173484484,0.04667068259868756
-33.037051279461394,0.028108526592055493,74.34991492714708,-2.1075637340545654,-3.2436389923095703,1.084745168685913,0.05426926805034071,0.028108526592055493,0.02906245491840309
-33.11987073824238,0.00970653044626989,74.35880783344643,-2.1121623516082764,-3.2405216693878174,1.0834035873413086,0.02855019073064824,0.00970653044626989,0.03795536121775456
-33.10302407665455,0.05431681048373733,74.31095552812133,-2.1091926097869873,-3.241098403930664,1.0866771936416626,0.011703529142813807,0.05431681048373733,0.009896944107353534
-33.131044927724524,0.06227081113181101,74.31294994335897,-2.110156536102295,-3.2397871017456055,1.086147665977478,0.0397243802127889,0.06227081113181101,0.00790252886970677
-33.08403273566733,0.0652191900008414,74.32646688772643,-2.109130859375,-3.2425756454467773,1.0870517492294312,0.007287811844406633,0.0652191900008414,0.005614415497745995

Errors:
rotation,[19.06591627476926, 19.041860696883468, 19.85401997952445, 12.376380363633949, 4.78179902404296, 2.1820405561414224, 0.9014978697168705, 0.5268225844890728, 0.23954784399375217, 0.045858266738643724, 0.13381315488994655, 0.07978591775941904, 0.07566499635557669, 0.07758271901968579, 0.2172474588506843, 0.07119304849712456, 0.1387772169891973, 0.0437952768626383, 0.04745895116102912, 0.1993277581518657, 0.21733962284711536, 0.19501275349339225, 0.08920208391521342, 0.04374648716369216, 0.09845239170512095, 0.06379646895890456, 0.04257061428625915, 0.1629913733498361, 0.1402929838051995, 0.2400205735265451, 0.07112274111929744, 0.1114402495607993, 0.07621208239467268, 0.07591728373390466, 0.10989772021430669, 0.07812141734299403]
translation,[0.03326186669987141, 0.03545950428909794, 0.04363557696400022, 0.032463502830991864, 0.037376427620773534, 0.021267024760207143, 0.013059879246377193, 0.001293362332922321, 0.0075742720509248684, 0.011627167761803392, 0.011671144362511932, 0.013055791305330189, 0.015549554562609202, 0.014347555627092667, 0.013031690684569774, 0.012614910327103601, 0.012841469810845219, 0.012019253228509719, 0.015488927231400496, 0.017097440592651836, 0.01811668274697187, 0.01664364479605318, 0.01444521242802832, 0.013756868855968385, 0.012107405883758027, 0.011024617028526862, 0.013052272953152588, 0.01450202373225018, 0.015672148608508962, 0.013253997042118826, 0.014943334745735726, 0.013705590828766212, 0.014168235388486217, 0.014379118022564086, 0.015073997158255636, 0.013118140638586517]
loss,
[0.22584132850170135, 0.23752491176128387, 0.15846213698387146, 0.07418575137853622, 0.036435339599847794, 0.006762143224477768, 0.0034173461608588696, 0.0017955641960725188, 0.0024753876496106386, 0.0010434547439217567, 0.001310502178966999, 0.0015283774118870497, 0.0026050328742712736, 0.0014295106520876288, 0.001354762353003025, 0.001086771721020341, 0.001377933076582849, 0.001672545913606882, 0.0013343889731913805, 0.0013950485736131668, 0.0017272727563977242, 0.002162320539355278, 0.0019418448209762573, 0.0010932597797363997, 0.0016252746572718024, 0.0014197237323969603, 0.0017705782083794475, 0.0022819885052740574, 0.0020838205236941576, 0.0018809352768585086, 0.0011372191365808249, 0.0015527624636888504, 0.0015442634467035532, 0.0013506276300176978, 0.0021583610214293003, 0.0016059678746387362]

2022-04-20 11:01:15.232553