2022-04-27 00:36:00.642058

reference phi, theta, psi, translation: -139.02455270626928, -8.537736090602699e-07, 56.38966954231551, -2.2014424800872803, 2.5346622467041016, 2.231398344039917

phi,theta,psi,rot_x,rot_y,rot_z,phi_err,theta_err,psi_err
-129.04008655489625,6.852725648450977,53.065809209147574,-2.6847352981567383,1.8050535917282104,2.604990243911743,9.984466151373027,6.852726502224586,3.3238603331679357
-129.14620037384157,7.041052973300817,52.90364002768396,-2.6831541061401367,1.7997546195983887,2.610799789428711,9.87835233242771,7.0410538270744265,3.4860295146315465
-131.7493493910735,7.741252021030066,49.21940866862241,-2.517474412918091,1.812727928161621,2.7478199005126953,7.275203315195768,7.741252874803675,7.170260873693103
-134.75771987138398,7.486348700486535,47.83131956888447,-2.4107322692871094,1.9110703468322754,2.7722856998443604,4.266832834885292,7.486349554260144,8.558349973431042
-137.52080459822093,5.089929069829038,50.59214008801157,-2.314572811126709,2.19987416267395,2.638540267944336,1.5037481080483417,5.089929923602647,5.797529454303941
-140.1696612413786,0.432757010186764,53.36963651399726,-2.1464247703552246,2.536372661590576,2.4660396575927734,1.1451085351093298,0.432757863960373,3.0200330283182524
-140.39356850274996,-0.8036551107824379,54.72669264924124,-2.123582363128662,2.6110711097717285,2.382404327392578,1.3690157964806815,0.8036542570088289,1.6629768930742728
-139.88839405135747,-0.11321020074423459,54.78980359717215,-2.15250301361084,2.5632576942443848,2.365015983581543,0.8638413450881899,0.11320934697062553,1.5998659451433568
-139.67821547021785,-0.2519844975778179,55.43795439846051,-2.165860652923584,2.5651729106903076,2.313811779022217,0.6536627639485744,0.25198364380420885,0.9517151438549973
-139.58072135000506,-0.17620832409045484,55.861562730784705,-2.172792673110962,2.5597546100616455,2.276275873184204,0.5561686437357878,0.17620747031684578,0.5281068115308045
-139.22764155105043,-0.028635300670398718,56.015699609784384,-2.1864962577819824,2.5386412143707275,2.2597808837890625,0.2030888447811492,0.028634446896789657,0.373969932531125
-139.1166373166594,0.049775550369027026,56.28092610053973,-2.195068836212158,2.5326433181762695,2.2385077476501465,0.09208461039011695,0.04977640414263609,0.1087434417757791
-138.93629300181436,0.059261462890327805,56.382357824809006,-2.2048966884613037,2.526326894760132,2.2314226627349854,0.08825970445491294,0.059262316663936866,0.007311717506503612
-138.99201368506334,0.044197689081532446,56.324987650875485,-2.2008659839630127,2.5269293785095215,2.2341952323913574,0.03253902120593466,0.04419854285514151,0.06468189144002423
-138.9913853076597,0.033754258766329356,56.324161197985916,-2.1991262435913086,2.5275180339813232,2.234072685241699,0.03316739860957796,0.03375511253993842,0.06550834432959363
-139.04740651923214,-0.013337963430493573,56.37360152229305,-2.1967504024505615,2.5320279598236084,2.2305917739868164,0.022853812962864595,0.013337109656884512,0.016068020022458995
-138.98910402447692,0.06737866033935051,56.35332952083645,-2.201198101043701,2.5280210971832275,2.232168674468994,0.03544868179236005,0.06737951411295957,0.036340021479055906
-139.07057452089683,0.012448545046168026,56.38945439135665,-2.197169065475464,2.5325634479522705,2.230177164077759,0.04602181462755084,0.012449398819777087,0.00021515095885860092
-139.04352697178356,0.03038671644512944,56.344658595685125,-2.1984055042266846,2.53092885017395,2.232100248336792,0.018974265514287936,0.030387570218738502,0.045010946630384296
-138.9909071944178,0.058212772864999845,56.35781354002657,-2.200545310974121,2.527831792831421,2.231757402420044,0.03364551185148912,0.058213626638608906,0.03185600228894003
-139.04781633058235,-0.03516990901051227,56.4647435665777,-2.199249505996704,2.535006523132324,2.2251830101013184,0.02326362431307416,0.03516905523690321,0.075074024262193
-139.00260047827686,0.023463702846116687,56.3434564823912,-2.1986746788024902,2.5287110805511475,2.231940269470215,0.02195222799241492,0.023464556619725747,0.04621305992431246
-139.05139534970743,0.04437739453724309,56.356263087084976,-2.198451280593872,2.530510902404785,2.232287645339966,0.02684264343815812,0.04437824831085215,0.03340645523053354
-139.0176268944509,-0.034437091808587506,56.376012579070064,-2.198383092880249,2.532674551010132,2.230865240097046,0.006925811818376815,0.034436238034978445,0.013656963245445297
-138.98781994891294,0.0909171681825165,56.301942592615866,-2.200547695159912,2.5255539417266846,2.2353405952453613,0.03673275735633297,0.09091802195612556,0.08772694969964334
-139.07976795551966,0.05698481979301782,56.41618092157891,-2.1991190910339355,2.532094955444336,2.2280426025390625,0.05521524925038079,0.05698567356662688,0.026511379263403967
-139.01649308304866,0.0228304879341721,56.36528576697856,-2.199587345123291,2.5295474529266357,2.230891227722168,0.008059623220617596,0.02283134170778116,0.024383775336950464
-139.03023542365872,-0.017021919799346003,56.390458429164646,-2.1978986263275146,2.5318968296051025,2.2295451164245605,0.005682717389447589,0.01702106602573694,0.000788886849136361
-139.05659995385497,-0.010604434636643865,56.37165833347418,-2.1958014965057373,2.5319013595581055,2.230064630508423,0.03204724758569455,0.010603580863034805,0.018011208841329562
-139.01690289439887,-0.03608573749036968,56.421754355941644,-2.1981301307678223,2.532397747039795,2.2270588874816895,0.00764981187040803,0.03608488371676062,0.03208481362613469
-139.0276262913958,0.025797990265489838,56.37519637146425,-2.199300765991211,2.529938220977783,2.2299458980560303,0.0030735851265148995,0.0257988440390989,0.014473170851260875
-139.0524745195963,0.044819701086961185,56.30471906451347,-2.1968469619750977,2.5286717414855957,2.234726905822754,0.027921813327026257,0.044820554860570246,0.0849504778020389
-138.98791557156133,0.011708988469026033,56.360316804357375,-2.1998450756073,2.529160976409912,2.232283115386963,0.03663713470794505,0.011709842242635094,0.029352737958134867
-139.01464893197277,0.072214725732849,56.29542659214767,-2.1989572048187256,2.526777744293213,2.2363944053649902,0.009903774296503798,0.07221557950645806,0.09424295016783901
-139.0377076506107,0.0432053212712004,56.38899335358767,-2.1999166011810303,2.5315635204315186,2.230637311935425,0.013154944341437158,0.04320617504480946,0.0006761887278372569
-139.0557256896412,0.05021453194980269,56.334652368551055,-2.198063373565674,2.5299437046051025,2.2333192825317383,0.031172983371931196,0.05021538572341175,0.0550171737644547

Errors:
rotation,[20.161052986765547, 20.405435674133685, 22.186717063692544, 20.31153236257648, 12.39120748595493, 4.597899427387955, 3.835646946563783, 2.576916637202172, 1.8573615516077806, 1.260482925583438, 0.6056932242090638, 0.2506044563085321, 0.1548337386253534, 0.1414194555011004, 0.13243085547911, 0.0522589426422081, 0.13916821738437551, 0.05868636440618653, 0.09437278236341073, 0.12371514077903806, 0.1335067038121704, 0.09162984453645312, 0.10462734697954382, 0.05501901309880056, 0.21537772901210187, 0.13871230208041163, 0.05527474026534922, 0.023492670264320892, 0.060662037290058916, 0.07581950921330334, 0.04334560001687467, 0.1576928459896354, 0.07769971490871501, 0.17636230397080088, 0.057037308114083876, 0.13640554285979764]
translation,[0.12242333873291766, 0.12274978471947762, 0.11304461300043123, 0.110053043032174, 0.11116373985117445, 0.10670593299400277, 0.09235806029532156, 0.06726832000484784, 0.04622187204725936, 0.0253231772659559, 0.010167263833608331, 0.0008030757339936301, 0.003332476839617904, 0.003622048303181913, 0.0042710243120591684, 0.004664256808313283, 0.003879133743766694, 0.0043287256611881375, 0.003616135902703377, 0.004582702269882333, 0.004418601122015531, 0.004951136997441985, 0.0037499095698469986, 0.00321526332059463, 0.004023191344323607, 0.0047405159308926414, 0.004508677523153537, 0.004699800382105046, 0.005553549376603684, 0.005634439684974346, 0.00494337146127144, 0.004427814144288611, 0.003839309071890895, 0.003539244298858435, 0.003202675724239157, 0.0037460399907418562]
loss,
[0.10930809378623962, 0.11473574489355087, 0.08906730264425278, 0.05466245859861374, 0.03838604688644409, 0.011845497414469719, 0.009615392424166203, 0.006495067384094, 0.004138444550335407, 0.0037820334546267986, 0.0014165672473609447, 0.0011416866909712553, 0.0010565214324742556, 0.0010745460167527199, 0.0010581816313788295, 0.0013482676586136222, 0.0009120049653574824, 0.0011602737940847874, 0.0011084848083555698, 0.000995364272966981, 0.0011041564866900444, 0.0011381416115909815, 0.0009007911430671811, 0.0010085669346153736, 0.0013910121051594615, 0.0013382438337430358, 0.0011506506707519293, 0.0008352065342478454, 0.0009589639375917614, 0.0012992528500035405, 0.0008731360430829227, 0.0010872272541746497, 0.0012481906451284885, 0.0011006396962329745, 0.0012676769401878119, 0.0008939106483012438]

2022-04-27 00:40:26.483316