2022-04-27 00:26:59.343132

reference phi, theta, psi, translation: -33.091320547511735, -0.0, 74.32085247222868, -2.1190009117126465, -3.251617431640625, 1.089412808418274

phi,theta,psi,rot_x,rot_y,rot_z,phi_err,theta_err,psi_err
-22.822884158753556,1.294954214858955,81.82337814338081,-1.5357718467712402,-3.6827800273895264,0.7731812596321106,10.268436388758179,1.294954214858955,7.502525671152128
-23.822275730562527,0.797333685639949,81.57697906907259,-1.5857611894607544,-3.6703739166259766,0.771866500377655,9.269044816949208,0.797333685639949,7.256126596843913
-26.485545780416214,1.2619842400660823,80.10508696331318,-1.7169016599655151,-3.5872979164123535,0.8607872128486633,6.605774767095522,1.2619842400660823,5.784234491084504
-27.590795039076628,0.5822435929713167,79.23793297647754,-1.798052430152893,-3.523568868637085,0.9236132502555847,5.500525508435107,0.5822435929713167,4.917080504248858
-30.715541697560347,-1.4133290476635905,76.67054682973978,-1.9874857664108276,-3.3614325523376465,1.074056625366211,2.375778849951388,1.4133290476635905,2.3496943575110976
-30.554198968986306,-1.9668365458017167,75.45715689349785,-1.9841548204421997,-3.333195447921753,1.1506136655807495,2.5371215785254293,1.9668365458017167,1.1363044212691733
-33.817646278945475,-2.558700409674063,72.61105804748856,-2.155707836151123,-3.1329994201660156,1.3287361860275269,0.7263257314337395,2.558700409674063,1.7097944247401244
-40.863553313514736,-2.773356061842398,65.00824470875312,-2.389110803604126,-2.6685829162597656,1.7714850902557373,7.772232766003,2.773356061842398,9.312607763475555
-45.83898070874843,-5.011326772518229,59.79086810745549,-2.5793275833129883,-2.2428946495056152,1.9838303327560425,12.747660161236695,5.011326772518229,14.529984364773192
-39.59954484533384,-5.382001804825486,65.7470457807059,-2.4393889904022217,-2.6343917846679688,1.6234242916107178,6.508224297822103,5.382001804825486,8.573806691522776
-38.096985190201075,-3.570715573930311,69.97050691436162,-2.3612029552459717,-2.862640857696533,1.3697623014450073,5.005664642689339,3.570715573930311,4.350345557867058
-33.54912763701017,0.419567621336358,75.45416527064138,-2.129747152328491,-3.2251944541931152,0.9967859387397766,0.45780708949843785,0.419567621336358,1.1333127984127032
-33.62418117070486,-0.2611142865115528,74.04759026391481,-2.1332125663757324,-3.2023661136627197,1.0989372730255127,0.5328606231931232,0.2611142865115528,0.2732622083138665
-32.99708442753307,-0.04009883380597105,74.41061481830099,-2.1060633659362793,-3.2437286376953125,1.0798263549804688,0.09423611997866743,0.04009883380597105,0.08976234607230538
-33.28313616506779,-0.019285841308728558,74.3182706607224,-2.122528553009033,-3.2322278022766113,1.086124300956726,0.1918156175560526,0.019285841308728558,0.0025818115062747893
-33.263926258027126,-0.06051860137503018,74.39643534558404,-2.121415853500366,-3.2352001667022705,1.0815598964691162,0.1726057105153913,0.06051860137503018,0.07558287335535852
-33.24038942614726,-0.0675557098614237,74.27736465778321,-2.120832920074463,-3.2341372966766357,1.089279294013977,0.14906887863552498,0.0675557098614237,0.04348781444547001
-33.22879518003116,0.009587536240641143,74.37017326822534,-2.120072603225708,-3.238795042037964,1.0830652713775635,0.13747463251942804,0.009587536240641143,0.049320795996663946
-33.15814711835114,-0.001260230027346386,74.4126365542953,-2.116544246673584,-3.2414636611938477,1.0810801982879639,0.06682657083940313,0.001260230027346386,0.09178408206662425
-33.24551889821394,-0.07383815927112386,74.3259477933495,-2.1207337379455566,-3.2343292236328125,1.0856772661209106,0.15419835070220245,0.07383815927112386,0.0050953211208195626
-33.17492889314186,-0.0206960757680159,74.38804787328326,-2.115788698196411,-3.239790678024292,1.081688642501831,0.08360834563012531,0.0206960757680159,0.06719540105457611
-33.19801151744191,-0.05018153378944156,74.34908847425751,-2.1178736686706543,-3.2365527153015137,1.0844236612319946,0.10669096993017746,0.05018153378944156,0.028236002028833695
-33.22967968952868,-0.032092186926092864,74.37804847633836,-2.1195921897888184,-3.235384702682495,1.082368016242981,0.1383591420169452,0.032092186926092864,0.057196004109684395
-33.257700540598655,-0.06190642068683816,74.34590560610428,-2.1210122108459473,-3.234100341796875,1.0837265253067017,0.1663799930869203,0.06190642068683816,0.02505313387560193
-33.16439332634711,-0.04519714454483505,74.34734677601915,-2.115178346633911,-3.238158702850342,1.0848582983016968,0.07307277883537466,0.04519714454483505,0.026494303790471463
-33.2437498792189,-0.03413480677345364,74.34247685114094,-2.1206295490264893,-3.235757827758789,1.0849324464797974,0.1524293317071681,0.03413480677345364,0.02162437891226432
-33.22503516089307,-0.03596480207139291,74.35144488952116,-2.1187946796417236,-3.2368133068084717,1.084908366203308,0.13371461338133628,0.03596480207139291,0.030592417292481855
-33.236281067361496,-0.038436779746256436,74.35554300302317,-2.1198716163635254,-3.236135721206665,1.0832293033599854,0.14496051984976077,0.038436779746256436,0.03469053079449225
-33.190085082910116,-0.051116010082349506,74.3307767370927,-2.118316888809204,-3.2375307083129883,1.0858134031295776,0.09876453539838081,0.051116010082349506,0.009924264864025645
-33.18420770512932,-0.01812575612843304,74.36454519234925,-2.1176137924194336,-3.2389769554138184,1.0837692022323608,0.09288715761758226,0.01812575612843304,0.04369272012057479
-33.21663061311937,-0.04602460320651416,74.35839802209624,-2.118917465209961,-3.2368648052215576,1.0838543176651,0.12531006560763558,0.04602460320651416,0.0375455498675592
-33.20108510256842,-0.010208655860220687,74.39588210026126,-2.1174614429473877,-3.238630533218384,1.081933617591858,0.10976455505668525,0.010208655860220687,0.07502962803258129
-33.249118407906536,-0.025344905185252543,74.32142620811896,-2.120061159133911,-3.2352991104125977,1.0857621431350708,0.15779786039480115,0.025344905185252543,0.0005737358902848655
-33.246068728442125,-0.03629912517109685,74.30849666002013,-2.119929552078247,-3.2346506118774414,1.087120532989502,0.15474818093039033,0.03629912517109685,0.012355812208554084
-33.2389687467999,-0.022412307974754984,74.36875941906715,-2.1198930740356445,-3.2351694107055664,1.0832374095916748,0.14764819928816308,0.022412307974754984,0.047906946838466524
-33.23990448271619,-0.07772081265054198,74.30922066007214,-2.1202709674835205,-3.2349660396575928,1.0869693756103516,0.14858393520445645,0.07772081265054198,0.01163181215653708

Errors:
rotation,[19.06591627476926, 17.32250509943307, 13.651993498246108, 10.999849605655282, 6.138802255126076, 5.640262545596319, 4.994820565847927, 19.858196591320954, 32.28897129852812, 20.464032794170365, 12.926725774486709, 2.010687509247499, 1.0672371180185425, 0.22409729985694385, 0.21368327037105594, 0.30870718524578, 0.26011240294241866, 0.19638296475673314, 0.15987088293337376, 0.23313183109414587, 0.17149982245271733, 0.18510850574845272, 0.22764733305272247, 0.2533395476493604, 0.14476422717068116, 0.20818851739288607, 0.20027183274521104, 0.21808783039050944, 0.15980481034475597, 0.1547056338665901, 0.20888021868170895, 0.19500283894948722, 0.18371650147033855, 0.20340311831004126, 0.2179674541013846, 0.23793656001153551]
translation,[0.03326186669987141, 0.0409786967306891, 0.03795102359758307, 0.031086099089176145, 0.01892360111792346, 0.014977031076911729, 0.0026923980915904977, 0.03521300988089271, 0.07902956518856064, 0.09080602910300595, 0.07559606484484638, 0.0397276959263162, 0.029453392019176405, 0.0157456689455735, 0.014651689803574897, 0.014078201988676042, 0.013156168953808667, 0.011485793027816271, 0.01172847602687277, 0.014029025849852772, 0.01331171518240648, 0.014085685016452132, 0.014674629538772521, 0.01459305928360699, 0.014094184075619687, 0.013134876116500216, 0.013259240699594166, 0.013690044442912885, 0.012688725823132962, 0.012445691094113087, 0.013437481776001015, 0.013299858788129448, 0.013580114696255308, 0.01380440495187063, 0.01445487718498395, 0.01341116037513057]
loss,
[0.1482471227645874, 0.1408383548259735, 0.1438707560300827, 0.13991990685462952, 0.1308973729610443, 0.12729300558567047, 0.12796130776405334, 0.1029713973402977, 0.08228015154600143, 0.07722320407629013, 0.05338510125875473, 0.01593164913356304, 0.0039607747457921505, 0.0017833139281719923, 0.0024311598390340805, 0.0015100145246833563, 0.0014902425464242697, 0.0014503978891298175, 0.0014896036591380835, 0.0014566447352990508, 0.0012601801427081227, 0.0012006585020571947, 0.0017179338028654456, 0.002162768505513668, 0.002027468290179968, 0.001994482474401593, 0.0013541241642087698, 0.0013754572719335556, 0.0017613319214433432, 0.0010864728828892112, 0.001756687997840345, 0.002636207267642021, 0.0013631697511300445, 0.0013721560826525092, 0.0017462557880207896, 0.0013216238003224134]

2022-04-27 00:31:27.552767