2022-04-27 00:31:30.962734

reference phi, theta, psi, translation: 175.36684180812657, -0.0, 39.4597479484966, 0.2069414258003235, 2.553555727005005, 3.112318754196167

phi,theta,psi,rot_x,rot_y,rot_z,phi_err,theta_err,psi_err
-174.60268024378553,2.426304892454245,32.24175771288345,-0.3459881842136383,2.1274664402008057,3.6064906120300293,10.030477948087878,2.426304892454245,7.217990235613151
-174.5713706566302,2.5689942704909687,32.5334511866726,-0.3640863001346588,2.1469919681549072,3.590325117111206,10.06178753524324,2.5689942704909687,6.926296761823998
-173.99477974727606,1.626792295130414,34.642623847656296,-0.3638545870780945,2.273303508758545,3.4963855743408203,10.638378444597379,1.626792295130414,4.817124100840303
-174.72287791279942,1.8820293853104129,36.99781650744926,-0.3618796765804291,2.4062893390655518,3.4038896560668945,9.910280279074016,1.8820293853104129,2.4619314410473407
-175.01551053759945,1.363423330867889,39.64131145210847,-0.3262346684932709,2.561750650405884,3.2793736457824707,9.61764765427398,1.363423330867889,0.18156350361186924
-175.74750191094972,1.3222129633294812,40.985154586403056,-0.2863606810569763,2.635551691055298,3.2109427452087402,8.88565628092374,1.3222129633294812,1.5254066379064568
-176.38720376823477,0.8604997685099314,42.47235656118705,-0.2245805561542511,2.7160470485687256,3.1298046112060547,8.245954423638636,0.8604997685099314,3.0126086126904497
-177.23444775363984,0.37380853151410715,43.8926943990912,-0.16877295076847076,2.7822377681732178,3.0478880405426025,7.398710438233593,0.37380853151410715,4.432946450594599
-177.47432399729067,-0.31264875954244453,43.56463699816091,-0.11175619065761566,2.7654223442077637,3.0622751712799072,7.1588341945827665,0.31264875954244453,4.104889049664308
-178.81123790467228,-1.2367821615813666,44.54583806866284,-0.0006209462881088257,2.814098834991455,3.0105526447296143,5.821920287201124,1.2367821615813666,5.08609012016624
-179.11217603950305,-2.0657069586785943,43.33050494360204,0.06608475744724274,2.7509102821350098,3.0681686401367188,5.5209821523703795,2.0657069586785943,3.870756995105438
-179.36784368051497,-2.3939362776671858,42.913579951380704,0.09797821938991547,2.726733446121216,3.0839614868164062,5.265314511358497,2.3939362776671858,3.4538320028841056
-179.5001717654948,-3.435763560144312,43.58794843379816,0.16160260140895844,2.751817464828491,3.040093421936035,5.132986426378636,3.435763560144312,4.128200485301562
179.5377787870649,-3.5289386152167825,43.93724430795261,0.20219703018665314,2.7644476890563965,3.013749361038208,4.170936978938329,3.5289386152167825,4.477496359456012
179.34240805604585,-4.387152121090941,43.75686925725633,0.2688307464122772,2.7488367557525635,3.0172903537750244,3.9755662479192893,4.387152121090941,4.297121308759728
179.09067460399586,-4.975135862954864,43.54698095915642,0.31479230523109436,2.7293975353240967,3.017775535583496,3.723832795869299,4.975135862954864,4.087233010659823
177.79556145433472,-5.583686644992624,45.49599934448165,0.3977438807487488,2.813040256500244,2.8995790481567383,2.428719646208151,5.583686644992624,6.036251395985055
176.55678370494783,-6.709585773865729,46.43632173280106,0.5130732655525208,2.8344361782073975,2.835827589035034,1.1899418968212672,6.709585773865729,6.976573784304463
176.1690338657662,-6.706165195267173,45.588217143560584,0.5291206240653992,2.7895772457122803,2.8780627250671387,0.802192057639644,6.706165195267173,6.128469195063985
175.5632643882778,-7.513265667490593,45.7458510794153,0.5979827046394348,2.789426326751709,2.862361431121826,0.19642258015122138,7.513265667490593,6.286103130918704
175.18862851230259,-8.294972281999138,45.393112789919165,0.651842474937439,2.75776743888855,2.8710267543792725,0.17821329582397993,8.294972281999138,5.933364841422566
175.2402374216712,-8.649248921272902,44.49470385744154,0.6739000082015991,2.71333909034729,2.912909746170044,0.12660438645536942,8.649248921272902,5.034955908944944
174.50127925536754,-10.443909187921339,45.30285184003745,0.7981005907058716,2.7250475883483887,2.8567404747009277,0.8655625527590303,10.443909187921339,5.843103891540849
174.38292573742956,-10.941131211478014,44.58294648642352,0.822344958782196,2.674154758453369,2.8822286128997803,0.9839160706970063,10.941131211478014,5.123198537926925
174.5188055207778,-11.54702252202574,43.989826519277955,0.8517533540725708,2.6371665000915527,2.898418664932251,0.8480362873487763,11.54702252202574,4.530078570781356
173.8341473583757,-12.753703536293536,44.01460644558676,0.9482395052909851,2.6179330348968506,2.866952657699585,1.5326944497508634,12.753703536293536,4.554858497090159
173.08028571930305,-12.953022774007755,43.41326634577508,0.991553783416748,2.564185857772827,2.8830089569091797,2.2865560888235166,12.953022774007755,3.9535183972784793
173.40220619526409,-13.066416748387317,43.288181676410055,0.9817384481430054,2.5603983402252197,2.887462854385376,1.9646356128624802,13.066416748387317,3.828433727913456
173.2584853547487,-13.98114782339022,43.3434959634034,1.031436800956726,2.548088788986206,2.868360996246338,2.1083564533778656,13.98114782339022,3.8837480149068
173.29677539523578,-14.112732419276176,42.87163234459307,1.0312577486038208,2.522594690322876,2.8801956176757812,2.0700664128907817,14.112732419276176,3.411884396096468
173.51842869418104,-14.199175818922686,42.49725260071175,1.0285115242004395,2.507476329803467,2.9006881713867188,1.8484131139455258,14.199175818922686,3.037504652215148
173.1771924432472,-14.329660024921587,42.43496127548123,1.056355595588684,2.4956700801849365,2.8976387977600098,2.189649364879358,14.329660024921587,2.9752133269846297
173.09950587162749,-14.432017700424149,42.67312314165041,1.0585440397262573,2.499706506729126,2.882164239883423,2.26733593649908,14.432017700424149,3.2133751931538086
172.4420455225004,-15.118621282059598,43.11097583348866,1.1197813749313354,2.495255947113037,2.839019298553467,2.924796285626172,15.118621282059598,3.6512278849920605
171.7422653212759,-15.262573446673237,43.120128286976474,1.1590275764465332,2.4726650714874268,2.827354907989502,3.624576486850657,15.262573446673237,3.660380338479875
171.76220947365235,-15.361358355803805,42.87773853371106,1.1581153869628906,2.4529197216033936,2.8340792655944824,3.6046323344742177,15.361358355803805,3.4179905852144614

Errors:
rotation,[19.674773076155276, 19.557078567558207, 17.082294840568096, 14.254241105431769, 11.162634488753739, 11.733275882159678, 12.119062804839018, 12.2054654203423, 11.576372003789519, 12.14479256894873, 11.457446106154412, 11.113082791909788, 12.696950471824511, 12.177371953611123, 12.659839677769959, 12.786201669483987, 14.04865768718583, 14.87610145499146, 13.636826447970801, 13.995791378560519, 14.406550419245685, 13.810809216673215, 17.152575632221218, 17.048245820101947, 16.925137380155874, 18.841256483134558, 19.193097260109752, 18.859486089163255, 19.973252291674886, 19.594683228263428, 19.08509358508336, 19.494522716785575, 19.912728830077036, 21.694645452677833, 22.54753027200377, 22.383981275492484]
translation,[0.170370405351016, 0.1679862915486341, 0.15515963355389228, 0.1530855629834429, 0.142992272046909, 0.13279822039097766, 0.11893441200211186, 0.09911968882240174, 0.0965314545456124, 0.08986375399327784, 0.09022208830421352, 0.08657605036633953, 0.07262345133113612, 0.06347003772705584, 0.059398589643191, 0.05000756765703773, 0.028299005010667067, 0.011047656822868568, 0.011760595369652016, 0.010108050155655413, 0.002848673060717566, 0.006369583784871402, 0.003249106977335714, 0.014339478780110326, 0.021021388266140306, 0.03461171034536159, 0.0474159041235902, 0.04905753628778564, 0.058206332990149434, 0.06596763235727421, 0.061334706989817356, 0.06369049938103144, 0.07184621556316673, 0.08901731987622874, 0.1003078895522922, 0.10811319082477411]
loss,
[0.09685300290584564, 0.09608696401119232, 0.09460960328578949, 0.08716480433940887, 0.08231598138809204, 0.08583724498748779, 0.08304129540920258, 0.08522339910268784, 0.08011489361524582, 0.08433841168880463, 0.07650856673717499, 0.08913134038448334, 0.07860012352466583, 0.08037518709897995, 0.0769609808921814, 0.08328120410442352, 0.081409752368927, 0.08004215359687805, 0.07564916461706161, 0.07637651264667511, 0.08001770079135895, 0.07558530569076538, 0.07282403111457825, 0.07107548415660858, 0.08481359481811523, 0.07978513836860657, 0.07372267544269562, 0.07971017807722092, 0.07257922738790512, 0.07427214086055756, 0.07951223105192184, 0.07319612801074982, 0.07097920775413513, 0.0834106057882309, 0.06888832151889801, 0.06790811568498611]

2022-04-27 00:35:57.224088