2022-04-27 00:13:22.576386

reference phi, theta, psi, translation: 164.57178246643477, -4.268868188959204e-07, 11.003265705708584, 0.2046843022108078, 0.7416750192642212, 3.957021951675415

phi,theta,psi,rot_x,rot_y,rot_z,phi_err,theta_err,psi_err
174.68706040079186,1.035587752499106,3.46078983121423,-0.0498787984251976,0.24902896583080292,4.223120212554932,10.115277934357096,1.035588179385925,7.542475874494354
173.7766371655642,0.8525168899577533,3.555229149320704,-0.030681373551487923,0.26642516255378723,4.221194267272949,9.204854699129442,0.8525173168445722,7.44803655638788
168.66335264721755,-0.4800180560532431,1.4554270809914458,0.046855464577674866,0.13825707137584686,4.222909927368164,4.091570180782782,0.4800176291664242,9.547838624717137
165.23405126873755,0.22243555010874827,1.1616658741527808,-0.006190640851855278,0.08039774745702744,4.223913192749023,0.6622688023027763,0.22243597699556716,9.841599831555802
165.32363602989145,0.43709101318742316,3.6180408495886107,0.030956583097577095,0.2624082565307617,4.178263187408447,0.7518535634566774,0.43709144007424205,7.385224856119973
165.38064078870437,1.4238569176674196,7.79243475802061,0.04495987668633461,0.568394660949707,4.097457408905029,0.8088583222696002,1.4238573445542386,3.210830947687974
164.5584089560399,1.219570255344443,11.968373996752325,0.1482556313276291,0.8365761041641235,3.977442979812622,0.013373510394870891,1.219570682231262,0.965108291043741
164.5752385421548,-0.1792567408388601,10.951258084047168,0.21880117058753967,0.7354831695556641,3.951312780380249,0.003456075720038143,0.1792563139520412,0.05200762166141537
164.53992646414582,-0.20471342831653344,11.430534165654256,0.22979190945625305,0.7671793699264526,3.947446346282959,0.03185600228894714,0.20471300142971455,0.4272684599456724
164.50809778261356,0.11186743264885113,11.287215452526231,0.204378142952919,0.7624905109405518,3.9482572078704834,0.06368468382120795,0.11186785953567002,0.2839497468176475
164.4344546829825,-0.30172888755168703,11.289563330053424,0.236562579870224,0.753699779510498,3.9496982097625732,0.13732778345226393,0.30172846066486814,0.2862976243448401
164.54321861532577,0.07946609543611101,11.25948232317504,0.2056766003370285,0.7608707547187805,3.9549624919891357,0.028563851108998506,0.0794665223229299,0.25621661746645685
164.51888948150219,-0.1428705645534014,11.246755119430368,0.22104939818382263,0.7533870935440063,3.9462451934814453,0.05289298493258343,0.14287013766658252,0.24348941372178423
164.64927779275774,0.12106098157068403,11.165255594706483,0.19920335710048676,0.7547451853752136,3.9528868198394775,0.07749532632297473,0.12106140845750292,0.16198988899789946
164.4728540064963,-0.007037378653205352,11.247692562893953,0.2135440707206726,0.7569498419761658,3.9501280784606934,0.09892845993846322,0.0070369517663864565,0.24442685718536872
164.4633327227933,-0.1439868422196307,11.283162589027475,0.22201570868492126,0.7561281323432922,3.9453837871551514,0.1084497436414722,0.1439864153328118,0.27989688331889084
164.50156812176704,0.1525503943927913,11.216865357848746,0.2020881623029709,0.7588294744491577,3.9516818523406982,0.07021434466773258,0.1525508212796102,0.21359965214016263
164.53174389752016,0.15852516054591254,11.14711717359187,0.19910824298858643,0.7540059685707092,3.951594114303589,0.04003856891461055,0.15852558743273143,0.14385146788328562
164.46801823256394,0.015178060712880387,11.348841688086319,0.2131301611661911,0.7648090720176697,3.9503564834594727,0.10376423387083378,0.015178487599699282,0.3455759823777349
164.45612004302978,0.10915960711215318,11.259561724124142,0.20463168621063232,0.7611021995544434,3.95052170753479,0.11566242340498434,0.10916003399897208,0.2562960184155578
164.58705476941893,0.08265993789046741,11.260145705298179,0.20494946837425232,0.7604295611381531,3.9523372650146484,0.01527230298415816,0.0826603647772863,0.25687999958959473
164.5155426888089,0.1947828094743363,11.38074037905757,0.20049752295017242,0.771310031414032,3.95278263092041,0.056239777625876286,0.1947832363611552,0.37747467334898666
164.4836320450066,0.07420748079775787,11.221888961983291,0.20793038606643677,0.7576795816421509,3.953626871109009,0.08815042142816765,0.07420790768457676,0.21862325627470724
164.59276480756506,-0.01219613977961139,11.221497933653307,0.21182048320770264,0.7558754682540894,3.9508626461029053,0.02098234113029207,0.012195712892792494,0.21823222794472308
164.50954578271762,-0.045656496444833564,11.221608070453675,0.21457825601100922,0.7547675967216492,3.9528307914733887,0.062236683717145524,0.04565606955801467,0.21834236474509083
164.51975008533762,0.052547709747149,11.208670838392024,0.20815183222293854,0.7557090520858765,3.950885534286499,0.05203238109714903,0.052548136633967894,0.20540513268344007
164.50391770684152,0.052880474827524164,11.199330554702032,0.20703931152820587,0.7554689645767212,3.952273368835449,0.06786475959324889,0.05288090171434306,0.19606484899344778
164.52095219863153,0.10156642841790098,11.217293098445518,0.20451797544956207,0.757686197757721,3.9516994953155518,0.050830267803235074,0.10156685530471987,0.21402739273693427
164.4393041172932,0.006525555676188422,11.332456918041103,0.21380440890789032,0.7627052068710327,3.948028564453125,0.13247834914156442,0.0065259825630073175,0.32919121233251936
164.51214125460223,0.1654263381683373,11.208421536487318,0.19949178397655487,0.7587233185768127,3.9508605003356934,0.059641211832541785,0.1654267650551562,0.20515583077873423
164.4796432145313,0.07000520982987431,11.279685168966292,0.2075931429862976,0.7606814503669739,3.9500200748443604,0.09213925190346117,0.0700056367166932,0.2764194632577084
164.5142859340016,0.038348577644723124,11.206500545783252,0.2080598622560501,0.7557653784751892,3.954326868057251,0.057496532433162884,0.03834900453154202,0.20323484007466774
164.52007793441777,0.07206231012815033,11.267868087928525,0.20714515447616577,0.760056734085083,3.9512619972229004,0.05170453201699843,0.07206273701496922,0.26460238221994103
164.49468329108367,0.08390774195914255,11.172569873533922,0.2049054056406021,0.7542130351066589,3.952143669128418,0.07709917535109412,0.08390816884596144,0.16930416782533797
164.5140400471915,0.12777467165725837,11.253160983098194,0.20325006544589996,0.7602227330207825,3.951970338821411,0.05774241924328294,0.12777509854407726,0.24989527738961037
164.51233249989897,0.008481323513196515,11.217941112643024,0.21064074337482452,0.7559459209442139,3.951955795288086,0.059449966535794374,0.008481750400015411,0.21467540693443965

Errors:
rotation,[18.693341988237375, 17.505408572361894, 14.119426434666343, 10.726304610854147, 8.574169859650892, 5.4435466145118125, 2.1980524836698736, 0.2347200113334947, 0.663837463664334, 0.4595022901745255, 0.7253538684619721, 0.36424699089838525, 0.4392525363209502, 0.3605466237783771, 0.3503922688902184, 0.5323330422931749, 0.4363648180875054, 0.3424156242306276, 0.464518703848268, 0.4811184758195142, 0.3548126673510392, 0.6284976873360182, 0.38098158538745164, 0.2514102819678076, 0.326235118020251, 0.309985650414557, 0.31681051030103974, 0.3664245158448892, 0.46819554403709107, 0.4302238076664322, 0.43856435187786275, 0.2990803770393726, 0.3883696512519087, 0.3303115120223935, 0.43541279517697057, 0.28260712387024944]
translation,[0.19962134480110283, 0.1985761417051899, 0.19430346732888726, 0.19355390058659871, 0.15548066507688674, 0.10580850381653928, 0.03604357635305, 0.005997583139478735, 0.0032633177481002917, 0.004728874081990853, 0.0032086991215178884, 0.0016065818967847534, 0.007535225079245755, 0.0019060881667920526, 0.0034638252617229526, 0.007812613650841627, 0.0021772691951698064, 0.0033174443978785106, 0.0017773748463145722, 0.002757959845141933, 0.0010882993274368147, 0.0011916394874784686, 0.0001887101131439195, 0.0030361411872732447, 0.0011674605268767735, 0.003236169761151153, 0.0019772027351585564, 0.0022525228394494334, 0.004422915176507836, 0.0031322858314721813, 0.003177837954321916, 0.00014523823776801947, 0.002100889504297321, 0.002448831586932876, 0.0015732500011607087, 0.002012576203618721]
loss,
[0.10814555734395981, 0.10536645352840424, 0.0710878074169159, 0.044300712645053864, 0.0412280410528183, 0.018143080174922943, 0.007326524704694748, 0.004713818430900574, 0.00430160341784358, 0.0037080049514770508, 0.005310992710292339, 0.003698856569826603, 0.0027653463184833527, 0.004693487659096718, 0.0036610770039260387, 0.004059243015944958, 0.0035438663326203823, 0.0036293803714215755, 0.0031678909435868263, 0.0036781977396458387, 0.003969977609813213, 0.0037097795866429806, 0.004212471656501293, 0.0036409504245966673, 0.003587283194065094, 0.004690859466791153, 0.0040392084047198296, 0.0034637029748409986, 0.0036248471587896347, 0.004930883180350065, 0.005022755824029446, 0.003917061258107424, 0.003626593854278326, 0.004206210374832153, 0.003980245906859636, 0.00332680344581604]

2022-04-27 00:17:52.413061