2022-04-28 22:17:19.959460

reference phi, theta, psi, translation: -86.91639066027085, -0.0, 34.793557367935236, -2.296917200088501, -0.12373751401901245, 3.3104169368743896

phi,theta,psi,rot_x,rot_y,rot_z,phi_err,theta_err,psi_err
-76.53055527251121,6.8177051513072,38.18892636661862,-2.336111545562744,-0.9462913274765015,3.345968008041382,10.385835387759641,6.8177051513072,3.395368998683381
-76.09894195847976,6.0308178035886275,38.75311365244001,-2.3828561305999756,-0.933072566986084,3.316316604614258,10.817448701791093,6.0308178035886275,3.959556284504771
-76.28841140605591,4.960304536824759,40.259378685197504,-2.5441129207611084,-0.9341206550598145,3.1890289783477783,10.627979254214935,4.960304536824759,5.465821317262268
-79.47590359734996,7.747997474588009,38.54659946779009,-2.466252565383911,-0.9075968265533447,3.2457945346832275,7.440487062920894,7.747997474588009,3.753042099854852
-82.15696458244423,8.251530612476085,36.846322911658376,-2.3967905044555664,-0.8105325698852539,3.298754930496216,4.7594260778266175,8.251530612476085,2.0527655437231402
-83.53858890813274,6.099654237861448,35.045905537010526,-2.310028314590454,-0.6249876022338867,3.369497060775757,3.3778017521381116,6.099654237861448,0.25234816907529023
-85.17205596889798,3.2115207221770863,33.71005713913943,-2.250086545944214,-0.3729870319366455,3.4001595973968506,1.7443346913728703,3.2115207221770863,1.0835002287958062
-86.75521868642606,0.41856880160396814,34.80111155715727,-2.304279327392578,-0.15728354454040527,3.3276233673095703,0.16117197384478743,0.41856880160396814,0.007554189222034324
-87.22342815403043,-0.44600778077861075,34.97955024922385,-2.300889730453491,-0.08609896898269653,3.295058012008667,0.3070374937595801,0.44600778077861075,0.18599288128861247
-86.70499630545896,0.348804275776972,34.79246453766803,-2.2900772094726562,-0.15302759408950806,3.3067729473114014,0.21139435481188684,0.348804275776972,0.0010928302672041923
-86.67570845429795,0.27214245023866773,34.953691153026185,-2.2997970581054688,-0.15139678120613098,3.2995574474334717,0.24068220597290235,0.27214245023866773,0.16013378509094878
-86.74886661049794,0.26900290412420524,34.84881359832064,-2.294095993041992,-0.14730709791183472,3.3054215908050537,0.1675240497729078,0.26900290412420524,0.05525623038540317
-86.8735585439857,0.09401223967586082,34.88708997842939,-2.2961695194244385,-0.1316675841808319,3.303215742111206,0.0428321162851546,0.09401223967586082,0.09353261049415096
-86.81634887949767,0.11601401472589189,34.89400212986944,-2.2968623638153076,-0.13561832904815674,3.3027405738830566,0.10004178077318215,0.11601401472589189,0.10044476193420593
-86.85243959907203,0.09169699899165361,34.8108992182379,-2.2934975624084473,-0.1323935091495514,3.3053879737854004,0.06395106119882144,0.09169699899165361,0.017341850302663886
-86.79913680278923,0.09403096448242709,34.86842307142774,-2.2953310012817383,-0.13562753796577454,3.304410696029663,0.11725385748161443,0.09403096448242709,0.07486570349250599
-86.90698548978374,0.17663483951019152,34.910606319741746,-2.2978920936584473,-0.13530588150024414,3.3009824752807617,0.009405170487113423,0.17663483951019152,0.11704895180650965
-86.8361359375232,0.07793874529173019,34.889917676745775,-2.2965002059936523,-0.13174684345722198,3.3026175498962402,0.08025472274765377,0.07793874529173019,0.0963603088105387
-86.82155348364522,0.17514314053198457,34.90932907436695,-2.2982044219970703,-0.13927698135375977,3.3026394844055176,0.09483717662563151,0.17514314053198457,0.11577170643171542
-86.83129333340166,0.17099695740932624,34.873023203833746,-2.295776128768921,-0.1373354196548462,3.3018829822540283,0.0850973268691888,0.17099695740932624,0.0794658358985103
-86.83373171093535,0.18497369032939254,34.894992507299094,-2.295717716217041,-0.13872599601745605,3.301840305328369,0.08265894933549589,0.18497369032939254,0.10143513936385773
-86.86282831679961,0.04947998151486868,34.872592901916036,-2.2962324619293213,-0.1290436089038849,3.302617311477661,0.053562343471242,0.04947998151486868,0.07903553398080021
-86.83406639020468,0.18166498150355231,34.889118544612884,-2.2969729900360107,-0.13859009742736816,3.302739143371582,0.0823242700661666,0.18166498150355231,0.09556117667764852
-86.861598882749,0.07926769753178269,34.98678683464948,-2.3030214309692383,-0.13180553913116455,3.298091173171997,0.05479177752184228,0.07926769753178269,0.1932294667142429
-86.84006329629595,0.1443960094858148,34.88051592135325,-2.2965619564056396,-0.13675236701965332,3.303145408630371,0.07632736397489737,0.1443960094858148,0.08695855341801462
-86.78397378283181,0.20455446136947933,34.91050386690419,-2.2983922958374023,-0.14252305030822754,3.302659034729004,0.1324168774390415,0.20455446136947933,0.11694649896895726
-86.86323129796064,0.24258902981365352,34.84088374869425,-2.2936785221099854,-0.14078116416931152,3.3039815425872803,0.05315936231021112,0.24258902981365352,0.047326380759017184
-86.79640472712124,0.23051576683024744,34.837284239001654,-2.2932932376861572,-0.14208565652370453,3.3044681549072266,0.11998593314960715,0.23051576683024744,0.04372687106641848
-86.85401054258112,0.09892164993126083,34.918235641044646,-2.2988100051879883,-0.13380013406276703,3.3007428646087646,0.0623801176897274,0.09892164993126083,0.12467827310941004
-86.8440862777171,0.09102285294331305,34.88279037434687,-2.2961056232452393,-0.1334778517484665,3.302589178085327,0.07230438255375304,0.09102285294331305,0.08923300641163223
-86.89951326283175,0.15173252596386722,34.89546037525724,-2.2965049743652344,-0.13392943143844604,3.3008503913879395,0.016877397439102992,0.15173252596386722,0.10190300732200086
-86.8130840490744,0.21340041146938302,34.892069186334325,-2.296328544616699,-0.14040888845920563,3.3016717433929443,0.10330661119644446,0.21340041146938302,0.09851181839908918
-86.77988932970814,0.23018073468391584,34.91322911238303,-2.2973713874816895,-0.1438593864440918,3.3007824420928955,0.13650133056270874,0.23018073468391584,0.1196717444477926
-86.72526830691555,0.2338471725940212,34.9595856062799,-2.29982590675354,-0.14587779343128204,3.2992115020751953,0.19112235335529704,0.2338471725940212,0.16602823834466562
-86.7881675189822,0.2342918967162841,34.92200249037191,-2.2977113723754883,-0.14347591996192932,3.3001325130462646,0.1282231412886432,0.2342918967162841,0.1284451224366734
-86.78230038648516,0.201777281229698,34.89224677125275,-2.295424699783325,-0.1415957808494568,3.301412343978882,0.13409027378568794,0.201777281229698,0.09868940331751475

Errors:
rotation,[20.598909537750224, 20.80782278988449, 21.05410510830196, 18.941526637363754, 15.063722234025843, 9.729804159074849, 6.039355642345763, 0.5872949646707899, 0.9390381558268033, 0.5612914608560631, 0.6729584413025189, 0.4917831842825162, 0.23037696645516637, 0.31650055743328, 0.17298991049313894, 0.2861505254565475, 0.3030889618038146, 0.25455377684992264, 0.38575202358933147, 0.33556012017702536, 0.36906777902874616, 0.1820778589669109, 0.35955042824736744, 0.3272889417678679, 0.30768192687872675, 0.4539178377774781, 0.3430747728828818, 0.39422857104627307, 0.2859800407303983, 0.2525602419086983, 0.27051293072497107, 0.4152188410649167, 0.4863538096944172, 0.5909977642939839, 0.4909601604416007, 0.4345569583329007]
translation,[0.1579505536533441, 0.1577353738621472, 0.15396346512620873, 0.14515128751423045, 0.1261962239820269, 0.10170923906839757, 0.06314690885618468, 0.01949067288722528, 0.011313705017256481, 0.005881241713526997, 0.006322425362919937, 0.0049162857688900274, 0.006086618340790828, 0.00595006379602836, 0.005802940172519477, 0.00545260922103985, 0.006815123307709392, 0.006386246946988194, 0.005142123766686879, 0.0072153081242420924, 0.007235952631758913, 0.0066267949189589, 0.005786890083642859, 0.006369762643168464, 0.0057509133219033615, 0.004905237464741141, 0.0065699368031308936, 0.006344146732090827, 0.006537779201126526, 0.006577625046626068, 0.007761428386262814, 0.006967365296731032, 0.006979814714821231, 0.006793379331253568, 0.007332457649173563, 0.007654319747481431]
loss,
[0.15581470727920532, 0.1362449824810028, 0.07998831570148468, 0.05693303793668747, 0.043026503175497055, 0.03490900248289108, 0.018541578203439713, 0.003910448402166367, 0.0018779414240270853, 0.0016848075902089477, 0.002102761995047331, 0.001727768569253385, 0.001487764879129827, 0.0019341632723808289, 0.001547408988699317, 0.0017546608578413725, 0.0014203436439856887, 0.001593084423802793, 0.0011585757602006197, 0.0019749205093830824, 0.001461690990254283, 0.0016180237289518118, 0.001380763715133071, 0.002058344893157482, 0.001446027192287147, 0.00139825907535851, 0.0015799178509041667, 0.0016299420967698097, 0.0015788485761731863, 0.0015637739561498165, 0.0014481402467936277, 0.0017522114794701338, 0.0017529590986669064, 0.001356960041448474, 0.0013571524759754539, 0.001953704049810767]

2022-04-28 22:21:51.248768