2022-04-20 15:23:08.439742

reference phi, theta, psi, translation: -33.091320547511735, -0.0, 74.32085247222868, -2.1190009117126465, -3.251617431640625, 1.089412808418274

phi,theta,psi,rot_x,rot_y,rot_z,phi_err,theta_err,psi_err
-22.822884158753556,1.294954214858955,81.82337814338081,-1.5357718467712402,-3.6827800273895264,0.7731812596321106,10.268436388758179,1.294954214858955,7.502525671152128
-23.92482589830839,2.2234495404284758,81.47915709977967,-1.5872846841812134,-3.667229175567627,0.7806647419929504,9.166494649203344,2.2234495404284758,7.15830462755099
-27.53348804439293,5.345977322893791,78.91957785926324,-1.6878153085708618,-3.6352248191833496,0.8544960618019104,5.5578325031188065,5.345977322893791,4.598725387034563
-25.52981107023467,4.610060400141439,75.5556755420861,-1.5893977880477905,-3.616090774536133,1.0398615598678589,7.561509477277067,4.610060400141439,1.234823069857427
-27.063806671022416,2.024138587776268,72.59670098985319,-1.7099933624267578,-3.5004563331604004,1.2222397327423096,6.027513876489319,2.024138587776268,1.7241514823754898
-30.527390476494006,0.8423063522724273,73.36604666777426,-1.9753525257110596,-3.383876085281372,1.1722990274429321,2.5639300710177295,0.8423063522724273,0.9548058044544234
-32.86057968187578,-0.13910806941258236,73.75350280882157,-2.1202993392944336,-3.284505844116211,1.1401042938232422,0.23074086563595841,0.13910806941258236,0.5673496634071142
-32.803475885319884,0.04330085582463007,74.00429369476609,-2.1024398803710938,-3.2688944339752197,1.1147421598434448,0.28784466219185134,0.04330085582463007,0.3165587774625891
-33.14556249480539,-0.07128479848625768,74.18361348123561,-2.1182587146759033,-3.2433035373687744,1.0973376035690308,0.05424194729365439,0.07128479848625768,0.1372389909930689
-33.254930898890215,-0.0952990808405795,74.34453273808111,-2.1233556270599365,-3.2362301349639893,1.0855967998504639,0.16361035137848035,0.0952990808405795,0.02368026585243399
-33.230796425457974,-0.03596115307965973,74.38524749572356,-2.1211066246032715,-3.238029956817627,1.0830658674240112,0.13947587794623928,0.03596115307965973,0.0643950234948818
-33.17309498734971,-0.065159243221419,74.33527783175575,-2.1178109645843506,-3.238255023956299,1.0859545469284058,0.08177443983797161,0.065159243221419,0.014425359527066917
-33.20327759329199,-0.06517563332903703,74.33161685036062,-2.1192424297332764,-3.237718343734741,1.0866905450820923,0.11195704578025811,0.06517563332903703,0.010764378131938201
-33.21718385844214,-0.04457754885814045,74.29320386646846,-2.1196320056915283,-3.237119436264038,1.0893864631652832,0.1258633109304057,0.04457754885814045,0.02764860576021988
-33.17323159113311,-0.014867417122329935,74.3817982501927,-2.119241952896118,-3.2417309284210205,1.083962082862854,0.0819110436213748,0.014867417122329935,0.06094577796402234
-33.21277838642748,-0.025083916185367525,74.33718345453418,-2.1195077896118164,-3.2383785247802734,1.08622145652771,0.12145783891574524,0.025083916185367525,0.01633098230550445
-33.26612557893987,-0.03875269321378065,74.36882089076967,-2.1223526000976562,-3.236660957336426,1.0830719470977783,0.17480503142813575,0.03875269321378065,0.04796841854098943
-33.19178238491887,-0.029418970070934396,74.33702636018327,-2.1183555126190186,-3.2391862869262695,1.0861481428146362,0.10046183740713133,0.029418970070934396,0.016173887954593624
-33.23548876541778,-0.045985517866951604,74.31945228344883,-2.1210384368896484,-3.237135171890259,1.086988091468811,0.14416821790604217,0.045985517866951604,0.0014001887798542612
-33.22770234976396,-0.03752236669269899,74.36643715474933,-2.1208741664886475,-3.238048791885376,1.0842065811157227,0.13638180225222385,0.03752236669269899,0.04558468252065495
-33.260562389860894,-0.037725004862461164,74.28717280943134,-2.121694326400757,-3.234764814376831,1.088332176208496,0.16924184234915884,0.037725004862461164,0.033679662797339915
-33.2096535748822,-0.03452809490934687,74.38319843897256,-2.1202869415283203,-3.2389485836029053,1.0823347568511963,0.11833302737046836,0.03452809490934687,0.0623459667438766
-33.20914472578904,-0.010760322959909504,74.33944424714944,-2.118823766708374,-3.2381153106689453,1.0860693454742432,0.11782417827730285,0.010760322959909504,0.018591774920764692
-33.26906939047215,-0.042607085657466494,74.34944364409435,-2.1229000091552734,-3.2370412349700928,1.0844887495040894,0.17774884296041193,0.042607085657466494,0.028591171865670617
-33.19474668701865,-0.061182802839710546,74.3537808142173,-2.1196889877319336,-3.239180088043213,1.085273265838623,0.10342613950691515,0.061182802839710546,0.03292834198862238
-33.21032634851545,-0.04095941098382654,74.33609062426697,-2.1198620796203613,-3.238661766052246,1.0862164497375488,0.11900580100371627,0.04095941098382654,0.015238152038293151
-33.173832647780074,-0.008875253441375474,74.34682085145306,-2.1182916164398193,-3.240865707397461,1.0857630968093872,0.08251210026833888,0.008875253441375474,0.025968379224380556
-33.18606210148898,-0.02699520256768541,74.36354798473043,-2.118561029434204,-3.2403547763824463,1.0843586921691895,0.0947415539772436,0.02699520256768541,0.04269551250175141
-33.23408516154334,-0.018907779702259847,74.34174602089975,-2.1215338706970215,-3.23786997795105,1.0855050086975098,0.14276461403160567,0.018907779702259847,0.02089354867106863
-33.2358029541196,-0.05081388748368126,74.37565791012887,-2.121884822845459,-3.2384541034698486,1.0832200050354004,0.14448240660786382,0.05081388748368126,0.05480543790018544
-33.20555887647478,-0.04222956208019917,74.31997137782575,-2.118941068649292,-3.237725257873535,1.0869123935699463,0.11423832896304731,0.04222956208019917,0.0008810944029278289
-33.23335091620756,-0.04265631317431514,74.3268357179416,-2.120901584625244,-3.2372536659240723,1.086538314819336,0.14203036869582775,0.04265631317431514,0.005983245712926077
-33.238746765651875,-0.029126617807689777,74.31639235870065,-2.1209559440612793,-3.236485004425049,1.0870987176895142,0.14742621814014,0.029126617807689777,0.004460113528026
-33.2393785581501,-0.05757114954665007,74.29840164042685,-2.1206555366516113,-3.2368104457855225,1.0888243913650513,0.14805801063836554,0.05757114954665007,0.022450831801833715
-33.21517578282616,-0.028784462336290857,74.32906235961103,-2.119786262512207,-3.238523483276367,1.0864880084991455,0.12385523531442288,0.028784462336290857,0.008209887382349734
-33.23113110472731,-0.0637678019775924,74.34242903981675,-2.121375799179077,-3.2375004291534424,1.0852707624435425,0.13981055721557567,0.0637678019775924,0.02157656758807036

Errors:
rotation,[19.06591627476926, 18.54824881718281, 15.50253521304716, 13.406392947275933, 9.775803946641076, 4.36104222774458, 0.937198598455655, 0.6477042954790705, 0.262765736772981, 0.2825896980714938, 0.23983205452078082, 0.16135904258645753, 0.18789705724123335, 0.19808946554876602, 0.15772423870772706, 0.16287273740661723, 0.26152614318290585, 0.14605469543265934, 0.19155392455284803, 0.21948885146557778, 0.24064651000895992, 0.21520708902369184, 0.14717627615797704, 0.24894710048354904, 0.1975372843352481, 0.17520336402583597, 0.11735573293409492, 0.1644322690466804, 0.18256594240493415, 0.2501017319917305, 0.15734898544617432, 0.19066992758306897, 0.18101294947585578, 0.22807999198684933, 0.16084958503306349, 0.22515492678123844]
translation,[0.03326186669987141, 0.04041614842788821, 0.0668880183593279, 0.053428484407518795, 0.05190195330134184, 0.05872673492121461, 0.04115361427890907, 0.01220802723048564, 0.004941275120602384, 0.011135843379713073, 0.011556516590927046, 0.012333642942124357, 0.01181253421534123, 0.011359738918909734, 0.009316022464149754, 0.011267590123051008, 0.011999801218527395, 0.011243973110858008, 0.0112544690151557, 0.011356483891877822, 0.01245296095344095, 0.011445787414450237, 0.011881370809303071, 0.011022506935385756, 0.010782364317873494, 0.01085395851452553, 0.01002823403317965, 0.010677079189028937, 0.010802017707653988, 0.010762633234377539, 0.01190586471672539, 0.01135284941780057, 0.011791631161984562, 0.01122100549043381, 0.010931951957364738, 0.011246302713987966]
loss,
[0.23490473628044128, 0.21428880095481873, 0.15193918347358704, 0.09574568271636963, 0.049024663865566254, 0.022868823260068893, 0.007294808980077505, 0.004616369493305683, 0.0021947433706372976, 0.002536815358325839, 0.0020909253507852554, 0.002135569229722023, 0.002865112153813243, 0.0026238346472382545, 0.002203207928687334, 0.002256473759189248, 0.002057159086689353, 0.0017903390107676387, 0.002469349652528763, 0.0018193821888417006, 0.0028377557173371315, 0.0017056753858923912, 0.002224943833425641, 0.0018914336105808616, 0.001699099550023675, 0.0024085973855108023, 0.002313754055649042, 0.001933501334860921, 0.0019119437783956528, 0.0019397081341594458, 0.0021933987736701965, 0.0016860845498740673, 0.0015698507195338607, 0.0024969412479549646, 0.0018872052896767855, 0.002070790156722069]

2022-04-20 15:32:16.879739