2022-04-19 14:04:55.457444

reference phi, theta, psi, translation: -139.02455270626928, -8.537736090602699e-07, 56.38966954231551, -2.2014424800872803, 2.5346622467041016, 2.231398344039917

phi,theta,psi,rot_x,rot_y,rot_z,phi_err,theta_err,psi_err
-129.04008655489625,6.852725648450977,53.065809209147574,-2.6847352981567383,1.8050535917282104,2.604990243911743,9.984466151373027,6.852726502224586,3.3238603331679357
-129.04332406456285,6.573426390271758,52.93677669044228,-2.6883175373077393,1.7996547222137451,2.593066692352295,9.981228641706423,6.573427244045367,3.45289285187323
-129.99576662356444,6.795166943349688,51.29209787415448,-2.665004014968872,1.7483265399932861,2.6244559288024902,9.02878608270484,6.795167797123297,5.097571668161031
-131.9937745407116,9.100463478184112,50.03593387823533,-2.6349189281463623,1.7322221994400024,2.6653406620025635,7.0307781655576775,9.10046433195772,6.353735664080176
-133.97284917347946,8.973762706119784,49.824986900814075,-2.5688891410827637,1.8262360095977783,2.65704345703125,5.051703532789816,8.973763559893392,6.5646826415014345
-134.8583422182366,7.283807649518923,49.35532260291649,-2.4617364406585693,1.9247907400131226,2.681547164916992,4.166210488032675,7.283808503292532,7.034346939399022
-136.55360883061212,2.5529247037817826,49.9627142503328,-2.238314390182495,2.206831932067871,2.6168406009674072,2.470943875657156,2.5529255575553917,6.426955291982708
-138.4671546284829,1.4424875540332045,53.349432814432355,-2.213256597518921,2.4048619270324707,2.437258243560791,0.5573980777863881,1.4424884078068136,3.040236727883155
-139.20510192678938,0.15861983648706598,56.72219388696299,-2.210463762283325,2.5524613857269287,2.2195801734924316,0.18054922052010625,0.15862069026067505,0.3325243446474815
-139.04481104734754,-0.02842611303257325,56.23978445607416,-2.192573308944702,2.5258452892303467,2.236396312713623,0.020258341078260855,0.028425259258964188,0.14988508624134766
-139.04556236815623,-0.02659618179203199,56.19561362271169,-2.1904890537261963,2.5261070728302,2.238058090209961,0.02100966188694997,0.026595328018422928,0.1940559196038194
-139.02605534788668,0.047754153324519676,56.251122570096385,-2.1963086128234863,2.5261709690093994,2.2371435165405273,0.0015026416174066526,0.047755007098128736,0.1385469722191246
-139.01276379976184,-0.06697628823163028,56.23690894643359,-2.1931138038635254,2.528136968612671,2.2375190258026123,0.011788906507433694,0.06697543445802122,0.15276059588192226
-139.00484078032463,-0.029141606346141997,56.2947811392711,-2.196101427078247,2.527711868286133,2.23412823677063,0.0197119259446481,0.029140752572532937,0.09488840304440771
-139.05837580303918,0.019075057451913093,56.26231725014603,-2.193976879119873,2.5274360179901123,2.2349281311035156,0.03382309676990758,0.019075911225522154,0.1273522921694763
-139.04437391524067,0.02055864306709603,56.234439833048626,-2.1938443183898926,2.526667594909668,2.2381691932678223,0.01982120897139339,0.020559496840705092,0.15522970926688373
-138.97866749542513,-0.057189810184578076,56.28341911958679,-2.1965489387512207,2.527919054031372,2.234968900680542,0.04588521084414765,0.057188956410969015,0.10625042272872065
-138.98664515637572,0.006135192011266226,56.2466317207171,-2.1966469287872314,2.525175094604492,2.2374250888824463,0.0379075498935606,0.006136045784875286,0.14303782159841205
-139.1336718084494,-0.04325680566080564,56.26872055249292,-2.1885159015655518,2.5320239067077637,2.2352840900421143,0.10911910218013077,0.04325595188719658,0.12094898982258684
-138.93123866182856,-0.03372143650428007,56.225365926736266,-2.1973824501037598,2.523118257522583,2.2374043464660645,0.09331404444071723,0.03372058273067101,0.164303615579243
-138.99402176067932,0.006218445695637033,56.21931779422622,-2.1948564052581787,2.5248706340789795,2.2382068634033203,0.030530945589958947,0.006219299469246093,0.17035174808928844
-138.96999315517922,0.024342194988996018,56.17467567781102,-2.1959054470062256,2.521024227142334,2.2416656017303467,0.05455955109005117,0.02434304876260508,0.21499386450449265
-139.0175995736942,-0.051347452699096845,56.29566906386321,-2.1952972412109375,2.5292885303497314,2.2337265014648438,0.006953132575063137,0.051346598925487784,0.0940004784523012
-138.93741315283825,0.06726883365355805,56.270783269622264,-2.200139284133911,2.5228850841522217,2.235816240310669,0.08713955343102953,0.06726968742716712,0.11888627269324559
-139.05269308564974,-0.00048714297195242244,56.224717058765115,-2.192880392074585,2.5267152786254883,2.238497257232666,0.02814037938045999,0.0004862891983433622,0.16495248355039394
-138.9587643241837,0.022630133791721855,56.210342925656825,-2.1975882053375244,2.522804021835327,2.240079641342163,0.06578838208557158,0.022630987565330916,0.17932661665868466
-138.99989572336554,-0.02662081212100498,56.187748659882416,-2.19291353225708,2.5246188640594482,2.2408158779144287,0.024656982903735525,0.02661995834739592,0.20192088243309314
-138.93645692635445,0.026932036740424038,56.243339569537156,-2.198922634124756,2.5223801136016846,2.2377920150756836,0.08809577991482342,0.0269328905140331,0.14632997277835358
-139.01545489429483,-0.030522614813822197,56.21306134094649,-2.193166971206665,2.5262486934661865,2.240612745285034,0.009097811974442038,0.030521761040213136,0.1766082013690209
-139.0213151966027,0.019174451378341235,56.23352117260526,-2.1954174041748047,2.5259649753570557,2.2385616302490234,0.0032375096665759884,0.019175305151950296,0.1561483697102517
-138.9678348154015,-0.011694834360431852,56.19976979282164,-2.195683240890503,2.5236337184906006,2.240999460220337,0.056717890867787446,0.011693980586822791,0.18989974949386834
-139.02186161173628,-0.0047604205074066545,56.221482964193115,-2.1934311389923096,2.526256561279297,2.2391104698181152,0.002691094532991656,0.0047595667337975945,0.1681865781223948
-139.0012890819562,-0.02496855528806987,56.255555362867725,-2.1947827339172363,2.526502847671509,2.236675977706909,0.02326362431307416,0.02496770151446081,0.13411417944778492
-138.98053896725773,-0.0021496603826740967,56.18966794303919,-2.1947438716888428,2.5235159397125244,2.240823745727539,0.044013739011546704,0.0021488066090650363,0.20000159927631955
-139.0107693845242,0.053349072147941407,56.219481718766296,-2.1956710815429688,2.5236945152282715,2.2392385005950928,0.013783321745080457,0.05334992592155047,0.17018782354921314
-138.98017013704253,0.07654995939663231,56.25400490992613,-2.1988699436187744,2.5233592987060547,2.237708806991577,0.044382569226741,0.07655081317024137,0.13566463238937843

Errors:
rotation,[20.161052986765547, 20.00754873762502, 20.92152554798917, 22.484978161595574, 20.590149734184642, 18.48436593072423, 11.450824725195256, 5.040123213476356, 0.6716942554282628, 0.1985686865785727, 0.2416609095091923, 0.18780462093466, 0.23152493684737718, 0.14374108156158874, 0.18025130016490604, 0.19561041507898222, 0.20932458998383732, 0.18708141727684793, 0.27332404388991416, 0.29133824275063125, 0.20710199314849348, 0.2938964643571489, 0.15230020995285212, 0.2732955135514422, 0.1935791521291973, 0.2677459863095871, 0.2531978236842246, 0.2613586432072101, 0.21622777438367607, 0.17856118452877798, 0.2583116209484786, 0.17563723938918405, 0.1823455052753199, 0.24616414489693128, 0.23732107121584406, 0.2565980147863608]
translation,[0.12242333873291766, 0.11492984421817809, 0.09763131968641048, 0.09772472901773899, 0.0912744346779748, 0.0865963012654749, 0.05886048340043093, 0.045891254513799495, 0.009631580038978349, 0.007605500231314899, 0.007652394066951729, 0.004949278853928263, 0.005248124281477473, 0.005769576145580935, 0.006657374063532728, 0.005411161893881022, 0.004928717225059387, 0.005232980179161295, 0.0065491928171512725, 0.006132810092015717, 0.005966013526703229, 0.005880026112934367, 0.005440825759180257, 0.005655484539593303, 0.005724022905233106, 0.004729665810275563, 0.005731291297219165, 0.0055388523413135715, 0.004683912189368478, 0.004776363471569844, 0.004737145483441729, 0.005370833291668653, 0.00583297816248507, 0.005420967172985236, 0.005685507306515625, 0.00500026011417809]
loss,
[0.18141433596611023, 0.1666640043258667, 0.1358567476272583, 0.13419224321842194, 0.1289455145597458, 0.11007531732320786, 0.05510657653212547, 0.02720174938440323, 0.003876331727951765, 0.001736972015351057, 0.0013514617457985878, 0.0011637738207355142, 0.0012394337682053447, 0.0010252255015075207, 0.0014923460548743606, 0.0013433730928227305, 0.0016689065378159285, 0.0010583673138171434, 0.0011686671059578657, 0.0009102336480282247, 0.0010699114063754678, 0.0014025698183104396, 0.0010778086725622416, 0.001241321791894734, 0.00108732795342803, 0.0013456093147397041, 0.0010135300690308213, 0.0012005814351141453, 0.0015174479922279716, 0.0009417209657840431, 0.0014918697997927666, 0.0010876778978854418, 0.001218996592797339, 0.0012800863478332758, 0.0010717969853430986, 0.0014668985968455672]

2022-04-19 14:09:36.920079