2022-04-28 14:42:13.239632

reference phi, theta, psi, translation: 132.9853677440357, -8.537735924097414e-07, 76.34363348549546, 2.865516185760498, 2.6707684993743896, 0.9517420530319214

phi,theta,psi,rot_x,rot_y,rot_z,phi_err,theta_err,psi_err
143.3552887910292,-3.0579185397180266,69.36864430507845,2.3124754428863525,2.981729030609131,1.6183615922927856,10.369921046993511,3.0579176859444344,6.974989180417012
143.4641483460209,-3.1469509689328654,69.22510104948145,2.306654214859009,2.9828805923461914,1.6251890659332275,10.478780601985193,3.146950115159273,7.118532436014007
144.20967715430612,-2.925796682901686,67.63762848258709,2.2545745372772217,2.9952220916748047,1.6894621849060059,11.224309410270422,2.9257958291280937,8.70600500290837
143.30975875002193,0.07420930416645372,65.30365722054535,2.207152843475342,2.9844348430633545,1.730770468711853,10.324391005986229,0.07421015794004612,11.039976264950113
140.09013051868297,3.763873249068906,66.65344603451244,2.3284380435943604,2.923517942428589,1.6092302799224854,7.10476277464727,3.7638741028424985,9.690187450983018
137.7955011462605,2.886570988080888,68.59548055141134,2.4780354499816895,2.858772039413452,1.4894100427627563,4.810133402224807,2.8865718418544803,7.748152934084118
135.9379902203405,1.1115573340810616,70.71272991108857,2.647705554962158,2.7750420570373535,1.3452694416046143,2.9526224763048106,1.111558187854654,5.6309035744068865
133.69563911582534,0.3683853090654644,73.36614912061181,2.8115627765655518,2.694279909133911,1.1610504388809204,0.710271371789645,0.36838616283905684,2.977484364883651
132.06000005490404,-0.20666983962071128,75.98595013904024,2.9241254329681396,2.6349093914031982,0.9814888834953308,0.9253676891316616,0.20666898584711887,0.35768334645521804
132.80678561799655,0.07835795079483544,76.20267204140474,2.876962661743164,2.663774013519287,0.963127851486206,0.1785821260391458,0.07835880456842785,0.14096144409072053
132.8740356605645,-0.13245780030430954,76.44913258741548,2.869891881942749,2.6608076095581055,0.9451354742050171,0.11133208347121126,0.13245694653071713,0.10549910192001732
132.85641377250587,-0.02300457988515519,76.35411099568226,2.8669629096984863,2.660301685333252,0.9488542079925537,0.12895397152982468,0.02300372611156278,0.010477510186802874
132.86357181075604,-0.029582508670786548,76.33788246621431,2.8680567741394043,2.659956693649292,0.9509177207946777,0.12179593327965677,0.029581654897194137,0.005751019281149183
132.9923891785025,0.0628747504148839,76.32571789930252,2.8621928691864014,2.668762445449829,0.9525234699249268,0.007021434466793153,0.0628756041884763,0.017915586192941646
132.83499429926871,0.03555904917593979,76.43488481280683,2.871598243713379,2.6618378162384033,0.9446628093719482,0.15037344476698422,0.0355599029495322,0.09125132731136887
132.9583748364358,0.03280692600669343,76.45849677676756,2.865147590637207,2.6668193340301514,0.9434497952461243,0.02699290759989026,0.03280777978028584,0.11486329127210126
132.81767293953357,0.02684503892805439,76.46594851315206,2.871997833251953,2.6597139835357666,0.9422287940979004,0.16769480450213337,0.0268458927016468,0.12231502765659741
132.9186367958447,0.06361340619776581,76.38871956420671,2.8644585609436035,2.6637685298919678,0.9480042457580566,0.06673094819100811,0.06361425997135822,0.045086078711250366
132.81682599607646,0.043053354864286145,76.42545915175222,2.869898796081543,2.660507917404175,0.9452849626541138,0.16854174795923882,0.04305420863787855,0.08182566625676202
132.8380269032602,0.0064975164965359634,76.3811858655522,2.8688337802886963,2.659952402114868,0.9477087259292603,0.14734084077551302,0.0064983702701283735,0.03755238005673789
132.89837845476643,0.08296982261806318,76.50113764775595,2.8684463500976562,2.6652116775512695,0.9403179883956909,0.08698928926926897,0.08297067639165559,0.15750416226049424
132.95289702472147,0.08118707466662396,76.34448042895255,2.8634800910949707,2.665680170059204,0.9494519233703613,0.032470719314233065,0.08118792844021637,0.0008469434570912426
132.7896691639365,-0.06840176441423915,76.47316802310475,2.874145030975342,2.657944917678833,0.9409428834915161,0.19569858009919017,0.06840091064064674,0.12953453760928824
132.83371022370474,-0.03248212777842966,76.41244081119417,2.872415065765381,2.659684658050537,0.9434248208999634,0.15165752033095714,0.03248127400483725,0.06880732569871384
132.90362404004898,0.030148688863490966,76.38958699823131,2.866513729095459,2.66430401802063,0.9484725594520569,0.08174370398671726,0.030149542637083377,0.045953512735849245
132.92326766410196,0.016652933910553426,76.28145827348084,2.864107608795166,2.662386417388916,0.9559927582740784,0.062100079933742336,0.016653787684145837,0.062175212014622616
132.93069890991893,-0.053948948275851075,76.3915950738473,2.8664042949676514,2.663012742996216,0.9466614723205566,0.05466883411676804,0.05394809450225867,0.04796158835183917
132.85917316893054,-0.046862238010638005,76.5061373462284,2.871302843093872,2.661715030670166,0.9387927055358887,0.12619457510515986,0.0468613842370456,0.1625038607329401
132.93859460859946,-0.033410629092463805,76.35122182566334,2.8649330139160156,2.663699150085449,0.9497570395469666,0.046773135436239954,0.0334097753188714,0.0075883401678851214
132.91306336148196,-0.005805997697828832,76.42718035942306,2.8671419620513916,2.6638946533203125,0.9461246728897095,0.07230438255373883,0.005805143924236422,0.0835468739276024
132.87329800013413,-0.00038172897072732796,76.38955967747462,2.867929220199585,2.6614491939544678,0.9475172758102417,0.11206974390157143,0.00038087519713491823,0.04592619197916292
132.8855376991268,0.034865494069989615,76.40315858411212,2.8676230907440186,2.6621618270874023,0.9465580582618713,0.0998300449089129,0.03486634784358202,0.05952509861666044
132.93713294811707,0.009165340130851638,76.3883165830457,2.864926815032959,2.66532564163208,0.9477326273918152,0.048234795918631335,0.009166193904444047,0.0446830975502337
132.9646176293372,-0.08664963438299544,76.50313889318276,2.866164207458496,2.6660428047180176,0.9387712478637695,0.020750114698500965,0.08664878060940304,0.15950540768730548
133.03397137016952,-0.039099255255512104,76.37326284611498,2.859462261199951,2.668111801147461,0.9481954574584961,0.04860362613382563,0.039098401481919696,0.02962936061952348
132.8939388318059,-0.00428848698557724,76.44402360591631,2.867727756500244,2.662445068359375,0.9433730840682983,0.09142891222978733,0.00428763321198483,0.1003901204208546

Errors:
rotation,[20.402827913354958, 20.74426315315847, 22.856110242306883, 21.438577428876386, 20.558824328472788, 15.444858178163404, 9.695084238566352, 4.056141899512353, 1.4897200214339985, 0.3979023746982942, 0.34928813192194574, 0.16243520782819035, 0.15712860745800009, 0.0878126248482111, 0.2771846750278853, 0.17466397865227737, 0.3168557248603776, 0.1754312868736167, 0.2934216228538794, 0.19139159110237927, 0.32746412792141877, 0.11450559121154068, 0.39363402834912514, 0.2529461200345082, 0.15784675935964987, 0.14092907963251078, 0.1565785169708659, 0.33555982007514557, 0.08777125092299648, 0.16165640040557766, 0.15837681107786927, 0.19422149136915537, 0.10208408737330908, 0.2669043029952095, 0.11733138823526881, 0.19610666586262676]
translation,[0.07464079787699607, 0.07489955555297279, 0.0808954286380299, 0.06447133748343337, 0.0380482723643798, 0.034775602566031516, 0.03346860509963623, 0.03237543503298568, 0.0255418237746996, 0.006224353691754558, 0.0050318447034403135, 0.006578543054915897, 0.005540288572331242, 0.003506542290336867, 0.003245492854540011, 0.004828678012196441, 0.004934044582832087, 0.006268956702563777, 0.005189876133795401, 0.005746215756334827, 0.004277083286745587, 0.005358434500406517, 0.0048708060090811856, 0.004375733002997428, 0.0043414781845516615, 0.005543741406763836, 0.0056999440118161715, 0.004910010003826848, 0.0055640134878292, 0.0047174038747224145, 0.005446511014268296, 0.005419046224539592, 0.0049690112969660305, 0.005713040553458448, 0.006899841262032247, 0.005904820753450224]
loss,
[0.13265696167945862, 0.11869394779205322, 0.10260272026062012, 0.06696172058582306, 0.04249042272567749, 0.041004478931427, 0.023303886875510216, 0.0172970499843359, 0.00637432187795639, 0.0029985816217958927, 0.002444349927827716, 0.001904924283735454, 0.0008539077825844288, 0.0015784148126840591, 0.0017912155017256737, 0.001610579784028232, 0.0011812597513198853, 0.0013519426574930549, 0.0009616478346288204, 0.001783478306606412, 0.0013256303500384092, 0.0022601094096899033, 0.001602045027539134, 0.003992488607764244, 0.002057997975498438, 0.0024240300990641117, 0.002232247730717063, 0.001516212709248066, 0.0014050651807338, 0.0015396777307614684, 0.0009983163326978683, 0.0012504109181463718, 0.0011086859740316868, 0.0008874548366293311, 0.0022088750265538692, 0.0016787949716672301]

2022-04-28 14:44:49.093402