2022-04-28 14:34:15.927928

reference phi, theta, psi, translation: -33.091320547511735, -0.0, 74.32085247222868, -2.1190009117126465, -3.251617431640625, 1.089412808418274

phi,theta,psi,rot_x,rot_y,rot_z,phi_err,theta_err,psi_err
-22.822884158753556,1.294954214858955,81.82337814338081,-1.5357718467712402,-3.6827800273895264,0.7731812596321106,10.268436388758179,1.294954214858955,7.502525671152128
-22.7346364071297,1.3573900738701576,81.60842526001133,-1.530127763748169,-3.6843512058258057,0.7901435494422913,10.356684140382036,1.3573900738701576,7.287572787782651
-23.30581609911389,1.8517355835403175,80.2766408246964,-1.5735628604888916,-3.641739845275879,0.8798385262489319,9.785504448397845,1.8517355835403175,5.955788352467721
-24.692544283659704,1.638430485476028,79.94019253637073,-1.6649366617202759,-3.6077587604522705,0.8884463310241699,8.398776263852032,1.638430485476028,5.619340064142051
-25.913093965699105,2.8813831899747147,79.98146053933596,-1.7198081016540527,-3.5966992378234863,0.8702504634857178,7.1782265818126305,2.8813831899747147,5.660608067107276
-30.075624689316438,6.880023562147112,78.1712281828508,-1.9174087047576904,-3.5057272911071777,0.9142180681228638,3.015695858195297,6.880023562147112,3.8503757106221173
-29.057646465228565,3.240516681391098,75.13511347413174,-1.8611401319503784,-3.4693901538848877,1.039839744567871,4.03367408228317,3.240516681391098,0.8142610019030627
-32.518353053512286,0.4241749371280279,74.21843378562434,-2.0749688148498535,-3.2740774154663086,1.097064733505249,0.5729674939994496,0.4241749371280279,0.10241868660433795
-33.369483416555084,0.10960188352481288,74.1536426111576,-2.126875162124634,-3.2326579093933105,1.0960286855697632,0.2781628690433493,0.10960188352481288,0.16720986107108615
-32.94474468792326,0.07809863582321097,74.24134224010056,-2.1056933403015137,-3.2509124279022217,1.0932413339614868,0.14657585958847363,0.07809863582321097,0.07951023212811492
-33.17317353452516,0.018888274063245603,74.2210838990223,-2.1196916103363037,-3.242159843444824,1.0944573879241943,0.08185298701342703,0.018888274063245603,0.09976857320637578
-32.80664509309477,-0.013029837564923687,74.3229425101147,-2.099640369415283,-3.2583649158477783,1.089424967765808,0.28467545441696274,0.013029837564923687,0.0020900378860204682
-33.14864974031023,-0.036526011059945115,74.30328522568341,-2.119391679763794,-3.244396448135376,1.0861676931381226,0.05732919279849824,0.036526011059945115,0.0175672465452692
-32.97553859579626,-0.041381872931982026,74.20175446367116,-2.1084647178649902,-3.2477610111236572,1.0943351984024048,0.11578195171547634,0.041381872931982026,0.11909800855751485
-33.072974659401076,-0.07399227102928593,74.1672620083626,-2.11377215385437,-3.2441725730895996,1.0970306396484375,0.018345888110658848,0.07399227102928593,0.153590463866081
-33.06492528146422,0.034108642278589424,74.09107807836028,-2.1108577251434326,-3.2452335357666016,1.101064920425415,0.02639526604751552,0.034108642278589424,0.2297743938683965
-32.933485121076494,-0.009462098485821375,74.2377563907863,-2.1055338382720947,-3.2502450942993164,1.0942425727844238,0.1578354264352413,0.009462098485821375,0.08309608144237757
-33.000516597590995,0.04761953039215055,74.29226813055217,-2.1072816848754883,-3.2494912147521973,1.0893957614898682,0.09080394992074048,0.04761953039215055,0.028584341676506142
-32.913117496971516,-0.002658506853953202,74.33858364331402,-2.1055874824523926,-3.251244306564331,1.086100459098816,0.178203050540219,0.002658506853953202,0.0177311710853445
-32.95879438704598,-0.05335122638029076,74.2623792227442,-2.106508731842041,-3.2491891384124756,1.0918216705322266,0.13252616046575838,0.05335122638029076,0.05847324948447863
-33.0278475995548,0.03852923688873053,74.26227676990665,-2.110851764678955,-3.2472503185272217,1.0918985605239868,0.06347294795693159,0.03852923688873053,0.05857570232203102
-33.022373202935036,-0.06237150635414623,74.17935827338269,-2.1108603477478027,-3.2453231811523438,1.0973742008209229,0.06894734457669927,0.06237150635414623,0.14149419884599013
-32.892275174719224,-0.023367907914731353,74.33680779412983,-2.1045889854431152,-3.2559633255004883,1.087506651878357,0.19904537279251144,0.023367907914731353,0.01595532190114568
-32.94522621625974,0.04864928166253681,74.27759688421499,-2.106208086013794,-3.2519681453704834,1.0906320810317993,0.14609433125199445,0.04864928166253681,0.043255588013693114
-32.980336803688196,0.07785550841388351,74.30092881041975,-2.10766863822937,-3.251728057861328,1.0889613628387451,0.11098374382353882,0.07785550841388351,0.01992366180893157
-32.840102774744075,-0.04377235407753913,74.2301953713751,-2.1022756099700928,-3.2559378147125244,1.0950534343719482,0.2512177727676601,0.04377235407753913,0.09065710085357637
-32.92364623357709,0.003598943985778043,74.18682367014551,-2.104429244995117,-3.2529289722442627,1.0992431640625,0.16767431393464705,0.003598943985778043,0.13402880208316503
-33.05662660162265,0.008692461630078436,74.20606431303744,-2.111931800842285,-3.2468960285186768,1.0950061082839966,0.03469394588908159,0.008692461630078436,0.1147881591912352
-33.02073395753423,0.08316468377536289,74.34935485163514,-2.1100902557373047,-3.251817226409912,1.0863420963287354,0.070586589977502,0.08316468377536289,0.028502379406461387
-32.98517257762057,-0.01937358796536174,74.22643193714242,-2.1094071865081787,-3.2496235370635986,1.094054102897644,0.10614796989116826,0.01937358796536174,0.09442053508625747
-32.96695987819872,0.02655595189778234,74.23470329622731,-2.106407642364502,-3.2499005794525146,1.0942389965057373,0.12436066931301326,0.02655595189778234,0.08614917600137062
-32.96174502876742,0.04698847196772527,74.3789500613088,-2.108912944793701,-3.2533962726593018,1.0848137140274048,0.12957551874431772,0.04698847196772527,0.05809758908011986
-33.016741711964364,-0.007217821969486477,74.27351243109132,-2.111635684967041,-3.2498741149902344,1.092169165611267,0.07457883554737066,0.007217821969486477,0.047340041137360345
-33.05215965790546,-0.0015093937461436724,74.18183763205141,-2.1119515895843506,-3.2460665702819824,1.0970085859298706,0.039160889606272065,0.0015093937461436724,0.13901484017726773
-33.06225467749874,0.0785620215302336,74.30536843338025,-2.112413167953491,-3.2477774620056152,1.088576316833496,0.029065870012992434,0.0785620215302336,0.015484038848427417
-32.91973595027726,0.03731242353695807,74.29146216823011,-2.105484962463379,-3.2531065940856934,1.0904455184936523,0.17158459723447805,0.03731242353695807,0.0293903039985679

Errors:
rotation,[19.06591627476926, 19.001647002034844, 17.593028384405883, 15.656546813470111, 15.720217838894621, 13.746095130964527, 8.08845176557733, 1.0995611177318154, 0.5549746136392484, 0.3041847275397995, 0.20050983428304842, 0.2997953298679069, 0.11142245040371256, 0.2762618332049732, 0.24592862300602578, 0.29027830219450146, 0.2503936063634402, 0.16700782198939718, 0.1985927284795167, 0.24435063633052778, 0.16057788716769314, 0.2728130497768356, 0.2383686026083885, 0.23799920092822438, 0.2087629140463539, 0.3856472276987756, 0.3053020600035901, 0.1581745667103952, 0.1822536531593263, 0.21994209294278746, 0.23706579721216622, 0.23466157979216284, 0.12913669865421748, 0.17968512352968347, 0.12311193039165345, 0.23828732477000403]
translation,[0.03326186669987141, 0.035818451290320574, 0.03242670534629699, 0.040390888910772915, 0.04947403686986451, 0.0679409698884772, 0.04094384887350078, 0.002651682638146191, 0.009319213844932506, 0.006510678527803293, 0.005892372257375378, 0.004681641838114814, 0.006493659436733523, 0.007306869202598598, 0.006683126504549719, 0.006255715234447123, 0.006861030891666786, 0.007870079510684747, 0.008231741000382264, 0.00786122159779179, 0.007129468181918952, 0.007190126654499807, 0.004559411071672237, 0.006096376749027854, 0.005978162754597172, 0.0037432747903727304, 0.003908514188611711, 0.006004394405497493, 0.0053451914048086024, 0.005386068172986924, 0.006682966620820352, 0.005098464625361565, 0.00452739597066909, 0.0061177583984601824, 0.006784805675061456, 0.005605328425567713]
loss,
[0.1551855504512787, 0.15749767422676086, 0.1800246238708496, 0.15818163752555847, 0.149172842502594, 0.10789668560028076, 0.041533034294843674, 0.004797497298568487, 0.0037664964329451323, 0.0022445828653872013, 0.0017297223675996065, 0.0025610635057091713, 0.0031653172336518764, 0.002793868537992239, 0.002022351836785674, 0.00258997967466712, 0.001598853967152536, 0.001748887705616653, 0.0016545080579817295, 0.004212907515466213, 0.002155089285224676, 0.0011881703976541758, 0.0016527266707271338, 0.0015860435087233782, 0.0017819302156567574, 0.002968036336824298, 0.0020343665964901447, 0.002699179109185934, 0.0019763344898819923, 0.0020205872133374214, 0.0020716781727969646, 0.001793139148503542, 0.001022170763462782, 0.001384505769237876, 0.0021849002223461866, 0.0014267447404563427]

2022-04-28 14:36:50.715919