2022-04-28 14:36:54.441195

reference phi, theta, psi, translation: 175.36684180812657, -0.0, 39.4597479484966, 0.2069414258003235, 2.553555727005005, 3.112318754196167

phi,theta,psi,rot_x,rot_y,rot_z,phi_err,theta_err,psi_err
-174.60268024378553,2.426304892454245,32.24175771288345,-0.3459881842136383,2.1274664402008057,3.6064906120300293,10.030477948087878,2.426304892454245,7.217990235613151
-174.57687578910122,2.3956906123353368,32.21622646576594,-0.3450556993484497,2.1260745525360107,3.6071105003356934,10.05628240277224,2.3956906123353368,7.243521482730657
-174.4014355500803,1.8652728789063684,32.419615838870584,-0.32016003131866455,2.1461522579193115,3.5959248542785645,10.231722641793112,1.8652728789063684,7.040132109626015
-174.7772052374577,1.7310622941234097,32.55712803743045,-0.2898964285850525,2.1711549758911133,3.575974225997925,9.855952954415727,1.7310622941234097,6.902619911066147
-175.99446789095904,1.6571282671428555,33.549049089834725,-0.24998889863491058,2.2451531887054443,3.49947452545166,8.63869030091439,1.6571282671428555,5.910698858661874
-179.80885533484437,2.7515810504493445,39.148933360126,-0.194154754281044,2.601618528366089,3.1481714248657227,4.824302857029068,2.7515810504493445,0.3108145883705973
178.01597165885104,4.59200012269994,41.307710269956914,-0.15272113680839539,2.6970319747924805,3.0613203048706055,2.649129850724478,4.59200012269994,1.8479623214603151
177.76505782950144,3.329103758009324,40.215948927359975,-0.08177714049816132,2.6283836364746094,3.114070177078247,2.3982160213748784,3.329103758009324,0.7562009788633759
176.4833591713702,1.663074826284607,39.89352984758953,0.06671029329299927,2.6015231609344482,3.117438554763794,1.116517363243645,1.663074826284607,0.43378189909292786
174.79068803087932,-0.4664948902452937,39.43661068268318,0.25688543915748596,2.5452866554260254,3.110840082168579,0.5761537772472423,0.4664948902452937,0.023137265813417685
175.5327880842012,0.09993299589489565,39.596457599828994,0.19512321054935455,2.5572733879089355,3.1021344661712646,0.16594627607463508,0.09993299589489565,0.13670965133239577
175.3169267856721,0.00021561230367309785,39.39665407603861,0.2087518572807312,2.546438694000244,3.1117074489593506,0.04991502245445645,0.00021561230367309785,0.06309387245799059
175.4121806038371,-0.024351545514891076,39.406885699415284,0.20758986473083496,2.547847270965576,3.113697052001953,0.045338795710534896,0.024351545514891076,0.05286224908131487
175.3067498038088,-0.047725283642714236,39.43709904120884,0.21317575871944427,2.549870252609253,3.1104800701141357,0.06009200431776662,0.047725283642714236,0.022648907287759812
175.23758730827325,0.048982740765094394,39.425545776227764,0.21067485213279724,2.5481317043304443,3.1126275062561035,0.12925449985331738,0.048982740765094394,0.034202172268834374
175.27315893347068,0.028964059519334166,39.555401332728046,0.21075285971164703,2.5549919605255127,3.1064512729644775,0.0936828746558831,0.028964059519334166,0.09565338423144709
175.35308580713817,0.035736206494108115,39.537359388035455,0.20600774884223938,2.5542097091674805,3.106494665145874,0.013756000988394135,0.035736206494108115,0.07761143953885608
175.33887901366452,0.04298303176586291,39.46526674134597,0.20721299946308136,2.550403356552124,3.109370231628418,0.02796279446204153,0.04298303176586291,0.005518792849372289
175.2743337260079,0.018860853667254273,39.406639812605164,0.21114586293697357,2.548449993133545,3.114994525909424,0.09250808211865547,0.018860853667254273,0.05310813589143493
175.3236067106804,0.02380426969546462,39.52321748135894,0.20841369032859802,2.5549392700195312,3.1062710285186768,0.04323509744617127,0.02380426969546462,0.06346953286234225
175.19998028670315,-0.0007642464108090127,39.37899462193954,0.21460159122943878,2.5449140071868896,3.113635778427124,0.1668615214234137,0.0007642464108090127,0.08075332655705836
175.26218964966364,0.07010945567298942,39.63094322494838,0.2087630033493042,2.5609896183013916,3.1025607585906982,0.10465215846292608,0.07010945567298942,0.17119527645178323
175.2225882128559,-0.015548244150774142,39.51995948112485,0.21490682661533356,2.553074359893799,3.105344772338867,0.14425359527066917,0.015548244150774142,0.06021153262825152
175.27045417855933,0.06148673175819005,39.439332513067434,0.2080530822277069,2.548938274383545,3.109816312789917,0.09638762956723212,0.06148673175819005,0.020415435429164575
175.36174648700575,0.010641200227988198,39.519139858424445,0.2077973186969757,2.554288625717163,3.1085214614868164,0.0050953211208195626,0.010641200227988198,0.0593919099278466
175.25837840410676,0.039722545302656946,39.49463996987161,0.20979832112789154,2.552341938018799,3.1091198921203613,0.10846340401980115,0.039722545302656946,0.03489202137501479
175.27453863168301,-0.014482076217633656,39.478968100821014,0.21277566254138947,2.5521764755249023,3.1095376014709473,0.09230317644355068,0.014482076217633656,0.019220152324415096
175.26772210289133,-0.013328447445086005,39.47558032699269,0.21246077120304108,2.5509941577911377,3.109523296356201,0.09911970523523905,0.013328447445086005,0.01583237849609276
175.26210768739358,0.05791212206208184,39.51959406600425,0.20929105579853058,2.5540237426757812,3.1076009273529053,0.10473412073298505,0.05791212206208184,0.05984611750765367
175.2215910052371,0.018771490880991747,39.508276442549544,0.21338941156864166,2.5536229610443115,3.1076059341430664,0.14525080288947834,0.018771490880991747,0.04852849405294535
175.2922424820117,-0.032967434556602566,39.412711850777306,0.21249879896640778,2.547499656677246,3.111985683441162,0.0745993261148783,0.032967434556602566,0.04703609771929251
175.31459086097595,0.04085964184295835,39.4352617203221,0.2071259319782257,2.5491459369659424,3.1116278171539307,0.05225094715061118,0.04085964184295835,0.02448622817449575
175.2623808949604,-0.03648950720235796,39.53817901073586,0.2146388292312622,2.5543601512908936,3.1070194244384766,0.10446091316617867,0.03648950720235796,0.078431062239261
175.3066815019171,0.0055621439357759804,39.47285166641927,0.20963434875011444,2.551813840866089,3.1094868183135986,0.06016030620946822,0.0055621439357759804,0.013103717922668068
175.31659893659196,0.02484852122524775,39.49336955468599,0.20873893797397614,2.552429437637329,3.108703136444092,0.05024287153460705,0.02484852122524775,0.03362160618939214
175.26904715959031,0.011986528996668255,39.508798952021046,0.21154077351093292,2.5530457496643066,3.1084673404693604,0.09779464853625086,0.011986528996668255,0.04905100352444691

Errors:
rotation,[19.674773076155276, 19.695494497838233, 19.137127630325494, 18.489635159605285, 16.20651742671912, 7.886698495849009, 9.089092294884733, 6.483520758247579, 3.2133740886211797, 1.0657859333059536, 0.4025889233019265, 0.11322450721612012, 0.12255259030674084, 0.13046619524824066, 0.21243941288724616, 0.21830031840666436, 0.12710364702135832, 0.07646461907727672, 0.16447707167734466, 0.13050890000397813, 0.24837909439128109, 0.34595689058769874, 0.22001337204969482, 0.17828979675458675, 0.07512843127665436, 0.1830779706974729, 0.12600540498559942, 0.1282805311764178, 0.22249236030272057, 0.21255078782341544, 0.15460285839077337, 0.11759681716806528, 0.21938148260779763, 0.07882616806791226, 0.10871299894924694, 0.15883218105736602]
translation,[0.170370405351016, 0.1701212949537183, 0.1687696842069908, 0.16238348616406206, 0.13414778225196056, 0.05752600600161717, 0.05163827571980928, 0.044717231960286874, 0.029757301699265604, 0.0034992149955312968, 0.006087400934207565, 0.004883604008615983, 0.002515096785097981, 0.0034286813397095273, 0.003001587678553186, 0.003419777793896017, 0.004128017079803925, 0.00425935641545383, 0.0009463464039596303, 0.003713945224448345, 0.004049377179677904, 0.0027131254012804362, 0.005269940513970006, 0.004799245548944064, 0.0024223629877306863, 0.003090694704996011, 0.002716940501844789, 0.0034935542258693886, 0.003223225400035723, 0.0032584346474227033, 0.0038015343896429243, 0.0033162916824602817, 0.003177076931321743, 0.0031505873114721084, 0.0034119605347191495, 0.0030571676290307437]
loss,
[0.10936708748340607, 0.09312616288661957, 0.09687618911266327, 0.0965798944234848, 0.10604667663574219, 0.05736827105283737, 0.03146703168749809, 0.014021135866641998, 0.009241437539458275, 0.0030945888720452785, 0.0012268475256860256, 0.0014414461329579353, 0.001261182245798409, 0.0018078669672831893, 0.0007774019613862038, 0.001376400701701641, 0.0013326131738722324, 0.001007517916150391, 0.001012277789413929, 0.0015016513643786311, 0.0012996331788599491, 0.001553583424538374, 0.0013316590338945389, 0.0010177697986364365, 0.0008944625733420253, 0.000947108375839889, 0.0010127455461770296, 0.0011903417762368917, 0.0010767615167424083, 0.001196680823341012, 0.0013054551091045141, 0.001643932773731649, 0.0014228150248527527, 0.0014996667159721255, 0.0014141567517071962, 0.0014511439949274063]

2022-04-28 14:39:30.418337