2022-04-21 12:00:48.206607

reference phi, theta, psi, translation: 16.672973292337613, -0.0, 55.56417970941693, 0.9538894295692444, -3.184936285018921, 2.279534101486206

phi,theta,psi,rot_x,rot_y,rot_z,phi_err,theta_err,psi_err
26.607018987257597,-4.879078348390559,61.415046110949504,1.4386786222457886,-3.2383759021759033,2.121750593185425,9.934045694919984,4.879078348390559,5.850866401532571
26.445384268096536,-5.200934122785873,61.71203639644,1.4315801858901978,-3.261237859725952,2.094400405883789,9.772410975758923,5.200934122785873,6.147856687023065
25.347238406172934,-4.710179281696446,61.82293134780433,1.3900643587112427,-3.3051254749298096,2.0482137203216553,8.674265113835322,4.710179281696446,6.258751638387395
23.564229476172155,-3.1260924886444443,60.45653834396494,1.2952651977539062,-3.3539724349975586,2.027834892272949,6.8912561838345425,3.1260924886444443,4.892358634548003
20.259141917938003,1.9439369055376998,58.726997842334306,1.2702585458755493,-3.2678537368774414,2.134016990661621,3.58616862560039,1.9439369055376998,3.162818132917373
19.383830977686067,1.932421746287759,56.22290022844589,1.193655014038086,-3.181067943572998,2.271353006362915,2.7108576853484543,1.932421746287759,0.6587205190289538
17.642151522353032,1.5912103300586284,55.00552146172867,1.0694999694824219,-3.1608493328094482,2.331616163253784,0.9691782300154195,1.5912103300586284,0.558658247688264
16.597299918975747,0.051961044989456244,55.22904281741192,0.9573198556900024,-3.192939281463623,2.3132197856903076,0.07567337336186597,0.051961044989456244,0.3351368920050106
16.35146262772677,-0.20997838529148818,55.33671733458259,0.9326857924461365,-3.187882900238037,2.2978711128234863,0.321510664610841,0.20997838529148818,0.22746237483434584
16.705329605983255,0.0326728857371653,55.599338108169576,0.960060715675354,-3.183741331100464,2.2772538661956787,0.03235631364564284,0.0326728857371653,0.035158398752642483
16.64793723393493,0.0012665075013259955,55.58386431460491,0.9548512697219849,-3.180469036102295,2.2749369144439697,0.025036058402683636,0.0012665075013259955,0.01968460518797599
16.6904005200049,-0.01106035609084599,55.58319154097167,0.9564516544342041,-3.179532289505005,2.2758255004882812,0.017427227667287326,0.01106035609084599,0.01901183155473518
16.65027657372566,0.06120843554949214,55.4873844774839,0.955379843711853,-3.1770503520965576,2.2792701721191406,0.02269671861195377,0.06120843554949214,0.07679523193303339
16.669401103401693,-0.061703875318621496,55.521648121455264,0.9523999691009521,-3.1799566745758057,2.2802281379699707,0.0035721889359194847,0.061703875318621496,0.042531587961669004
16.666686103206615,0.12194310776986034,55.50865027146473,0.959575355052948,-3.1777560710906982,2.28031063079834,0.0062871891309974615,0.12194310776986034,0.05552943795220244
16.71693238983581,0.05254114838083921,55.55260936896293,0.9602392315864563,-3.17926287651062,2.27569842338562,0.04395909749819893,0.05254114838083921,0.011570340453999961
16.735746145904614,-0.03491124069478444,55.58876156023981,0.9570828080177307,-3.180295705795288,2.2756507396698,0.06277285356700091,0.03491124069478444,0.02458185082287656
16.721954286423063,0.06595225989267652,55.62769705360347,0.9616456627845764,-3.180670976638794,2.2733371257781982,0.048980994085450646,0.06595225989267652,0.0635173441865362
16.759853298580172,0.015964142021519405,55.576067653667344,0.9604581594467163,-3.1783573627471924,2.2758984565734863,0.0868800062425592,0.015964142021519405,0.011887944250410953
16.65878869697879,-0.011994626065054267,55.59461503235851,0.9549035429954529,-3.181344509124756,2.275291681289673,0.01418459535882377,0.011994626065054267,0.030435322941578136
16.70204428499248,0.05198495575325222,55.5653954830892,0.9586241245269775,-3.1785223484039307,2.276623010635376,0.02907099265486579,0.05198495575325222,0.0012157736722642198
16.737294891298912,0.05501183007157146,55.50939476208426,0.9605394601821899,-3.175441265106201,2.2792108058929443,0.06432159896129974,0.05501183007157146,0.0547849473326707
16.657496083678364,0.08828878607373805,55.5446453683907,0.95766282081604,-3.1770248413085938,2.2768747806549072,0.015477208659248731,0.08828878607373805,0.019534341026236746
16.705225445598412,0.032497881958035914,55.627529713968805,0.959919273853302,-3.1809215545654297,2.2719638347625732,0.03225215326079933,0.032497881958035914,0.06335000455187156
16.739854504690374,0.018317472529222292,55.470254363045505,0.9592739939689636,-3.1752519607543945,2.2821598052978516,0.06688121235276157,0.018317472529222292,0.09392534637142802
16.722615107225263,0.013509621802823765,55.6435874887075,0.9599154591560364,-3.1826999187469482,2.2728586196899414,0.04964181488765007,0.013509621802823765,0.07940777929056964
16.658868951701535,0.03961800993862171,55.486599005729346,0.9552868604660034,-3.1763086318969727,2.2813353538513184,0.01410434063607724,0.03961800993862171,0.07758070368758752
16.69738609597853,0.03663823187888484,55.57255010624478,0.9577152132987976,-3.1797540187835693,2.275519609451294,0.024412803640917247,0.03663823187888484,0.008370396827849902
16.669025442997345,0.07520161964267337,55.53868944343445,0.9579490423202515,-3.177685022354126,2.2778265476226807,0.003947849340267595,0.07520161964267337,0.025490265982483606
16.680512113634013,0.060012154480991266,55.505276158014745,0.9579245448112488,-3.176337242126465,2.2788891792297363,0.0075388212964000445,0.060012154480991266,0.058903551402188725
16.68293853833666,0.015327011561162349,55.59161657931288,0.9569081664085388,-3.178898811340332,2.2748754024505615,0.009965245999048022,0.015327011561162349,0.027436869895943516
16.686066764976527,0.04259287348074406,55.56457927548338,0.9574953317642212,-3.178614377975464,2.2760958671569824,0.01309347263891425,0.04259287348074406,0.00039956606644864223
16.703019294496496,-0.010654283055211424,55.56574040764228,0.9564942121505737,-3.1797783374786377,2.2756783962249756,0.03004600215888331,0.010654283055211424,0.0015606982253473234
16.676243245402755,0.02516021061200063,55.54044138695656,0.9561425447463989,-3.1777796745300293,2.277998924255371,0.003269953065142772,0.02516021061200063,0.02373832246037466
16.731163088971535,-0.003439529686005622,55.652702376154885,0.9594586491584778,-3.1827757358551025,2.272083282470703,0.058189796633921986,0.003439529686005622,0.08852266673795128
16.710052681794316,-0.008045262897816647,55.515220913446285,0.9567645788192749,-3.177841901779175,2.2801051139831543,0.03707938945670364,0.008045262897816647,0.04895879597064834

Errors:
rotation,[20.663990444843115, 21.121201785567862, 19.64319603391916, 14.90970730702699, 8.692923664055463, 5.301999950665167, 3.119046807762312, 0.46277131035633284, 0.758951424736675, 0.10018759813545063, 0.04598717109198562, 0.0474994153128685, 0.1607003860944793, 0.10780765221620998, 0.18375973485306024, 0.1080705863330381, 0.1222659450846619, 0.17845059816466335, 0.11473209251448957, 0.056614544365456175, 0.08227172208038222, 0.1741183763655419, 0.12330033575922353, 0.1281000397707068, 0.17912403125341186, 0.14255921598104349, 0.13130305426228647, 0.069421432347652, 0.10463973496542457, 0.12645452717958003, 0.052729127456153886, 0.05608591218610695, 0.04226098343944206, 0.052168486137518066, 0.1501519930578789, 0.09408344832516863]
translation,[0.09908907901583852, 0.10065129493172975, 0.09819466240556896, 0.09669833596530353, 0.07331425907502087, 0.05580764746515143, 0.03964902691945493, 0.02624816470696789, 0.007770966287895753, 0.0007677601903051112, 0.00590064482601349, 0.005758437469329358, 0.006023633340943135, 0.0038927734088733956, 0.003879790853698495, 0.005141388997312646, 0.005104201692864407, 0.005027530865294061, 0.005691098880410195, 0.004995990888083668, 0.005588294235042923, 0.006099026192038615, 0.006857041386171936, 0.006016861841275478, 0.004879368310460208, 0.0041072870198570754, 0.0054611526239929375, 0.005455807529465062, 0.005729223607644052, 0.006197359574083627, 0.006687411675017074, 0.006082394013518844, 0.005637138600282476, 0.0059864640993207985, 0.004593785111421056, 0.004597235210374251]
loss,
[0.20376989245414734, 0.2231326401233673, 0.20781783759593964, 0.12211619317531586, 0.049328844994306564, 0.022837739437818527, 0.023612700402736664, 0.005140083841979504, 0.00424630381166935, 0.001530821667984128, 0.0016240400727838278, 0.0023983572609722614, 0.002412627451121807, 0.001937072491273284, 0.0024071908555924892, 0.004046828486025333, 0.0014017396606504917, 0.001436592428945005, 0.0016480206977576017, 0.002491048304364085, 0.001237312564626336, 0.0016020031180232763, 0.0014471393078565598, 0.001438194653019309, 0.0026308686938136816, 0.0016386664938181639, 0.002175740199163556, 0.00172291265334934, 0.0023077786900103092, 0.0012406751047819853, 0.0014114188961684704, 0.0016077898908406496, 0.0023645926266908646, 0.0019091706490144134, 0.0018159238388761878, 0.0023830558639019728]

2022-04-21 12:03:21.231120