2022-04-21 12:06:02.024945

reference phi, theta, psi, translation: -33.091320547511735, -0.0, 74.32085247222868, -2.1190009117126465, -3.251617431640625, 1.089412808418274

phi,theta,psi,rot_x,rot_y,rot_z,phi_err,theta_err,psi_err
-22.822884158753556,1.294954214858955,81.82337814338081,-1.5357718467712402,-3.6827800273895264,0.7731812596321106,10.268436388758179,1.294954214858955,7.502525671152128
-23.712570939661074,2.1812421839734366,80.9831829131992,-1.5592182874679565,-3.6709749698638916,0.8073772192001343,9.378749607850661,2.1812421839734366,6.662330440970521
-27.21017079474662,4.44616652880552,78.25797158530996,-1.686711072921753,-3.5925745964050293,0.9398006200790405,5.881149752765115,4.44616652880552,3.9371191130812804
-32.994642634904785,6.27146741323421,71.62271601420937,-1.904340147972107,-3.3716416358947754,1.2856982946395874,0.09667791260694969,6.27146741323421,2.698136458019306
-33.011110220993686,5.550590732790632,72.77330236103303,-1.9670817852020264,-3.36074161529541,1.2415770292282104,0.08021032651804916,5.550590732790632,1.5475501111956476
-31.09245202652916,2.441634337735746,70.81001229543706,-1.923711895942688,-3.3169445991516113,1.3541555404663086,1.998868520982576,2.441634337735746,3.5108401767916178
-30.14148820348287,0.12684129089439744,73.54306468049347,-1.9530349969863892,-3.3720781803131104,1.1641228199005127,2.9498323440288665,0.12684129089439744,0.7777877917352072
-33.39153468229047,-0.05419643534989968,74.40042417605933,-2.147764205932617,-3.262272834777832,1.0897789001464844,0.3002141347787344,0.05419643534989968,0.07957170383065204
-32.86514907843051,0.05486254436316476,74.380363910467,-2.1110193729400635,-3.270782232284546,1.0906715393066406,0.22617146908122265,0.05486254436316476,0.05951143823831728
-33.067804206199376,0.020043709434837034,74.12160902395023,-2.115863084793091,-3.25093674659729,1.1046996116638184,0.02351634131235869,0.020043709434837034,0.19924344827845175
-33.25128357787343,-0.04063261266564308,74.28673567732446,-2.1263885498046875,-3.24318265914917,1.0908435583114624,0.1599630303616948,0.04063261266564308,0.03411679490422159
-33.20224281963274,0.019930443303280972,74.35671096537125,-2.1213293075561523,-3.244215250015259,1.0852093696594238,0.1109222721210017,0.019930443303280972,0.035858493142569614
-33.13731845647718,0.04025310874114579,74.3771742121246,-2.116223096847534,-3.2458770275115967,1.0856032371520996,0.045997908965446754,0.04025310874114579,0.05632173989592104
-33.246253143549716,-0.0007871692914294716,74.3583365503937,-2.123253345489502,-3.2385952472686768,1.0851675271987915,0.15493259603798037,0.0007871692914294716,0.03748407816502208
-33.28801292013517,-0.001763177432988734,74.37638874037005,-2.1245272159576416,-3.2375690937042236,1.0832841396331787,0.19669237262343842,0.001763177432988734,0.05553626814136692
-33.17184847782618,-0.055608503807015035,74.311303867769,-2.117462396621704,-3.2398300170898438,1.0870155096054077,0.08052793031444594,0.055608503807015035,0.009548604459681087
-33.181065818111115,-0.10467048335556263,74.2824463185257,-2.1186482906341553,-3.237622022628784,1.0895106792449951,0.08974527059937998,0.10467048335556263,0.038406153702979395
-33.178781119833744,-0.05856602980958663,74.24058408910268,-2.117239475250244,-3.237064838409424,1.091808795928955,0.08746057232200855,0.05856602980958663,0.08026838312599693
-33.24707276625012,-0.032087806851392627,74.40270545924211,-2.1220133304595947,-3.237149953842163,1.0814465284347534,0.1557522187383853,0.032087806851392627,0.08185298701343413
-33.15070562725041,-0.014942156598585462,74.32788073688462,-2.1160244941711426,-3.239713191986084,1.086965799331665,0.05938507973867502,0.014942156598585462,0.007028264655943417
-33.193250875590415,-0.08079318535580657,74.36908726814731,-2.1207120418548584,-3.2398860454559326,1.0844365358352661,0.10193032807868008,0.08079318535580657,0.048234795918631335
-33.151579891464166,-0.022914468836181,74.37593794788484,-2.1174299716949463,-3.2417540550231934,1.0836478471755981,0.060259343952431266,0.022914468836181,0.05508547565615629
-33.22198548142866,-0.04361169569436306,74.33256624665525,-2.121159076690674,-3.2391457557678223,1.0872915983200073,0.13066493391692546,0.04361169569436306,0.011713774426567625
-33.10106039726817,-0.006033484415025129,74.34810492701703,-2.1140482425689697,-3.2445969581604004,1.0850180387496948,0.009739849756435603,0.006033484415025129,0.027252454788353475
-33.258287936867276,-0.08464285965174914,74.31406326419368,-2.123744487762451,-3.236646890640259,1.0876704454421997,0.16696738935554123,0.08464285965174914,0.006789208035002048
-33.191314516960716,-0.041240386563928456,74.37708541966539,-2.1204259395599365,-3.239544630050659,1.0825101137161255,0.09999396944898109,0.041240386563928456,0.05623294743671181
-33.21592710363486,-0.07598820860955724,74.32228681195438,-2.1208019256591797,-3.2369585037231445,1.0862693786621094,0.12460655612312621,0.07598820860955724,0.0014343397257050583
-33.228897632868716,-0.011412137049456567,74.3765390045318,-2.120520830154419,-3.238800048828125,1.08270263671875,0.13757708535698043,0.011412137049456567,0.05568653230311327
-33.237910067478545,-0.02320095258671938,74.32196579306338,-2.121140718460083,-3.2380564212799072,1.0866787433624268,0.1465895199668097,0.02320095258671938,0.001113320834704723
-33.28671518419287,-0.018215044453508945,74.35746911636912,-2.125260829925537,-3.236855983734131,1.0846850872039795,0.19539463668113655,0.018215044453508945,0.036616644140437415
-33.1907954225838,-0.0650808899734164,74.2835391487929,-2.1191282272338867,-3.238457679748535,1.0896238088607788,0.09947487507206176,0.0650808899734164,0.03731332343578231
-33.22394916081504,-0.007456749981685371,74.34161624730551,-2.120847225189209,-3.2383925914764404,1.0865349769592285,0.13262861330330367,0.007456749981685371,0.020763775076829916
-33.23205659535984,-0.07020599235784555,74.37069919279143,-2.1223955154418945,-3.238722801208496,1.0836519002914429,0.14073604784810811,0.07020599235784555,0.049846720562754854
-33.23207708592736,-0.07673635491444508,74.33158952960393,-2.121793746948242,-3.237642526626587,1.086209774017334,0.14075653841562286,0.07673635491444508,0.01073705737525188
-33.19400902658829,-0.06691272846967415,74.36296741865098,-2.119441032409668,-3.239093542098999,1.0839567184448242,0.10268847907655498,0.06691272846967415,0.04211494642230207
-33.19151259244665,-0.002135301797583802,74.40056077984272,-2.1183605194091797,-3.2389438152313232,1.080987811088562,0.10019204493491429,0.002135301797583802,0.07970830761404102

Errors:
rotation,[19.06591627476926, 18.222322232794617, 14.264435394651915, 9.066281783860465, 7.178351170504329, 7.9513430355099395, 3.854461426658471, 0.4339822739592861, 0.34054545168270467, 0.24280349902564746, 0.23471243793155946, 0.1667112085668523, 0.1425727576025136, 0.19320384349443193, 0.25399181819779404, 0.14568503858114207, 0.232821907657922, 0.22629498525759212, 0.26969301260321205, 0.08135550099320389, 0.23095830935311798, 0.13825928844476856, 0.18599040403785616, 0.04302578895981421, 0.2583994570422924, 0.19746730344962135, 0.2020291044583885, 0.20467575470955027, 0.1709037933882338, 0.25022632527508293, 0.20186908848126048, 0.16084913836181897, 0.2607887607687085, 0.22822995070531982, 0.21171615396853122, 0.18203565434653912]
translation,[0.03326186669987141, 0.03815556033385459, 0.04745061074822843, 0.04900565296927262, 0.056108261933290215, 0.03538377162394912, 0.035864835129163275, 0.023859673930024528, 0.01164029497678154, 0.0019625583290885373, 0.002518612287286004, 0.005877460345939944, 0.007119528857084667, 0.009401452185975323, 0.010062721382299245, 0.010961314333567174, 0.011439904681566304, 0.012007432727759948, 0.012222811222432739, 0.011826095615163013, 0.009899870211045325, 0.010336583450201609, 0.009489528651296375, 0.009453540788846304, 0.010034534076211798, 0.01084496979070515, 0.011715822962592881, 0.011343021993238445, 0.010542228372782958, 0.009871490830234642, 0.01048320686874682, 0.01046515589614927, 0.010160272187764718, 0.01065770051430981, 0.011338036056101508, 0.012827998560830167]
loss,
[0.21425819396972656, 0.17983314394950867, 0.1540975570678711, 0.12139014899730682, 0.1139739379286766, 0.0825883001089096, 0.025378389284014702, 0.008984318003058434, 0.004847228527069092, 0.0038939891383051872, 0.003855264512822032, 0.0018945735646411777, 0.0016967881238088012, 0.0028490452095866203, 0.0024057840928435326, 0.002438237424939871, 0.0015362947015091777, 0.0024670022539794445, 0.002182446653023362, 0.0034466113429516554, 0.0019968373235315084, 0.001921091927215457, 0.0021013289224356413, 0.0014389128191396594, 0.0019161829259246588, 0.002536498010158539, 0.0017635868862271309, 0.0022586858831346035, 0.0016997214406728745, 0.001982756657525897, 0.0015704849502071738, 0.002268656389787793, 0.0018523258622735739, 0.0021091836970299482, 0.0023390580900013447, 0.0019362432649359107]

2022-04-21 12:08:40.497920