2022-04-21 14:34:38.894203

reference phi, theta, psi, translation: 164.57178246643477, -4.268868188959204e-07, 11.003265705708584, 0.2046843022108078, 0.7416750192642212, 3.957021951675415

phi,theta,psi,rot_x,rot_y,rot_z,phi_err,theta_err,psi_err
174.68706040079186,1.035587752499106,3.46078983121423,-0.0498787984251976,0.24902896583080292,4.223120212554932,10.115277934357096,1.035588179385925,7.542475874494354
174.33240965832815,0.6731544672553055,3.828874275114918,-0.017316391691565514,0.2761287987232208,4.2281365394592285,9.760627191893377,0.6731548941421244,7.174391430593666
172.5635409274566,-0.5502670328179309,6.18505090903519,0.1167423352599144,0.4502977430820465,4.2266130447387695,7.991758461021817,0.550266605931112,4.818214796673394
169.8059476727123,-1.8388137570894814,10.591551294050324,0.28200000524520874,0.757088840007782,4.184516429901123,5.234165206277538,1.8388133302026624,0.4117144116582594
169.60684765840642,-0.8712988361782905,12.242063945662967,0.22461910545825958,0.8728265166282654,4.16746711730957,5.035065191971654,0.8712984092914716,1.2387982399543827
168.31762213180986,-0.8328617979335682,12.411342500278916,0.2222033441066742,0.890993058681488,4.156989097595215,3.7458396653750867,0.8328613710467493,1.4080767945703325
168.21837948316957,-1.261276808175998,11.048631822175809,0.23447155952453613,0.7854032516479492,4.175265789031982,3.646597016734802,1.261276381289179,0.04536611646722477
167.48548652484885,-2.0548751155237057,10.520632586124435,0.2984663248062134,0.7354902625083923,4.1850080490112305,2.9137040584140834,2.054874688636887,0.4826331195841487
164.42352638031048,-4.1633108442608675,11.14647684335718,0.5047181248664856,0.7218760848045349,4.166326522827148,0.14825608612429164,4.163310417374048,0.1432111376485956
163.76150346481782,-5.086652771891058,12.734917589566393,0.6091296672821045,0.799990177154541,4.112767219543457,0.8102790016169479,5.0866523450042385,1.7316518838578094
164.64437371693367,-4.761494816903414,12.089625222445683,0.5619130730628967,0.7644187211990356,4.086794853210449,0.07259125049890258,4.761494390016595,1.0863595167370992
163.79346875013348,-3.72029885530286,12.256140111768717,0.4961632192134857,0.7730369567871094,4.04705286026001,0.7783137163012839,3.7202984284160414,1.2528744060601333
164.55726148425933,-1.8933024560407459,11.088143612750686,0.33801451325416565,0.7263650298118591,4.010676383972168,0.014520982175440622,1.8933020291539269,0.08487790704210241
164.5788858631716,-0.48032386794163423,10.819407258535596,0.2355910837650299,0.7206254005432129,3.9615116119384766,0.007103396736823697,0.48032344105481534,0.18385844717298738
164.5609361260328,-0.09330527806255358,11.193867257139667,0.21594274044036865,0.7544291019439697,3.9491360187530518,0.010846340401968746,0.09330485117573468,0.19060155143108304
164.553873710431,-0.47008594453445274,11.029469726459338,0.24037694931030273,0.7366600036621094,3.95980167388916,0.01790875600377717,0.47008551764763384,0.026204020750753898
164.51289257541092,-0.32408894688880213,11.164203745574302,0.23290081322193146,0.7472676038742065,3.9529471397399902,0.05888989102385267,0.32408852000198324,0.16093803986571764
164.63934669770453,-0.25608018738013255,11.443942680768636,0.23179912567138672,0.7678203582763672,3.948072910308838,0.06756423126975619,0.25607976049331366,0.4406769750600521
164.4330476640135,-0.4104842976448247,10.849647921085827,0.23322024941444397,0.7239516973495483,3.9596335887908936,0.13873480242128267,0.4104838707580058,0.15361778462275666
164.57600352334185,-0.3497260619477306,11.082223546287578,0.23324483633041382,0.7420795559883118,3.957960605621338,0.0042210569070846304,0.3497256350609117,0.07895784057899391
164.70518972130347,-0.3096306989521119,10.969945481616323,0.2265385240316391,0.7363376617431641,3.9587411880493164,0.13340725486870042,0.30963027206529303,0.033320224092260986
164.5553490312917,-0.36136310801489396,11.025705438453015,0.23343557119369507,0.7373836040496826,3.9552292823791504,0.01643343514305684,0.36136268112807507,0.022439732744430785
164.6324755273995,-0.23152907918811955,11.163554023829505,0.22490890324115753,0.7493582367897034,3.9569694995880127,0.0606930609647236,0.23152865230130065,0.16028831812092115
164.606985261417,-0.3037906909451249,11.026097320556644,0.2277439683675766,0.7397192716598511,3.960299253463745,0.03520279498223999,0.303790264058306,0.02283161484806051
164.5619333336516,-0.32163090947872136,10.976005566957417,0.22881144285202026,0.7348881363868713,3.955155849456787,0.009849132783159575,0.32163048259190247,0.027260138751167062
164.56145522040973,-0.4196074714798017,10.984611605311633,0.23488114774227142,0.7345981597900391,3.9577560424804688,0.010327246025042314,0.4196070445929828,0.018654100396950923
164.5686815605516,-0.46479041924229386,10.804634413134504,0.23457054793834686,0.7209587693214417,3.9611427783966064,0.0031009058831728,0.46478999235547497,0.1986312925740794
164.54739869109784,-0.4112747093826892,10.886822079417268,0.23317267000675201,0.7274196743965149,3.960573673248291,0.024383775336929148,0.4112742824958703,0.116443626291316
164.5636682017008,-0.4397568359728659,10.942753644756856,0.23661158978939056,0.7312414646148682,3.9616100788116455,0.008114264733961818,0.439756409086047,0.06051206095172823
164.6102227710836,-0.3622739855576394,10.853804944969426,0.2294769138097763,0.7286441922187805,3.9642326831817627,0.0384403046488444,0.3622735586708205,0.14946076073915826
164.58959559979016,-0.2630113860847449,11.17910465702233,0.22948841750621796,0.7515293955802917,3.9611496925354004,0.017813133355389255,0.263010959197926,0.1758389513137466
164.566810088719,-0.31406169496828723,11.139562984369835,0.2316812127828598,0.7464274168014526,3.957958459854126,0.004972377715773746,0.31406126808146834,0.1362972786612513
164.52887521806875,-0.39275679099034194,11.061979719361306,0.23563960194587708,0.739824116230011,3.95780873298645,0.04290724836602067,0.39275636410352305,0.058714013652721775
164.58463688245274,-0.369323629599632,11.173770279280552,0.23534701764583588,0.7478373646736145,3.9563026428222656,0.01285441601797288,0.3693232027128131,0.1705045735719679
164.60518209147614,-0.37993021299788954,11.170671934718303,0.23563648760318756,0.7482951283454895,3.955364465713501,0.03339962504136906,0.37992978611107064,0.16740622900971935
164.56239778651516,-0.3936653562521461,10.98307481274838,0.23363696038722992,0.7349891066551208,3.959167718887329,0.009384679919605787,0.3936649293653272,0.020190892960203044

Errors:
rotation,[18.693341988237375, 17.608173516629165, 13.360239863626322, 7.48469294813846, 7.145161841217508, 5.986777830992168, 4.953239514491205, 5.451211866635119, 4.4547776411469355, 7.628583230478996, 5.920445157252597, 5.751486550777459, 1.99270091837147, 0.6712852849646265, 0.29475274300878646, 0.5141982944021649, 0.5439164508915535, 0.7643209668231219, 0.7028364578020452, 0.43290453254699024, 0.47635775102625444, 0.4002358490155627, 0.4525100313869454, 0.3618246738886065, 0.3587397541262291, 0.44858839101497605, 0.6665221908127272, 0.5521016841241154, 0.5083827347717371, 0.5501746240588232, 0.45666304386706186, 0.4553309244584934, 0.4943776261222655, 0.5526821923027538, 0.5807356401621591, 0.42324050224513604]
translation,[0.19962134480110283, 0.20605006141179416, 0.22100640405377092, 0.23066476587074103, 0.23267949487846273, 0.22607690874529585, 0.22383050905820046, 0.22848615623524626, 0.2272888984232857, 0.20276734590466816, 0.16434180532022857, 0.11885916197628266, 0.058783691857379416, 0.0022788853316937363, 0.004781943236109143, 0.0037785735213127225, 0.0014337831474389162, 0.0024121530728384855, 0.0008924152849107969, 0.0025465159616393507, 0.0018779972820706092, 0.0009843112519654085, 0.002446361113168649, 0.004093780046869888, 0.0017774599437698768, 0.0010710561430729015, 0.001916721420595735, 0.0024368528491276464, 0.004345486626951001, 0.006038766051438493, 0.007208411002950221, 0.0032564593118520335, 0.0021223563015979607, 0.002105475648551014, 0.001287025301070166, 0.002455638228099133]
loss,
[0.10274650901556015, 0.10398360341787338, 0.11128392070531845, 0.07810533046722412, 0.07376968860626221, 0.08046913892030716, 0.06690533459186554, 0.07185620069503784, 0.05696253105998039, 0.04589785262942314, 0.04462414234876633, 0.036921970546245575, 0.014486140571534634, 0.004338335711508989, 0.003747040405869484, 0.0024630208499729633, 0.0025820517912507057, 0.003091227961704135, 0.002779018133878708, 0.003572509391233325, 0.0034227098803967237, 0.003409348428249359, 0.004115262068808079, 0.0030861124396324158, 0.0026002852246165276, 0.003084880765527487, 0.0036853875499218702, 0.0029476340860128403, 0.002526411786675453, 0.0038599693216383457, 0.004247077740728855, 0.004140316043049097, 0.0038665179163217545, 0.003050853032618761, 0.003018065821379423, 0.002560825552791357]

2022-04-21 14:37:35.974802