2022-04-20 18:02:07.461375

reference phi, theta, psi, translation: 164.57178246643477, -4.268868188959204e-07, 11.003265705708584, 0.2046843022108078, 0.7416750192642212, 3.957021951675415

phi,theta,psi,rot_x,rot_y,rot_z,phi_err,theta_err,psi_err
174.68706040079186,1.035587752499106,3.46078983121423,-0.0498787984251976,0.24902896583080292,4.223120212554932,10.115277934357096,1.035588179385925,7.542475874494354
174.8935780005364,1.3635278083703581,3.4749389949667346,-0.06864339858293533,0.24768324196338654,4.206521034240723,10.321795534101625,1.3635282352571771,7.528326710741849
175.6418662052463,1.9530474311561774,4.076443019318493,-0.09663289040327072,0.29613974690437317,4.133482456207275,11.070083738811519,1.9530478580429964,6.926822686390091
177.24704262246934,1.6223235659739146,3.764988100713204,-0.10245323181152344,0.2644505202770233,4.02462911605835,12.675260156034568,1.6223239928607336,7.23827760499538
178.3757450431923,1.3182419976686706,5.706150487832454,-0.07763411104679108,0.402098685503006,4.0169172286987305,13.803962576757527,1.3182424245554896,5.29711521787613
177.3225298731763,1.8677742464524347,7.978977469537413,-0.10487785190343857,0.5635117292404175,3.990445613861084,12.750747406741539,1.8677746733392537,3.024288236171171
178.1493379325847,2.031471075369903,9.22734309697169,-0.12392421066761017,0.6453303694725037,3.957294225692749,13.577555466149931,2.031471502256722,1.7759226087368933
178.87317406006596,1.9518751856054437,9.751803441259352,-0.1231369748711586,0.6849926710128784,3.961148977279663,14.301391593631195,1.9518756124922627,1.2514622644492324
-179.77699933255542,0.9137170966099897,8.75648607729029,-0.06603661924600601,0.6108300685882568,3.9876391887664795,15.651218201009783,0.9137175234968086,2.2467796284182935
-179.67413668365504,-0.09573933403161453,9.197198910843486,0.005512029863893986,0.6418622732162476,3.9735660552978516,15.754080849910224,0.09573890714479563,1.8060667948650977
179.89561239768187,-1.0838267232512933,10.383567764955204,0.0757598727941513,0.7261807322502136,3.953657865524292,15.323829931247104,1.0838262963644743,0.6196979407533796
179.37080798261476,-0.9614259291930228,10.29719404648487,0.07295555621385574,0.7188189029693604,3.956070899963379,14.799025516179995,0.9614255023062039,0.7060716592237135
179.05320418620917,-0.35319837385095926,11.153742457086782,0.03951027989387512,0.7743924856185913,3.9221370220184326,14.481421719774403,0.35319794696414036,0.15047675137819816
179.2493535587936,-0.000516746172125326,10.353946088298505,0.00937839224934578,0.7239835262298584,3.95747971534729,14.677571092358818,0.0005163192853064301,0.6493196174100788
178.61512951322288,0.6504956449663755,9.785133910635368,-0.03037320263683796,0.6884848475456238,3.9566025733947754,14.043347046788114,0.6504960718531944,1.2181317950732158
178.2304942403028,1.2266018354899832,9.684032596767192,-0.06896281242370605,0.6776108145713806,3.95662260055542,13.65871177386802,1.2266022623768023,1.3192331089413916
177.67488567207894,1.7777685522302098,9.664805614253607,-0.09746874123811722,0.6774529218673706,3.96089243888855,13.103103205644175,1.7777689791170288,1.3384600914549765
177.51489532096056,1.5370931867627042,9.805487874362006,-0.07602494210004807,0.6885170340538025,3.961430072784424,12.943112854525793,1.5370936136495232,1.1977778313465777
177.10807559361626,1.31890546300599,9.6552177362062,-0.0599927119910717,0.6759089231491089,3.9676918983459473,12.536293127181494,1.318905889892809,1.3480479695023835
176.8048151944677,1.314742389981574,9.444437244645961,-0.05498487874865532,0.6628220081329346,3.959923267364502,12.233032728032924,1.314742816868393,1.5588284610626228
175.87010380655144,1.612040795590307,10.026978102540825,-0.061818983405828476,0.7066697478294373,3.9533157348632812,11.298321340116672,1.6120412224771261,0.9762876031677585
174.96278147720696,1.7208288553517672,10.556014673572394,-0.05528373271226883,0.7445176243782043,3.948275089263916,10.390999010772191,1.7208292822385862,0.4472510321361902
174.87643422571966,1.4776744033471938,10.6838604469094,-0.035071056336164474,0.7544737458229065,3.946640729904175,10.304651759284894,1.4776748302340128,0.31940525879918447
174.31809358182778,1.4154301535029095,11.004587347312981,-0.02315431274473667,0.7732234001159668,3.9332242012023926,9.746311115393013,1.4154305803897285,0.0013216416043970725
173.81017339438895,1.0097160968286578,11.156235476133835,0.012980084866285324,0.7787226438522339,3.9295918941497803,9.238390927954185,1.0097165237154768,0.15296977042525128
173.50396235351894,0.23562608952547795,11.337844229748951,0.07208733260631561,0.7877005338668823,3.914127826690674,8.932179887084175,0.23562651641229684,0.33457852404036714
173.4129569130177,-0.001973598352212666,10.556070168859401,0.08375553041696548,0.7315862774848938,3.9485599994659424,8.841174446582926,0.00197317146539377,0.4471955368491827
172.91521370744218,0.22552087645296617,11.344428532108843,0.0817606970667839,0.7864017486572266,3.9247899055480957,8.343431241007409,0.22552130333978507,0.3411628264002591
172.57395013575166,0.2955734348012148,12.013668396233264,0.08584462106227875,0.831865668296814,3.90771222114563,8.00216766931689,0.2955738616880337,1.0104026905246801
171.66572622143673,0.22753908084229935,12.833668464586438,0.11522848159074783,0.8870344161987305,3.8952136039733887,7.093943755001959,0.22753950772911824,1.8304027588778542
169.27682657808975,1.1635675683698163,15.00526137062123,0.11468841135501862,1.0457969903945923,3.8440866470336914,4.705044111654985,1.1635679952566353,4.001995664912647
168.02541297873836,1.2646587266858678,13.979124485569779,0.12026339769363403,0.9715337753295898,3.897199869155884,3.45363051230359,1.2646591535726868,2.975858779861195
166.6283114443906,1.3096341559341824,12.383120158628424,0.11310823261737823,0.8638702034950256,3.929248332977295,2.0565289779558213,1.3096345828210014,1.3798544529198402
165.14047767710838,0.8370891539773735,11.075816828846106,0.14441509544849396,0.7642335295677185,3.9512367248535156,0.5686952106736101,0.8370895808641924,0.07255112313752221
164.62239416818457,-0.012052116080834802,10.852003482575835,0.20303085446357727,0.7311009764671326,3.9531853199005127,0.05061170174980134,0.012051689194015907,0.15126222313274873
164.68816888989178,0.15850947346662167,11.020865395652415,0.1930200457572937,0.7457510232925415,3.9518377780914307,0.11638642345701555,0.15850990035344056,0.017599689943830654

Errors:
rotation,[18.693341988237375, 19.213650480100654, 19.949954283244608, 21.535861753890682, 20.419320219189146, 17.642810316251964, 17.384949577143544, 17.50472947057269, 18.811715352924885, 17.65588655192012, 17.02735416836496, 16.46652267770991, 14.985096418116742, 15.327407029054203, 15.911974913714523, 16.204547145186215, 16.21933227621618, 15.677984299521894, 15.203246986576687, 15.10660400596394, 13.886650165761557, 12.559079325146968, 12.101731848318092, 11.163063337387138, 10.401077222094914, 9.50238492753684, 9.290343154897503, 8.910115370747453, 9.308144221529604, 9.15188602160893, 9.870607771824266, 7.694148445737472, 4.746018013696663, 1.4783359146753248, 0.21392561407656596, 0.2924960137542868]
translation,[0.19962134480110283, 0.183236781799601, 0.11407481817162424, 0.0034801577398848593, 0.00660987496733334, 0.000272967166744742, 0.019647120266815143, 0.009303583211237587, 0.003563218631549958, 0.006051914314883611, 0.010620410208950659, 0.009621710074268819, 0.033078926798590036, 0.007960275332241196, 0.014956863695824829, 0.016309517585431088, 0.011537936486955225, 0.009591419855994765, 0.005830031256343737, 0.015739925139252264, 0.014674119552161358, 0.012890610741187913, 0.01286638397167561, 0.022555194765440767, 0.025099709153174388, 0.03787642325909246, 0.014493551313307762, 0.027494512437215235, 0.0349326364160194, 0.034530763609004644, 0.045674482810322825, 0.012857136389340162, 0.006447838399735062, 0.004072872582748133, 0.005783657197041769, 0.004911924254978217]
loss,
[0.06510613113641739, 0.05584659427404404, 0.05919894576072693, 0.03744897246360779, 0.039213091135025024, 0.034176625311374664, 0.03411230444908142, 0.031985457986593246, 0.03745877370238304, 0.03538823872804642, 0.03690405189990997, 0.03540661931037903, 0.03395211324095726, 0.03575298935174942, 0.03758895397186279, 0.034122034907341, 0.03716319054365158, 0.03479957580566406, 0.032514359802007675, 0.03800160810351372, 0.03419248014688492, 0.036271192133426666, 0.03203509747982025, 0.029662922024726868, 0.031170066446065903, 0.03636498749256134, 0.03387922793626785, 0.03246918320655823, 0.03421111777424812, 0.03051329217851162, 0.023581024259328842, 0.018263479694724083, 0.009917200542986393, 0.002793760970234871, 0.0018995341379195452, 0.001810064073652029]

2022-04-20 18:06:37.624684