2022-04-21 03:15:45.208989

reference phi, theta, psi, translation: 132.9853677440357, -8.537735924097414e-07, 76.34363348549546, 2.865516185760498, 2.6707684993743896, 0.9517420530319214

phi,theta,psi,rot_x,rot_y,rot_z,phi_err,theta_err,psi_err
143.3552887910292,-3.0579185397180266,69.36864430507845,2.3124754428863525,2.981729030609131,1.6183615922927856,10.369921046993511,3.0579176859444344,6.974989180417012
143.48455695126088,-2.9410718751117564,69.08500703941532,2.2990405559539795,2.9856362342834473,1.629389762878418,10.499189207225186,2.941071021338164,7.258626446080143
144.57791997321817,-1.1325840005248142,66.2314223060757,2.1673102378845215,3.0254602432250977,1.741523265838623,11.592552229182473,1.1325831467512217,10.11221117941976
142.3673838898569,3.6343118351410224,64.60926603857601,2.2187793254852295,3.034301519393921,1.7173973321914673,9.382016145821211,3.6343126889146147,11.73436744691945
139.43150903739698,3.887379974730663,65.4374128150617,2.3611831665039062,2.9070143699645996,1.7126773595809937,6.446141293361279,3.8873808285042553,10.906220670433754
138.80952469081893,1.8762634504632703,67.7902763803477,2.4755420684814453,2.9002294540405273,1.5664193630218506,5.8241569467832335,1.8762643042368627,8.553357105147754
138.0676841846855,1.7713921676696645,70.26124074657238,2.5618703365325928,2.9203672409057617,1.3981711864471436,5.082316440649805,1.771393021443257,6.082392738923076
135.7456657536913,1.821619077330048,73.13946197224826,2.737628698348999,2.8576061725616455,1.2003403902053833,2.7602980096555996,1.8216199311036405,3.2041715132472035
133.6413937534371,0.4251770575056762,73.8419400981949,2.8650217056274414,2.733985662460327,1.147631049156189,0.656026009401387,0.4251779112792686,2.5016933873005627
133.07343620319384,0.1747075367953495,74.61875117287879,2.886568546295166,2.70054292678833,1.0838319063186646,0.0880684591581371,0.1747083905689419,1.7248823126166712
133.35288656289575,0.26927476294762215,75.17151155221875,2.860705852508545,2.7089219093322754,1.048416256904602,0.36751881886004867,0.2692756167212146,1.1721219332767134
133.1395524343596,0.06325471632651421,75.65419419067437,2.868401288986206,2.687356948852539,1.0062172412872314,0.1541846903238877,0.06325557010010661,0.689439294821085
133.03435386076305,0.10472208309959413,76.0653579183308,2.866549253463745,2.6777005195617676,0.9741113185882568,0.04898611672734887,0.10472293687318654,0.2782755671646555
132.92501619252948,0.023096040950723144,76.41033711292981,2.8676350116729736,2.6652116775512695,0.9474343657493591,0.06035155150621563,0.023096894724315555,0.06670362743435021
133.04280963495552,0.09079226536337531,76.37533922362266,2.858822822570801,2.6716694831848145,0.9492895007133484,0.05744189091981866,0.09079311913696772,0.03170573812720079
132.91884170151977,0.008537010606201309,76.45274575748641,2.8679282665252686,2.664713144302368,0.9448109865188599,0.06652604251593175,0.008537864379793718,0.10911227199095208
133.0382743893466,0.08969333564701301,76.34305291941601,2.8617897033691406,2.671351432800293,0.952057421207428,0.05290664531091238,0.08969418942060542,0.0005805660794493406
132.93538441968954,0.07062614735503052,76.33579242832829,2.865063190460205,2.6665711402893066,0.9516798257827759,0.04998332434615804,0.07062700112862293,0.007841057167169652
132.96196751593925,0.11494625215255287,76.41457866040439,2.8635923862457275,2.668511152267456,0.9460902810096741,0.023400228096448927,0.11494710592614528,0.07094517490892827
133.0012684244235,0.030705034700965965,76.44405092667299,2.8649842739105225,2.6690661907196045,0.9448527097702026,0.015900680387801458,0.030705888474558376,0.10041744117752671
133.04929831466703,-0.010731741580292482,76.42761749152994,2.8625359535217285,2.671596050262451,0.9448145627975464,0.06393057063132801,0.010730887806700073,0.08398400603448408
133.00897287780728,0.036804223466509085,76.36062016596128,2.8629026412963867,2.668992757797241,0.9501691460609436,0.023605133771582132,0.03680507724010149,0.01698668046581986
132.97066917694184,0.07656450152810411,76.3506617501514,2.8633346557617188,2.667846441268921,0.9508863687515259,0.014698567093859083,0.07656535530169652,0.007028264655943417
133.04134797447313,0.010145847291354487,76.36117341128406,2.861344814300537,2.6723275184631348,0.9512391686439514,0.05598023043742728,0.010146701064946896,0.01753992578859709
133.0516478997415,-0.04706775093928338,76.33939876821006,2.862032890319824,2.670701026916504,0.9522597789764404,0.0662801557058117,0.04706689716569097,0.00423471728539937
133.0092187646174,0.03692533086888356,76.41201050927646,2.8630967140197754,2.6712608337402344,0.9469419717788696,0.023851020581702187,0.03692618464247597,0.06837702378099664
132.92556260766307,0.007093316654626501,76.37097473274302,2.8678202629089355,2.665642499923706,0.9503897428512573,0.059805136372631296,0.007094170428218911,0.027341247247562706
133.01970993518253,0.033130400387603155,76.36756646834719,2.8621785640716553,2.6698341369628906,0.9498293399810791,0.03434219114683401,0.03313125416119556,0.02393298285173273
133.02252397312057,0.031586417586167294,76.36462948700408,2.861793279647827,2.6688168048858643,0.9499313831329346,0.037156229084871484,0.0315872713597597,0.02099600150862102
132.98244442307094,0.013056442772657889,76.4139844339466,2.8641374111175537,2.6673314571380615,0.9471495151519775,0.002923320964754339,0.013057296546250298,0.07035094845113576
133.06880533493657,0.08246201864744455,76.42903134068813,2.8609530925750732,2.6730263233184814,0.9450989961624146,0.08343759090087133,0.08246287242103696,0.0853978551926673
132.97285483747623,0.00020687527461720975,76.37622714821477,2.8648033142089844,2.6676268577575684,0.9494123458862305,0.01251290655946491,0.00020772904820961949,0.032593662719307304
132.99938329221257,0.038918465360958936,76.38559816775602,2.8630192279815674,2.6686055660247803,0.9484946727752686,0.014015548176871562,0.03891931913455134,0.04196468226055572
132.9685791390558,0.07730726258209258,76.4306569257106,2.8655178546905518,2.669282913208008,0.9454870820045471,0.016788604979893762,0.07730811635568499,0.08702344021513397
132.97023204483494,0.007100151163119388,76.36398061903293,2.8655991554260254,2.6686787605285645,0.9500973224639893,0.01513569920075497,0.007101004936711798,0.020347133537470086
133.0264581620825,0.11846002457006251,76.36013522253022,2.8599112033843994,2.67134428024292,0.950486421585083,0.041090418046792365,0.11846087834365492,0.016501737034758435

Errors:
rotation,[20.402827913354958, 20.698886674643493, 22.837346555353456, 24.750696281655276, 21.23974279229929, 16.25377835616785, 12.936102201016137, 7.786089454006444, 3.5828973079812183, 1.9876591623437503, 1.8089163688579766, 0.9068795552450793, 0.43198462076519095, 0.1501520736648814, 0.17994074818398717, 0.18417617888667753, 0.14318140081096714, 0.1284513826419506, 0.20929250893152246, 0.14702401003988655, 0.15864546447251215, 0.07739689147750348, 0.09829218705149902, 0.08366685729097126, 0.11758177015690204, 0.1291542290051748, 0.09424055404841292, 0.0914064281597623, 0.0897395019532522, 0.0863315659621404, 0.25129831851457557, 0.04531429832698183, 0.09489954957197863, 0.18112016155071273, 0.042583837674936856, 0.17605303342520573]
translation,[0.07464079787699607, 0.07429703203641314, 0.07783039872852537, 0.1015966999293969, 0.08702385497356424, 0.09116523336190419, 0.09762478502192806, 0.10424784966448275, 0.09198689796316728, 0.06763939741671532, 0.04576604795621453, 0.026220770156368367, 0.010662465284931422, 0.0031870423483590926, 0.00473644529162609, 0.0039243647781779245, 0.002187103203683982, 0.0031165977292264557, 0.00419460340649902, 0.0031274416777211655, 0.0031999055975271418, 0.0034055771115806266, 0.003688676202745711, 0.0020490604980851757, 0.0023977334948472873, 0.0025241516418450516, 0.0020739803039919735, 0.0034427017577867147, 0.004366747716335162, 0.0043395708969820035, 0.0033088543040618035, 0.0031374937600325836, 0.003973974248184575, 0.0024554764768058845, 0.0017133526188786163, 0.003897012293628599]
loss,
[0.11300593614578247, 0.11142586171627045, 0.08374663442373276, 0.06387977302074432, 0.04646507650613785, 0.036722492426633835, 0.032513488084077835, 0.020206868648529053, 0.01480305939912796, 0.011944408528506756, 0.010907616466283798, 0.0032342325430363417, 0.0021507320925593376, 0.001693836646154523, 0.002449639840051532, 0.0011964335571974516, 0.0023277250584214926, 0.0015437919646501541, 0.0017425364349037409, 0.002026440342888236, 0.0020886948332190514, 0.0016021635383367538, 0.0012422892032191157, 0.001715020276606083, 0.0018721583765000105, 0.0018855644157156348, 0.002007195260375738, 0.0014966025482863188, 0.0012954124249517918, 0.0017737753223627806, 0.0015968948137015104, 0.001725651673041284, 0.0013032462447881699, 0.0020943572744727135, 0.0014220683369785547, 0.0015132649568840861]

2022-04-21 03:20:28.336189