2022-04-27 12:53:36.844942

reference phi, theta, psi, translation: 164.57178246643477, -4.268868188959204e-07, 11.003265705708584, 0.2046843022108078, 0.7416750192642212, 3.957021951675415

phi,theta,psi,rot_x,rot_y,rot_z,phi_err,theta_err,psi_err
174.68706040079186,1.035587752499106,3.46078983121423,-0.0498787984251976,0.24902896583080292,4.223120212554932,10.115277934357096,1.035588179385925,7.542475874494354
175.31464550248933,1.3366078284277445,3.5858821845420747,-0.06995850801467896,0.2589800953865051,4.216585159301758,10.742863036054558,1.3366082553145635,7.417383521166509
176.4976889082489,3.104587456002005,4.4792384845811855,-0.1827770173549652,0.3089534640312195,4.167217254638672,11.925906441814135,3.104587882888824,6.524027221127398
175.9191309044138,3.2343497612155314,4.374821967644615,-0.1953551322221756,0.3123875856399536,4.1453328132629395,11.347348437979036,3.23435018810235,6.628443738063969
176.84780440510374,3.3813865927047737,5.299286791145372,-0.21825750172138214,0.3729076087474823,4.067322731018066,12.276021938668976,3.3813870195915925,5.703978914563212
178.58519962427988,2.5229784099735806,6.156216411680335,-0.16840851306915283,0.426261305809021,3.984264373779297,14.013417157845112,2.5229788368603994,4.847049294028249
178.05678886933103,1.8920105428834668,5.547970563730951,-0.1236364021897316,0.38520270586013794,4.002470970153809,13.48500640289626,1.8920109697702858,5.455295141977633
178.42917078288013,1.3586844711293595,5.990025956342877,-0.08224018663167953,0.4155502915382385,4.018161296844482,13.857388316445366,1.3586848980161785,5.013239749365707
179.44516142191952,1.2408402810356207,5.772848138851274,-0.08016166090965271,0.3970392048358917,4.009886741638184,14.873378955484753,1.2408407079224397,5.23041756685731
-179.7763163136384,1.387879096495203,6.892891587253938,-0.101253442466259,0.4618851840496063,3.965249538421631,15.651901219926799,1.387879523382022,4.110374118454646
179.49940678430775,2.1503697909873174,7.133003045544328,-0.14530794322490692,0.49638426303863525,3.956270694732666,14.927624317872983,2.150370217874136,3.870262660164256
178.25136729840634,2.590070322895677,7.599099423374229,-0.1659538894891739,0.5251566767692566,3.975846529006958,13.679584831971567,2.590070749782496,3.404166282334355
178.26782805430608,2.5603392266279723,7.093708540362421,-0.1671648472547531,0.4961812198162079,3.981546401977539,13.69604558787131,2.560339653514791,3.909557165346163
178.83398243460843,1.8452136606773608,6.556617895638937,-0.11977989971637726,0.4533303380012512,3.9999375343322754,14.262199968173661,1.8452140875641798,4.4466478100696465
178.99882222003754,1.8318851010249144,6.502018217187502,-0.1245759129524231,0.4495939016342163,3.9853057861328125,14.42703975360277,1.8318855279117334,4.501247488521082
178.58603290735863,2.244047467190917,6.45770949938116,-0.14766277372837067,0.4479046165943146,3.993630886077881,14.01425044092386,2.244047894077736,4.545556206327424
178.61334000366034,2.5425627464316882,6.707291441842596,-0.1709558069705963,0.462485134601593,3.9917633533477783,14.041557537225572,2.542563173318507,4.295974263865988
179.10727196367898,2.436833029066325,7.073436965792646,-0.16374127566814423,0.48574137687683105,3.9746172428131104,14.535489497244214,2.4368334559531437,3.929828739915938
179.15501498597737,2.62794750676749,6.3215949282802075,-0.17932353913784027,0.43851494789123535,3.9988088607788086,14.583232519542605,2.627947933654309,4.681670777428376
179.30525182696098,2.577921984120727,6.760153264037086,-0.17756052315235138,0.46598461270332336,3.990758180618286,14.733469360526215,2.577922411007546,4.243112441671498
179.70111593087657,1.96737843023666,7.3958671446204995,-0.13638663291931152,0.5070268511772156,3.9818015098571777,15.1293334644418,1.967378857123479,3.6073985610880843
179.9950053104839,1.6979739152613218,7.126056316271601,-0.12028378993272781,0.49017593264579773,3.9836063385009766,15.423222844049121,1.6979743421481408,3.877209389436983
-179.75921351995672,1.902489006370666,7.089083648520676,-0.13744379580020905,0.4841628670692444,3.9764716625213623,15.669004013608514,1.902489433257485,3.914182057187908
179.75670001034214,1.9014797450193999,7.111172053409675,-0.1332227885723114,0.48599541187286377,3.9869046211242676,15.184917543907375,1.9014801719062189,3.892093652298909
179.22980555738903,1.991212936281426,7.206327687605353,-0.1327345371246338,0.49803826212882996,3.9883737564086914,14.65802309095426,1.991213363168245,3.796938018103231
179.18820970534364,2.2778665638903317,7.548696896167766,-0.15388469398021698,0.5190852880477905,3.9744184017181396,14.61642723890887,2.2778669907771505,3.4545688095408176
179.72570461188863,1.8117458203162173,7.641169973566923,-0.12750545144081116,0.5273739695549011,3.9734573364257812,15.153922145453862,1.8117462472030363,3.362095732141661
179.819004995951,1.3604002754540379,7.038733201506635,-0.09383292496204376,0.49080690741539,3.995696783065796,15.247222529516222,1.3604007023408569,3.964532504201949
179.77357057759207,1.3942918267042046,6.764001648747565,-0.09452544897794724,0.4719935655593872,4.000269889831543,15.201788111157299,1.3942922535910236,4.2392640569610185
179.43469757211105,1.7908576704496195,6.524307685770192,-0.12265009433031082,0.45493489503860474,4.003633499145508,14.86291510567628,1.7908580973364385,4.478958019938392
179.19122864895678,2.02621531544349,6.201165886608188,-0.13616302609443665,0.43031996488571167,4.018215656280518,14.619446182522012,2.026215742330309,4.802099819100396
179.39691296562256,2.1651936035222534,6.287249322038798,-0.14831557869911194,0.4363027513027191,4.003501892089844,14.825130499187793,2.165194030409072,4.7160163836697855
179.48623817958799,2.190419802359671,6.311793606821239,-0.15145601332187653,0.4358372688293457,3.993812322616577,14.914455713153217,2.19042022924649,4.691472098887345
179.29026639192196,2.2553064884274203,6.039859870300936,-0.1550178825855255,0.4184711277484894,4.004824161529541,14.718483925487192,2.255306915314239,4.963405835407648
179.34709356581646,2.2615978258889586,6.038934379668399,-0.15620693564414978,0.4167085289955139,4.000114440917969,14.775311099381696,2.2615982527757774,4.964331326040185
179.12579543670807,2.2359485877783567,6.0976748603041555,-0.15168148279190063,0.4238226115703583,4.007304668426514,14.554012970273305,2.2359490146651755,4.905590845404428

Errors:
rotation,[18.693341988237375, 19.49685481253563, 21.554521545830358, 21.210142364145355, 21.36138787282378, 21.38344528873376, 20.83231251464418, 20.22931296382725, 21.344637230264503, 21.15015486176347, 20.948257195911374, 19.673821864088417, 20.165942406732263, 20.554061865807487, 20.760172770035584, 20.803854541329017, 20.880094974410063, 20.902151693113293, 21.89285123062529, 21.554504213205256, 20.70411088265336, 20.99840657563424, 21.48567550405391, 20.9784913681125, 20.446174472225735, 20.348863039226835, 20.32776412479856, 20.572155736059027, 20.83534442170934, 21.13273122295111, 21.447761743952714, 21.70634091326665, 21.796348041287054, 21.93719667620908, 22.001240678197657, 21.69555283034291]
translation,[0.19962134480110283, 0.19398118994498237, 0.15152089557116977, 0.1305454923768563, 0.05908021499057803, 0.020589944578703445, 0.008264132684806746, 0.009299998659167308, 0.0008363935648425525, 0.03778517956281657, 0.0411928692199961, 0.017317016580856937, 0.015303751314273306, 0.003802754415925591, 0.018608990001875547, 0.009747237040603984, 0.0090283242521485, 0.02359373457387015, 0.004352946352379483, 0.00933573780632102, 0.014859388374391713, 0.015676238110834184, 0.022933377526366705, 0.012503725347821515, 0.009588675989031792, 0.02000291694945311, 0.020799221159553127, 0.004307721328864922, 0.0020009344798621598, 0.00013516781354372398, 0.01235631535408821, 0.001192797993830652, 0.010752064204745615, 0.001517854494618831, 0.0063354730092921585, 0.0013794469832921763]
loss,
[0.04968734830617905, 0.0518542155623436, 0.045125603675842285, 0.037721361964941025, 0.03372569382190704, 0.03215126320719719, 0.03691255673766136, 0.03438660502433777, 0.03555012866854668, 0.029338374733924866, 0.03387891873717308, 0.029703985899686813, 0.03647154942154884, 0.03343971446156502, 0.03578903526067734, 0.03423919528722763, 0.041674643754959106, 0.034114204347133636, 0.03622305020689964, 0.03174887225031853, 0.028614258393645287, 0.030852874740958214, 0.0340079665184021, 0.03556865081191063, 0.031357333064079285, 0.02719341777265072, 0.028300505131483078, 0.03599192202091217, 0.03508839011192322, 0.030586078763008118, 0.033790361136198044, 0.03407824784517288, 0.03084985911846161, 0.02825702354311943, 0.03437343239784241, 0.027257055044174194]

2022-04-27 12:56:13.698629