2022-04-27 12:58:56.996340

reference phi, theta, psi, translation: -86.91639066027085, -0.0, 34.793557367935236, -2.296917200088501, -0.12373751401901245, 3.3104169368743896

phi,theta,psi,rot_x,rot_y,rot_z,phi_err,theta_err,psi_err
-76.53055527251121,6.8177051513072,38.18892636661862,-2.336111545562744,-0.9462913274765015,3.345968008041382,10.385835387759641,6.8177051513072,3.395368998683381
-76.26107698899752,6.306841553025184,38.02092420360381,-2.3411145210266113,-0.9399958848953247,3.343334197998047,10.655313671273333,6.306841553025184,3.227366835668576
-74.71826702908587,5.052830099451472,39.24146534790675,-2.437113046646118,-0.9878815412521362,3.2491111755371094,12.198123631184984,5.052830099451472,4.447907979971511
-75.39800062509637,4.936444146409125,40.23140223035713,-2.5224356651306152,-0.9538697004318237,3.182245969772339,11.518390035174477,4.936444146409125,5.437844862421898
-76.9914017961903,4.802336606821062,40.405578884381626,-2.553375005722046,-0.8632002472877502,3.172018527984619,9.924988864080547,4.802336606821062,5.61202151644639
-77.48650171855702,4.649933436834264,41.50485685016016,-2.6162612438201904,-0.8443155288696289,3.1075751781463623,9.429888941713827,4.649933436834264,6.7112994822249235
-78.5722832305356,4.800862114305028,42.291315567046695,-2.688716411590576,-0.7967990040779114,3.037909984588623,8.344107429735246,4.800862114305028,7.497758199111459
-81.3994283015981,5.744012660841444,40.96977641548678,-2.6384127140045166,-0.6997043490409851,3.103398084640503,5.5169623586727425,5.744012660841444,6.176219047551541
-82.94171233694367,3.960920844516624,40.18381630240965,-2.6289288997650146,-0.5441402196884155,3.13748836517334,3.9746783233271827,3.960920844516624,5.390258934474417
-83.97559124141934,2.3756995452070804,39.80758899235784,-2.617344856262207,-0.40359461307525635,3.1587576866149902,2.940799418851512,2.3756995452070804,5.014031624422607
-85.24985865373358,1.9570394364209975,38.851130282124274,-2.5638279914855957,-0.3241320252418518,3.1959116458892822,1.6665320065372669,1.9570394364209975,4.057572914189038
-86.1342178870885,1.026985478376501,37.93408517849627,-2.508521795272827,-0.22606204450130463,3.224368095397949,0.7821727731823529,1.026985478376501,3.140527810561032
-86.95511100267565,0.04990454927953471,36.372987387081906,-2.410207986831665,-0.13486023247241974,3.2758238315582275,0.038720342404801045,0.04990454927953471,1.5794300191466704
-86.97519175883549,-0.07347851676177516,34.67078130250967,-2.2973437309265137,-0.11779455840587616,3.3272337913513184,0.05880109856464344,0.07347851676177516,0.12277606542556896
-87.03235361199933,-0.2421511852443881,35.07054202934676,-2.3090147972106934,-0.10578295588493347,3.2975213527679443,0.11596295172847704,0.2421511852443881,0.2769846614115252
-86.83940759813564,-0.1005339073886876,34.77965451787967,-2.289167881011963,-0.12132325768470764,3.3040850162506104,0.07698306213521278,0.1005339073886876,0.013902850055565352
-86.869754128618,-0.07079998555264631,34.76023287497474,-2.288184881210327,-0.1227450966835022,3.3023245334625244,0.04663653165285098,0.07079998555264631,0.03332449296049589
-87.26419072299707,0.03044810333567592,34.760499252352375,-2.289844274520874,-0.11233381927013397,3.302539587020874,0.3478000627262219,0.03044810333567592,0.03305811558286109
-87.00164508149095,-0.11835724095266853,34.742399251051836,-2.2872602939605713,-0.11352019757032394,3.3053863048553467,0.08525442122009963,0.11835724095266853,0.051158116883399885
-87.07960486067748,-0.1680826131917546,34.682935624137706,-2.283282995223999,-0.10857416689395905,3.304070234298706,0.16321420040662815,0.1680826131917546,0.11062174379753031
-86.87814160091878,-0.07378819147532073,34.89573358282404,-2.2967958450317383,-0.12086562812328339,3.298917055130005,0.03824905935206857,0.07378819147532073,0.10217621488880724
-86.86583360003442,0.09923308004092876,34.86764442986237,-2.293567657470703,-0.13189445436000824,3.299609422683716,0.0505570602364287,0.09923308004092876,0.07408706192713055
-87.03233995162098,-0.07775001733368007,34.84389244702364,-2.292675256729126,-0.11792434751987457,3.3002262115478516,0.11594929135013388,0.07775001733368007,0.05033507908840562
-86.95607405934862,-0.11089025628238516,34.868190844995965,-2.2969865798950195,-0.11644427478313446,3.3022003173828125,0.03968339907777363,0.11089025628238516,0.07463347706072909
-87.00751904417716,-0.10829698365251195,34.72397823086032,-2.2870326042175293,-0.11370789259672165,3.30521559715271,0.09112838390630884,0.10829698365251195,0.0695791370749177
-86.94636836053803,0.01715853241969621,34.790992631901894,-2.2914021015167236,-0.12517887353897095,3.303105592727661,0.029977700267181717,0.01715853241969621,0.0025647360333422853
-86.97816972131362,-0.06813845936660867,34.85960529720926,-2.2954750061035156,-0.11861101537942886,3.3017539978027344,0.06177906104277042,0.06813845936660867,0.06604792927402059
-86.91456699976246,-0.07482827504321551,34.75513072366474,-2.289669990539551,-0.12060080468654633,3.3046460151672363,0.001823660508392777,0.07482827504321551,0.03842664427049414
-87.00674040261178,-0.024056457550644256,34.79556544355122,-2.290489673614502,-0.1189996525645256,3.302774429321289,0.0903497423409334,0.024056457550644256,0.0020080756159828184
-87.03665663117644,-0.11490781560724567,34.806107840535134,-2.291735887527466,-0.11282220482826233,3.3016786575317383,0.12026597090559221,0.11490781560724567,0.012550472599897944
-86.92953877442312,0.021231249048500666,34.78248904638523,-2.290179491043091,-0.12475045025348663,3.3035778999328613,0.013148114152272683,0.021231249048500666,0.011068321550006033
-87.0176891958513,-0.05438961672888008,34.77182029090167,-2.290994167327881,-0.11712464690208435,3.3050215244293213,0.10129853558045454,0.05438961672888008,0.021737077033563423
-87.09131180491488,0.0018081576573473349,34.81200912397802,-2.2922439575195312,-0.11716447025537491,3.3028461933135986,0.1749211446440313,0.0018081576573473349,0.01845175604278637
-86.91795477359078,-0.07446931776799509,34.9105482631338,-2.2982938289642334,-0.11966532468795776,3.2989015579223633,0.001564113319929561,0.07446931776799509,0.11699089519856187
-86.95092409671443,-0.07871913731747054,34.75251134611804,-2.2885286808013916,-0.11809507012367249,3.303837537765503,0.03453343644358142,0.07871913731747054,0.041046021817194855
-86.85443401430966,-0.09439720981406584,34.848922881347356,-2.294605016708374,-0.12087647616863251,3.301867723464966,0.06195664596118888,0.09439720981406584,0.05536551341212004

Errors:
rotation,[20.598909537750224, 20.189522059967093, 21.698861710607968, 21.892679044005497, 20.339346987347998, 20.791121860773014, 20.64272774315173, 17.43719406706573, 13.325858102318223, 10.3305305884812, 7.681144357147302, 4.949686062119886, 1.668054910831006, 0.2550556807519876, 0.6350987983843903, 0.19141981957946574, 0.1507610101659932, 0.4113062816447589, 0.25476977905616804, 0.44191855739591307, 0.21421346571619654, 0.223877202204488, 0.24403438777221959, 0.22520713242088788, 0.2690045046337385, 0.049700968720220215, 0.19596544968339968, 0.11507857982210243, 0.11641427550756048, 0.24772425911273582, 0.045447684750779385, 0.17742522934289806, 0.19518105834416502, 0.19302432628648653, 0.15429859557824682, 0.21171936918737477]
translation,[0.1579505536533441, 0.15722320459238048, 0.14884163821923924, 0.14011058356767236, 0.13138722068641595, 0.11793309294677634, 0.10323707236447799, 0.10189515282846795, 0.09817967457151067, 0.09090132237995707, 0.07887439808373475, 0.060366618842484066, 0.038061672645969935, 0.013886402251465313, 0.004171393996293737, 0.009687985328158177, 0.01165081835969417, 0.010833671098160025, 0.009931885780970262, 0.013411884808981256, 0.009595149585306828, 0.010523049638994308, 0.010959830530831383, 0.006922907638228892, 0.01019641157304818, 0.009102021267921145, 0.008088525604053487, 0.00896296352263537, 0.010081386171576945, 0.010449293155234685, 0.00942378497089802, 0.008003243251459402, 0.009076791202558887, 0.008788024540316464, 0.010351268793896473, 0.008424078138736135]
loss,
[0.0695863664150238, 0.05992087721824646, 0.04576355963945389, 0.040431346744298935, 0.04085575044155121, 0.04163616523146629, 0.04229019209742546, 0.03234437480568886, 0.027207737788558006, 0.022170020267367363, 0.01788346841931343, 0.011505715548992157, 0.007596385665237904, 0.00318209920078516, 0.0024509644135832787, 0.0015330619644373655, 0.0018249633722007275, 0.0030092205852270126, 0.0023589811753481627, 0.0022479549515992403, 0.0020345658995211124, 0.0018304772675037384, 0.0021682423539459705, 0.0014036542270332575, 0.0019732487853616476, 0.0015525937778875232, 0.0015449029160663486, 0.0015538636362180114, 0.0016631502658128738, 0.0010568469297140837, 0.001469725277274847, 0.0016505448147654533, 0.0018682889640331268, 0.0011584714520722628, 0.0017500434769317508, 0.0017305230721831322]

2022-04-27 13:01:33.024822