2022-04-19 13:07:34.377902

reference phi, theta, psi, translation: -33.091320547511735, -0.0, 74.32085247222868, -2.1190009117126465, -3.251617431640625, 1.089412808418274

phi,theta,psi,rot_x,rot_y,rot_z,phi_err,theta_err,psi_err
-22.822884158753556,1.294954214858955,81.82337814338081,-1.5357718467712402,-3.6827800273895264,0.7731812596321106,10.268436388758179,1.294954214858955,7.502525671152128
-22.997110331649534,1.7916118175357756,82.02166536517544,-1.537361979484558,-3.6884472370147705,0.7615527510643005,10.094210215862201,1.7916118175357756,7.700812892946757
-23.796256124919363,3.7447473433524063,82.59572227434751,-1.543691635131836,-3.69734525680542,0.7293610572814941,9.295064422592372,3.7447473433524063,8.274869802118829
-25.2685068156102,5.6316457532199315,82.10487755983371,-1.584745168685913,-3.65785551071167,0.7540068626403809,7.822813731901537,5.6316457532199315,7.7840250876050305
-26.549042634035235,6.986052006590917,81.67086001921442,-1.6423827409744263,-3.6222119331359863,0.7670466303825378,6.5422779134765,6.986052006590917,7.350007546985736
-28.095967782921818,11.491184671301653,82.36469112567183,-1.703954815864563,-3.6093132495880127,0.6591352224349976,4.995352764589917,11.491184671301653,8.043838653443146
-28.635211217894327,13.424740903865015,81.64359390404773,-1.7389219999313354,-3.570181131362915,0.6964173316955566,4.456109329617409,13.424740903865015,7.322741431819054
-29.636675752116396,15.76109501748169,80.080211414356,-1.7667169570922852,-3.5439863204956055,0.7586442828178406,3.454644795395339,15.76109501748169,5.759358942127321
-29.540284707454592,14.949176955170374,78.40202710509469,-1.7298465967178345,-3.5117108821868896,0.8687675595283508,3.5510358400571427,14.949176955170374,4.081174632866009
-30.25890598550456,13.568592985113991,78.36852502721578,-1.81126070022583,-3.490619659423828,0.8701087832450867,2.832414562007177,13.568592985113991,4.047672554987102
-30.502784720009036,11.832876015977273,77.8910265023402,-1.859879970550537,-3.466522216796875,0.9137373566627502,2.5885358275026995,11.832876015977273,3.5701740301115166
-31.758088112092754,11.753240036974116,76.73588441934012,-1.9098347425460815,-3.418590784072876,0.9913578033447266,1.3332324354189815,11.753240036974116,2.4150319471114443
-32.799473394466254,12.620986739772032,75.86621009270074,-1.927887201309204,-3.386460065841675,1.0360298156738281,0.2918471530454809,12.620986739772032,1.5453576204720605
-32.485171994524364,11.248541029727837,76.47275821175455,-1.9501452445983887,-3.3812851905822754,1.0157268047332764,0.6061485529873707,11.248541029727837,2.1519057395258727
-33.004464446931266,11.0987860887382,75.8380902038878,-1.970212697982788,-3.364001750946045,1.0546488761901855,0.08685610058046933,11.0987860887382,1.5172377316591223
-34.11121805475638,11.435099751019777,75.50849259529966,-2.0289387702941895,-3.3340885639190674,1.0654845237731934,1.019897507244643,11.435099751019777,1.1876401230709774
-34.570579012291,10.527968895806605,75.8845764713789,-2.082303762435913,-3.303797483444214,1.0451700687408447,1.4792584647792637,10.527968895806605,1.563723999150227
-35.73963419063038,10.228981282104996,75.38513937888924,-2.145954132080078,-3.252351999282837,1.081121563911438,2.648313643118648,10.228981282104996,1.0642869066605556
-36.51050300073636,10.60194502656406,74.68770876273923,-2.1665117740631104,-3.2190051078796387,1.127630591392517,3.4191824532246216,10.60194502656406,0.3668562905105546
-36.678979861898476,10.2876017975294,74.76251299452922,-2.185840129852295,-3.208867073059082,1.1208882331848145,3.587659314386741,10.2876017975294,0.44166052230053765
-36.15326703167177,9.631173920796543,75.22631015992975,-2.1858882904052734,-3.223287343978882,1.093245267868042,3.061946484160032,9.631173920796543,0.9054576877010732
-36.56160306101181,10.225468025224503,74.99695240760073,-2.1858785152435303,-3.2117879390716553,1.1074894666671753,3.4702825135000737,10.225468025224503,0.6760999353720507
-35.688079922775124,9.750072246083928,75.20954887570655,-2.13716197013855,-3.239107370376587,1.0998046398162842,2.596759375263389,9.750072246083928,0.8886964034778657
-36.02275577701116,10.27134243805533,74.73405842644694,-2.144721031188965,-3.2169010639190674,1.126484990119934,2.931435229499428,10.27134243805533,0.413205954218256
-35.98317483077094,9.965497663217251,74.6459421559646,-2.1434836387634277,-3.212378978729248,1.1367496252059937,2.8918542832592067,9.965497663217251,0.32508968373592495
-36.8538566103129,10.20395974635461,74.17558800896084,-2.1730904579162598,-3.178921937942505,1.1579571962356567,3.7625360628011677,10.20395974635461,0.1452644632678357
-37.67929180169811,10.423832981457268,74.39620994934143,-2.213124990463257,-3.1532483100891113,1.1378920078277588,4.587971254186378,10.423832981457268,0.0753574771127461
-37.1776553882957,9.53829194006611,74.65630355293551,-2.206132650375366,-3.158946990966797,1.1248427629470825,4.086334840783962,9.53829194006611,0.33545108070683227
-36.59392010106973,8.93299563498433,74.64198747643516,-2.1835289001464844,-3.164208173751831,1.1355228424072266,3.5025995535579924,8.93299563498433,0.3211350042064822
-36.78834826598331,9.136748303638955,74.1141914385116,-2.174750804901123,-3.1552133560180664,1.1632158756256104,3.697027718471574,9.136748303638955,0.2066610337170829
-36.94325354126461,9.382778833518682,73.7951533023803,-2.1677908897399902,-3.1468656063079834,1.1820383071899414,3.8519329937528752,9.382778833518682,0.5256991698483802
-37.00819497989309,9.38059350699429,73.92377942482999,-2.166505813598633,-3.1493875980377197,1.1771833896636963,3.9168744323813556,9.38059350699429,0.39707304739869187
-37.67860536768652,9.351839592179989,74.09937675820184,-2.207059144973755,-3.123565435409546,1.1632927656173706,4.587284820174787,9.351839592179989,0.22147571402683752
-38.103630964263495,9.410209740679814,74.1942071046383,-2.2361464500427246,-3.1076886653900146,1.1524900197982788,5.01231041675176,9.410209740679814,0.1266453675903847
-37.914994799766085,9.184695020563057,74.47389652096115,-2.2379379272460938,-3.114393472671509,1.1380853652954102,4.823674252254349,9.184695020563057,0.15304404873246824
-38.32813928228181,9.253110027905414,74.22697835227602,-2.2517623901367188,-3.095325469970703,1.152873158454895,5.236818734770075,9.253110027905414,0.09387411995265893

Errors:
rotation,[19.06591627476926, 19.586634926344736, 21.314681568063605, 21.2384845727265, 20.878337467053154, 24.530376089334716, 25.203591665301477, 24.97509875500435, 22.581387428093528, 20.44868010210827, 17.99158587359149, 15.501504419504542, 14.458191513289574, 14.00659532224108, 12.702879920977791, 13.642637381335398, 13.570951359736096, 13.9415818318842, 14.387983770299236, 14.316921634216678, 13.598578092657648, 14.371850474096627, 13.235528024825182, 13.615983621773013, 13.182441630212383, 14.111760272423613, 15.087161712756393, 13.960077861556904, 12.756730192748805, 13.040437055827612, 13.760410997119937, 13.694540986774337, 14.160600126381613, 14.549165525021959, 14.161413321549874, 14.583802882628149]
translation,[0.03326186669987141, 0.03680504941862228, 0.04137800745772946, 0.02594513014449351, 0.019327869454231816, 0.014246551340868052, 0.0006249724507050303, 0.0008269714968109909, 0.021236282876182955, 0.0034522270254653264, 0.007539803355651742, 0.008304369776641174, 0.0010191346020453906, 0.0022141441944629747, 0.00750072671994495, 0.01460904364888993, 0.011573957806380264, 0.012599040060667477, 0.00957859449010634, 0.01004847184402724, 0.013975955063110668, 0.008695195379422316, 0.0023370096597767898, 0.004064417505847295, 0.005448872991331122, 0.010092857892451512, 0.01420289761619653, 0.01724826357859488, 0.02246040402444205, 0.026383874417517106, 0.03121712501196816, 0.031360209415482565, 0.03350206399674027, 0.03284024167047894, 0.030747626965349717, 0.03355597272539512]
loss,
[0.23497144877910614, 0.2303585261106491, 0.19874875247478485, 0.21307538449764252, 0.1944475769996643, 0.16042441129684448, 0.18076065182685852, 0.16254916787147522, 0.14410540461540222, 0.15855571627616882, 0.14406217634677887, 0.14476779103279114, 0.13278153538703918, 0.1375139057636261, 0.14095059037208557, 0.13947124779224396, 0.1396578550338745, 0.1428920328617096, 0.12692171335220337, 0.12911945581436157, 0.11897493898868561, 0.11839719861745834, 0.14879348874092102, 0.14000385999679565, 0.12218745797872543, 0.13719773292541504, 0.1234988197684288, 0.12938439846038818, 0.13867855072021484, 0.12998424470424652, 0.1331307291984558, 0.1308424472808838, 0.1282157003879547, 0.13858872652053833, 0.12272383272647858, 0.12130021303892136]

2022-04-19 13:10:12.104444