2022-04-19 13:04:53.943790

reference phi, theta, psi, translation: -86.91639066027085, -0.0, 34.793557367935236, -2.296917200088501, -0.12373751401901245, 3.3104169368743896

phi,theta,psi,rot_x,rot_y,rot_z,phi_err,theta_err,psi_err
-76.53055527251121,6.8177051513072,38.18892636661862,-2.336111545562744,-0.9462913274765015,3.345968008041382,10.385835387759641,6.8177051513072,3.395368998683381
-76.57330542652632,6.972536988256741,38.429345610308474,-2.3496220111846924,-0.9491949677467346,3.340754747390747,10.343085233744532,6.972536988256741,3.6357882423732377
-75.19194064802625,6.617633504931641,39.511080235203835,-2.4120728969573975,-0.9614079594612122,3.3347666263580322,11.724450012244603,6.617633504931641,4.717522867268599
-74.33433526565028,5.503204433456898,40.54941583811293,-2.475567102432251,-0.9633845686912537,3.29770565032959,12.582055394620568,5.503204433456898,5.755858470177692
-73.81561654913367,5.132848616810371,40.82310493324992,-2.5061194896698,-0.9822447299957275,3.2788660526275635,13.100774111137184,5.132848616810371,6.029547565314687
-73.24573288554448,4.485675359527506,41.93510754145219,-2.5863819122314453,-0.980900764465332,3.2350780963897705,13.670657774726365,4.485675359527506,7.141550173516954
-73.86881689257889,4.106993598615753,42.188695389861834,-2.622316598892212,-0.9373006820678711,3.2175402641296387,13.047573767691958,4.106993598615753,7.3951380219265985
-74.13244853416305,3.923332764201642,43.47688955789375,-2.708843946456909,-0.9298906326293945,3.1575772762298584,12.783942126107803,3.923332764201642,8.683332189958513
-74.73405159625777,4.559629457894172,44.758075951837235,-2.801117420196533,-0.9340722560882568,3.0967767238616943,12.182339064013078,4.559629457894172,9.964518583901999
-75.98312244072385,5.316821661535184,45.39430807302392,-2.874821901321411,-0.916214108467102,3.046935558319092,10.933268219547003,5.316821661535184,10.600750705088686
-76.88649692072808,6.193318464752108,44.84324841078729,-2.827871561050415,-0.9381346702575684,3.0612752437591553,10.029893739542771,6.193318464752108,10.049691042852054
-77.3705251064502,6.768139455367401,45.74482313594522,-2.889751434326172,-0.9575632810592651,3.0041730403900146,9.545865553820647,6.768139455367401,10.951265768009982
-78.33507076066105,7.7076071545452605,46.02294843894814,-2.9120194911956787,-0.9639012217521667,2.9771900177001953,8.581319899609795,7.7076071545452605,11.229391071012905
-79.44824133121139,8.624339949496132,46.2883320240544,-2.9333009719848633,-0.9613326191902161,2.9515151977539062,7.468149329059457,8.624339949496132,11.494774656119162
-81.26949761301695,10.00880486797964,46.2228031891573,-2.95522141456604,-0.9450345635414124,2.94246506690979,5.646893047253897,10.00880486797964,11.429245821222061
-83.62154838579173,10.54605031594174,44.96698411779124,-2.9312782287597656,-0.8832272887229919,2.9846761226654053,3.294842274479123,10.54605031594174,10.173426749856006
-86.68990158739322,8.774866610061709,42.84539417289647,-2.8469786643981934,-0.6663377285003662,3.102036476135254,0.22648907287762654,8.774866610061709,8.051836804961233
-86.07885237367638,5.693783633165665,42.037177888408856,-2.802436590194702,-0.5126758813858032,3.1506152153015137,0.8375382865944658,5.693783633165665,7.24362052047362
-86.82664197457689,4.716977373147211,41.02327045706632,-2.7421746253967285,-0.43145641684532166,3.1962673664093018,0.08974868569396222,4.716977373147211,6.2297130891310815
-87.68598222500204,2.6956367018797613,40.63738867462269,-2.7351677417755127,-0.2739161550998688,3.2022345066070557,0.7695915647311864,2.6956367018797613,5.843831306687456
-87.72096645393084,1.2140540929833241,39.62191712996022,-2.6656904220581055,-0.18983876705169678,3.2422990798950195,0.8045757936599927,1.2140540929833241,4.828359762024981
-87.5050505138884,0.5971928115480047,38.808878731918576,-2.6118996143341064,-0.15799638628959656,3.269871950149536,0.5886598536175569,0.5971928115480047,4.01532136398334
-87.3756799008192,0.5906319632156706,37.94767042475542,-2.552762031555176,-0.16052037477493286,3.299163818359375,0.45928924054834397,0.5906319632156706,3.1541130568201865
-87.10708954189761,0.9023804202272224,37.45499863463865,-2.5159454345703125,-0.18494102358818054,3.3101437091827393,0.19069888162675852,0.9023804202272224,2.661441266703413
-87.37717571224742,0.9636116576257365,37.177703199619884,-2.4956183433532715,-0.17676694691181183,3.3060462474823,0.46078505197657194,0.9636116576257365,2.3841458316846484
-87.35471805025642,0.908998052607969,37.08775643843999,-2.483173131942749,-0.17401112616062164,3.306619644165039,0.43832738998557375,0.908998052607969,2.294199070504753
-87.10592840973871,0.7345593602240892,37.269637545848255,-2.4889490604400635,-0.17554643750190735,3.2898707389831543,0.18953774946785984,0.7345593602240892,2.476080177913019
-87.44176198103906,0.7235454418739264,36.99712665834309,-2.468397617340088,-0.15793569386005402,3.2952492237091064,0.5253713207682154,0.7235454418739264,2.203569290407856
-86.96820447531456,0.7127781342745815,37.01549986721042,-2.4649903774261475,-0.17491655051708221,3.2899935245513916,0.051813815043715294,0.7127781342745815,2.221942499275187
-87.06725587865809,0.7297235841108983,36.7758900009372,-2.445286512374878,-0.17230527102947235,3.2935028076171875,0.15086521838723854,0.7297235841108983,1.9823326330019668
-87.09736335251951,0.3362678333132046,36.6112585362778,-2.433655023574829,-0.14692731201648712,3.294816493988037,0.18097269224865897,0.3362678333132046,1.8177011683425661
-86.96728922996579,0.5242110116485965,36.35431706498568,-2.4141597747802734,-0.1614723801612854,3.300863027572632,0.05089856969493667,0.5242110116485965,1.5607596970504432
-87.06271380286003,0.5426498054170918,36.219711111917654,-2.4046831130981445,-0.15750685334205627,3.2976880073547363,0.146323142589182,0.5426498054170918,1.4261537439824181
-87.03191647989244,0.5099610966806626,36.00602522863922,-2.3869645595550537,-0.1553630530834198,3.3012609481811523,0.11552581962159536,0.5099610966806626,1.2124678607039812
-87.01784629020221,0.40699301416066636,35.625351465437724,-2.362494468688965,-0.14998909831047058,3.3084256649017334,0.10145562993136537,0.40699301416066636,0.8317940975024882
-87.06211957640224,0.44541083212550786,35.28105528975573,-2.3403637409210205,-0.14841146767139435,3.3146462440490723,0.1457289161313895,0.44541083212550786,0.48749792182049134

Errors:
rotation,[20.598909537750224, 20.95141046437451, 23.05960638444484, 23.841118298255157, 24.26317029326224, 25.297883307770825, 24.549705388234308, 25.39060708026796, 26.70648710580925, 26.85084058617087, 26.27290324714693, 27.26527077719803, 27.518318125167962, 27.587263934674752, 27.0849437364556, 24.01431934027687, 17.053192487900567, 13.774942440233751, 11.036439147972255, 9.309059573298404, 6.8469896486682975, 5.201174029148901, 4.204034260584201, 3.754520568557394, 3.8085425412869567, 3.641524513098296, 3.400177287604968, 3.4524860530499977, 2.9865344485934835, 2.8629214355001036, 2.3349416939044296, 2.1358692783939763, 2.115126691988692, 1.8379547770062392, 1.34024274159452, 1.0786376700773888]
translation,[0.1579505536533441, 0.16200087299607002, 0.1953435899578002, 0.20342009535157857, 0.21108780000035576, 0.22530955592576696, 0.22417867975654282, 0.23183095255301023, 0.2477466759228486, 0.25697859510779963, 0.2406811002564453, 0.24586148826799015, 0.2435200702683682, 0.23968569377037507, 0.2449119020287931, 0.24447332545942224, 0.23172508734631148, 0.21656035055923883, 0.2022860011490657, 0.1891173963478563, 0.1705907285119359, 0.15683544465981658, 0.14341814226881233, 0.13075004029439974, 0.11486912034824304, 0.10773114485371238, 0.09790655396630399, 0.08913786928343725, 0.0835802117870399, 0.07451067254935051, 0.06766122138702979, 0.06153988642470232, 0.053238345648525254, 0.04564208380959034, 0.03698584067662303, 0.029192324369303968]
loss,
[0.14229421317577362, 0.12671853601932526, 0.13264797627925873, 0.12694254517555237, 0.12970268726348877, 0.12534946203231812, 0.11742423474788666, 0.12033965438604355, 0.11125537008047104, 0.12703542411327362, 0.0907844752073288, 0.09547825157642365, 0.10148553550243378, 0.08562402427196503, 0.07095067948102951, 0.06925991177558899, 0.053345613181591034, 0.04039885848760605, 0.04409503564238548, 0.038627445697784424, 0.025950340554118156, 0.02796233259141445, 0.015236174687743187, 0.016772283241152763, 0.012030641548335552, 0.016689451411366463, 0.014582264237105846, 0.016192756593227386, 0.014178430661559105, 0.01558337640017271, 0.010577678680419922, 0.007376067340373993, 0.006812913343310356, 0.008238108828663826, 0.005304156802594662, 0.006748394574970007]

2022-04-19 13:07:30.580775