2022-04-28 17:26:56.527769

reference phi, theta, psi, translation: -139.02455270626928, -8.537736090602699e-07, 56.38966954231551, -2.2014424800872803, 2.5346622467041016, 2.231398344039917

phi,theta,psi,rot_x,rot_y,rot_z,phi_err,theta_err,psi_err
-129.04008655489625,6.852725648450977,53.065809209147574,-2.6847352981567383,1.8050535917282104,2.604990243911743,9.984466151373027,6.852726502224586,3.3238603331679357
-128.82985333224326,6.339420101891693,52.08722751619234,-2.6475894451141357,1.7988642454147339,2.6431498527526855,10.194699374026015,6.339420955665302,4.302442026123167
-131.49665971253972,6.298407942884416,48.59409801991857,-2.446092367172241,1.8665504455566406,2.7473762035369873,7.527892993729552,6.298408796658025,7.795571522396941
-133.65448039588682,7.917577580517669,50.088942976383805,-2.5147881507873535,1.92624831199646,2.664928436279297,5.370072310382454,7.917578434291278,6.300726565931704
-137.2414498611674,7.440868761123406,51.0172203261019,-2.4393222332000732,2.145451784133911,2.580418348312378,1.7831028451018653,7.440869614897015,5.37244921621361
-137.78237352267573,2.795124038771297,52.26964137835587,-2.2784013748168945,2.3481009006500244,2.5378034114837646,1.2421791835935494,2.795124892544906,4.120028163959638
-139.77282725060087,-0.15590651734850447,54.81106939115299,-2.1773841381073,2.5814385414123535,2.388667345046997,0.7482745443315935,0.1559056635748954,1.5786001511625187
-140.02279851384498,-0.3556489608186368,54.262345653612506,-2.133727788925171,2.5636749267578125,2.4027888774871826,0.9982458075756995,0.35564810704502775,2.1273238887030033
-140.07619693277616,-0.20868608865496116,55.24282272406242,-2.152259111404419,2.582408905029297,2.3351919651031494,1.0516442265068804,0.2086852348813521,1.1468468182530884
-139.6768357720055,-0.09708577788046867,55.28297399109834,-2.1668741703033447,2.553138256072998,2.3211417198181152,0.6522830657362135,0.09708492410685961,1.1066955512171717
-139.49205183419997,-0.23581116093586602,55.802351820869866,-2.17185378074646,2.5590264797210693,2.2805283069610596,0.4674991279306937,0.23581030716225695,0.5873177214456433
-139.2478998921287,-0.02432233986329674,55.98179113564986,-2.1879568099975586,2.5393879413604736,2.263461112976074,0.22334718585941005,0.02432148608968768,0.40787840666565245
-139.08879746560243,-0.06800159135768916,56.28622291224108,-2.195714235305786,2.537522315979004,2.239340305328369,0.06424475933314966,0.0680007375840801,0.10344663007442989
-139.04696938712527,0.030871944624621697,56.30718817789843,-2.1981050968170166,2.5309042930603027,2.235826253890991,0.02241668085599713,0.030872798398230757,0.08248136441707743
-139.0611488598422,0.008367316840892427,56.31010125357944,-2.196429491043091,2.530721426010132,2.2346930503845215,0.03659615357292978,0.008368170614501487,0.0795682887360698
-139.0482124815542,0.07595502559169616,56.29167340319875,-2.1990959644317627,2.5283892154693604,2.2361087799072266,0.023659775284926354,0.07595587936530522,0.0979961391167592
-138.99100281706617,0.03530261945018432,56.3313841230332,-2.200352668762207,2.5287861824035645,2.2340986728668213,0.0335498892031012,0.03530347322379338,0.05828541928230635
-139.08633859750122,-0.07657844618590973,56.3191546693243,-2.192490816116333,2.535209894180298,2.23443865776062,0.06178589123194911,0.07657759241230067,0.07051487299121106
-139.00836515793634,0.09298460276267052,56.338494349959184,-2.2025790214538574,2.5277538299560547,2.233826160430908,0.016187548332936785,0.09298545653627958,0.05117519235632528
-139.06911286041444,-0.018551410527616805,56.32340646208263,-2.1952099800109863,2.532374620437622,2.2335805892944336,0.04456015414515946,0.018550556754007744,0.06626308023287919
-139.02904697074314,0.022848804277204367,56.31154925368349,-2.1987764835357666,2.529057264328003,2.2349562644958496,0.004494264473862586,0.022849658050813428,0.07812028863202158
-139.01884266812314,0.07633718260524532,56.33602523657423,-2.2007644176483154,2.5287699699401855,2.233626127243042,0.005710038146133911,0.07633803637885438,0.05364430574127965
-139.05501534996753,-0.005660338887575674,56.360880294963906,-2.1983227729797363,2.5324723720550537,2.2313754558563232,0.030462643698257352,0.0056594851139666145,0.02878924735160382
-139.0328582163,0.02199061631585487,56.35938789863025,-2.1993777751922607,2.5306849479675293,2.2320165634155273,0.00830551003073765,0.021991470089463932,0.030281643685256654
-138.99508727018986,0.039154712349004125,56.27495651520514,-2.198836326599121,2.5260350704193115,2.236527681350708,0.02946543607941976,0.039155566122613186,0.11471302711036913
-139.0276262913958,0.005971592704820439,56.33672533096415,-2.1984987258911133,2.530799150466919,2.2329659461975098,0.0030735851265148995,0.005972446478429499,0.05294421135135963
-139.04328108497344,0.07917520177275145,56.34109665203296,-2.200227737426758,2.529707908630371,2.233466148376465,0.01872837870416788,0.07917605554636051,0.04857289028254996
-139.00116613855116,-0.03851609650176426,56.344716652293066,-2.1985116004943848,2.530658721923828,2.2332205772399902,0.023386567718119977,0.0385152427281552,0.044952890022443626
-139.09325074894127,-0.031791364330945746,56.39847707125024,-2.195826768875122,2.535656452178955,2.229153871536255,0.06869804267199697,0.031790510557336685,0.008807528934731579
-139.0227495363284,0.07826150455782191,56.35041986025003,-2.2008883953094482,2.529714345932007,2.232802391052246,0.00180316994087093,0.07826235833143097,0.039249682065481295
-139.0116573091163,0.06434444097471044,56.29909440373197,-2.2000083923339844,2.527366876602173,2.236138343811035,0.012895397152988153,0.0643452947483195,0.09057513858353872
-139.01298236581528,0.02889679413701809,56.30352036631414,-2.1988847255706787,2.5277299880981445,2.235481023788452,0.011570340453999961,0.028897647910627152,0.08614917600137062
-139.02082342298246,0.01920634883253306,56.35941863448152,-2.199037790298462,2.5306859016418457,2.231903553009033,0.0037292832868160986,0.019207202606142122,0.030250907833988094
-139.0097448561487,0.00911792106609397,56.33407521756619,-2.1990532875061035,2.529581069946289,2.2336885929107666,0.01480785012057595,0.00911877483970303,0.0555943247493218
-139.04079489611556,0.010207546945451595,56.31007393282276,-2.1977479457855225,2.529925584793091,2.234579563140869,0.016242189846281008,0.010208400719060656,0.07959560949274902
-139.03710659396376,0.06333047540259477,56.32116274494028,-2.199432849884033,2.5289905071258545,2.234048366546631,0.012553887694480181,0.06333132917620383,0.06850679737522825

Errors:
rotation,[20.161052986765547, 20.836562355814486, 21.621873312784516, 19.588377310605438, 14.59642167621249, 8.157332240098093, 2.4827803590690074, 3.48121780332373, 2.407176279641321, 1.8560635410602448, 1.2906271565385938, 0.6555470786147501, 0.23569212699165965, 0.13577084367130532, 0.12453261292350107, 0.19761179376699078, 0.12713878170920093, 0.20887835663546084, 0.16034819722554167, 0.1293737911320464, 0.1054642111566976, 0.13569238026626795, 0.06491137616382778, 0.06057862380545824, 0.18333402931240206, 0.06199024295630402, 0.14647732453307835, 0.10685470046871881, 0.10929608216406524, 0.1193152103377832, 0.16781583048484638, 0.12661716436599774, 0.053187393726946315, 0.07952094970960077, 0.10604620005809068, 0.14439201424591225]
translation,[0.12242333873291766, 0.12000149138518434, 0.09385041843982922, 0.10848889785684257, 0.11758356372103229, 0.10953973667663597, 0.10536215551356776, 0.07966393551874429, 0.06205769347427026, 0.04337198330140346, 0.02674919919719354, 0.01348508275894389, 0.0030780172106119608, 0.0017292504828523292, 0.003386801092905678, 0.0026108719989244022, 0.002790750834545719, 0.0028511982678542935, 0.0023731334763228418, 0.0036296431243449945, 0.0030055012341598797, 0.002838046569234365, 0.003092691734459585, 0.0032849626161395307, 0.003997119402516347, 0.0031669034930184026, 0.0026310191338989597, 0.0031069398261731607, 0.003681101945280041, 0.002634037302440717, 0.0027377957724983304, 0.0034883652104902296, 0.0035326259741239596, 0.0032286503040808157, 0.0032305320566425877, 0.0031927174085257803]
loss,
[0.1266598403453827, 0.12516194581985474, 0.09789837896823883, 0.07215692102909088, 0.04418664425611496, 0.031414471566677094, 0.015426787547767162, 0.011769942939281464, 0.0071142856031656265, 0.005131036974489689, 0.004406432155519724, 0.002798668574541807, 0.0016112023731693625, 0.0014352187281474471, 0.0012216640170663595, 0.0014279423048719764, 0.0011265336070209742, 0.0016523576341569424, 0.001216661767102778, 0.0010983686661347747, 0.001332858926616609, 0.0014591820072382689, 0.001292030094191432, 0.0015037485864013433, 0.0010869740508496761, 0.001241524936631322, 0.0012707775458693504, 0.0019112832378596067, 0.0014409672003239393, 0.0013303800951689482, 0.0011854982003569603, 0.001741155982017517, 0.0014073437778279185, 0.0013497465988621116, 0.0017518576933071017, 0.0011259529273957014]

2022-04-28 17:31:33.048173