2022-04-28 17:31:36.583596

reference phi, theta, psi, translation: 132.9853677440357, -8.537735924097414e-07, 76.34363348549546, 2.865516185760498, 2.6707684993743896, 0.9517420530319214

phi,theta,psi,rot_x,rot_y,rot_z,phi_err,theta_err,psi_err
143.3552887910292,-3.0579185397180266,69.36864430507845,2.3124754428863525,2.981729030609131,1.6183615922927856,10.369921046993511,3.0579176859444344,6.974989180417012
143.69147070197724,-3.8451301351726435,68.98385876799661,2.3199360370635986,2.9686973094940186,1.6313754320144653,10.706102957941539,3.845129281399051,7.359774717498851
146.1776322391052,-8.00859211464902,68.89247083690184,2.314645290374756,3.014439582824707,1.568516731262207,13.192264495069509,8.008591260875427,7.451162648593623
149.90595929944837,-10.89481327345026,71.58161193578424,2.1509346961975098,3.2510318756103516,1.3291418552398682,16.92059155541267,10.894812419676668,4.762021549711221
150.41767707206571,-9.47635556341834,71.65022118599701,2.1009161472320557,3.262963056564331,1.3488510847091675,17.432309328030016,9.476354709644747,4.693412299498448
151.5105483204028,-8.585487352642783,72.13276722066924,2.0307576656341553,3.3129475116729736,1.3111965656280518,18.52518057636709,8.58548649886919,4.2108662648262225
153.47657729185593,-8.957961279436562,73.23073379012713,1.9124318361282349,3.4119420051574707,1.2176358699798584,20.491209547820233,8.95796042566297,3.112899695368327
153.3345776590114,-7.640881502285247,72.7554072654076,1.8851227760314941,3.393641948699951,1.2698100805282593,20.349209914975688,7.640880648511655,3.5882262200878614
154.9380465289419,-8.041181416097311,72.29954677982262,1.7927513122558594,3.419748544692993,1.2866963148117065,21.952678784906198,8.041180562323719,4.044086705672839
155.14386744939108,-7.0327765073296975,71.99827396572252,1.7567665576934814,3.4081737995147705,1.3102797269821167,22.158499705355382,7.032775653556105,4.345359519772941
155.28542995012876,-6.635902732561806,72.6316169168903,1.7455365657806396,3.4139316082000732,1.2679327726364136,22.30006220609306,6.635901878788213,3.712016568605165
154.90225633769103,-6.791201380608499,72.25049236120358,1.7632505893707275,3.3969480991363525,1.2924214601516724,21.91688859365533,6.791200526834907,4.093141124291876
155.17271816844521,-6.745505148835345,72.39936316435318,1.7501882314682007,3.405820369720459,1.2729816436767578,22.187350424409516,6.745504295061752,3.944270321142284
155.2454870038625,-6.419812873908745,72.63973118162427,1.729379415512085,3.4119515419006348,1.2629742622375488,22.26011925982681,6.4198120201351525,3.703902303871189
156.0696039687379,-6.377570101704898,73.38508923518025,1.6843236684799194,3.4458272457122803,1.2017626762390137,23.08423622470221,6.377569247931306,2.9585442503152137
156.02268056913994,-6.329436711697572,73.38353878223866,1.6835050582885742,3.436929941177368,1.2009577751159668,23.037312825104237,6.32943585792398,2.9600947032568
156.29896172106695,-6.1222007625656145,73.46360225968955,1.660812497138977,3.445539712905884,1.1966955661773682,23.313593977031246,6.122199908792022,2.880031225805908
156.40895508746084,-5.717195526693713,73.78015420696296,1.6390902996063232,3.4589920043945312,1.1746920347213745,23.42358734342514,5.717194672920121,2.5634792785324976
156.7554915651906,-5.67638450005291,73.71828635346098,1.6176235675811768,3.465532064437866,1.1669303178787231,23.770123821154897,5.676383646279318,2.6253471320344772
156.49625856543193,-5.641347845190899,73.66588514214864,1.62006676197052,3.4496936798095703,1.1833829879760742,23.51089082139623,5.641346991417307,2.6777483433468205
157.08394170199819,-5.875772866701646,74.12158853338272,1.5893750190734863,3.4670190811157227,1.148104190826416,24.098573957962486,5.875772012928054,2.2220449521127392
156.38570512352612,-5.491777667846416,74.1607460078944,1.6259398460388184,3.4454703330993652,1.146841049194336,23.400337379490423,5.491776814072824,2.1828874776010565
157.25230586503898,-5.424808207368064,74.92471632693868,1.5619726181030273,3.480670928955078,1.086912989616394,24.266938121003278,5.424807353594471,1.4189171585567806
157.7345172204419,-5.413092240354554,74.91895847746835,1.5346026420593262,3.4798173904418945,1.08689546585083,24.74914947640619,5.413091386580962,1.4246750080271084
157.60416989032137,-5.340329070371701,75.08834716888467,1.5443147420883179,3.4808170795440674,1.0668601989746094,24.618802146285674,5.340328216598109,1.2552863166107926
156.76412492430148,-4.39669724561021,74.51278078790604,1.579617977142334,3.450900077819824,1.1101438999176025,23.778757180265785,4.396696391836618,1.830852697589421
156.97878410953666,-4.428727693036067,74.17121668789204,1.564432978630066,3.4477503299713135,1.1317839622497559,23.993416365500963,4.428726839262475,2.172416797603418
157.03278358511477,-4.403252557358013,74.13029702457449,1.566347599029541,3.442498207092285,1.1329573392868042,24.047415841079072,4.403251703584421,2.2133364609209707
157.2029918992315,-4.032263483734045,74.27724171437815,1.5511667728424072,3.4494736194610596,1.1219643354415894,24.217624155195807,4.032262629960453,2.06639177111731
157.49765992040417,-3.974538345819351,74.26142299626039,1.5263116359710693,3.458648443222046,1.1198201179504395,24.512292176368476,3.9745374920457586,2.0822104892350666
157.67099646116077,-3.733342722434774,74.40265764791792,1.507761001586914,3.4670469760894775,1.1152263879776,24.68562871712507,3.733341868661182,1.9409758375775397
158.24982767256267,-3.8580149993300337,74.38040489160201,1.474008560180664,3.4743597507476807,1.121124029159546,25.264459928526975,3.8580141455564414,1.9632285938934473
158.73819985859691,-4.144152917953453,74.82546684810922,1.457362413406372,3.4915785789489746,1.0805816650390625,25.752832114561215,4.144152064179861,1.5181666373862441
158.8063514861353,-4.140761786098847,74.8674042096131,1.447434425354004,3.495245933532715,1.0737767219543457,25.8209837420996,4.1407609323252546,1.4762292758823605
158.75496114282012,-3.831859784128374,74.67885000738572,1.4371440410614014,3.490147829055786,1.0864627361297607,25.769593398784423,3.8318589303547816,1.6647834781097401
158.76746038900126,-3.658679536251859,74.73121706775221,1.43716561794281,3.486262083053589,1.0813652276992798,25.78209264496556,3.658678682478267,1.6124164177432476

Errors:
rotation,[20.402827913354958, 21.911006956839444, 28.65201840453856, 32.57742552480056, 31.60207633717321, 31.321533340062505, 32.56206966885153, 31.578316783575204, 34.037946052902754, 33.536634878684424, 32.64798065348644, 32.80123024478211, 32.87712504061355, 32.38383358383315, 32.42034972294873, 32.32684338628502, 32.31582511162918, 31.70426129487776, 32.07185459946869, 31.82998615616036, 32.19639092300328, 31.075001671164305, 31.11066263315453, 31.58691587101426, 31.214416679494576, 30.006306269691823, 30.594560002366855, 30.664004005584463, 30.31627855627357, 30.5690401576493, 30.35994642336379, 31.085702667976864, 31.41515081612732, 31.437973950307214, 31.266235807248943, 31.053187745187074]
translation,[0.07464079787699607, 0.07455650128356517, 0.08040043073645098, 0.08740800977673224, 0.07742019883191187, 0.06994830338787938, 0.06537946312924969, 0.05334304635675391, 0.03878813438367157, 0.020871869135278054, 0.007370862097245023, 0.008507487641792544, 0.004122441142536459, 0.002820277385541914, 0.011812410516578886, 0.020022298969775143, 0.023371144416349132, 0.027237797741479497, 0.0325860718491402, 0.04046504796395167, 0.048105252161194656, 0.052411710048013926, 0.06423990369456023, 0.07569264334165471, 0.07648781198469745, 0.07684974112307152, 0.07950041205731306, 0.08298618137463798, 0.08603188398259176, 0.08830335886926477, 0.08936688839746054, 0.09402388624342661, 0.09632486430061205, 0.09859703263955621, 0.10341760356094243, 0.10827037990203614]
loss,
[0.14092974364757538, 0.13116243481636047, 0.10485412180423737, 0.087260901927948, 0.08103235065937042, 0.0691111609339714, 0.0757129043340683, 0.07053925842046738, 0.0747949481010437, 0.08052878826856613, 0.06678463518619537, 0.07096995413303375, 0.07288516312837601, 0.07406842708587646, 0.07434532046318054, 0.06787901371717453, 0.07515030354261398, 0.06610371917486191, 0.07281478494405746, 0.06990576535463333, 0.06976108998060226, 0.06755878031253815, 0.07381542772054672, 0.07210712879896164, 0.07622332870960236, 0.07248122245073318, 0.06878435611724854, 0.07329723238945007, 0.06648629158735275, 0.06597086787223816, 0.06752767413854599, 0.07007738202810287, 0.0662391185760498, 0.06892182677984238, 0.07290297746658325, 0.0630604550242424]

2022-04-28 17:36:11.674010