2022-04-20 14:02:09.950103

reference phi, theta, psi, translation: 164.57178246643477, -4.268868188959204e-07, 11.003265705708584, 0.2046843022108078, 0.7416750192642212, 3.957021951675415

phi,theta,psi,rot_x,rot_y,rot_z,phi_err,theta_err,psi_err
174.68706040079186,1.035587752499106,3.46078983121423,-0.0498787984251976,0.24902896583080292,4.223120212554932,10.115277934357096,1.035588179385925,7.542475874494354
174.31392716643407,0.45030640126847193,3.882850271917767,-0.008041427470743656,0.2869813144207001,4.220024585723877,9.7421446999993,0.45030682815529083,7.120415433790817
172.64711512214086,-2.3387441775893634,6.294692093799997,0.2263442724943161,0.46219921112060547,4.2088751792907715,8.075332655706092,2.3387437507025446,4.708573611908587
168.8073330349214,-4.929362793464388,10.561007541855673,0.4976016879081726,0.7213355898857117,4.161799907684326,4.235550568486644,4.9293623665775685,0.4422581638529106
164.5039723483549,-4.658237104552359,11.824580585476985,0.5544036626815796,0.7424096465110779,4.132556915283203,0.06781011807987625,4.65823667766554,0.8213148797684013
164.97300143865965,-3.1851631219103167,11.96251027934987,0.44760051369667053,0.7739827036857605,4.086794376373291,0.401218972224882,3.185162695023498,0.9592445736412856
164.65512443468728,-1.5613673724306192,11.314110176156802,0.31805312633514404,0.7459729313850403,4.040705680847168,0.08334196825251183,1.5613669455438002,0.3108444704482185
164.54562284191363,-0.44461919113344367,11.277637819762582,0.24501442909240723,0.7545202970504761,3.9707860946655273,0.026159624521142177,0.4446187642466248,0.27437211405399786
164.679740436456,-0.3633572071719478,11.107036769768587,0.23312479257583618,0.7416079044342041,3.9521405696868896,0.10795797002123209,0.3633567802851289,0.10377106406000358
164.48625483764786,-0.5383513363998265,11.165755906063188,0.2464301884174347,0.7443317770957947,3.969369649887085,0.08552762878690601,0.5383509095130076,0.16249020035460404
164.6757106248457,-0.37164271846115826,11.133850384902765,0.23237983882427216,0.7465065717697144,3.9586243629455566,0.10392815841092329,0.37164229157433937,0.1305846791941807
164.51475038686516,-0.44866650640194944,11.335989833389293,0.24431122839450836,0.7557445764541626,3.9488677978515625,0.057032079569609095,0.44866607951513054,0.33272412768070936
164.53168925600679,-0.4656657921504424,11.192214351360525,0.24335771799087524,0.7483212947845459,3.964123487472534,0.040093210427983195,0.4656653652636235,0.1889486456519407
164.3800453960542,-0.40081312682479403,11.131907196083898,0.24009229242801666,0.7437644600868225,3.960461139678955,0.19173707038058296,0.40081269993797514,0.1286414903753137
164.56257537143358,-0.41273068066433455,11.17726221349372,0.2386820912361145,0.7465283870697021,3.9531824588775635,0.009207095001187326,0.41273025377751565,0.17399650778513553
164.63982481094644,-0.569181360089603,11.210363017758894,0.24917834997177124,0.7428626418113708,3.9447929859161377,0.06804234451166735,0.5691809332027841,0.20709731205031012
164.727387836106,-0.4754887766607204,11.042774081188876,0.2405751496553421,0.7391743063926697,3.9601683616638184,0.1556053696712354,0.47548834977390153,0.039508375480291846
164.62303620596654,-0.4841908792965719,11.306561963350292,0.24516256153583527,0.7537586688995361,3.95131516456604,0.05125373953177359,0.484190452409753,0.3032962576417084
164.4923746871442,-0.3416903367000927,11.2847284098947,0.23622195422649384,0.7556812167167664,3.9539122581481934,0.07940777929056253,0.3416899098132738,0.28146270418611685
164.59426744918247,-0.36812477996020637,10.972979793155101,0.23253676295280457,0.7355616688728333,3.966540813446045,0.022484982747698723,0.3681243530733875,0.030285912553482675
164.56828540957972,-0.31603813277773934,11.144271546028913,0.23047848045825958,0.7472385764122009,3.9609808921813965,0.0034970568550534153,0.31603770589092045,0.1410058403203287
164.45756804313382,-0.4850185191509999,11.169601302565905,0.2442457675933838,0.7436403036117554,3.9565768241882324,0.11421442330095033,0.485018092264181,0.16633559685732102
164.5617284279765,-0.48323723708138144,11.299157184516353,0.24520911276340485,0.7538899779319763,3.9559478759765625,0.010054038458264358,0.48323681019456255,0.29589147880776956
164.55365514437756,-0.5698158138201637,11.31282610059284,0.25307929515838623,0.7546366453170776,3.9594781398773193,0.018127322057210904,0.5698153869333448,0.30956039488425624
164.62235318704955,-0.35965752637959414,11.076101135470308,0.2319517582654953,0.741202175617218,3.957637310028076,0.05057072061478607,0.35965709949277525,0.07283542976172441
164.47398781789852,-0.4421605295226728,11.311865605240808,0.24585284292697906,0.7536069750785828,3.9494996070861816,0.09779464853625086,0.4421601026358539,0.3085998995322239
164.61421160155888,-0.45541597015096164,11.163660745535285,0.2401522397994995,0.7437066435813904,3.958170175552368,0.04242913512410951,0.45541554326414274,0.16039503982670134
164.55976133349554,-0.45653065900641154,11.222578811089463,0.2424875646829605,0.7484374046325684,3.9551427364349365,0.012021132939224799,0.45653023211959265,0.21931310538087878
164.5320717466003,-0.4757070088914345,11.165844698522397,0.24299989640712738,0.7444794774055481,3.9556801319122314,0.03971071983445995,0.47570658200461563,0.16257899281381327
164.5398854830108,-0.4625297762280878,11.214777881283661,0.24209608137607574,0.7480937838554382,3.955897808074951,0.03189698342396241,0.4625293493412689,0.21151217557507707
164.6575969631668,-0.4853539847388277,11.256017709718552,0.24333809316158295,0.751449704170227,3.9542768001556396,0.08581449673204133,0.4853535578520088,0.25275200400996845
164.66388073720321,-0.5687440653865561,11.19711501209001,0.24933680891990662,0.7470857501029968,3.958949327468872,0.0920982707684459,0.5687436384997372,0.19384930638142528
164.55198857822006,-0.5260396282855921,11.221869325189427,0.24710702896118164,0.7494413256645203,3.9600017070770264,0.019793888214707067,0.5260392013987732,0.2186036194808434
164.64599930195612,-0.5522210694424373,11.173532930206893,0.24710485339164734,0.7452972531318665,3.9600589275360107,0.07421683552135505,0.5522206425556184,0.17026722449830878
164.62709333833354,-0.5157115490290514,11.150636428561718,0.2440258413553238,0.7444775700569153,3.962139368057251,0.05531087189876871,0.5157111221422325,0.14737072285313424
164.48897325293754,-0.428258185087155,11.287397306312883,0.2419561743736267,0.754051923751831,3.9596400260925293,0.08280921349722803,0.4282577582003361,0.2841316006042991

Errors:
rotation,[18.693341988237375, 17.31286696194541, 15.122650018317223, 9.607171098917123, 5.547361675513818, 4.545626240889666, 1.9555533842445305, 0.7451505028217649, 0.5750858143663646, 0.7863687386545176, 0.6061551291794434, 0.8384222867654489, 0.6947072213435475, 0.7211912606938717, 0.5959338565638386, 0.8443205897647615, 0.6706020949254288, 0.838740449583235, 0.7025603932899531, 0.4208952483745689, 0.46054060306630257, 0.7655681124224524, 0.7891823274605965, 0.8975031038748119, 0.4830632498692857, 0.8485546507043287, 0.6582397182149535, 0.6878644704396962, 0.6779962946528888, 0.7059385083403084, 0.8239200585940185, 0.8546912156496084, 0.7644367090943237, 0.7967047025752823, 0.7183927168941354, 0.7951985723018633]
translation,[0.19962134480110283, 0.1986501045508966, 0.20909398318724026, 0.2219301083374532, 0.20402896557067152, 0.15232466186043325, 0.09014951682880756, 0.018127222208926597, 0.0032579338427840554, 0.014937465514496928, 0.003964566411940318, 0.0031772231941955553, 0.010341469510042778, 0.0057117340180044, 0.001001692186230585, 0.009272805972742049, 0.004610003245630878, 0.0010980903341790693, 0.001274482932910992, 0.00973367179547946, 0.006302886771997862, 0.0021274824334760467, 0.003471599410158177, 0.0075581045638291044, 0.0019933825030733487, 0.002864481637024241, 0.003457050653284277, 0.0015021044249401427, 0.0013274150186761702, 0.0021554037141280347, 0.0012643202015372168, 0.005402497665191852, 0.006734110183114872, 0.006023004280077515, 0.0077253707120066295, 0.006925856295528554]
loss,
[0.09709309041500092, 0.09594126790761948, 0.08563792705535889, 0.061206381767988205, 0.03637361526489258, 0.034021031111478806, 0.027356352657079697, 0.005280454643070698, 0.004298810381442308, 0.00464593106880784, 0.004543359391391277, 0.003321821568533778, 0.0020357579924166203, 0.004524204879999161, 0.002987409709021449, 0.004472868051379919, 0.0024616362061351538, 0.0027297213673591614, 0.004352467134594917, 0.002403472550213337, 0.0034369181375950575, 0.004407316446304321, 0.003275375347584486, 0.0031219578813761473, 0.0035195201635360718, 0.004215865395963192, 0.004475885070860386, 0.0021197248715907335, 0.002232573227956891, 0.004377021919935942, 0.005153096280992031, 0.003651554463431239, 0.0029320751782506704, 0.0030896542593836784, 0.003329798113554716, 0.003960620146244764]

2022-04-20 14:05:45.687210