2022-04-28 17:18:45.845025

reference phi, theta, psi, translation: -86.91639066027085, -0.0, 34.793557367935236, -2.296917200088501, -0.12373751401901245, 3.3104169368743896

phi,theta,psi,rot_x,rot_y,rot_z,phi_err,theta_err,psi_err
-76.53055527251121,6.8177051513072,38.18892636661862,-2.336111545562744,-0.9462913274765015,3.345968008041382,10.385835387759641,6.8177051513072,3.395368998683381
-75.77749959576062,6.796072007367654,39.378369659630486,-2.4121408462524414,-1.0125393867492676,3.2660443782806396,11.138891064510233,6.796072007367654,4.5848122916952505
-74.88454798442983,7.059219151580144,40.818740442370284,-2.505101203918457,-1.1063570976257324,3.1505234241485596,12.03184267584102,7.059219151580144,6.0251830744350485
-75.67861894714635,6.909310961621936,40.24686919373263,-2.4890828132629395,-1.0464472770690918,3.1745598316192627,11.237771713124502,6.909310961621936,5.4533118257973925
-75.83800824161776,6.17464307649226,40.344858502660216,-2.516167640686035,-1.0016356706619263,3.154888868331909,11.078382418653092,6.17464307649226,5.55130113472498
-76.53513832944428,5.911669080680688,40.39848914802315,-2.527935743331909,-0.9470639824867249,3.1527161598205566,10.38125233082657,5.911669080680688,5.604931780087917
-76.95360352932344,5.727958036200166,40.41043173378692,-2.5236291885375977,-0.9203857183456421,3.151017665863037,9.962787130947405,5.727958036200166,5.616874365851686
-77.11972056012733,5.88276607636354,40.638006806742574,-2.5409812927246094,-0.9173782467842102,3.132211685180664,9.796670100143515,5.88276607636354,5.844449438807338
-77.37998491845067,5.963007754940562,40.94150284741751,-2.5576093196868896,-0.9127570390701294,3.1087992191314697,9.536405741820175,5.963007754940562,6.147945479482274
-77.96320111129971,5.755311839457088,40.68402179118095,-2.5484721660614014,-0.8682578206062317,3.124455690383911,8.953189548971139,5.755311839457088,5.890464423245717
-78.15939829520833,4.825590026330139,40.61097974819683,-2.5686259269714355,-0.8192272782325745,3.116211175918579,8.756992365062516,4.825590026330139,5.817422380261597
-77.9567124315882,5.131168931990295,40.561317442741675,-2.549128293991089,-0.8454894423484802,3.1287009716033936,8.959678228682648,5.131168931990295,5.767760074806439
-77.29072800637694,4.848628258180292,40.56059685778423,-2.5392298698425293,-0.8605372905731201,3.1277952194213867,9.625662653893912,4.848628258180292,5.767039489848997
-77.19289237670567,4.943656177419905,40.32734931272289,-2.517674446105957,-0.8737507462501526,3.1439757347106934,9.723498283565178,4.943656177419905,5.533791944787652
-76.89476144962379,4.372810668087201,40.59594991692822,-2.538944959640503,-0.859870433807373,3.1147828102111816,10.021629210647063,4.372810668087201,5.802392548992984
-77.41360993973464,4.496351859308875,40.31109004740367,-2.5191855430603027,-0.8319100141525269,3.1361868381500244,9.502780720536208,4.496351859308875,5.517532679468431
-77.54480421331225,4.7592683456463485,39.806643011157796,-2.487454891204834,-0.8293141722679138,3.1564393043518066,9.371586446958602,4.7592683456463485,5.01308564322256
-77.45558828237354,4.724604916632319,40.41128550743317,-2.5205907821655273,-0.8415307998657227,3.1047232151031494,9.46080237789731,4.724604916632319,5.617728139497935
-77.70305969638144,5.076870789270929,40.29833125403409,-2.510814905166626,-0.8415393829345703,3.109581470489502,9.213330963889405,5.076870789270929,5.504773886098853
-77.62181459620413,4.942681255900485,40.53806064861778,-2.530719518661499,-0.8345714211463928,3.094352960586548,9.294576064066717,4.942681255900485,5.744503280682544
-77.92330597635767,5.479434277447307,40.003338798875824,-2.4934630393981934,-0.8509670495986938,3.1290135383605957,8.993084683913182,5.479434277447307,5.209781430940588
-77.4241216008673,5.226557447559821,40.02791040441494,-2.4881174564361572,-0.8591667413711548,3.131605625152588,9.492269059403554,5.226557447559821,5.234353036479703
-77.10142248334087,4.877324469755189,40.28999500815208,-2.5007870197296143,-0.8568228483200073,3.1161272525787354,9.81496817692998,4.877324469755189,5.496437640216847
-77.29525642179667,4.528218615423487,40.49631794750525,-2.513204574584961,-0.8336054086685181,3.0978572368621826,9.621134238474184,4.528218615423487,5.702760579570011
-77.39528454219149,4.668046119389693,40.305704443243116,-2.500889539718628,-0.8391492366790771,3.0987484455108643,9.52110611807936,4.668046119389693,5.51214707530788
-77.13720584440256,4.668802315316831,40.13945422375042,-2.4813520908355713,-0.8426167964935303,3.1160101890563965,9.779184815868291,4.668802315316831,5.345896855815184
-77.17238131862813,4.855635069428381,40.307733009426606,-2.4847371578216553,-0.856011688709259,3.0978381633758545,9.744009341642723,4.855635069428381,5.51417564149137
-77.09527531308785,4.705310082250296,40.12108101488309,-2.4713473320007324,-0.853516161441803,3.0986673831939697,9.821115347182996,4.705310082250296,5.327523646947853
-76.91488318691864,4.662297977034762,39.83174395635759,-2.451957941055298,-0.852439820766449,3.1173689365386963,10.001507473352206,4.662297977034762,5.038186588422356
-76.56541655803494,4.848757401482781,39.5617431633724,-2.4280338287353516,-0.8727193474769592,3.1371381282806396,10.35097410223591,4.848757401482781,4.768185795437162
-76.59262120149911,5.103852737178796,39.54444912439393,-2.423591136932373,-0.8862007856369019,3.1303954124450684,10.323769458771736,5.103852737178796,4.750891756458692
-76.75564415660897,5.409488637065712,39.425299889417644,-2.416337490081787,-0.8895471096038818,3.1315577030181885,10.160746503661883,5.409488637065712,4.631742521482408
-76.55381206663509,5.333036287451823,39.63329964021204,-2.425628662109375,-0.8990069031715393,3.1152560710906982,10.36257859363576,5.333036287451823,4.839742272276801
-76.64108139366034,5.25111726125047,39.60691461944828,-2.425246477127075,-0.8853073120117188,3.1194238662719727,10.275309266610506,5.25111726125047,4.813357251513047
-76.83372004901139,5.432393780794439,39.39410641547819,-2.4088141918182373,-0.8852858543395996,3.1290974617004395,10.08267061125946,5.432393780794439,4.600549047542955
-76.84182748355619,5.282149635741446,39.25045729194907,-2.4000513553619385,-0.8742711544036865,3.1320576667785645,10.074563176714662,5.282149635741446,4.4568999240138325

Errors:
rotation,[20.598909537750224, 22.51977536357314, 25.116244901856213, 23.600394500543832, 22.80432662987033, 21.897853191595175, 21.307619532999254, 21.52388561531439, 21.647358976243012, 20.598965811673942, 19.400004771654253, 19.858607235479383, 20.2413304019232, 20.200946405772733, 20.196832427727248, 19.516665259313513, 19.14394043582751, 19.803135434027563, 19.794975639259185, 19.981760600649746, 19.682300392301077, 19.953179543443078, 20.188730286902015, 19.852113433467682, 19.701299312776932, 19.793883987000306, 20.113820052562474, 19.853949076381145, 19.701992038809323, 19.967917299155854, 20.178513952409226, 20.201977662210005, 20.535357153364384, 20.339783779374024, 20.115613439596853, 19.813612736469942]
translation,[0.1579505536533441, 0.15345061063654786, 0.14324006341368278, 0.13641421390101627, 0.12671882571932702, 0.11941429567048711, 0.10949023329041996, 0.10516402273995418, 0.0967184509819452, 0.09328690211693402, 0.08951970211115601, 0.09218015333565965, 0.08849681333526327, 0.09036460681449832, 0.07831034982214913, 0.07667322252734454, 0.07232126246845816, 0.05553949137303604, 0.053216489759893904, 0.052505670326789655, 0.059375823414803186, 0.05981843267369591, 0.05523017454026391, 0.0441398016377752, 0.03837502294810857, 0.04031200979141314, 0.03129357429045054, 0.02322522152821893, 0.025561967846017275, 0.030720837163705106, 0.025781449982034133, 0.023083093884135764, 0.018156039877637475, 0.018117336824656327, 0.015767206485485907, 0.010452734048145729]
loss,
[0.09315242618322372, 0.07446673512458801, 0.05727721005678177, 0.05061681568622589, 0.05096543952822685, 0.049619466066360474, 0.047011010348796844, 0.0505574569106102, 0.049066685140132904, 0.049131572246551514, 0.054733291268348694, 0.05457127094268799, 0.04316055774688721, 0.042357876896858215, 0.05396488308906555, 0.04782051965594292, 0.047073058784008026, 0.050677403807640076, 0.04275719076395035, 0.04397814720869064, 0.052876055240631104, 0.04663628339767456, 0.045968614518642426, 0.044884711503982544, 0.047015316784381866, 0.04160844907164574, 0.045705921947956085, 0.039851751178503036, 0.047445546835660934, 0.04577283188700676, 0.042946573346853256, 0.04717676341533661, 0.03866354376077652, 0.04661465808749199, 0.050372324883937836, 0.0428914837539196]

2022-04-28 17:21:22.575878