2022-04-28 17:16:07.306287

reference phi, theta, psi, translation: 16.672973292337613, -0.0, 55.56417970941693, 0.9538894295692444, -3.184936285018921, 2.279534101486206

phi,theta,psi,rot_x,rot_y,rot_z,phi_err,theta_err,psi_err
26.607018987257597,-4.879078348390559,61.415046110949504,1.4386786222457886,-3.2383759021759033,2.121750593185425,9.934045694919984,4.879078348390559,5.850866401532571
26.37889066897917,-5.274971611349947,60.94058702025457,1.3987185955047607,-3.244840621948242,2.1384847164154053,9.705917376641558,5.274971611349947,5.376407310837635
25.307915299573878,-6.537733413315787,59.48070921724521,1.2539013624191284,-3.2722721099853516,2.167750597000122,8.634942007236265,6.537733413315787,3.9165295078282796
23.032497541739367,-7.520552599148549,56.99171998180086,1.0522732734680176,-3.294950485229492,2.2060277462005615,6.359524249401755,7.520552599148549,1.4275402723839292
20.106586227731185,-3.013091144877076,56.01165613779573,1.0360996723175049,-3.218202590942383,2.2864322662353516,3.4336129353935725,3.013091144877076,0.4474764283787991
16.53470806542175,0.12475465891236932,55.81047974598218,0.950885534286499,-3.214724063873291,2.2841739654541016,0.13826522691586263,0.12475465891236932,0.2463000365652448
16.774082290168604,-0.010456114464209992,55.49186508157943,0.9588552713394165,-3.1851391792297363,2.2869105339050293,0.10110899783099114,0.010456114464209992,0.07231462783750686
16.471658589193364,-0.07477070893906922,55.51222246040065,0.9402883648872375,-3.179593086242676,2.2775816917419434,0.2013147031442486,0.07477070893906922,0.05195724901628296
16.587080248430116,0.051896092247480555,55.385915187174184,0.9493481516838074,-3.173370838165283,2.2845795154571533,0.08589304390749675,0.051896092247480555,0.17826452224274902
16.60563787240504,-0.08768791312451037,55.54472050047157,0.9492289423942566,-3.1810812950134277,2.2776741981506348,0.0673354199325722,0.08768791312451037,0.01945920894536357
16.68426188748835,-0.022575375341758696,55.433316700014075,0.9544819593429565,-3.173581123352051,2.2852730751037598,0.01128859515073799,0.022575375341758696,0.13086300940285867
16.63009165718098,-0.0007135011140432574,55.50683344114551,0.9515652656555176,-3.1788549423217773,2.278238296508789,0.04288163515663257,0.0007135011140432574,0.05734626827142364
16.590515833582632,-0.04836769252217888,55.4756775332465,0.9466304183006287,-3.177870988845825,2.2805676460266113,0.08245745875498045,0.04836769252217888,0.08850217617043654
16.584495021829266,-0.008387353294239364,55.530452235295414,0.9480019807815552,-3.1791152954101562,2.277083396911621,0.08847827050834667,0.008387353294239364,0.03372747412151966
16.58340048401477,0.048328854670346956,55.381735111402136,0.9499001502990723,-3.173081874847412,2.2847065925598145,0.08957280832284198,0.048328854670346956,0.18244459801479707
16.55148813266518,-0.045753565948078896,55.456863777177695,0.9447646141052246,-3.1787893772125244,2.283005475997925,0.12148515967243156,0.045753565948078896,0.10731593223923852
16.717157786078424,0.011796033155357509,55.41508009493014,0.9566897749900818,-3.1745309829711914,2.286198616027832,0.04418449374081135,0.011796033155357509,0.14909961448679354
16.531533735004988,-0.10738879429871426,55.62151231731002,0.9438499808311462,-3.1863229274749756,2.2737908363342285,0.1414395573326246,0.10738879429871426,0.057332607893087584
16.60960791986011,-0.02053733988892727,55.47630591065013,0.9499132633209229,-3.176917314529419,2.2807254791259766,0.06336537247750229,0.02053733988892727,0.08787379876680035
16.580538634752536,-0.0855438270198138,55.57660040842261,0.9459794759750366,-3.182293653488159,2.2746832370758057,0.09243465758507696,0.0855438270198138,0.012420699005673441
16.57168841713549,-0.05014892849991905,55.49341553452102,0.9463489651679993,-3.179140567779541,2.2800827026367188,0.10128487520212204,0.05014892849991905,0.07076417489591336
16.616007807112414,-0.1460284036302983,55.42001149151089,0.9448873400688171,-3.176927089691162,2.2842624187469482,0.05696548522519862,0.1460284036302983,0.14416821790604217
16.59657250382914,-0.11653286090804225,55.44859241809281,0.945024847984314,-3.1786417961120605,2.282257080078125,0.07640078850847232,0.11653286090804225,0.11558729132412537
16.472466259062717,-0.16350817280912788,55.49366825152031,0.9365217685699463,-3.1826891899108887,2.2798714637756348,0.20050703327489572,0.16350817280912788,0.07051145789662172
16.52644695162062,-0.08170104715988621,55.47669523143283,0.9430442452430725,-3.1798534393310547,2.281697988510132,0.1465263407169921,0.08170104715988621,0.08748447798410552
16.72154959771474,0.00837159980920393,55.36189341186325,0.9558471441268921,-3.1713852882385254,2.2875590324401855,0.04857630537712865,0.00837159980920393,0.20228629755368388
16.60303215523668,-0.0791659940743175,55.54819023656994,0.948660135269165,-3.181216239929199,2.276010036468506,0.0699411371009333,0.0791659940743175,0.015989472846996478
16.600347890892866,0.0028377723572969816,55.487357156727214,0.9502824544906616,-3.1776790618896484,2.279397487640381,0.07262540144474627,0.0028377723572969816,0.07682255268971971
16.647535960321193,-0.07527657624496124,55.50067261051416,0.9492942690849304,-3.178584575653076,2.2800538539886475,0.025437332016419845,0.07527657624496124,0.06350709890277528
16.62613527010425,-0.01773164134094258,55.382383979373294,0.9491770267486572,-3.174668788909912,2.286217451095581,0.046838022233362864,0.01773164134094258,0.18179573004363903
16.575933379704654,-0.07751924973511908,55.357426468146066,0.9443901777267456,-3.173550605773926,2.2871503829956055,0.09703991263295819,0.07751924973511908,0.20675324127086725
16.492084269906286,-0.05243329068297187,55.46730713641865,0.9411681294441223,-3.1781396865844727,2.281132459640503,0.18088902243132665,0.05243329068297187,0.09687257299828644
16.60015323050152,0.032688923167704685,55.511833139617956,0.9508755803108215,-3.1788365840911865,2.279879331588745,0.07282006183609369,0.032688923167704685,0.05234656979897778
16.54279159430446,-0.051514850341641064,55.48590574152859,0.9442523121833801,-3.1793808937072754,2.2796247005462646,0.1301816980331516,0.051514850341641064,0.07827396788834307
16.66284924444036,-0.09791522060812587,55.49011313805732,0.9497030377388,-3.177187204360962,2.2814784049987793,0.010124047897253519,0.09791522060812587,0.07406657135961581
16.614815939102247,-0.06542764462934819,55.403615622408275,0.9475868344306946,-3.17460036277771,2.2841148376464844,0.05815735323536586,0.06542764462934819,0.16056408700865887

Errors:
rotation,[20.663990444843115, 20.35729629882914, 19.089204928380333, 15.307617120934232, 6.894180508649447, 0.5093199223934768, 0.183879740132708, 0.3280426610996008, 0.3160536583977263, 0.17448254200244612, 0.16472697989535534, 0.10094140454209946, 0.21932732744759587, 0.1305930979241057, 0.320346261007986, 0.274554657859749, 0.2050801413829624, 0.30616095952442646, 0.1717765111332299, 0.1903991836105642, 0.22219797859795445, 0.3471621067615391, 0.30852094074063996, 0.4345266639806453, 0.3157118658609839, 0.25923420274001646, 0.1650966040222473, 0.15228572649176297, 0.16422100716415639, 0.24636539361794446, 0.38131240363894453, 0.33019488611258496, 0.15785555480277616, 0.2599705162631357, 0.18210583986499518, 0.2841490848733729]
translation,[0.09908907901583852, 0.09906741085487791, 0.08945071349271405, 0.07137478307947198, 0.05030507157382402, 0.02548115245153504, 0.005512664227038222, 0.008526126889045749, 0.0073435855707444375, 0.005198715782505303, 0.0055697724150016725, 0.0060866344521137705, 0.006708163633307507, 0.007375562864196716, 0.007369041527512721, 0.005039433917272795, 0.0037716146130497563, 0.004513490425082978, 0.006598138913998852, 0.006696741343768409, 0.0060464723863349334, 0.0057676837857796315, 0.005519217535752574, 0.005660269070965285, 0.005343714526119037, 0.005677988491719965, 0.006167433329867578, 0.006661957044156175, 0.005808366719621816, 0.005430266747413093, 0.006908051908840918, 0.0074570795990931416, 0.0053350070029507535, 0.006608509161158516, 0.006007981497178072, 0.007052711822097102]
loss,
[0.13402405381202698, 0.1179146021604538, 0.1037602424621582, 0.07775674760341644, 0.042970024049282074, 0.016487112268805504, 0.003518786747008562, 0.0012621384812518954, 0.0018443184671923518, 0.002343487925827503, 0.0017555539961904287, 0.0016912124119699001, 0.0008718989556655288, 0.0018874056404456496, 0.0014343333896249533, 0.001263785408809781, 0.0016596908681094646, 0.00093512621242553, 0.0012051640078425407, 0.0017997035756707191, 0.0012796346563845873, 0.001058196066878736, 0.0023020049557089806, 0.0017956480151042342, 0.001196917612105608, 0.0016934976447373629, 0.0015968410298228264, 0.0017166906036436558, 0.0012465694453567266, 0.0009022498270496726, 0.0010601358953863382, 0.0012308990117162466, 0.0011818439234048128, 0.0011219526641070843, 0.002289238851517439, 0.0017839919310063124]

2022-04-28 17:18:42.258017