2022-04-20 00:36:23.211322

reference phi, theta, psi, translation: 16.672973292337613, -0.0, 55.56417970941693, 0.9538894295692444, -3.184936285018921, 2.279534101486206

phi,theta,psi,rot_x,rot_y,rot_z,phi_err,theta_err,psi_err
26.607018987257597,-4.879078348390559,61.415046110949504,1.4386786222457886,-3.2383759021759033,2.121750593185425,9.934045694919984,4.879078348390559,5.850866401532571
26.105022281376463,-4.618317199163211,61.27206976105363,1.4127274751663208,-3.2451634407043457,2.127830743789673,9.43204898903885,4.618317199163211,5.707890051636696
24.541872018116514,-4.7779557471933325,59.3636602654387,1.2712994813919067,-3.2786574363708496,2.1753222942352295,7.868898725778902,4.7779557471933325,3.79948055602177
21.344880741234277,-1.7610158407407797,55.29492682214586,1.1857179403305054,-3.1557979583740234,2.361783266067505,4.671907448896665,1.7610158407407797,0.26925288727107244
17.370917880222656,0.5338047993886842,54.06103607311013,1.0059133768081665,-3.1320300102233887,2.389042615890503,0.6979445878850434,0.5338047993886842,1.5031436363068025
16.0720737397274,-0.4380476339333565,55.66236026364128,0.9030311703681946,-3.1972639560699463,2.2705843448638916,0.6008995526102119,0.4380476339333565,0.09818055422434924
16.69020927470814,0.0950110427674045,55.721427739583554,0.961682915687561,-3.1867594718933105,2.268447160720825,0.017235982370525704,0.0950110427674045,0.15724803016662037
16.655880743939655,-0.02263102480117577,55.49501038369222,0.9521613121032715,-3.179375171661377,2.281705141067505,0.01709254839795804,0.02263102480117577,0.06916932572471524
16.638591827603058,-0.028333502043622824,55.50547764859526,0.9507027268409729,-3.179888963699341,2.280524492263794,0.03438146473455461,0.028333502043622824,0.058702060821673285
16.63714041240443,-0.0162452982685445,55.58226263524455,0.9522183537483215,-3.18292498588562,2.2760534286499023,0.035832879933181516,0.0162452982685445,0.018082925827613394
16.650307309576924,-0.010770457064862548,55.522676064925356,0.9526289701461792,-3.180659055709839,2.27913761138916,0.022665982760688763,0.010770457064862548,0.04150364449157706
16.660936791472757,-0.027856907519617842,55.553504123744204,0.9532386064529419,-3.1817805767059326,2.2778055667877197,0.012036500864855526,0.027856907519617842,0.010675585672728971
16.562674274978367,0.04103284632793098,55.48916374176269,0.9497984647750854,-3.179630756378174,2.2805025577545166,0.11029901735924597,0.04103284632793098,0.07501596765424523
16.664553376638278,-0.008018453633147873,55.61684388301232,0.9548855423927307,-3.183995008468628,2.2738454341888428,0.008419915699334979,0.008018453633147873,0.052664173595388775
16.66357153694509,-0.010721331825669004,55.54711448177566,0.9538053870201111,-3.1812736988067627,2.278019428253174,0.00940175539252408,0.010721331825669004,0.01706522764127527
16.65965783855067,0.06424596578763274,55.484778760315535,0.9562247395515442,-3.1781904697418213,2.281611919403076,0.013315453786940878,0.06424596578763274,0.07940094910139806
16.621140694273677,-0.042529928476637543,55.602783938605846,0.9508450031280518,-3.1841139793395996,2.274407386779785,0.051832598063935365,0.042529928476637543,0.0386042291889126
16.637673167159694,-0.020452083816344592,55.50064187466289,0.9513952136039734,-3.1803624629974365,2.2803609371185303,0.03530012517791903,0.020452083816344592,0.06353783475404384
16.660964112229436,0.050139344529176885,55.47810225040185,0.9554805159568787,-3.177882194519043,2.2816779613494873,0.01200918010817631,0.050139344529176885,0.08607745901508679
16.643320026056,0.003984266068842396,55.5083155921954,0.9530755281448364,-3.1795601844787598,2.280174970626831,0.029653266281613355,0.003984266068842396,0.05586411722153173
16.630108732653902,0.02042388977413372,55.54953236874184,0.953395664691925,-3.1809353828430176,2.2772974967956543,0.04286455968371072,0.02042388977413372,0.014647340675089993
16.652983036184278,0.01436059938888492,55.51870772501758,0.9540479779243469,-3.1798648834228516,2.2799124717712402,0.01999025615333494,0.01436059938888492,0.04547198439935585
16.622996798180626,0.027591312100869854,55.585606012843265,0.9540706276893616,-3.182753562927246,2.2759170532226562,0.04997649415698646,0.027591312100869854,0.021426303426331117
16.639032374804525,-0.017665486261239812,55.53930416045975,0.9522989988327026,-3.1809117794036865,2.2784066200256348,0.033940917533087145,0.017665486261239812,0.02487554895718347
16.648521215108964,-0.016084315332222057,55.569199898456894,0.9525506496429443,-3.181830883026123,2.276677370071411,0.024452077228648506,0.016084315332222057,0.005020189039960599
16.701735218932534,-0.016578798339923158,55.5338502544075,0.9555847644805908,-3.179866075515747,2.2787437438964844,0.02876192659492105,0.016578798339923158,0.0303294550094364
16.5811840876291,0.0299782606714107,55.54022282090312,0.9505619406700134,-3.1813220977783203,2.278076648712158,0.09178920470851182,0.0299782606714107,0.0239568885138155
16.610622202951856,0.02265280185160248,55.51014949798755,0.9518664479255676,-3.1799533367156982,2.2799782752990723,0.062351089385757064,0.02265280185160248,0.05403021142938513
16.666829537179186,-0.021034031198745022,55.500416478420284,0.9533818364143372,-3.179318904876709,2.2811853885650635,0.006143755158426245,0.021034031198745022,0.06376323099664916
16.65234441349688,-0.01126147293996981,55.53312625435547,0.9531447887420654,-3.1804614067077637,2.2786660194396973,0.020628878840732057,0.01126147293996981,0.03105345506146051
16.61930849602882,0.04649779148208597,55.527132763358786,0.9531387090682983,-3.1801702976226807,2.2788240909576416,0.05366479630879084,0.04649779148208597,0.03704694605814751
16.672274905494977,-0.002395415537678333,55.58555478642449,0.9557909369468689,-3.182603359222412,2.276125907897949,0.0006983868426360118,0.002395415537678333,0.02137507700755492
16.646719752715374,-0.017547202678080853,55.51612249841673,0.9523466229438782,-3.180020570755005,2.2802927494049072,0.026253539622238975,0.017547202678080853,0.04805721100020577
16.679219500333588,-0.0026302635046368695,55.55394467094567,0.9554975628852844,-3.181004762649536,2.2779905796051025,0.006246207995975084,0.0026302635046368695,0.010235038471265057
16.655684376001016,0.010844302885896695,55.54228895312704,0.9544813632965088,-3.180694818496704,2.278311252593994,0.01728891633659657,0.010844302885896695,0.02189075628989201
16.63996981826811,0.00024637444932252927,55.505713290121626,0.9523398280143738,-3.1799917221069336,2.2801976203918457,0.03300347406950266,0.00024637444932252927,0.05846641929530705

Errors:
rotation,[20.663990444843115, 19.758256239838758, 16.446335028994003, 6.702176176908517, 2.73489302358053, 1.1371277407679177, 0.2694950553045506, 0.10889289892384904, 0.12141702759985072, 0.07016110402933941, 0.07494008431712837, 0.05056899405720234, 0.22634783134142217, 0.06910254292787163, 0.03718831485946836, 0.1569623686759717, 0.13296675572948552, 0.11929004374830746, 0.14822598365244, 0.08950164957198747, 0.07793579013293443, 0.07982283994157571, 0.09899410968418743, 0.07648195275151043, 0.04555658160083116, 0.0756701799442806, 0.145724353893738, 0.13903410266674468, 0.09094101735382043, 0.06294380684216239, 0.13720953384902432, 0.024468879387869267, 0.0918579533005256, 0.019111509971877008, 0.05002397551238528, 0.09171626781413224]
translation,[0.09908907901583852, 0.09858642466278855, 0.10382265391385825, 0.08505966413506183, 0.03445822055628156, 0.007012143349731659, 0.0029627182384013295, 0.0035717865565167983, 0.004179463903110303, 0.003952373714792401, 0.003901250625457209, 0.0036247120378209985, 0.004609175563795809, 0.0037222932087095373, 0.00376997840579385, 0.003596942326575814, 0.004266930771657407, 0.0037346361033385733, 0.003979426399128627, 0.004076115327523944, 0.004542579436813909, 0.003753898244649889, 0.0037265432797379816, 0.00419332037015252, 0.004385717168500669, 0.004050075905940531, 0.004466285000427561, 0.004163019960909509, 0.0036218910995264864, 0.004202170992206433, 0.004344070522682486, 0.0033193326620395425, 0.0038183521951982158, 0.003597611694635461, 0.003901979426011337, 0.003896600574077702]
loss,
[0.2043747901916504, 0.19393444061279297, 0.14961402118206024, 0.0760030671954155, 0.019837426021695137, 0.0030727735720574856, 0.0019029965624213219, 0.0017280923202633858, 0.0015751675236970186, 0.001674424740485847, 0.0017044408014044166, 0.0017902401741594076, 0.00190575304441154, 0.0015819559339433908, 0.0016346736811101437, 0.001616732683032751, 0.0018167966045439243, 0.002092248760163784, 0.0017631681403145194, 0.0018276091432198882, 0.001730659743770957, 0.0012954081175848842, 0.0014623720198869705, 0.0014621516456827521, 0.0016865901416167617, 0.0018021517898887396, 0.001543355523608625, 0.0013838366139680147, 0.0015895506367087364, 0.0013107586419209838, 0.0017131499480456114, 0.0019315804820507765, 0.0016369568184018135, 0.0017389486311003566, 0.0015022591687738895, 0.0014896118082106113]

2022-04-20 00:45:10.282325