2022-04-21 04:01:31.704250

reference phi, theta, psi, translation: -33.091320547511735, -0.0, 74.32085247222868, -2.1190009117126465, -3.251617431640625, 1.089412808418274

phi,theta,psi,rot_x,rot_y,rot_z,phi_err,theta_err,psi_err
-22.822884158753556,1.294954214858955,81.82337814338081,-1.5357718467712402,-3.6827800273895264,0.7731812596321106,10.268436388758179,1.294954214858955,7.502525671152128
-24.24200280789086,2.859039390142586,81.86289078772933,-1.5902482271194458,-3.6781821250915527,0.7429453730583191,8.849317739620876,2.859039390142586,7.542038315500648
-27.996276049343606,6.883059640608511,80.71721534691889,-1.756313443183899,-3.583296298980713,0.7606446146965027,5.095044498168129,6.883059640608511,6.396362874690212
-28.74276108411264,8.680018601915942,79.2640447896745,-1.8051947355270386,-3.524294137954712,0.7482413053512573,4.348559463399095,8.680018601915942,4.9431923174458205
-28.69791064692775,2.738930521923112,76.89248699663018,-1.8622418642044067,-3.4487736225128174,0.9181857705116272,4.393409900583986,2.738930521923112,2.571634524401503
-31.988589921107756,-0.6104628087938552,73.27648239718788,-2.0457215309143066,-3.2652461528778076,1.15620756149292,1.1027306264039787,0.6104628087938552,1.0443700750408027
-33.05080386535521,0.1391510957584571,74.43330470672376,-2.1158173084259033,-3.2562456130981445,1.0839192867279053,0.04051668215652171,0.1391510957584571,0.11245223449508046
-33.17539334600542,0.014737167471194796,74.36082956944077,-2.12107253074646,-3.2451796531677246,1.0850838422775269,0.08407279849368621,0.014737167471194796,0.03997709721208764
-33.203998178249435,-0.034024587471210815,74.26970801572362,-2.120007038116455,-3.240628242492676,1.0913716554641724,0.11267763073769999,0.034024587471210815,0.051144456505056723
-33.17785221410662,-0.04829652543718407,74.30524548997519,-2.1186904907226562,-3.2396974563598633,1.0886151790618896,0.08653166659488676,0.04829652543718407,0.015606982253487445
-33.22742231200799,-0.05099648575168463,74.2706915629641,-2.12237811088562,-3.238770008087158,1.0903725624084473,0.136101764496253,0.05099648575168463,0.0501609092645765
-33.146590438275474,-0.028094322285394376,74.34434149278435,-2.118476390838623,-3.2428345680236816,1.087604284286499,0.05526989076373923,0.028094322285394376,0.02348902055567237
-33.207355216226496,0.034467427094457756,74.32173356663161,-2.120435953140259,-3.2432167530059814,1.0881507396697998,0.11603466871476087,0.034467427094457756,0.0008810944029278289
-33.21422980162611,-0.0765570093914742,74.2631988454446,-2.121396780014038,-3.2395901679992676,1.09055495262146,0.1229092541143757,0.0765570093914742,0.05765362678407371
-33.26645342802003,-0.0069020851830977215,74.34690964391227,-2.122901201248169,-3.238590955734253,1.0856000185012817,0.17513288050829345,0.0069020851830977215,0.026057171683589786
-33.19741387588954,-0.038159080055221395,74.3288642841251,-2.1201791763305664,-3.2407217025756836,1.086885929107666,0.10609332837780272,0.038159080055221395,0.008011811896423637
-33.21988861335347,0.02219833811302683,74.38341700502599,-2.1205906867980957,-3.2403955459594727,1.083249807357788,0.12856806584173341,0.02219833811302683,0.06256453279731033
-33.15203068394939,-0.05470582727899901,74.2930809230634,-2.1175382137298584,-3.2409915924072266,1.0891677141189575,0.060710136437656104,0.05470582727899901,0.027771549165279907
-33.13352087129866,-0.05303678187251341,74.28336156387448,-2.116443634033203,-3.242587089538574,1.0904443264007568,0.042200323786921956,0.05303678187251341,0.03749090835420077
-33.14341098521683,-0.06003255462860279,74.27020661953303,-2.116433620452881,-3.241940975189209,1.0914053916931152,0.052090437705096804,0.06003255462860279,0.05064585269565214
-33.21684576407823,-0.05911795601470214,74.36092519208914,-2.120915651321411,-3.2393581867218018,1.0843520164489746,0.12552521656649418,0.05911795601470214,0.04007271986046135
-33.2529535591255,-0.04446322211502411,74.35343930475881,-2.121434211730957,-3.237248182296753,1.084498643875122,0.1616330116137661,0.04446322211502411,0.03258683253012862
-33.17729213859468,-0.00933703789665751,74.34775658736936,-2.117579221725464,-3.24143385887146,1.0855553150177002,0.08597159108294505,0.00933703789665751,0.02690411514068103
-33.236800161738415,-0.03234063800665749,74.36759828690825,-2.12216854095459,-3.238372564315796,1.0835281610488892,0.1454796142266801,0.03234063800665749,0.04674581467956784
-33.14890587240411,-0.040353952240911685,74.33303069951882,-2.1164112091064453,-3.240341901779175,1.0863580703735352,0.057585324892372114,0.040353952240911685,0.012178227290135624
-33.16164759030077,-0.021177096407199267,74.37683953285527,-2.1176319122314453,-3.2419281005859375,1.0835890769958496,0.07032704278903168,0.021177096407199267,0.055987060626591756
-33.21857038684365,0.01730035998609,74.30229484825375,-2.1197566986083984,-3.2393577098846436,1.0884886980056763,0.1272498393319168,0.01730035998609,0.018557623974928106
-33.16639115667934,-0.0007113795671642907,74.28547892251719,-2.1166019439697266,-3.2413058280944824,1.0899263620376587,0.07507060916760366,0.0007113795671642907,0.03537354971149398
-33.13886549432419,-0.0418572594839394,74.32365967997755,-2.1167290210723877,-3.2419097423553467,1.087988018989563,0.04754494681245802,0.0418572594839394,0.0028072077488729974
-33.206484367107315,0.011688040715407421,74.39967968543979,-2.1196796894073486,-3.2416982650756836,1.08193039894104,0.11516381959557975,0.011688040715407421,0.07882721321111319
-33.19511210213925,-0.06778827374155803,74.30331937662925,-2.1193931102752686,-3.237961769104004,1.0881080627441406,0.103791554627513,0.06778827374155803,0.017533095599432613
-33.19120181883941,-0.032047947499695695,74.35135609706195,-2.1187968254089355,-3.2392611503601074,1.0848814249038696,0.09988127132767488,0.032047947499695695,0.030503624833272625
-33.24611312467173,-0.06017854989719632,74.35229183297824,-2.1220338344573975,-3.237630605697632,1.0854912996292114,0.15479257715999495,0.06017854989719632,0.03143936074955889
-33.12863045585293,-0.028011181332805245,74.31404277362617,-2.1159963607788086,-3.241755485534668,1.0877522230148315,0.037309908341192966,0.028011181332805245,0.006809698602509684
-33.192636158565115,-0.052155598392041196,74.32305179314142,-2.119684934616089,-3.2405805587768555,1.0876826047897339,0.10131561105337994,0.052155598392041196,0.0021993209127373348
-33.16663362839488,0.01493944358895641,74.3352436808099,-2.1174867153167725,-3.2423887252807617,1.0869327783584595,0.07531308088314148,0.01493944358895641,0.01439120858121612

Errors:
rotation,[19.06591627476926, 19.25039544526411, 18.37446701346685, 17.97177038276086, 9.703974946908602, 2.7575635102386364, 0.29212001241005925, 0.13878706317696865, 0.19784667471396752, 0.15043517428555828, 0.23725915951251414, 0.10685323360480597, 0.15138319021214647, 0.2571198902899236, 0.20809213737498097, 0.15226422032944775, 0.21333093675207057, 0.14318751288193501, 0.13272801401363613, 0.16276884502935174, 0.22471589244165768, 0.23868306625891883, 0.12221274412028359, 0.22456606691290543, 0.11011750442341942, 0.14749119982282272, 0.1631078232929349, 0.11115553844626193, 0.09220941404527042, 0.20567907352210035, 0.18911292396850365, 0.1624328436606432, 0.24641048780675015, 0.0721307882765079, 0.15567053035815848, 0.10464373305331401]
translation,[0.03326186669987141, 0.04439316998457965, 0.03128770295841221, 0.0013346855281248793, 0.005579431150369629, 0.00824136694734623, 0.0005827155741400247, 0.005269269613266125, 0.007797880139770008, 0.009988368996339148, 0.008315022485001045, 0.007846596875720202, 0.006358754065516337, 0.008122807918957697, 0.009474085541135047, 0.00884632990163503, 0.009873193370707689, 0.009402895435500547, 0.008347191319916902, 0.008612592650088402, 0.010240550977518303, 0.01162701852642023, 0.01000160514088666, 0.010595525531255312, 0.011280014585673293, 0.010105750271521607, 0.009734410859393527, 0.009436980822435714, 0.009408172084501842, 0.009658749254418453, 0.011153540835775466, 0.011293125774480828, 0.010734634131007503, 0.009981889100137309, 0.009005184064541538, 0.008908535874240009]
loss,
[0.21591603755950928, 0.20946119725704193, 0.1738717257976532, 0.11079387366771698, 0.06850656867027283, 0.01737390272319317, 0.0045673842541873455, 0.0015375929651781917, 0.0018834515940397978, 0.0014790075365453959, 0.001422701170668006, 0.002305554924532771, 0.002826529089361429, 0.0022857121657580137, 0.0019152819877490401, 0.002197122201323509, 0.0018748384900391102, 0.0011561103165149689, 0.0022095642052590847, 0.0017754639266058803, 0.001668617594987154, 0.0020538698881864548, 0.0014745614025741816, 0.001484026201069355, 0.0018997211009263992, 0.001990834716707468, 0.0021298041101545095, 0.0019715577363967896, 0.0014795319875702262, 0.0014718796592205763, 0.001636312692426145, 0.0012909708311781287, 0.0024692253209650517, 0.0030617015436291695, 0.0020060953684151173, 0.001595682231709361]

2022-04-21 04:06:00.940167