2022-04-21 04:15:38.848795

reference phi, theta, psi, translation: 132.9853677440357, -8.537735924097414e-07, 76.34363348549546, 2.865516185760498, 2.6707684993743896, 0.9517420530319214

phi,theta,psi,rot_x,rot_y,rot_z,phi_err,theta_err,psi_err
143.3552887910292,-3.0579185397180266,69.36864430507845,2.3124754428863525,2.981729030609131,1.6183615922927856,10.369921046993511,3.0579176859444344,6.974989180417012
143.6989292685509,-3.4940672180856804,69.28472860093567,2.3086533546447754,2.99442720413208,1.6161365509033203,10.7135615245152,3.494066364312088,7.058904884559794
147.25886484509658,-8.276510883414906,69.16091093166168,2.264948606491089,3.096676826477051,1.5483118295669556,14.273497101060883,8.276510029641313,7.182722553833784
149.04005523723083,-8.470990502540026,71.45789671934779,2.1610474586486816,3.239297389984131,1.3751866817474365,16.054687493195132,8.470989648766434,4.885736766147673
148.0841566025092,-7.063295382700014,71.78291127100285,2.1892356872558594,3.1995186805725098,1.3703029155731201,15.098788858473512,7.063294528926422,4.560722214492614
148.59676229971868,-6.901954300763645,73.36634036590857,2.172913074493408,3.2655725479125977,1.2373231649398804,15.611394555682978,6.901953446990053,2.9772931195868892
147.74051612498752,-5.511168724523399,73.37349840415874,2.1831696033477783,3.2375001907348633,1.2566142082214355,14.755148380951823,5.511167870749807,2.9701350813367213
147.28126786557422,-4.96144671937176,74.13608219480149,2.201439380645752,3.229407548904419,1.1967856884002686,14.295900121538523,4.961445865598168,2.2075512906939707
147.7671265419939,-5.183679792005308,75.91010771849642,2.2003750801086426,3.2811052799224854,1.0398800373077393,14.78175879795819,5.183678938231716,0.4335257669990398
147.34896870062738,-4.23615984667236,76.12152256387581,2.2149064540863037,3.2717669010162354,1.0366387367248535,14.363600956591682,4.236158992898767,0.2221109216196453
146.23925420579707,-2.924099864436416,76.61123346698739,2.2557928562164307,3.2475426197052,1.013980507850647,13.253886461761368,2.9240990106628235,0.26759998149192654
145.5116614742723,-1.8786126314202853,77.72244377324594,2.283795118331909,3.247060537338257,0.9195787906646729,12.526293730236603,1.8786117776466928,1.3788102877504826
144.99159721048918,-0.04004140157596479,78.54864394581818,2.287792444229126,3.2629823684692383,0.8366875648498535,12.006229466453476,0.04004054780237238,2.2050104603227254
144.6406484305556,2.6173574389763092,77.1516380341188,2.2750370502471924,3.2558107376098633,0.8990415334701538,11.655280686519887,2.6173582927499015,0.8080045486233445
143.15251413494988,2.9097106799031285,74.65859849649664,2.3297231197357178,3.1641364097595215,1.0667434930801392,10.167146390914183,2.9097115336767208,1.6850349889988223
141.9068378945013,2.1526133068313236,73.88886349779288,2.386202096939087,3.0922443866729736,1.1198713779449463,8.921470150465609,2.152614160604916,2.4547699877025764
140.88038340565345,1.69205152635823,73.91188806548499,2.451502799987793,3.0436973571777344,1.1225337982177734,7.895015661617748,1.6920523801318226,2.431745420010472
140.07675700828807,1.5522402011261451,74.34268858700521,2.5023319721221924,3.0177805423736572,1.0970826148986816,7.091389264252371,1.5522410548997376,2.0009448984902463
138.5549362196959,1.1565237132492554,74.83526816956818,2.5946545600891113,2.9537694454193115,1.0643662214279175,5.569568475660191,1.156524567022848,1.5083653159272785
137.1275223058116,0.9553236956791142,74.87848960663602,2.6701667308807373,2.889275074005127,1.0557514429092407,4.142154561775897,0.9553245494527066,1.4651438788594362
135.4095658050133,0.171333766882272,75.29106718345065,2.7754364013671875,2.796935558319092,1.0308092832565308,2.424198060977602,0.1713346206558644,1.0525663020448093
133.71390304166596,0.0743600445149606,75.8581572996693,2.848161220550537,2.7252273559570312,0.9923915863037109,0.728535297630259,0.07436089828855301,0.48547618582615826
133.21637840214387,-0.11315428339731888,75.9814490443772,2.863905906677246,2.6922857761383057,0.9832717180252075,0.23101065810817545,0.11315342962372647,0.3621844411182593
133.12448503705053,-0.04865818828893552,76.05947029526625,2.8644301891326904,2.6775760650634766,0.9734138250350952,0.13911729301483433,0.04865733451534311,0.2841631902292079
133.0279334829432,-0.01011537463900332,76.24561344071661,2.863515615463257,2.6705687046051025,0.9590460658073425,0.042565738907512696,0.010114520865410911,0.09802004477884907
132.8745137738064,-0.04200661434353637,76.28116457534652,2.8667147159576416,2.6604483127593994,0.954926609992981,0.1108539702293001,0.04200576056994396,0.06246891014893663
132.90654736101376,0.03134109329277675,76.40231164065504,2.864288091659546,2.6612913608551025,0.9460801482200623,0.0788203830219345,0.031341947066369155,0.05867815515958341
132.8484087907986,-0.007246393279753761,76.35754658083478,2.86637544631958,2.6572623252868652,0.9496340751647949,0.13695895323709806,0.007245539506161351,0.01391309533931917
132.88001890627743,-0.08763864652241728,76.28704536822191,2.8657407760620117,2.657759189605713,0.9546013474464417,0.10534883775827097,0.08763779274882487,0.05658811727354873
132.93094479672905,0.03338006934920247,76.40989998082293,2.8633291721343994,2.6635894775390625,0.9467459917068481,0.054422947306647984,0.03338092312279488,0.06626649532746853
132.90675226668887,-0.05972401335712404,76.32479582376456,2.8647356033325195,2.659773588180542,0.9512509107589722,0.07861547734682972,0.05972315958353163,0.018837661730898958
132.87709558531267,-0.025038809169643392,76.33327891871372,2.864806890487671,2.658792018890381,0.9510722160339355,0.10827215872302531,0.02503795539605098,0.010354566781742847
132.81682599607646,0.0025404963900432427,76.32398303125333,2.866100311279297,2.65559983253479,0.9508199691772461,0.16854174795923882,0.0025413501636356523,0.019650454242125193
132.84791701717836,0.04159728169977947,76.38423896011119,2.8661880493164062,2.657289981842041,0.946334958076477,0.13745072685733817,0.04159813547337188,0.04060547461573094
132.8705249433311,0.006051080098547183,76.33157820161038,2.864921808242798,2.658285140991211,0.9505178928375244,0.11484280070459363,0.006051933872139593,0.012055283885075596
132.8303907517681,-0.0002758254892940682,76.37791420493976,2.867187738418579,2.65781569480896,0.9482084512710571,0.1549769922675921,0.00027497171570165847,0.03428071944429689

Errors:
rotation,[20.402827913354958, 21.266532773387084, 29.732729684535983, 29.41141390810924, 26.722805601892546, 25.49064112225992, 23.236451333038353, 21.464897277830662, 20.398963503188945, 18.821870871110093, 16.445585453916117, 15.783715795633778, 14.251280474578573, 15.080643527893134, 14.761892913589726, 13.528854298773101, 12.018813461760043, 10.644575217642355, 8.234458358610317, 6.562622990088039, 3.648098983678276, 1.2883723817449702, 0.7063485288501612, 0.4719378177593853, 0.1507003045517727, 0.2153286409481807, 0.16884048524788708, 0.1581175880825786, 0.2495747477806446, 0.1540703657569114, 0.15717629866126032, 0.14366468090081913, 0.19073355236499967, 0.219654336946441, 0.13295001846180882, 0.18953268342759064]
translation,[0.07464079787699607, 0.08085016444255722, 0.10610072391872105, 0.0985577698248159, 0.08073231417151128, 0.08183642831761162, 0.07090914871035014, 0.05637698143029546, 0.05404584856888395, 0.05358516694343507, 0.050940529909781596, 0.04376340672978518, 0.04086006973206047, 0.0412626211651963, 0.040395458010312524, 0.03212688586545376, 0.035078373661458606, 0.03977454373458755, 0.04193647632310782, 0.04223725304436332, 0.04176483756276017, 0.03380989711669713, 0.02068339801856567, 0.008909249811245523, 0.00017710762996436813, 0.005222393016232729, 0.008482319540431327, 0.008821598659288554, 0.007769890032507831, 0.0074874260762225475, 0.007948094016938967, 0.00858843846852686, 0.009835580215772133, 0.009714507078355084, 0.008972636523850497, 0.008213421518363795]
loss,
[0.16237208247184753, 0.16987407207489014, 0.11565206944942474, 0.10743077844381332, 0.10578352212905884, 0.10840751975774765, 0.08460412919521332, 0.10970281064510345, 0.09830217063426971, 0.09193293750286102, 0.08628066629171371, 0.08017700165510178, 0.08528369665145874, 0.050026919692754745, 0.03645453229546547, 0.03891008719801903, 0.033282507210969925, 0.04062258452177048, 0.025824761018157005, 0.026631396263837814, 0.012532027438282967, 0.0048714252188801765, 0.004627353046089411, 0.002449615392833948, 0.0019538607448339462, 0.001623758114874363, 0.0014912255574017763, 0.00129178527276963, 0.0015242270892485976, 0.0012258373899385333, 0.001242063008248806, 0.0016921812202781439, 0.001506543718278408, 0.0015460173599421978, 0.0013038711622357368, 0.0015564373461529613]

2022-04-21 04:20:20.027105