2022-04-27 05:07:01.940529

reference phi, theta, psi, translation: 164.57178246643477, -4.268868188959204e-07, 11.003265705708584, 0.2046843022108078, 0.7416750192642212, 3.957021951675415

phi,theta,psi,rot_x,rot_y,rot_z,phi_err,theta_err,psi_err
174.68706040079186,1.035587752499106,3.46078983121423,-0.0498787984251976,0.24902896583080292,4.223120212554932,10.115277934357096,1.035588179385925,7.542475874494354
173.2386231646423,-0.07212026233582129,2.2753257637241266,0.03125445544719696,0.17631351947784424,4.233360290527344,8.666840698207523,0.0721198354490024,8.727939941984458
169.8805879799622,-2.3476100840291347,-0.5385901914114184,0.16076542437076569,-0.03717106953263283,4.22880744934082,5.308805513527432,2.347609657142316,11.541855897120001
167.5691153610465,-0.9662801070495822,-1.1475730594609288,0.048853807151317596,-0.08586883544921875,4.204719066619873,2.9973328946117306,0.9662796801627633,12.150838765169512
165.19011949199603,-0.23406335741013592,-0.3888706038553142,0.0014842194505035877,-0.04166378080844879,4.153234481811523,0.6183370255612601,0.23406293052331703,11.392136309563899
165.5280226106149,-1.529700571585472,2.694501089833568,0.15207740664482117,0.15121027827262878,4.123363494873047,0.9562401441801285,1.529700144698653,8.308764615875017
164.9855689867325,-1.043467784563664,5.930223381291184,0.1810363531112671,0.3821302652359009,4.065601825714111,0.41378652029771956,1.043467357676845,5.0730423244174
164.6061929594733,-0.11181411013628893,9.807133096178331,0.19297857582569122,0.6610629558563232,3.979595184326172,0.034410493038535606,0.11181368324947004,1.1961326095302525
164.4146334740111,-0.15683006777322311,11.642251246904433,0.23076151311397552,0.7781739830970764,3.9363489151000977,0.15714899242365732,0.15682964088640422,0.6389855411958489
164.40496192614637,-0.2908206763880641,10.98481053457121,0.22700104117393494,0.732597827911377,3.94748592376709,0.16682054028839843,0.2908202495012452,0.018455171137373938
164.56267099408197,-0.3380233094559006,11.189622294570505,0.23310253024101257,0.7452456951141357,3.9452011585235596,0.00911147235279941,0.3380228825690817,0.18635658886192097
164.4573631374587,-0.19535339472165483,11.075490687313238,0.2220495194196701,0.741826593875885,3.954092025756836,0.11441932897605511,0.19535296783483594,0.07222498160465385
164.4280343051627,-0.06764223237077041,11.402981182542424,0.22071830928325653,0.7656806111335754,3.945991039276123,0.14374816127207168,0.06764180548395152,0.39971547683384046
164.36250547026557,-0.3493486229841761,11.133049545222582,0.23513343930244446,0.7401519417762756,3.944849967956543,0.20927699616919426,0.34934819609735723,0.12978383951399763
164.4636742322518,-0.16976434789605752,11.2289479624905,0.22396235167980194,0.7518383860588074,3.9461307525634766,0.10810823418296422,0.16976392100923862,0.22568225678191567
164.57153657962465,0.09735221654628799,11.12022415750859,0.20111601054668427,0.7523617744445801,3.9533607959747314,0.0002458868101200551,0.09735264343310689,0.11695845180000575
164.53030955779445,-0.0952051230774284,11.244723991925936,0.2185581922531128,0.7559945583343506,3.9515910148620605,0.04147290864031561,0.0952046961906095,0.24145828621735177
164.55182465368,-0.14177915920795478,11.115961265692855,0.21736276149749756,0.7458930015563965,3.9530036449432373,0.019957812754768156,0.1417787323211359,0.11269555998427094
164.50212819727898,0.11919885856357751,11.227288226522186,0.20261473953723907,0.7584689855575562,3.950563907623291,0.06965426915579087,0.1191992854503964,0.22402252081360174
164.5568789936658,-0.0666509065792407,11.226322608528275,0.21436810493469238,0.7558861970901489,3.951230525970459,0.014903472768963866,0.06665047969242181,0.2230569028196907
164.46282728879473,0.05273056500524362,11.228632920015032,0.20850899815559387,0.7572623491287231,3.9519400596618652,0.10895517764004126,0.05273099189206251,0.22536721430644846
164.5139444245431,0.045604030677945114,11.1391267060366,0.206382155418396,0.7512651681900024,3.94958233833313,0.057838041891670855,0.04560445756476401,0.13586100032801696
164.53720804885617,0.013094533382952068,11.167663236388913,0.2092321515083313,0.7525007128715515,3.9540741443634033,0.034574417578596695,0.013094960269770963,0.16439753068032914
164.55835431452653,0.055417323663805314,11.134555601934569,0.20462465286254883,0.7510459423065186,3.951932907104492,0.013428151908243535,0.05541775055062421,0.13128989622598475
164.4108358888326,-0.43652625114672716,11.35744858021418,0.24549274146556854,0.7555249929428101,3.9471218585968018,0.160946577602175,0.43652582425990827,0.3541828745055966
164.41441490795768,-0.1761011810208876,11.15183171166647,0.2231946587562561,0.7462862730026245,3.946274518966675,0.15736755847709105,0.1761007541340687,0.1485660059578855
164.3948669065531,-0.3247101404561369,11.292887924631927,0.2362046092748642,0.7523249387741089,3.9441792964935303,0.17691555988167806,0.324709713569318,0.28962221892334306
164.46722593062023,-0.22224719046208014,11.150294065329572,0.22521115839481354,0.745452880859375,3.9453213214874268,0.10455653581453817,0.22224676357526124,0.14702835962098781
164.42041181404895,-0.35977454225491473,11.190400936135886,0.23540157079696655,0.7455506920814514,3.9457483291625977,0.1513706523858218,0.35977411536809584,0.18713523042730174
164.4428558156616,-0.14736377420571223,11.169459576140627,0.2209239900112152,0.7477272152900696,3.9444308280944824,0.12892665077316678,0.14736334731889333,0.1661938704320427
164.41989271967202,-0.30708045433591363,11.247211888331114,0.23272649943828583,0.7496837377548218,3.944664239883423,0.15188974676274825,0.30708002744909474,0.24394618262252976
164.54618291742557,-0.27265944796196206,11.154724296779971,0.22708764672279358,0.745097279548645,3.9465878009796143,0.025599549009200473,0.27265902107514317,0.15145859107138726
164.4521038917978,-0.30677463003806293,11.223792877214432,0.23198725283145905,0.7490896582603455,3.9442410469055176,0.11967857463696419,0.30677420315124404,0.22052717150584833
164.4701219308283,-0.313967062966023,11.223751896079412,0.23277367651462555,0.7486774325370789,3.944694757461548,0.10166053560647015,0.3139666360792041,0.22048619037082773
164.4589614017245,-0.26505374585261726,11.233306476954613,0.229806587100029,0.750201404094696,3.9452598094940186,0.11282106471026054,0.26505331896579837,0.2300407712460295
164.43034290910214,-0.2619058967907381,11.304561571697125,0.2310515195131302,0.7550461292266846,3.9449868202209473,0.1414395573326317,0.2619054699039192,0.30129586598854097

Errors:
rotation,[18.693341988237375, 17.466900475640983, 19.198271067789747, 16.114451339944004, 12.244536265648476, 10.794704904753798, 6.530296202391964, 1.3423567858182581, 0.9529641745059105, 0.47609596092701756, 0.533490943783802, 0.38199727841554487, 0.6111054435898636, 0.6884090317805491, 0.5035544119741185, 0.2145569820432327, 0.3781358910482769, 0.274432105060175, 0.412876075419789, 0.3046108552810764, 0.38705338383855226, 0.2393034997844518, 0.2120669085286968, 0.20013579868485248, 0.9516552763676799, 0.4820343185690452, 0.7912474923743391, 0.4738316590107872, 0.6982799981812193, 0.4424838685241028, 0.7029159568343728, 0.4497171611557309, 0.6469799492940566, 0.636113362056502, 0.6079151549220885, 0.7046408932250918]
translation,[0.19962134480110283, 0.20601667589950878, 0.20089657694580154, 0.17475062329899238, 0.1223148179985527, 0.0978078373389426, 0.056402860169399105, 0.007611346415729692, 0.01196874022019312, 0.009826355657762242, 0.009395430270258132, 0.0019284312693663708, 0.005482537365902651, 0.010562536224560048, 0.007776069998591595, 0.001791801034165097, 0.0019395288013628331, 0.002501250116892173, 0.003315211711909072, 0.0025385409119511593, 0.0018916908636050778, 0.005437210500361722, 0.0006527817449040185, 0.0032616054030167874, 0.004858212092052838, 0.008711514813525056, 0.008898705385532502, 0.009688812435673988, 0.00866826057525305, 0.01037798255787692, 0.00911904418826559, 0.008406686030944854, 0.009687513839781836, 0.009273830924228399, 0.008606288102851245, 0.007896311859132865]
loss,
[0.13638556003570557, 0.1058739647269249, 0.059662461280822754, 0.048037897795438766, 0.03815803676843643, 0.030613970011472702, 0.018521733582019806, 0.0066570076160132885, 0.0037090338300913572, 0.003934118896722794, 0.005180763080716133, 0.0035825599916279316, 0.00534602627158165, 0.005014040507376194, 0.004052111878991127, 0.0044966936111450195, 0.003528198227286339, 0.004576742183417082, 0.005193606019020081, 0.004337991587817669, 0.003895928617566824, 0.00479166628792882, 0.0040245670825243, 0.003945469856262207, 0.005728444084525108, 0.004627794958651066, 0.004005470313131809, 0.004619651008397341, 0.004478532820940018, 0.004114991519600153, 0.004248633049428463, 0.005189681891351938, 0.005148409865796566, 0.003426829120144248, 0.0043189371936023235, 0.004528042860329151]

2022-04-27 05:11:29.292160