2022-04-27 05:16:04.350771

reference phi, theta, psi, translation: -86.91639066027085, -0.0, 34.793557367935236, -2.296917200088501, -0.12373751401901245, 3.3104169368743896

phi,theta,psi,rot_x,rot_y,rot_z,phi_err,theta_err,psi_err
-76.53055527251121,6.8177051513072,38.18892636661862,-2.336111545562744,-0.9462913274765015,3.345968008041382,10.385835387759641,6.8177051513072,3.395368998683381
-75.84464035530183,6.125880120145151,38.43774332789301,-2.3523106575012207,-0.9366899132728577,3.343583106994629,11.071750304969015,6.125880120145151,3.644185959957774
-73.08770962890706,4.836602861269136,40.39571950631471,-2.436509370803833,-1.003319501876831,3.2683205604553223,13.828681031363786,4.836602861269136,5.602162138379477
-73.45176554185791,5.578993748934045,40.059605897258386,-2.3913025856018066,-1.030188798904419,3.290310859680176,13.46462511841294,5.578993748934045,5.26604852932315
-71.65811688467754,5.078735723664594,40.49256475855633,-2.3845551013946533,-1.0907586812973022,3.273505926132202,15.25827377559331,5.078735723664594,5.699007390621091
-70.60619262041472,6.58280142997109,40.65905744976455,-2.346403121948242,-1.2104816436767578,3.2547848224639893,16.310198039856132,6.58280142997109,5.8655000818293175
-70.75738568788212,8.248609941856676,39.50431493283094,-2.259699821472168,-1.2830827236175537,3.278313636779785,16.15900497238873,8.248609941856676,4.710757564895701
-69.88414600249598,9.028300347917853,39.13246235894251,-2.198533535003662,-1.3544734716415405,3.2920639514923096,17.032244657774868,9.028300347917853,4.338904991007276
-69.21182316173496,8.902274706188773,38.898968927071046,-2.169952630996704,-1.3598363399505615,3.3086185455322266,17.704567498535894,8.902274706188773,4.10541155913581
-69.59193001923533,9.375273211172663,38.806628184587055,-2.167619228363037,-1.3686366081237793,3.297804355621338,17.324460641035515,9.375273211172663,4.013070816651819
-70.49031163095627,9.059013309830636,38.23903263436983,-2.1665139198303223,-1.3119182586669922,3.3218955993652344,16.42607902931458,9.059013309830636,3.445475266434592
-69.54915254446354,9.186484020021853,38.00592169309188,-2.127523899078369,-1.346340537071228,3.3360555171966553,17.36723811580731,9.186484020021853,3.212364325156642
-68.94438027459393,9.460802381601763,37.777141091747716,-2.094940423965454,-1.3795534372329712,3.3430898189544678,17.972010385676924,9.460802381601763,2.9835837238124796
-69.29274041283209,9.851967134918999,37.38340800685316,-2.076305627822876,-1.3827810287475586,3.350900173187256,17.62365024743876,9.851967134918999,2.589850638917923
-70.85829490267989,9.61883525594441,37.07799609811604,-2.095762014389038,-1.311482310295105,3.3658981323242188,16.058095757590962,9.61883525594441,2.2844387301808027
-69.78432961796541,10.331253703210303,37.1313706113851,-2.057199716567993,-1.3854318857192993,3.3596243858337402,17.132061042305438,10.331253703210303,2.3378132434498653
-69.80413033636928,10.643699488917635,36.73234412988379,-2.0329596996307373,-1.3992770910263062,3.3655498027801514,17.112260323901566,10.643699488917635,1.9387867619485561
-69.53814227952148,10.677688023490111,36.16611120240598,-1.993398666381836,-1.4059383869171143,3.386223077774048,17.37824838074937,10.677688023490111,1.372553834470743
-69.67538810070371,10.66112355783948,36.351038574184074,-2.0112321376800537,-1.4049087762832642,3.3802757263183594,17.241002559567136,10.66112355783948,1.5574812062488377
-69.52278801426729,10.73643798393787,36.11286987782573,-1.9875305891036987,-1.4046560525894165,3.3968961238861084,17.393602646003558,10.73643798393787,1.3193125098904943
-69.5311003544872,10.670968317909098,35.66452601542233,-1.9624677896499634,-1.3927788734436035,3.4141845703125,17.385290305783656,10.670968317909098,0.8709686474870963
-69.06593032106348,10.803945526536623,35.1392742229646,-1.9130175113677979,-1.4027812480926514,3.432201862335205,17.850460339207373,10.803945526536623,0.3457168550293659
-68.95390155829693,10.697349479786398,34.896413186646456,-1.8964422941207886,-1.4015158414840698,3.4377734661102295,17.962489101973915,10.697349479786398,0.10285581871121963
-69.87107985061375,10.530383441213427,35.02114610126923,-1.9362223148345947,-1.3637248277664185,3.4331319332122803,17.045310809657096,10.530383441213427,0.2275887333339952
-69.75053384195219,10.530423962670106,34.841594088367934,-1.9231467247009277,-1.3597997426986694,3.44268536567688,17.16585681831866,10.530423962670106,0.04803672043269813
-69.80026444929906,10.81158059056054,34.52031906528346,-1.893442988395691,-1.3682111501693726,3.4557712078094482,17.116126210971785,10.81158059056054,0.2732383026517766
-69.32094226391507,10.967224179910264,34.49798434669752,-1.8803257942199707,-1.386999487876892,3.455901861190796,17.595448396355778,10.967224179910264,0.2955730212377148
-70.02088638967965,10.704880261068018,34.65430005604243,-1.9131792783737183,-1.3580691814422607,3.453212022781372,16.895504270591204,10.704880261068018,0.13925731189280555
-70.27599395517962,10.708749694657909,34.710854022370135,-1.9236196279525757,-1.356279730796814,3.4495742321014404,16.640396705091234,10.708749694657909,0.0827033455651005
-69.49311767251275,10.857766816860376,34.51292538550692,-1.8874988555908203,-1.3852859735488892,3.4582021236419678,17.423272987758097,10.857766816860376,0.2806319824283179
-69.12960134450634,11.10276993075163,34.39702390548097,-1.8668558597564697,-1.4092016220092773,3.459014654159546,17.78678931576451,11.10276993075163,0.3965334624542649
-69.28377237445186,11.173803463901965,34.4029866606264,-1.8681963682174683,-1.4070597887039185,3.4612057209014893,17.632618285818992,11.173803463901965,0.39057070730883936
-69.2173009734493,11.244205722053183,34.3300299950069,-1.8625932931900024,-1.412360429763794,3.460766315460205,17.69908968682155,11.244205722053183,0.4635273729283327
-69.52407892002041,11.129097654898317,34.398048433856474,-1.876741886138916,-1.4014736413955688,3.4552524089813232,17.392311740250435,11.129097654898317,0.3955089340787623
-69.52930401473549,11.338033925549855,34.183163852378705,-1.8598448038101196,-1.408344030380249,3.4599599838256836,17.387086645535362,11.338033925549855,0.610393515556531
-70.16212787152634,11.372618967994013,34.32024574902086,-1.8838108777999878,-1.3915743827819824,3.4536631107330322,16.754262788744512,11.372618967994013,0.4733116189143729

Errors:
rotation,[20.598909537750224, 20.84181638507194, 24.267446031012398, 24.309667396670136, 26.036016889878994, 28.75849955165654, 29.118372479141108, 30.399449996699996, 30.712253763860478, 30.712804668859995, 28.930567605579807, 29.766086460985804, 30.416396491091167, 30.065468021275684, 27.961369743716176, 29.801127988965604, 29.694746574767755, 29.428490238710225, 29.459607323655455, 29.44935313983192, 28.927227271179852, 29.000122720773362, 28.76269440047153, 27.803282984204518, 27.744317501421463, 28.2009451041841, 28.858245597503757, 27.73964184355203, 27.431849745314246, 28.56167178704679, 29.286092708970404, 29.196992457029797, 29.406822781803065, 28.916918329227514, 29.335514086641748, 28.6001933756529]
translation,[0.1579505536533441, 0.16295046801488944, 0.16710257907415293, 0.16479327510944408, 0.1631170286093111, 0.15987312689940314, 0.1521575099729917, 0.1528684086330392, 0.15274565596684742, 0.14586202406106175, 0.14617917851384554, 0.1483755591905691, 0.14836783183351177, 0.14638958969798388, 0.14517027938958194, 0.14482231201027318, 0.14233816228510587, 0.14221604746975913, 0.14560280010946336, 0.14765562097972396, 0.1459238197243895, 0.14109367073029588, 0.13768709017985437, 0.13961413405876755, 0.1401576544142964, 0.1401398601611632, 0.14051953593160071, 0.14371007346503895, 0.14491826105872274, 0.14509324611928598, 0.1444887450473944, 0.14618127391602886, 0.14510380149439683, 0.1432043415782731, 0.14185312955579477, 0.14176121306515999]
loss,
[0.11840234696865082, 0.11672984063625336, 0.10790757834911346, 0.10155203193426132, 0.09862416237592697, 0.10010087490081787, 0.09841614961624146, 0.10094745457172394, 0.10458938777446747, 0.10955469310283661, 0.10263413190841675, 0.10252123326063156, 0.09149002283811569, 0.0964425802230835, 0.101202093064785, 0.09891267120838165, 0.10821422934532166, 0.10751387476921082, 0.1052963137626648, 0.10239966958761215, 0.10148660838603973, 0.10819246619939804, 0.10466842353343964, 0.09243893623352051, 0.10202886909246445, 0.1010386198759079, 0.11015250533819199, 0.10393890738487244, 0.10423195362091064, 0.09626422822475433, 0.09799119085073471, 0.09867312759160995, 0.10339583456516266, 0.09696980565786362, 0.10243051499128342, 0.09946314990520477]

2022-04-27 05:20:33.054092