2022-04-28 23:25:43.190442

reference phi, theta, psi, translation: 16.672973292337613, -0.0, 55.56417970941693, 0.9538894295692444, -3.184936285018921, 2.279534101486206

phi,theta,psi,rot_x,rot_y,rot_z,phi_err,theta_err,psi_err
26.607018987257597,-4.879078348390559,61.415046110949504,1.4386786222457886,-3.2383759021759033,2.121750593185425,9.934045694919984,4.879078348390559,5.850866401532571
27.09803274895335,-4.718467080154611,61.37752105164945,1.4835216999053955,-3.247138500213623,2.096569061279297,10.425059456615738,4.718467080154611,5.813341342232519
25.892371171757286,-1.6749247587526745,60.20664904299085,1.5162036418914795,-3.22823166847229,2.12030291557312,9.219397879419674,1.6749247587526745,4.642469333573914
20.951224495967885,4.27679973915004,57.69646573055195,1.396164059638977,-3.21211576461792,2.2095539569854736,4.278251203630273,4.27679973915004,2.132286021135016
20.604522386150744,2.8879538213854326,55.0134854623009,1.2945083379745483,-3.1242127418518066,2.363206386566162,3.931549093813132,2.8879538213854326,0.5506942471160343
18.851795099835215,1.7623326974414204,55.02929052004031,1.1484347581863403,-3.16131591796875,2.355266571044922,2.1788218074976022,1.7623326974414204,0.5348891893766208
17.24783274873715,0.44282132318034356,55.53832061321927,1.0131707191467285,-3.213399648666382,2.3115904331207275,0.5748594563995368,0.44282132318034356,0.02585909619766369
15.89065025499352,-0.14863493966929184,55.14359373580047,0.910677969455719,-3.2050485610961914,2.320357084274292,0.7823230373440921,0.14863493966929184,0.4205859736164612
16.44309473808437,-0.11636523817252704,55.38907414966532,0.9421434998512268,-3.1939189434051514,2.2990493774414062,0.22987855425324355,0.11636523817252704,0.17510555975161424
16.62844899668559,-0.005956587414324226,55.543719877758164,0.9534130692481995,-3.186174154281616,2.281299591064453,0.044524295652021095,0.005956587414324226,0.02045983165876919
16.7471832976698,-0.05059248650640022,55.66274958442398,0.9574971199035645,-3.1815168857574463,2.2698276042938232,0.07421000533218702,0.05059248650640022,0.09856987500704406
16.674571556603393,0.00591603949712445,55.610481561800455,0.9558477997779846,-3.1800427436828613,2.2725460529327393,0.001598264265780358,0.00591603949712445,0.04630185238352169
16.697346822390802,-0.013248393119633273,55.62346916650723,0.9567521214485168,-3.1806247234344482,2.2725255489349365,0.02437353005318954,0.013248393119633273,0.059289457090294206
16.589458861808573,0.011987106652974379,55.56823342668934,0.9509100317955017,-3.1789746284484863,2.2744011878967285,0.08351443052903917,0.011987106652974379,0.004053717272405777
16.781185686905417,0.020469345916469456,55.62391995899245,0.9626126289367676,-3.179351568222046,2.2724268436431885,0.10821239456780418,0.020469345916469456,0.059740249575519044
16.675794160464825,0.04423808797634748,55.43798513431178,0.956161379814148,-3.1737377643585205,2.2827951908111572,0.0028208681272126057,0.04423808797634748,0.12619457510515275
16.679718104143,0.09852702803622831,55.5589477845127,0.9591991305351257,-3.177635431289673,2.2758398056030273,0.0067448118053867745,0.09852702803622831,0.0052319249042298566
16.704120662500163,0.03849858604938609,55.546520255317866,0.9582319259643555,-3.1777610778808594,2.276223659515381,0.031147370162550203,0.03849858604938609,0.017659454099067773
16.763563798846782,0.012191982915387414,55.632426959603706,0.9610676765441895,-3.180082321166992,2.2731595039367676,0.09059050650916944,0.012191982915387414,0.06824725018677213
16.736700664841123,0.05983654928764594,55.52821193324765,0.9613584280014038,-3.175776720046997,2.2780959606170654,0.06372737250351079,0.05983654928764594,0.03596777616928648
16.692408595620883,0.08520808727924431,55.57978327657583,0.958596408367157,-3.180053472518921,2.2764382362365723,0.019435303283270144,0.08520808727924431,0.015603567158898102
16.647286658416487,0.02595678553725944,55.489238873843554,0.9537196159362793,-3.1773557662963867,2.2804157733917236,0.02568663392112569,0.02595678553725944,0.07494083557337916
16.801799197820515,0.0007527892810193672,55.65642141415796,0.9635918736457825,-3.1801819801330566,2.2725558280944824,0.12882590548290196,0.0007527892810193672,0.09224170474102777
16.709755568565424,0.010383227755430345,55.6326557709409,0.9574919939041138,-3.181259870529175,2.2726306915283203,0.03678227622781094,0.010383227755430345,0.06847606152396679
16.68541448191079,0.04669679866386623,55.559719595888915,0.9574966430664062,-3.177924871444702,2.2764194011688232,0.012441189573177525,0.04669679866386623,0.004460113528018894
16.705908464515414,0.03121822086832785,55.5105012527298,0.9572932720184326,-3.1754350662231445,2.279036521911621,0.032935172177801064,0.03121822086832785,0.05367845668713045
16.657692451617,0.04798195558814764,55.59889756096811,0.9565985798835754,-3.1796650886535645,2.2742414474487305,0.015280840720613753,0.04798195558814764,0.03471785155117857
16.650882753014496,0.03763034708902958,55.574923596981364,0.9544849395751953,-3.178619146347046,2.275085926055908,0.02209053932311633,0.03763034708902958,0.010743887564430565
16.746360259874812,0.04695967762472633,55.608299316360636,0.9607102870941162,-3.1788859367370605,2.274280548095703,0.07338696753719987,0.04695967762472633,0.04411960694370265
16.721402748647588,0.0274874530890289,55.57260474775815,0.9586086273193359,-3.17849063873291,2.2756636142730713,0.048429456309975194,0.0274874530890289,0.00842503834121544
16.667505725907017,0.0019944898556497007,55.61203201474204,0.9557480812072754,-3.181150197982788,2.274315595626831,0.005467566430596094,0.0019944898556497007,0.04785230532510809
16.704402407803425,0.039937023423294214,55.51876578162552,0.9586113691329956,-3.1768558025360107,2.2793543338775635,0.031429115465812174,0.039937023423294214,0.045413927791415176
16.68083825516688,-0.0005491152103426724,55.61587399615018,0.9562141299247742,-3.181443452835083,2.273120880126953,0.00786496282926663,0.0005491152103426724,0.05169428673324461
16.621022873510494,-0.00856894772033433,55.550953048089205,0.9509090185165405,-3.1789023876190186,2.276947021484375,0.05195041882711848,0.00856894772033433,0.013226661327728095
16.69394197308955,0.03976738021969137,55.61954180773447,0.9579442143440247,-3.1797144412994385,2.2725186347961426,0.02096868075193825,0.03976738021969137,0.0553620983175378
16.71030027615173,0.10270307469359755,55.52322931024813,0.9604566693305969,-3.174773931503296,2.2776899337768555,0.037326983814118364,0.10270307469359755,0.04095039916880694

Errors:
rotation,[20.663990444843115, 20.956867879002868, 15.536791971746261, 10.687336963915328, 7.370197162314598, 4.476043694315644, 1.043539875777544, 1.3515439506298452, 0.5213493521773849, 0.07094071472511451, 0.2233723668456313, 0.0538161561464265, 0.09691138026311702, 0.09955525445441933, 0.18842199005979268, 0.17325353120871284, 0.11050376474584495, 0.08730541031100406, 0.171029739611329, 0.1595316979604432, 0.12024695772141256, 0.1265842550317643, 0.2218203995049491, 0.11564156550720808, 0.06359810176506264, 0.11783184973325936, 0.09798064785993996, 0.07046477397657647, 0.16446625210562885, 0.08434194774021954, 0.055314361611353884, 0.11678006668052157, 0.06010836477285392, 0.0737460278751809, 0.11609815928916742, 0.18098045767652285]
translation,[0.09908907901583852, 0.10896134246125122, 0.11809246753884128, 0.11001716950710794, 0.09454702416084881, 0.07497651248908532, 0.05493312203798251, 0.02913315421352891, 0.015398121723191771, 0.001863828912361143, 0.007328695374333449, 0.007351727337875147, 0.0066884508969042855, 0.00831761373915274, 0.006352691056639159, 0.006453736838602175, 0.006594513070553809, 0.006508626635135073, 0.0057308969071616644, 0.006269981591846552, 0.004490288158020661, 0.005527432435608048, 0.005389586256486112, 0.005951158960671776, 0.006443582529450431, 0.006976064777039603, 0.006513963768106201, 0.007364809887016932, 0.006127984397815034, 0.006159529825040977, 0.005500662065572648, 0.005361267460705754, 0.0058330417822114455, 0.006935018645587654, 0.007128117686180602, 0.007506369396834245]
loss,
[0.17957183718681335, 0.14420589804649353, 0.11960862576961517, 0.04651477187871933, 0.027784913778305054, 0.020599201321601868, 0.0119138453155756, 0.007479032035917044, 0.005219548009335995, 0.001956949243322015, 0.00195601349696517, 0.0013561671366915107, 0.0016770603833720088, 0.0025212839245796204, 0.0023417947813868523, 0.0019385034684091806, 0.0021155651193112135, 0.001344264717772603, 0.0020181850995868444, 0.0011934806825593114, 0.0017029137816280127, 0.0027345363050699234, 0.0030643679201602936, 0.001806128304451704, 0.0014110105112195015, 0.001457607257179916, 0.0013897105818614364, 0.0013983538374304771, 0.0023489065933972597, 0.0018655939493328333, 0.002171104773879051, 0.0020867465063929558, 0.0013286363100633025, 0.001582795986905694, 0.0010415103752166033, 0.001783274463377893]

2022-04-28 23:28:15.496038