2022-04-28 23:33:25.168143

reference phi, theta, psi, translation: 175.36684180812657, -0.0, 39.4597479484966, 0.2069414258003235, 2.553555727005005, 3.112318754196167

phi,theta,psi,rot_x,rot_y,rot_z,phi_err,theta_err,psi_err
-174.60268024378553,2.426304892454245,32.24175771288345,-0.3459881842136383,2.1274664402008057,3.6064906120300293,10.030477948087878,2.426304892454245,7.217990235613151
-173.9183772512203,2.025541504011081,33.094766377948005,-0.35791653394699097,2.1733710765838623,3.5798075199127197,10.7147809406531,2.025541504011081,6.3649815705485935
-173.41866695116383,2.053798132374985,35.41327409170883,-0.4117423892021179,2.3041656017303467,3.484386920928955,11.214491240709606,2.053798132374985,4.04647385678777
-173.5878643972834,2.421856347815598,38.73470970772141,-0.47691071033477783,2.5057780742645264,3.3265671730041504,11.045293794590066,2.421856347815598,0.7250382407751914
-174.0179614093191,2.535068551744668,38.66217309873587,-0.46338289976119995,2.5066933631896973,3.3278653621673584,10.615196782554335,2.535068551744668,0.7975748497607285
-173.855853699558,2.1015457227839525,38.511161031281475,-0.4275582432746887,2.5002241134643555,3.342801809310913,10.777304492315466,2.1015457227839525,0.948586917215124
-174.0857168858856,2.124256321501095,38.13689740061604,-0.4092107117176056,2.4804999828338623,3.362311840057373,10.547441305987832,2.124256321501095,1.322850547880556
-174.3622985661361,1.8955182332794764,39.62719003599946,-0.40318986773490906,2.570681571960449,3.29400897026062,10.27085962573733,1.8955182332794764,0.16744208750286305
-173.88772336222527,1.2647483987969603,39.256143424433105,-0.37802577018737793,2.553112030029297,3.312453508377075,10.745434829648161,1.2647483987969603,0.2036045240634934
-174.62504228312815,1.78939191826849,38.43388768610654,-0.37035220861434937,2.5070204734802246,3.348039388656616,10.008115908745253,1.78939191826849,1.0258602623900615
-174.87729482955507,1.3418587475089103,40.06512127501317,-0.36029189825057983,2.6078848838806152,3.269212245941162,9.755863362318337,1.3418587475089103,0.6053733265165704
-174.80575542818835,1.2921113612973103,39.82862939009606,-0.3497394323348999,2.598947763442993,3.2786972522735596,9.827402763685086,1.2921113612973103,0.3688814415994628
-174.97346389306884,1.223270032659428,39.67727239808858,-0.3318919241428375,2.585120916366577,3.296402931213379,9.659694298804595,1.223270032659428,0.21752444959198414
-175.30733720007743,1.335287961204207,40.14585069590814,-0.3331492245197296,2.6155807971954346,3.2714266777038574,9.325820991796036,1.335287961204207,0.6861027474115389
-175.1643676803707,1.241675052253664,39.490678460153006,-0.3291158080101013,2.583219289779663,3.301480770111084,9.468790511502732,1.241675052253664,0.03093051165640759
-175.47008694762047,1.5197494419705186,38.879817076638325,-0.3316020369529724,2.5462088584899902,3.3307881355285645,9.163071244252933,1.5197494419705186,0.5799308718582736
-174.94171717380664,0.756923816800599,39.789734877867424,-0.31648218631744385,2.6045100688934326,3.291506052017212,9.691441018066826,0.756923816800599,0.3299869293708255
-175.21234292910088,1.1235535783838284,39.33393244889038,-0.3168066740036011,2.5794293880462646,3.3126800060272217,9.420815262772521,1.1235535783838284,0.12581549960621885
-175.44223343618518,0.7922316740484641,40.531360233041994,-0.30138468742370605,2.647047996520996,3.2639896869659424,9.19092475568823,0.7922316740484641,1.0716122845453953
-175.30595750186507,0.8803236813375876,39.71988594832029,-0.30027204751968384,2.5982303619384766,3.303684949874878,9.32720069000834,0.8803236813375876,0.2601379998236908
-175.2918053499048,1.0282460862562053,39.341992072111,-0.3058808445930481,2.577077627182007,3.319819211959839,9.341352841968614,1.0282460862562053,0.11775587638560125
-175.29099938758273,0.8977349018695997,39.21869349721393,-0.2987823188304901,2.571856737136841,3.325268030166626,9.342158804290705,0.8977349018695997,0.24105445128267178
-175.3686313176891,0.9618609903729093,39.021249803781785,-0.2966664433479309,2.5633585453033447,3.33244252204895,9.264526874184298,0.9618609903729093,0.4384981447148135
-175.4451430967716,1.1091548020139246,38.835099828142255,-0.2965329885482788,2.5520031452178955,3.3424746990203857,9.188015095101832,1.1091548020139246,0.6246481203543439
-175.6607721688689,0.65803353538999,40.18001871723113,-0.27591177821159363,2.6353867053985596,3.283555030822754,8.97238602300456,0.65803353538999,0.7202707687345296
-175.64103292216757,0.38161431854501093,40.30467308467844,-0.2633610665798187,2.6476402282714844,3.2732396125793457,8.992125269705866,0.38161431854501093,0.8449251361818426
-175.92833799941496,0.41593317768456545,40.47669822911438,-0.25979122519493103,2.6573352813720703,3.265110731124878,8.704820192458442,0.41593317768456545,1.0169502806177846
-175.8234262937636,0.3689509302913713,39.97281126838045,-0.252322256565094,2.6261603832244873,3.291090250015259,8.809731898109817,0.3689509302913713,0.5130633198838481
-175.77437187514454,0.26738091995547525,39.91141811302579,-0.24565422534942627,2.6232619285583496,3.2946600914001465,8.858786316728924,0.26738091995547525,0.4516701645291903
-175.64961163976508,-0.1443865211391918,40.4015080916363,-0.23123513162136078,2.654414653778076,3.272639274597168,8.98354655210835,0.1443865211391918,0.9417601431397031
-175.90194614846203,-0.15857190851511252,40.50156011769323,-0.22103270888328552,2.663120746612549,3.2662670612335205,8.731212043411404,0.15857190851511252,1.041812169196632
-176.1200477490389,-0.03663059064373238,40.43105207489119,-0.21803978085517883,2.655547618865967,3.2732696533203125,8.513110442834545,0.03663059064373238,0.9713041263945925
-176.10730261604766,-0.023079372849589056,40.15561103623209,-0.21561063826084137,2.638944387435913,3.286999464035034,8.525855575825744,0.023079372849589056,0.6958630877354892
-176.05988744282942,0.01865412125738813,39.51596382046039,-0.21237725019454956,2.602368116378784,3.3131580352783203,8.573270749044013,0.01865412125738813,0.05621587196379352
-176.25271734347723,0.005539032710463285,39.47938815745497,-0.2036142200231552,2.600032091140747,3.3153626918792725,8.380440848396233,0.005539032710463285,0.019640208958371375
-176.250900513158,-0.09095942308718348,39.510639688002364,-0.19775055348873138,2.6012208461761475,3.3152897357940674,8.382257678715405,0.09095942308718348,0.05089173950576509

Errors:
rotation,[19.674773076155276, 19.105304015212774, 17.314763229872362, 14.192188383180856, 13.947840184059732, 13.827437132314543, 13.994548175369482, 12.33381994651967, 12.213787752508615, 12.823368089403806, 11.703095436343817, 11.48839556658186, 11.100488781056008, 11.347211700411782, 10.741396075412803, 11.262751558081725, 10.77835176423825, 10.67018434076257, 11.054768714282089, 10.467662371169618, 10.48735480461042, 10.480948157442976, 10.66488600927202, 10.9218180174701, 10.35069032712908, 10.21866472443272, 10.137703650760791, 9.691746148285036, 9.57783740121359, 10.069693216387245, 9.931596121123148, 9.52104515987287, 9.244798036410822, 8.648140742265195, 8.405620090065067, 8.524108841308353]
translation,[0.170370405351016, 0.17204472977965057, 0.1664494172981863, 0.16081782421403545, 0.1608782322238218, 0.16508977935009472, 0.16714158689814695, 0.16666355674402578, 0.16811309898639948, 0.16788059759858243, 0.16632546286802707, 0.1672878753653464, 0.17116515051349612, 0.17059508194936157, 0.17376289295712155, 0.1744970542118125, 0.17810456527641616, 0.1792952901055589, 0.18210324461346694, 0.18257483500589533, 0.18266895821227358, 0.1832661959895967, 0.18360617773003352, 0.18464974486972086, 0.18824601102076066, 0.18710011155319517, 0.18667514565670817, 0.18688728253058606, 0.18747689634709275, 0.18900797751892462, 0.18900956784738998, 0.18950722842787826, 0.18963898120823952, 0.1872168277812074, 0.1870764064138397, 0.18747297824119702]
loss,
[0.12845870852470398, 0.11367233842611313, 0.11088670790195465, 0.09488829970359802, 0.09162946790456772, 0.10494475811719894, 0.0903765857219696, 0.10126559436321259, 0.10005006194114685, 0.09977839887142181, 0.09309536218643188, 0.10035473108291626, 0.09127601236104965, 0.10686274617910385, 0.09766115993261337, 0.10488943755626678, 0.10932791233062744, 0.09695257991552353, 0.10011088848114014, 0.09786522388458252, 0.09730678796768188, 0.10013755410909653, 0.10576632618904114, 0.10415172576904297, 0.09758807718753815, 0.10637454688549042, 0.09040872752666473, 0.10219644010066986, 0.09753873199224472, 0.10760977119207382, 0.09625496715307236, 0.08941169083118439, 0.10257154703140259, 0.09455449879169464, 0.10512431710958481, 0.09610052406787872]

2022-04-28 23:35:57.151275