2022-04-28 23:36:00.611560

reference phi, theta, psi, translation: -139.02455270626928, -8.537736090602699e-07, 56.38966954231551, -2.2014424800872803, 2.5346622467041016, 2.231398344039917

phi,theta,psi,rot_x,rot_y,rot_z,phi_err,theta_err,psi_err
-129.04008655489625,6.852725648450977,53.065809209147574,-2.6847352981567383,1.8050535917282104,2.604990243911743,9.984466151373027,6.852726502224586,3.3238603331679357
-128.99385983459362,6.688630885875422,53.024387526926034,-2.6791467666625977,1.8082094192504883,2.607531785964966,10.030692871675654,6.688631739649031,3.365282015389475
-128.90521763954519,5.100930832772714,51.98982218843879,-2.595952033996582,1.846441626548767,2.6501917839050293,10.11933506672409,5.100931686546323,4.399847353876723
-131.85764887055325,3.055123595793984,49.21972968751339,-2.3449513912200928,2.0289244651794434,2.72847318649292,7.1669038357160275,3.055124449567593,7.1699398548021165
-134.47604287001263,6.637214426232958,49.198539025613435,-2.4250049591064453,1.9914700984954834,2.6785504817962646,4.548509836256642,6.637215280006568,7.191130516702074
-137.74412446332366,5.5227802727558375,51.75100462410929,-2.3645691871643066,2.236948013305664,2.533534288406372,1.280428242945618,5.522781126529447,4.638664918206217
-139.45623432219242,0.8715233495297776,54.14846932467547,-2.1970016956329346,2.5089027881622314,2.410609245300293,0.43168161592313936,0.8715242033033866,2.241200217640042
-140.57458217613365,-1.0415811382729931,55.32644473007089,-2.1102170944213867,2.62398362159729,2.3308520317077637,1.55002946986437,1.041580284499384,1.06322481224462
-139.64040354297265,-0.24175724182020653,55.141944245115916,-2.164397716522217,2.5600039958953857,2.3344650268554688,0.6158508367033733,0.24175638804659746,1.2477252971995938
-139.46679379464928,0.0037123415619239684,55.60905063716933,-2.185490369796753,2.552217721939087,2.303086280822754,0.4422410883800012,0.0037131953355330287,0.7806189051461772
-139.63668792006416,-0.08555875898282113,55.441478776072245,-2.1626625061035156,2.548156499862671,2.3041865825653076,0.6121352137948861,0.08555790520921207,0.9481907662432647
-139.13781090308643,0.07566324964897263,55.946325378384564,-2.198709487915039,2.534956455230713,2.2696056365966797,0.11325819681715643,0.07566410342258169,0.443344163930945
-139.1984766432945,-0.09363815043301801,56.19824666063673,-2.188875913619995,2.542245388031006,2.2469496726989746,0.17392393702522213,0.09363729665940895,0.19142288167878263
-139.03635527315507,0.0406781473617742,56.232684474431935,-2.1991794109344482,2.530937910079956,2.243133544921875,0.011802566885791066,0.04067900113538326,0.1569850678835749
-139.07200886062253,0.023465252182350984,56.36359529515898,-2.199542760848999,2.534952163696289,2.231971025466919,0.0474561543532559,0.023466105955960045,0.026074247156529395
-139.0250991214029,0.028016255198542773,56.35716125696083,-2.1995129585266113,2.5311872959136963,2.233379364013672,0.0005464151336127543,0.028017108972151834,0.03250828535468031
-139.06587535074786,0.012267661480257002,56.44517165951103,-2.1999197006225586,2.5347418785095215,2.225738525390625,0.04132264447858347,0.012268515253866063,0.055502117195523226
-139.01202613933148,-0.023294122477050812,56.40617469444484,-2.1993420124053955,2.5321054458618164,2.2288930416107178,0.01252656693779386,0.02329326870344175,0.016505152129333567
-138.9608407016914,0.16548256821795604,56.330465462589835,-2.2052555084228516,2.522843360900879,2.2347114086151123,0.06371200457786586,0.1654834219915651,0.05920407972567432
-139.08001384232978,0.021639600021918344,56.4379350740854,-2.197643280029297,2.534482955932617,2.2263779640197754,0.05546113606050085,0.021640453795527405,0.04826553176989279
-139.03248938608485,0.08466925443203234,56.38072882469196,-2.201132297515869,2.528928279876709,2.229566812515259,0.007936679815571779,0.0846701082056414,0.00894071762355253
-138.98314809952066,-0.0386005958997662,56.46683360446372,-2.2015156745910645,2.5331480503082275,2.224802255630493,0.041404606748614015,0.03859974212615714,0.07716406214821347
-138.95308160679426,0.03145770195643288,56.41303220437153,-2.204353094100952,2.5288689136505127,2.228154182434082,0.07147109947501917,0.03145855573004194,0.023362662056022998
-139.02283149859844,-0.04898361169454622,56.440684225226335,-2.198773145675659,2.5346596240997314,2.2264938354492188,0.0017212076708403856,0.04898275792093716,0.051014682910825115
-139.02250364951828,0.018804529417062576,56.43506980972858,-2.201253652572632,2.532721519470215,2.226508855819702,0.002049056750990985,0.018805383190671637,0.045400267413072015
-139.06538357712762,-0.0015490404325689533,56.39961088265246,-2.1981136798858643,2.533569097518921,2.2285375595092773,0.04083087085834336,0.001548186658959893,0.009941340336951043
-139.13427286509636,-0.00605996678511509,56.49400068188745,-2.198458433151245,2.539485216140747,2.223228693008423,0.10972015882708774,0.00605911301150603,0.10433113957193996
-138.96696055118773,0.025429768329683907,56.400423675163694,-2.203036069869995,2.5288963317871094,2.2287425994873047,0.0575921550815508,0.025430622103292968,0.010754132848184383
-138.98932259053035,-0.040717125552774104,56.498020248214004,-2.2014894485473633,2.5343823432922363,2.2222654819488525,0.035230115738926315,0.04071627177916504,0.10835070589849494
-139.05194176484102,-0.027959259113295287,56.49493300270916,-2.1995761394500732,2.535621166229248,2.222115993499756,0.027389058571742453,0.027958405339686226,0.10526346039365109
-139.03654651845181,0.1256334452049906,56.3816987115541,-2.2022855281829834,2.5286812782287598,2.2300283908843994,0.011993812182538477,0.12563429897859965,0.007970830761408365
-139.04259806605646,-0.0049301972661623976,56.404245166004316,-2.1979987621307373,2.533356189727783,2.2287864685058594,0.01804535978718036,0.004929343492553338,0.01457562368880616
-138.96750696632134,0.059218540597693756,56.3659141443822,-2.2023098468780518,2.5273427963256836,2.2313072681427,0.057045739947938046,0.059219394371302816,0.023755397933307165
-139.03166976338443,0.04780965612064583,56.455461339495656,-2.201932430267334,2.533534288406372,2.2259209156036377,0.007117057115152647,0.04781050989425489,0.06579179718014672
-139.0213834984944,-0.015427227270506745,56.45082364104922,-2.2007358074188232,2.5340969562530518,2.225687026977539,0.003169207774874394,0.015426373496897685,0.06115409873370936
-139.0232276495703,0.033034469715529674,56.422826695641334,-2.2013275623321533,2.531714916229248,2.2275967597961426,0.0013250566989881918,0.033035323489138735,0.03315715332582414

Errors:
rotation,[20.161052986765547, 20.084606626714162, 19.62011410714714, 17.391968140085737, 18.376855632965285, 11.441874287681282, 3.544406036866568, 3.6548345666083737, 2.1053325219495647, 1.2265731888617113, 1.645883885247363, 0.6322664641706831, 0.4589841153634137, 0.20946663590474923, 0.09699650746574534, 0.061071809460444895, 0.10909327692797276, 0.05232498777056918, 0.28839950629510525, 0.12536712162592104, 0.10154750564476571, 0.15716841102298462, 0.1262923172610841, 0.10171864850260266, 0.06625470735473464, 0.0523203978542543, 0.22011041141053372, 0.09377691003302815, 0.1842970934165863, 0.16061092430507978, 0.1455989419225465, 0.037550326968539854, 0.140020532252548, 0.12071936418955426, 0.07974968000548144, 0.06751753351395107]
translation,[0.12242333873291766, 0.12178220606043766, 0.11276179275617615, 0.09923396313554989, 0.09455102307475993, 0.09366440208212534, 0.08377650887476928, 0.0641338956459574, 0.05396165416580878, 0.04249231626123606, 0.028364468708190316, 0.0199743235888441, 0.006565014893405774, 0.002936645711870689, 0.0005376991716765644, 0.00214022962796534, 0.003912118654094243, 0.004141513860410839, 0.003496158357807033, 0.004964643595646301, 0.004786918983135102, 0.004560220887793953, 0.003844263016083538, 0.004172543622164682, 0.00402850841724689, 0.004088334468136168, 0.0031082437242444527, 0.004222134561129742, 0.005198763121572192, 0.005547038809226912, 0.004055878641902488, 0.004147250520152745, 0.004174425790678171, 0.0034712331670982977, 0.003900552800014445, 0.004019425614487204]
loss,
[0.1398124098777771, 0.150070458650589, 0.12700320780277252, 0.10665865987539291, 0.07814382761716843, 0.039871469140052795, 0.016824156045913696, 0.009608779102563858, 0.006942815613001585, 0.0058121457695961, 0.005330092739313841, 0.0026425342075526714, 0.003282991936430335, 0.0014419255312532187, 0.0018511780072003603, 0.0017917313380166888, 0.0017976199742406607, 0.0010811160318553448, 0.0029643806628882885, 0.0013843495398759842, 0.0010968188289552927, 0.0014670885866507888, 0.0014171104412525892, 0.0012102500768378377, 0.0014562982833012938, 0.0012724462430924177, 0.0018260664073750377, 0.001235246192663908, 0.0013507296098396182, 0.0014936949592083693, 0.0021682889200747013, 0.0011857310310006142, 0.0010832039406523108, 0.001230298774316907, 0.0013533108867704868, 0.0013963080709800124]

2022-04-28 23:38:30.523196