2022-04-21 16:19:46.438220

reference phi, theta, psi, translation: -33.091320547511735, -0.0, 74.32085247222868, -2.1190009117126465, -3.251617431640625, 1.089412808418274

phi,theta,psi,rot_x,rot_y,rot_z,phi_err,theta_err,psi_err
-22.822884158753556,1.294954214858955,81.82337814338081,-1.5357718467712402,-3.6827800273895264,0.7731812596321106,10.268436388758179,1.294954214858955,7.502525671152128
-23.384047378319924,1.809997640067453,81.6661266981196,-1.5553951263427734,-3.6747443675994873,0.7751345038414001,9.707273169191811,1.809997640067453,7.345274225890918
-26.28600351136158,5.344933014262394,80.80892429690466,-1.6594173908233643,-3.627095937728882,0.7720310688018799,6.805317036150154,5.344933014262394,6.488071824675984
-30.602956274376442,10.202180636890935,78.14700833205393,-1.8328120708465576,-3.529963731765747,0.8213351964950562,2.488364273135293,10.202180636890935,3.826155859825249
-30.227299285120324,6.239397343117196,77.04788063043713,-1.8714646100997925,-3.5076065063476562,0.9401029348373413,2.864021262391411,6.239397343117196,2.727028158208455
-29.386407375643376,2.10879710467956,75.37811794442246,-1.9172645807266235,-3.462960958480835,1.0313165187835693,3.704913171868359,2.10879710467956,1.0572654721937766
-32.438238349642624,-0.25304726492558777,73.6983968425979,-2.104259490966797,-3.301610231399536,1.1438406705856323,0.6530821978691108,0.25304726492558777,0.6224556296307782
-32.81156965948635,-0.06992586788292832,74.01232599723004,-2.1115739345550537,-3.28130841255188,1.120416283607483,0.27975088802538295,0.06992586788292832,0.3085264749986436
-33.00092982403579,0.003869420926753526,73.97885807029697,-2.1166608333587646,-3.2598013877868652,1.115458369255066,0.09039072347594868,0.003869420926753526,0.34199440193171426
-33.14085649446725,-0.035469205979943165,74.25703801481325,-2.1202683448791504,-3.24908185005188,1.093626856803894,0.04953594695551544,0.035469205979943165,0.06381445741543246
-33.16138804311231,-0.022392193219365777,74.31103749039137,-2.119248628616333,-3.244586229324341,1.0887845754623413,0.07006749560057557,0.022392193219365777,0.009814981837308778
-33.250344426862554,-0.020787299918446817,74.33658922807639,-2.123171329498291,-3.2405881881713867,1.0862290859222412,0.1590238793508192,0.020787299918446817,0.015736755847711947
-33.30427218545439,-0.022882798927913117,74.39934500617046,-2.124725103378296,-3.2362520694732666,1.0815844535827637,0.21295163794265193,0.022882798927913117,0.0784925339417839
-33.145576155183726,-0.015122150475766077,74.39941330806217,-2.1169371604919434,-3.2430994510650635,1.082197666168213,0.05425560767199045,0.015122150475766077,0.0785608358334855
-33.284447561388426,-0.02572337607424705,74.30566896170374,-2.1242353916168213,-3.235583543777466,1.0889736413955688,0.1931270138766905,0.02572337607424705,0.015183510524934718
-33.11348792646301,-0.011531064371271226,74.33794160553205,-2.1132612228393555,-3.242753744125366,1.0858216285705566,0.02216737895127352,0.011531064371271226,0.01708913330337225
-33.22048625490584,-0.05445593874357275,74.3547848520253,-2.1204802989959717,-3.2368695735931396,1.0847822427749634,0.12916570739410815,0.05445593874357275,0.033932379796624446
-33.23453936912314,-0.07879293612140105,74.28938579072243,-2.121333122253418,-3.237078905105591,1.0887466669082642,0.14321882161140564,0.07879293612140105,0.03146668150624521
-33.18772183745729,-0.0011956933179827134,74.36487987161858,-2.1171977519989014,-3.2411162853240967,1.085452914237976,0.09640128994555397,0.0011956933179827134,0.044027399389904076
-33.192701045362234,0.009208827692907644,74.3329419070596,-2.118088960647583,-3.238196849822998,1.0862475633621216,0.1013804978504993,0.009208827692907644,0.012089434830926393
-33.24011280348587,-0.03735207443207789,74.38440738245565,-2.1213572025299072,-3.2381160259246826,1.0827745199203491,0.14879225597413637,0.03735207443207789,0.06355491022696924
-33.116500039886986,-0.05565994567845642,74.3441912286226,-2.1154251098632812,-3.2433505058288574,1.0863728523254395,0.0251794923752513,0.05565994567845642,0.02333875639392602
-33.180478421842494,-0.016480465626894505,74.33848119047649,-2.1180758476257324,-3.2411105632781982,1.0862493515014648,0.08915787433075906,0.016480465626894505,0.01762871824780632
-33.19627323429815,-0.030382767731209678,74.3805005142504,-2.119955062866211,-3.2401981353759766,1.0830477476119995,0.10495268678641168,0.030382767731209678,0.05964804202172047
-33.26218797488335,-0.033303108592795255,74.34725115337078,-2.1236684322357178,-3.237436056137085,1.0859687328338623,0.17086742737161842,0.033303108592795255,0.026398681142097757
-33.18370568622532,-0.02624818697720798,74.37927791038896,-2.1183714866638184,-3.238837718963623,1.0826054811477661,0.09238513871358833,0.02624818697720798,0.05842543816028467
-33.23870578451685,-0.058387965256828794,74.38979640171078,-2.1211512088775635,-3.23681902885437,1.0814154148101807,0.14738523700511763,0.058387965256828794,0.06894392948210282
-33.27282257942107,-0.02963362254486764,74.37582183466894,-2.1232762336730957,-3.2354538440704346,1.0825974941253662,0.18150203190933212,0.02963362254486764,0.05496936244026074
-33.28970339195475,-0.04197311011617659,74.34295496438284,-2.1235287189483643,-3.2339065074920654,1.0851882696151733,0.19838284444301735,0.04197311011617659,0.02210249215416127
-33.20080164971787,0.011495961741949084,74.40989764843813,-2.1190974712371826,-3.239990472793579,1.0815987586975098,0.10948110220613216,0.011495961741949084,0.08904517620945285
-33.23578587864667,-0.06471481134023976,74.34143866238709,-2.1216390132904053,-3.239279270172119,1.0861231088638306,0.14446533113493842,0.06471481134023976,0.020586190158411455
-33.10749443546632,-0.009188318033303708,74.33434209583945,-2.113844871520996,-3.24354887008667,1.0869932174682617,0.01617388795458652,0.009188318033303708,0.013489623610766444
-33.14977672152329,-0.07537278765355065,74.3566290031012,-2.1186633110046387,-3.241320848464966,1.0853893756866455,0.05845617401155323,0.07537278765355065,0.03577653087252486
-33.25136554014347,-0.0680153920456236,74.3868525901785,-2.123613119125366,-3.23746919631958,1.0829163789749146,0.16004499263173244,0.0680153920456236,0.06600011794982663
-33.13359258828494,-0.011780711609620697,74.37817824993259,-2.1150126457214355,-3.240981101989746,1.0825397968292236,0.04227204077320579,0.011780711609620697,0.0573257777039089
-33.23519848237805,-0.009466407841788075,74.32445881211045,-2.1201791763305664,-3.236952066421509,1.0867102146148682,0.1438779348663175,0.009466407841788075,0.003606339881770282

Errors:
rotation,[19.06591627476926, 18.862545035150184, 18.638321875088533, 16.516700769851475, 11.830446763717063, 6.870975748741696, 1.5285850924254767, 0.6582032309069549, 0.43625454633441646, 0.14881961035089106, 0.10227467065725013, 0.19554793511697796, 0.31432697081234895, 0.14793859398124204, 0.23403390047587228, 0.050787576625917, 0.21755402593430534, 0.2534784392390519, 0.14162438265344074, 0.12267876037433334, 0.2496992406331835, 0.10417819444763374, 0.12326705820545988, 0.19498349653934183, 0.23056921710651143, 0.177058763851081, 0.2747171317440492, 0.26610501689446053, 0.2624584467133552, 0.2100222401575341, 0.22976633263358964, 0.03885182959865667, 0.16960549253762874, 0.29406050262718264, 0.11137853008673539, 0.15695068258987585]
translation,[0.03326186669987141, 0.03382286034076554, 0.03156997374398518, 0.030205202112103535, 0.054146594095641376, 0.0593007812985169, 0.0477077908691701, 0.028558425108735186, 0.012483927398268868, 0.00023699121768494535, 0.005708976805027355, 0.0075532409516752, 0.01147614007001696, 0.00990173190998167, 0.010278291329075984, 0.011137282088204081, 0.012358813593871254, 0.01066841442516786, 0.010486130122586701, 0.012154825617591847, 0.011433439254190603, 0.009369206655096995, 0.009813220889128615, 0.01042187180986609, 0.009899352448856646, 0.01247224492277521, 0.012952904071029891, 0.012611756301291521, 0.013025086219462523, 0.011431474908341066, 0.009444569007559522, 0.009872525921477582, 0.009566476932425516, 0.010725124429784572, 0.012531064306416262, 0.011930389253788753]
loss,
[0.2103603333234787, 0.19506150484085083, 0.1653706133365631, 0.1285392940044403, 0.10305219888687134, 0.04785296320915222, 0.011945618316531181, 0.0066011035814881325, 0.0033512625377625227, 0.0020552948117256165, 0.0026462541427463293, 0.0019080722704529762, 0.0018434245139360428, 0.002251007594168186, 0.0026183403097093105, 0.0025419422890990973, 0.002220968948677182, 0.002407341031357646, 0.0037149637937545776, 0.0035753538832068443, 0.0018050158396363258, 0.0020573914516717196, 0.002452550455927849, 0.0016708914190530777, 0.0019956869073212147, 0.001958597917109728, 0.0019775396212935448, 0.002035214100033045, 0.0019463738426566124, 0.002683581318706274, 0.0018131951801478863, 0.0023117242380976677, 0.0026164897717535496, 0.002073165960609913, 0.0025297156535089016, 0.0020571795757859945]

2022-04-21 16:24:20.855425