2022-04-19 19:13:19.372468

reference phi, theta, psi, translation: 175.36684180812657, -0.0, 39.4597479484966, 0.2069414258003235, 2.553555727005005, 3.112318754196167

phi,theta,psi,rot_x,rot_y,rot_z,phi_err,theta_err,psi_err
-174.60268024378553,2.426304892454245,32.24175771288345,-0.3459881842136383,2.1274664402008057,3.6064906120300293,10.030477948087878,2.426304892454245,7.217990235613151
-174.74995278266934,2.4260021037375306,32.33131173818607,-0.3419111371040344,2.1327643394470215,3.6038260459899902,9.883205409204095,2.4260021037375306,7.128436210310525
-174.63035617030243,2.2639101021657906,32.38204979843551,-0.33606386184692383,2.135409116744995,3.6032464504241943,10.002802021571028,2.2639101021657906,7.077698150061089
-174.6044424325914,2.415858569864699,32.2466891094642,-0.3452901244163513,2.1277899742126465,3.606391429901123,10.028715759282022,2.415858569864699,7.213058839032399
-174.70190923204748,1.8422035804257357,32.5069159017471,-0.30674389004707336,2.146106481552124,3.6008036136627197,9.93124895982595,1.8422035804257357,6.952832046749499
-174.7288748188907,1.5974053152697933,32.729679106432485,-0.2927447557449341,2.1651344299316406,3.5915122032165527,9.904283372982718,1.5974053152697933,6.730068842064114
-174.70405391144686,0.8192030147747101,33.7269208762002,-0.24545396864414215,2.236013650894165,3.559699296951294,9.9291042804266,0.8192030147747101,5.732827072296402
-174.6222828867035,1.0324538013688707,33.76148504849504,-0.2666589617729187,2.238053560256958,3.5569841861724854,10.010875305169975,1.0324538013688707,5.698262900001559
-174.44268989266715,1.2807923511019619,33.29264037329786,-0.28597167134284973,2.2018282413482666,3.5736775398254395,10.190468299206259,1.2807923511019619,6.167107575198742
-174.08343560270282,-0.5499071384794556,34.446867210949144,-0.19300618767738342,2.2837741374969482,3.529614210128784,10.549722589170642,0.5499071384794556,5.012880737547455
-174.63340243467226,0.12862987568517198,33.80462110819826,-0.21245209872722626,2.241568088531494,3.554248571395874,9.999755757201171,0.12862987568517198,5.655126840298337
-174.83274833578824,-0.04154452184037902,34.076705108880304,-0.19723449647426605,2.2600769996643066,3.544613838195801,9.800409856085196,0.04154452184037902,5.383042839616294
-174.7563458397325,0.5824411221940957,33.65631379565519,-0.23672166466712952,2.2285969257354736,3.55924391746521,9.876812352140973,0.5824411221940957,5.803434152841412
-174.6242363208061,0.30592164316162324,33.93652572144954,-0.22497819364070892,2.245157480239868,3.548905372619629,10.008921871067344,0.30592164316162324,5.523222227047057
-174.54967797582623,0.6931395923033165,33.59302184771126,-0.246441051363945,2.222054958343506,3.56103777885437,10.083480216047178,0.6931395923033165,5.8667261007853355
-174.37255751026947,-0.3348205659489235,34.28177129342618,-0.19149494171142578,2.275099515914917,3.531083822250366,10.260600681603933,0.3348205659489235,5.177976655070417
-174.31374958151565,-0.6802455699764547,34.2903773317804,-0.1743142455816269,2.2783124446868896,3.52962327003479,10.319408610357755,0.6802455699764547,5.169370616716201
-174.36589124563955,-0.5392445426302473,34.188580192390525,-0.183486670255661,2.266800880432129,3.535883665084839,10.267266946233917,0.5392445426302473,5.271167756106074
-174.43713011868277,-0.34157995043875716,34.021274708671065,-0.19149638712406158,2.2552649974823,3.5417568683624268,10.196028073190632,0.34157995043875716,5.438473239825534
-174.37796702009211,-0.8888819795652123,34.3454286564907,-0.1638873815536499,2.280115842819214,3.5257694721221924,10.255191171781348,0.8888819795652123,5.114319292005902
-174.32365335581218,-1.063624522356518,34.406330038225114,-0.15645284950733185,2.2849788665771484,3.5221211910247803,10.309504836061251,1.063624522356518,5.0534179102714845
-174.33086603557572,-1.2704360570604667,34.401716245440774,-0.14601406455039978,2.283521890640259,3.524353265762329,10.30229215629771,1.2704360570604667,5.058031703055825
-174.37548083123423,-1.2795788190408728,34.23165136529663,-0.1429262012243271,2.2704501152038574,3.53594970703125,10.257677360639207,1.2795788190408728,5.228096583199971
-174.32889894109474,-1.607543755145515,34.40655884956231,-0.12647917866706848,2.2808096408843994,3.531221389770508,10.304259250778728,1.607543755145515,5.05318909893429
-174.40265132375254,-1.6141529428393002,34.46535311793778,-0.12245894968509674,2.286545515060425,3.5292580127716064,10.23050686812087,1.6141529428393002,4.994394830558818
-174.44916491200033,-0.7400756434676704,33.96333079884726,-0.1701984852552414,2.2537872791290283,3.5475997924804688,10.183993279873107,0.7400756434676704,5.496417149649339
-174.43182989188685,-1.0681823026089994,34.16482820955181,-0.15393102169036865,2.2672929763793945,3.5390641689300537,10.201328299986585,1.0681823026089994,5.294919738944792
-174.30492497710802,-1.5892395035344546,34.40715990620927,-0.12976443767547607,2.284853219985962,3.528918981552124,10.328233214765419,1.5892395035344546,5.052588042287326
-174.1018224719485,-2.5408254744172942,34.802597123301744,-0.08426163345575333,2.315136194229126,3.5139577388763428,10.531335719924925,2.5408254744172942,4.657150825194854
-174.17661304336013,-2.1978607733862012,34.539283085514,-0.102309949696064,2.295140027999878,3.5241386890411377,10.456545148513328,2.1978607733862012,4.920464862982598
-174.18326564761173,-1.4252662420381428,34.050665012669626,-0.14246965944766998,2.259024143218994,3.544933319091797,10.44989254426173,1.4252662420381428,5.409082935826973
-174.0331517500332,-2.1469200604870498,34.27846889696248,-0.10762743651866913,2.2770392894744873,3.5343141555786133,10.600006441840264,2.1469200604870498,5.181279051534119
-174.09862594341695,-2.498572734320536,34.295192615145254,-0.08311890810728073,2.281705379486084,3.5323374271392822,10.534532248456458,2.498572734320536,5.164555333351345
-174.2296016509411,-3.0413791333439515,34.45041207912838,-0.048180609941482544,2.294405698776245,3.5244386196136475,10.4035565409323,3.0413791333439515,5.009335869368222
-174.37736596344516,-3.021250697790678,34.317725409217125,-0.04178041219711304,2.287304401397705,3.5295727252960205,10.255792228428277,3.021250697790678,5.142022539279473
-174.5195295208298,-3.5898866506429523,34.59321425920042,-0.0064719123765826225,2.3068478107452393,3.517983913421631,10.11362867104367,3.5898866506429523,4.866533689296176

Errors:
rotation,[19.674773076155276, 19.43764372325215, 19.34441027379791, 19.65763316817912, 18.726284587001185, 18.231757530316624, 16.48113436749771, 16.741592006540404, 17.638368225506962, 16.112510465197552, 15.78351247318468, 15.224997217541869, 16.262687627176483, 15.838065741276024, 16.64334590913583, 15.773397902623273, 16.16902479705041, 16.077679244970238, 15.976081263454923, 16.258392443352463, 16.426547268689255, 16.630759916414, 16.76535276288005, 16.96499210485853, 16.839054641518988, 16.420486072990116, 16.564430341540376, 16.9700607605872, 17.729312019537076, 17.57487078488213, 17.284241722126843, 17.92820555386143, 18.19766031612834, 18.454271543644474, 18.419065465498427, 18.5700490109828]
translation,[0.170370405351016, 0.1704362516388649, 0.17081072332668246, 0.1703916807486907, 0.17192381309294102, 0.17273445390328934, 0.17974563911556185, 0.17982441758890388, 0.17612663788844696, 0.17732126286592376, 0.1762986868161196, 0.1773313118046893, 0.17492617203516136, 0.17435290872021447, 0.17354137161295125, 0.17378509206592252, 0.1735511212455716, 0.17297950529644535, 0.172076233037739, 0.17087518157069947, 0.17017377886867013, 0.1708776295582375, 0.17342964473753053, 0.1745356973215344, 0.17588302162673486, 0.17529351253374248, 0.17473462524834105, 0.1748980644380005, 0.17777300106366578, 0.17573325304295917, 0.17482408610924427, 0.17456589898781605, 0.17487829113532083, 0.17461563173159877, 0.17498465668363306, 0.17574643970995307]
loss,
[0.11784076690673828, 0.12313216179609299, 0.10798954963684082, 0.11517789214849472, 0.11069661378860474, 0.1092509925365448, 0.11810052394866943, 0.12463434785604477, 0.11116047203540802, 0.11001110076904297, 0.12287069857120514, 0.11069714277982712, 0.11339488625526428, 0.10902883112430573, 0.11020465940237045, 0.10673680156469345, 0.12004940211772919, 0.11952023208141327, 0.10829466581344604, 0.12032564729452133, 0.1134200394153595, 0.11978261172771454, 0.10879253596067429, 0.1080673485994339, 0.1099320575594902, 0.11602026224136353, 0.11663560569286346, 0.12237171828746796, 0.10877923667430878, 0.11298312246799469, 0.11244827508926392, 0.11282147467136383, 0.10789193212985992, 0.11831929534673691, 0.10582523047924042, 0.10982845723628998]

2022-04-19 19:16:00.167351