2022-04-28 19:06:28.154187

reference phi, theta, psi, translation: 132.9853677440357, -8.537735924097414e-07, 76.34363348549546, 2.865516185760498, 2.6707684993743896, 0.9517420530319214

phi,theta,psi,rot_x,rot_y,rot_z,phi_err,theta_err,psi_err
143.3552887910292,-3.0579185397180266,69.36864430507845,2.3124754428863525,2.981729030609131,1.6183615922927856,10.369921046993511,3.0579176859444344,6.974989180417012
143.83856565594266,-4.139171757223184,69.6908789697413,2.333462715148926,2.983020305633545,1.579917550086975,10.85319791190696,4.139170903449592,6.652754515754154
145.47451890556576,-8.237630113827347,69.66307326963017,2.3963279724121094,2.946899175643921,1.5088894367218018,12.48915116153006,8.237629260053755,6.680560215865285
143.73252013888902,-10.542790477776764,72.1764189596548,2.5443835258483887,2.9342002868652344,1.2843334674835205,10.747152394853316,10.542789624003172,4.167214525840663
140.5738854968383,-9.983092324977633,74.40924195027782,2.6966402530670166,2.866924524307251,1.1395070552825928,7.588517752802602,9.983091471204041,1.9343915352176424
139.70892400072623,-10.46277542673547,74.85798537874764,2.7371819019317627,2.825762987136841,1.098889708518982,6.723556256690529,10.462774572961878,1.485648106747817
139.71481162379078,-10.663761017173657,74.02270788476845,2.723874092102051,2.792623281478882,1.1612216234207153,6.729443879755081,10.663760163400065,2.3209256007270085
139.32779944503952,-10.696343112157361,74.5592533950188,2.740814208984375,2.7765402793884277,1.120131015777588,6.342431701003818,10.696342258383769,1.7843800904766596
139.31767710468955,-10.232533108263944,74.61595762550824,2.732525587081909,2.7916922569274902,1.1181918382644653,6.332309360653852,10.232532254490351,1.7276758599872153
139.22302434317152,-11.116136036195847,74.51587486360005,2.7492780685424805,2.770803689956665,1.1128919124603271,6.237656599135818,11.116135182422255,1.8277586218954127
139.34900035222321,-11.379753321077812,73.72973375050992,2.743333101272583,2.743245840072632,1.1629600524902344,6.363632608187515,11.37975246730422,2.6138997349855373
139.8388068779832,-11.05208080491772,74.04456449011249,2.7122199535369873,2.772029161453247,1.1425979137420654,6.853439133947489,11.052079951144128,2.2990689953829673
139.6448295055548,-10.609255023715328,74.27101941204427,2.708012104034424,2.777074098587036,1.1297911405563354,6.659461761519111,10.609254169941735,2.0726140734511915
139.15685347049242,-10.293823876968226,74.96221406548204,2.731130361557007,2.765805959701538,1.0863944292068481,6.171485726456723,10.293823023194633,1.3814194200134153
139.6593914688653,-10.738519898600114,74.7911929588541,2.703458309173584,2.7740132808685303,1.090023159980774,6.6740237248295955,10.738519044826521,1.5524405266413623
139.27732434707312,-10.96425248554768,74.69786525403504,2.716391086578369,2.74495530128479,1.0894848108291626,6.29195660303742,10.964251631774088,1.6457682314604227
138.60083509091837,-11.191244301886023,74.53177554398783,2.745967388153076,2.7028417587280273,1.1012232303619385,5.615467346882667,11.19124344811243,1.8118579415076255
138.3725291877215,-11.273866816625445,74.68713502684895,2.7518951892852783,2.6912996768951416,1.0903911590576172,5.387161443685812,11.273865962851852,1.6564984586465101
138.14960547359064,-11.533413668134184,74.63569004202041,2.759230613708496,2.6743083000183105,1.0887980461120605,5.164237729554941,11.533412814360592,1.7079434434750453
137.8882004736759,-11.465428618928064,74.55076346988048,2.764979839324951,2.660796880722046,1.0961437225341797,4.90283272964021,11.465427765154471,1.7928700156149802
137.82241209159037,-11.535573368678655,74.83228337690089,2.76973557472229,2.658740758895874,1.0770635604858398,4.8370443475546665,11.535572514905063,1.51135010859457
137.52699274960895,-11.383042733367672,74.8885641356618,2.7780039310455322,2.64554500579834,1.0702036619186401,4.541625005573252,11.38304187959408,1.4550693498336642
137.47088957576648,-11.392432186746536,75.06995346944983,2.7746169567108154,2.6506540775299072,1.0624232292175293,4.485521831730779,11.392431332972944,1.2736800160456312
137.3731495687436,-11.55233056138466,74.96896229238202,2.774923324584961,2.645024299621582,1.0668147802352905,4.387781824707901,11.552329707611067,1.3746711931134428
136.41428663192218,-11.294623940231537,75.04043339185704,2.815108299255371,2.604802131652832,1.062684416770935,3.428918887886482,11.294623086457944,1.3032000936384236
136.12332057327964,-10.905691756883222,75.5946964128144,2.8201332092285156,2.607635259628296,1.029417634010315,3.137952829243943,10.90569090310963,0.7489370726810591
135.92953444614804,-10.866321053478012,75.91739553034081,2.8233020305633545,2.6048338413238525,1.005948781967163,2.9441667021123408,10.86632019970442,0.42623795515464735
136.03437784990774,-11.044755071026282,75.95235243851295,2.8183836936950684,2.6012306213378906,1.0014851093292236,3.0490101058720427,11.04475421725269,0.3912810469825132
135.88729655632068,-10.893242041440804,75.74892208427329,2.8215672969818115,2.5892090797424316,1.014101505279541,2.9019288122849787,10.893241187667211,0.5947114012221704
135.95155497603216,-10.689068669173203,75.92110432306013,2.8153226375579834,2.5949201583862305,1.0037124156951904,2.9661872319964573,10.68906781539961,0.4225291624353247
136.2198174858736,-10.516479818597885,75.79302461574406,2.7948713302612305,2.601506233215332,1.0128837823867798,3.234449741837892,10.516478964824293,0.5506088697514002
135.97481860034523,-10.453489599516377,76.17483219034777,2.804334878921509,2.5925862789154053,0.9824915528297424,2.9894508563095314,10.453488745742785,0.16880129514768782
135.80455564471515,-10.552623023298612,76.1466030185081,2.807821750640869,2.58076548576355,0.984624981880188,2.8191879006794522,10.55262216952502,0.19703046698735704
135.53936672000023,-10.472638734951357,76.06544671079001,2.8118152618408203,2.5658230781555176,0.9862027764320374,2.5539989759645323,10.472637881177764,0.2781867747054463
135.49337222612937,-10.472699586765563,76.20567732463955,2.812779664993286,2.560551881790161,0.9767260551452637,2.5080044820936678,10.47269873299197,0.13795616085590723
135.67012386147096,-10.248047356007053,76.26007978137869,2.797311782836914,2.572023630142212,0.9742733240127563,2.6847561174352563,10.24804650223346,0.08355370411676688

Errors:
rotation,[20.402827913354958, 21.645123331110707, 27.4073406374491, 25.45715654469715, 19.506000759224285, 18.671978936400222, 19.714129643882153, 18.823154049864247, 18.29251747513142, 19.181550403453485, 20.357284810477275, 20.204588080474586, 19.341330004912038, 17.84672816966477, 18.96498329629748, 18.901976466271933, 18.618568736502723, 18.317525865184173, 18.405593987390578, 18.161130510409663, 17.8839669710543, 17.379736235000998, 17.151633180749354, 17.31478272543241, 16.026742067982852, 14.792580805034632, 14.236724856971408, 14.485045370107246, 14.38988140117436, 14.077784209831393, 14.301537576413585, 13.611740897200004, 13.568840537191829, 13.304823631847743, 13.118659375941546, 13.016356323785484]
translation,[0.07464079787699607, 0.07247899240561662, 0.055844273172312775, 0.05946166724668345, 0.06638267344031412, 0.05355709753929361, 0.039088588570519, 0.027926633956851354, 0.03219419969159887, 0.027739326399188968, 0.01902544416491203, 0.011866601513679242, 0.008907982314917184, 0.00483547038440868, 0.007202100693774582, 0.0185814324113327, 0.023837675482604403, 0.030507217174934098, 0.03728870111172622, 0.04032891769857283, 0.04359791250051037, 0.04847275330868106, 0.049520016723146654, 0.051876876751766776, 0.05128883568673981, 0.05462119642108343, 0.060218861337433705, 0.06720916049960435, 0.0696080531764931, 0.0729613085189027, 0.08080310610583163, 0.08764221111129267, 0.0923854813113798, 0.09890955985820815, 0.10402448864153024, 0.10818776327838897]
loss,
[0.14552053809165955, 0.1354008913040161, 0.11154864728450775, 0.08814745396375656, 0.07967334985733032, 0.07932047545909882, 0.08150254935026169, 0.07845798134803772, 0.08511532843112946, 0.08130872249603271, 0.07530011236667633, 0.08093168586492538, 0.07900743186473846, 0.08348598331212997, 0.07915554195642471, 0.08759720623493195, 0.07973843067884445, 0.07767335325479507, 0.08304944634437561, 0.07223036140203476, 0.07827923446893692, 0.07893109321594238, 0.07538124918937683, 0.08334904909133911, 0.0797935426235199, 0.07248034328222275, 0.07415203750133514, 0.07457675039768219, 0.07760728895664215, 0.07838728278875351, 0.07475356757640839, 0.07873465120792389, 0.07946629822254181, 0.07540980726480484, 0.07320725172758102, 0.08256271481513977]

2022-04-28 19:10:56.422205