2022-04-28 19:01:57.108522

reference phi, theta, psi, translation: -139.02455270626928, -8.537736090602699e-07, 56.38966954231551, -2.2014424800872803, 2.5346622467041016, 2.231398344039917

phi,theta,psi,rot_x,rot_y,rot_z,phi_err,theta_err,psi_err
-129.04008655489625,6.852725648450977,53.065809209147574,-2.6847352981567383,1.8050535917282104,2.604990243911743,9.984466151373027,6.852726502224586,3.3238603331679357
-128.83341869099002,6.244826180541016,52.954217578487906,-2.6663198471069336,1.8189247846603394,2.609377384185791,10.19113401527926,6.244827034314625,3.435451963827603
-130.11869636824633,4.3220457131191905,51.063098706756875,-2.5048696994781494,1.9222618341445923,2.673064947128296,8.905856338022943,4.3220465668928,5.326570835558634
-134.24806481589596,5.889463992798521,48.83599258446915,-2.378903388977051,1.9901059865951538,2.715235948562622,4.776487890373318,5.88946484657213,7.553676957846356
-137.81518575144847,4.616811319839689,51.45229996113712,-2.313109874725342,2.254251718521118,2.566188335418701,1.2093669548208084,4.616812173613298,4.9373695811783875
-140.5147087378693,-0.5902262425842102,53.879066173242656,-2.0930559635162354,2.5805718898773193,2.423853874206543,1.490156031600037,0.5902253888106012,2.5106033690728538
-140.02813972177594,-0.592584685504668,55.13140526322659,-2.139075756072998,2.5924198627471924,2.346484899520874,1.0035870155066675,0.592583831731059,1.2582642790889196
-139.71104135936892,-0.17879302548890724,55.12056916810836,-2.157054901123047,2.5558860301971436,2.333160638809204,0.6864886530996444,0.17879217171529818,1.2691003742071487
-139.4455792270872,-0.2803729795607328,55.71122343696356,-2.1702768802642822,2.555081367492676,2.2882473468780518,0.421026520817918,0.2803721257871238,0.6784461053519522
-139.2512740055787,0.021339356317728448,56.03581110179549,-2.192208766937256,2.540189743041992,2.2610838413238525,0.22672129930941765,0.02134021009133751,0.35385844052002113
-139.08777293722693,-0.04769915612050008,56.1842003766086,-2.194054365158081,2.5340118408203125,2.2462868690490723,0.06322023095765417,0.04769830234689102,0.20546916570690854
-139.02229874384318,0.09703034264175864,56.35152976599016,-2.2032392024993896,2.529916286468506,2.233189821243286,0.002253962426095768,0.0970311964153677,0.038139776325351704
-139.03669678261357,0.016396265543260884,56.42109865778132,-2.198803663253784,2.5325467586517334,2.227933406829834,0.012144076344299037,0.016397119316869945,0.031429115465812174
-138.98779262815626,-0.0012655588008017803,56.48582836054553,-2.202890157699585,2.531784772872925,2.2228505611419678,0.03676007811301929,0.00126470502719272,0.09615881823002326
-139.08325135199638,-0.003490533035290373,56.44218345174915,-2.196258544921875,2.5342977046966553,2.2246501445770264,0.05869864572710526,0.0034896792616813128,0.052513909433642425
-138.96194719233694,0.11805821840218014,56.450379678753166,-2.2066943645477295,2.5272510051727295,2.226252555847168,0.06260551393233982,0.1180590721757892,0.060710136437656104
-139.03631429202005,0.016727194093399816,56.45497298097,-2.200115203857422,2.5336673259735107,2.2250609397888184,0.011761585750775794,0.016728047867008877,0.06530343865448884
-139.00762749750598,-0.007244923038029803,56.45320054688038,-2.201526165008545,2.5325541496276855,2.2258241176605225,0.01692520876329695,0.007244069264420743,0.06353100456487226
-139.00855640323311,0.055367411504491086,56.40450129809819,-2.201841115951538,2.5294649600982666,2.2291805744171143,0.015996303036160953,0.05536826527810015,0.014831755782680034
-139.05031617981857,0.0026314494321940354,56.45147250902037,-2.1987905502319336,2.5343472957611084,2.225799322128296,0.025763473549289984,0.002632303205803096,0.061802966704860296
-139.03959278282164,0.07425027694037639,56.3796940510327,-2.200314521789551,2.5295629501342773,2.2301602363586426,0.015040076552367054,0.07425113071398545,0.009975491282808946
-138.99904877990846,-0.053012063875958096,56.42827377150442,-2.2003746032714844,2.5337791442871094,2.227642774581909,0.025503926360812557,0.053011210102349035,0.0386042291889126
-138.99137164728137,0.003237322667585836,56.40567609063543,-2.202369451522827,2.5312843322753906,2.228950023651123,0.03318105898790691,0.0032381764411948963,0.016006548319921876
-139.063430143025,-0.009971140480247295,56.377621088619605,-2.196242094039917,2.533560276031494,2.2304625511169434,0.03887743675571187,0.009970286706638234,0.012048453695904016
-139.02891036695974,0.02765901524096509,56.45270194307097,-2.20170521736145,2.5332489013671875,2.2255427837371826,0.004357660690459397,0.02765986901457415,0.06303240075546057
-139.0021360254133,0.00030614097064197635,56.400058260043096,-2.199606418609619,2.5309698581695557,2.2290422916412354,0.022416680855968707,0.0003069947442510366,0.010388717727586538
-139.034183272999,0.018278363724241718,56.430589205633055,-2.199958324432373,2.532785654067993,2.227121353149414,0.009630566729725842,0.01827921749785078,0.040919663317545485
-139.00493640297302,-0.01877455246227051,56.438027281639194,-2.199934720993042,2.5323235988616943,2.226303815841675,0.019616303296260185,0.01877369868866145,0.04835773932368426
-138.98450047697634,0.031548353289806194,56.404368109409376,-2.2005248069763184,2.5287060737609863,2.2270004749298096,0.0400522292929395,0.031549207063415255,0.014698567093866188
-138.96752062669967,-0.0040976927993591475,56.51157817371648,-2.2043817043304443,2.5319371223449707,2.22160005569458,0.057032079569609095,0.0040968390257500875,0.12190863140097008
-138.98150885411985,0.08256781260241104,56.432119168007134,-2.2041544914245605,2.528210163116455,2.2266876697540283,0.043043852149423856,0.0825686663760201,0.04244962569162425
-139.02953874436338,0.005556236552690867,56.46643403839728,-2.20039439201355,2.5326457023620605,2.224104642868042,0.004986038094102696,0.005557090326299927,0.07676449608177194
-138.98148153336317,0.023879472479592538,56.486511379462534,-2.203052520751953,2.531221389770508,2.222839117050171,0.04307117290611018,0.0238803262532016,0.09684183714702499
-138.97421421208628,0.05241678839181011,56.49284637991772,-2.204493999481201,2.5304291248321533,2.222215175628662,0.050338494182994964,0.05241764216541917,0.10317683760221286
-138.99764176093942,-0.04349530869255905,56.50164024847411,-2.2005343437194824,2.5338962078094482,2.221940279006958,0.026910945329859715,0.04349445491894999,0.11197070615860127
-138.95409247479142,0.036014017579473194,56.4349741870802,-2.203388214111328,2.5280332565307617,2.2270708084106445,0.07046023147785263,0.036014871353082255,0.045304644764691204

Errors:
rotation,[20.161052986765547, 19.87141301342149, 18.55447374047438, 18.219629694791806, 10.763548709612493, 4.5909847894834925, 2.854435126326646, 2.134381199022091, 1.3798447519569939, 0.6019199499207764, 0.3163876990114537, 0.13742493516681517, 0.05997031112698116, 0.13418360137023527, 0.114702234422429, 0.24137472254578513, 0.09379307227227351, 0.08770028259258995, 0.08619632409694114, 0.09019874345995338, 0.09926669854916145, 0.11711936565207419, 0.05242578374902368, 0.06089617715825412, 0.09504993046049412, 0.033112393327806286, 0.0688294475451221, 0.0867477413086059, 0.08630000345022094, 0.18303754999632926, 0.16806214421706822, 0.08730762450217457, 0.16379333630633677, 0.20593297395062699, 0.18237610640741098, 0.1517797475956261]
translation,[0.12242333873291766, 0.11936494667674591, 0.10586746463590746, 0.09103186440810962, 0.09409238074261683, 0.08169276987215834, 0.06792918183974095, 0.046747722980049033, 0.02776483995361545, 0.014960976213700405, 0.0038302330425956654, 0.0010077953284035601, 0.004689053154611322, 0.005743981644257268, 0.006792351117574924, 0.004629422191923638, 0.0048560384781968224, 0.004363334503500127, 0.004276126640582412, 0.004743590270100739, 0.00450657675899091, 0.0032166096724139948, 0.0029717878166701794, 0.0040492955541724385, 0.003983945647199505, 0.004628397283523711, 0.004357331976630796, 0.00511297763701446, 0.006679261892816868, 0.005521984506384747, 0.005177885606695298, 0.005874729485720209, 0.006015756965203067, 0.006069201428766213, 0.006206548694802194, 0.005496515566812299]
loss,
[0.14707836508750916, 0.14641599357128143, 0.113237164914608, 0.07901608198881149, 0.041180942207574844, 0.011022910475730896, 0.013284644111990929, 0.0062060607597231865, 0.005465569905936718, 0.002457303460687399, 0.00203637289814651, 0.0011577291879802942, 0.0019889487884938717, 0.0012025152100250125, 0.0017164768651127815, 0.001809335546568036, 0.0015278703067451715, 0.00102794892154634, 0.001460207044146955, 0.0014341480564326048, 0.0012051449157297611, 0.0019268946489319205, 0.0010828522499650717, 0.0017468038713559508, 0.001450415700674057, 0.0011184853501617908, 0.0010419900063425303, 0.0013444905634969473, 0.001165403868071735, 0.0013244161382317543, 0.0015334717463701963, 0.0011061805998906493, 0.0015571878757327795, 0.001166202942840755, 0.0009544859640300274, 0.001736388891004026]

2022-04-28 19:06:24.659397