2022-04-28 18:43:45.447397

reference phi, theta, psi, translation: 16.672973292337613, -0.0, 55.56417970941693, 0.9538894295692444, -3.184936285018921, 2.279534101486206

phi,theta,psi,rot_x,rot_y,rot_z,phi_err,theta_err,psi_err
26.607018987257597,-4.879078348390559,61.415046110949504,1.4386786222457886,-3.2383759021759033,2.121750593185425,9.934045694919984,4.879078348390559,5.850866401532571
26.245599527326373,-4.549562679174985,61.91284395803837,1.4517111778259277,-3.2625157833099365,2.0816903114318848,9.57262623498876,4.549562679174985,6.348664248621439
24.076133371444392,-2.3667153244100594,64.27940205261024,1.4869835376739502,-3.4271204471588135,1.8495819568634033,7.4031600791067795,2.3667153244100594,8.715222343193304
19.66318059209771,3.1059546937330107,62.03197611754174,1.3107481002807617,-3.4212636947631836,1.971625804901123,2.9902072997600975,3.1059546937330107,6.467796408124805
20.51469856837591,3.228506093332237,58.95875982125118,1.3465641736984253,-3.277484655380249,2.1381595134735107,3.8417252760382965,3.228506093332237,3.3945801118342445
19.801520951094442,2.3908541717068776,55.236194025472926,1.2260971069335938,-3.142557144165039,2.344111442565918,3.1285476587568297,2.3908541717068776,0.3279856839440072
17.213871340636555,0.5673455965492763,55.06577739058652,1.0103039741516113,-3.1894125938415527,2.3386240005493164,0.5408980482989421,0.5673455965492763,0.49840231883041497
16.055862285732374,-0.4340220187141758,55.24269295046819,0.9096094369888306,-3.202557325363159,2.311893939971924,0.6171110066052385,0.4340220187141758,0.321486758948744
16.898284157583408,0.05636492440586205,55.444863134805985,0.9694593548774719,-3.178346872329712,2.2905542850494385,0.22531086524579536,0.05636492440586205,0.11931657461094858
16.69398295422457,-0.07309578006209494,55.5501573310509,0.9530248045921326,-3.178074598312378,2.2762157917022705,0.021009661886957076,0.07309578006209494,0.014022378366036037
16.763401581853994,-0.026003082008811736,55.67598990613004,0.9594135284423828,-3.1803042888641357,2.2684671878814697,0.09042828951638171,0.026003082008811736,0.11181019671310821
16.672136594164286,0.02127605437739233,55.58714963559569,0.9557205438613892,-3.1800880432128906,2.27451753616333,0.0008366981733267664,0.02127605437739233,0.022969926178753042
16.62310778875464,-0.03949951647293301,55.580561918141214,0.9509886503219604,-3.182051181793213,2.2752199172973633,0.04986550358297137,0.03949951647293301,0.016382208724280645
16.731955390915257,0.056085794874561445,55.583328144755065,0.9606128931045532,-3.178941488265991,2.2748799324035645,0.05898209857764414,0.056085794874561445,0.019148435338131264
16.685212991330275,-0.019345202856762053,55.61197737322868,0.9551839232444763,-3.181094169616699,2.2727906703948975,0.012239698992662085,0.019345202856762053,0.04779766381174966
16.680206462668654,0.04242208462893024,55.51263910194002,0.9559066295623779,-3.1763107776641846,2.2778050899505615,0.007233170331041094,0.04242208462893024,0.05154060747691602
16.69199707672339,0.05487286056283874,55.542148934249056,0.9576073288917542,-3.1771316528320312,2.276407241821289,0.019023784385776565,0.05487286056283874,0.022030775167877437
16.684000632752596,0.049095723511151684,55.5641182377144,0.9578315615653992,-3.1777865886688232,2.274977445602417,0.011027340414983655,0.049095723511151684,6.147170253001377e-05
16.714241295302827,0.006992217273294634,55.659074942650506,0.957661509513855,-3.1816201210021973,2.2706105709075928,0.04126800296521438,0.006992217273294634,0.09489523323357218
16.728251720837818,0.03541046466887818,55.566553200153514,0.959920346736908,-3.1764776706695557,2.275134801864624,0.05527842850020548,0.03541046466887818,0.0023734907365806635
16.70765187030106,-0.013244490777148938,55.61359954315656,0.9557260274887085,-3.1795945167541504,2.2730557918548584,0.03467857796344731,0.013244490777148938,0.049419833739626995
16.73305675891892,0.07100665702136214,55.574349861091086,0.9609278440475464,-3.17753005027771,2.275458812713623,0.060083466581307476,0.07100665702136214,0.010170151674152805
16.684905632817625,-0.06406479205637579,55.573024804392105,0.9530071020126343,-3.1811466217041016,2.2767293453216553,0.011932340480012016,0.06406479205637579,0.008845094975171719
16.69483502032353,0.01976323618568561,55.58412044669879,0.9570797085762024,-3.18005108833313,2.2747085094451904,0.021861727985918122,0.01976323618568561,0.01994073728185697
16.675876122734866,0.007402124701289601,55.605765316178555,0.9551266431808472,-3.179827928543091,2.273752450942993,0.0029028303972538083,0.007402124701289601,0.04158560676162182
16.6393346106753,0.04435869943126725,55.55609959562881,0.9543511867523193,-3.1788997650146484,2.275928497314453,0.033638681662313985,0.04435869943126725,0.008080113788125232
16.696511831764766,0.04858313597490716,55.60775631632162,0.9589294195175171,-3.179680109024048,2.273604154586792,0.023538539427153893,0.04858313597490716,0.043576606904686344
16.62876830802929,0.031288238791859886,55.609337505114475,0.9534533023834229,-3.181105852127075,2.273669719696045,0.04420498430832254,0.031288238791859886,0.0451577956975413
16.726984720746778,0.016066402306539312,55.626078298770175,0.9584022164344788,-3.180457830429077,2.272383451461792,0.05401142840916506,0.016066402306539312,0.06189858935324111
16.656456187377227,0.06041974221523414,55.517990555154725,0.9556511044502258,-3.1764936447143555,2.278033971786499,0.01651710496038561,0.06041974221523414,0.046189154262208376
16.69972543576926,-0.03994774234188784,55.62008480777349,0.9555696249008179,-3.1816704273223877,2.272747039794922,0.026752143431647113,0.03994774234188784,0.055905098356554106
16.721812559997787,0.019599728778435143,55.52864906535453,0.9578514099121094,-3.17706561088562,2.278144598007202,0.0488392676601741,0.019599728778435143,0.035530644062404804
16.6797403022578,-0.021868573287159396,55.63776133734548,0.9552217721939087,-3.1819512844085693,2.2720260620117188,0.006767009920189082,0.021868573287159396,0.07358162792854728
16.61982588285845,0.0362588144248676,55.547073500640636,0.9526075720787048,-3.1781768798828125,2.2768211364746094,0.05314740947916263,0.0362588144248676,0.01710620877629765
16.71156215360089,0.0020721348617520445,55.59583763621995,0.9570579528808594,-3.1796679496765137,2.273952007293701,0.03858886126327832,0.0020721348617520445,0.031657926803013936
16.669211565652226,0.044283487969535414,55.568902785228,0.9564194679260254,-3.1786141395568848,2.2755680084228516,0.003761726685386435,0.044283487969535414,0.004723075811064348

Errors:
rotation,[20.663990444843115, 20.470853162785183, 18.485097746710142, 12.563958401617914, 10.464811481204778, 5.847387514407714, 1.6066459636786332, 1.3726197842681582, 0.400992364262606, 0.10812782031508805, 0.22824156823830166, 0.045082678729472137, 0.10574722878018503, 0.13421632879033685, 0.0793825656611738, 0.10119586243688736, 0.09592742011649275, 0.06018453562866535, 0.1431554534720812, 0.09306238390566432, 0.09734290248022325, 0.14126027527682242, 0.08484222751155952, 0.0615657014534607, 0.05189056186016523, 0.08607749488170646, 0.11569828230674739, 0.12065101879772372, 0.1319764200689455, 0.12312600143782812, 0.12260498413008905, 0.10396964050101405, 0.10221721113589576, 0.10651243268032788, 0.0723189229280443, 0.052768290465986196]
translation,[0.09908907901583852, 0.1022606831052455, 0.13747138442514384, 0.1294497233343188, 0.10733303149395645, 0.07664887953555333, 0.05081050901077422, 0.022094094920230845, 0.004757560225133517, 0.007502045340653574, 0.008598182246237762, 0.0062323736915637085, 0.005404727462474668, 0.005768651806560499, 0.006540203097449293, 0.007311810083900916, 0.007050425248320558, 0.00728849734920356, 0.006766238599041685, 0.0077352906803085375, 0.007446945866906418, 0.006480759497287991, 0.004788976216257623, 0.0058306997941190986, 0.007011223738806471, 0.006698414434444189, 0.0063074898354527065, 0.006444820331074297, 0.006507964471833105, 0.007098583324149033, 0.006017792505618402, 0.006061405731625946, 0.006285382357358316, 0.007177575957891591, 0.006566037843010797, 0.00663686840437272]
loss,
[0.17733880877494812, 0.15619860589504242, 0.11328698694705963, 0.059677641838788986, 0.04156514257192612, 0.02683335542678833, 0.010104191489517689, 0.008630475029349327, 0.003898311872035265, 0.0020853732712566853, 0.0014908311422914267, 0.001358959823846817, 0.0015845231246203184, 0.0016259727999567986, 0.001884837867692113, 0.0021788193844258785, 0.001608468359336257, 0.001700717257335782, 0.0016026318771764636, 0.0017028928268700838, 0.001442071981728077, 0.0019441768527030945, 0.0019922256469726562, 0.0018341135000810027, 0.0013932797592133284, 0.0015971586108207703, 0.002128425519913435, 0.001694952487014234, 0.002001756802201271, 0.0018956245621666312, 0.001957670785486698, 0.0019095506286248565, 0.0016922764480113983, 0.0014771645655855536, 0.001598104601725936, 0.00155524758156389]

2022-04-28 18:48:14.234670