2022-04-20 08:29:57.439439

reference phi, theta, psi, translation: 16.672973292337613, -0.0, 55.56417970941693, 0.9538894295692444, -3.184936285018921, 2.279534101486206

phi,theta,psi,rot_x,rot_y,rot_z,phi_err,theta_err,psi_err
26.607018987257597,-4.879078348390559,61.415046110949504,1.4386786222457886,-3.2383759021759033,2.121750593185425,9.934045694919984,4.879078348390559,5.850866401532571
26.62314164879341,-4.972232400965929,61.93230999717291,1.4564505815505981,-3.259098529815674,2.0802698135375977,9.950168356455798,4.972232400965929,6.3681302877559745
26.576254107688566,-4.551598425585224,63.68607717978957,1.5382297039031982,-3.3230159282684326,1.9233776330947876,9.903280815350954,4.551598425585224,8.121897470372637
22.749326436487102,0.4984828043989921,64.44495900790218,1.4990861415863037,-3.4062857627868652,1.7954232692718506,6.07635314414949,0.4984828043989921,8.880779298485251
21.59922844818909,3.784547655014252,61.08059906805066,1.4258594512939453,-3.3056578636169434,2.0031607151031494,4.926255155851479,3.784547655014252,5.516419358633726
21.15434407660031,3.895624974064017,56.68529037487741,1.3769217729568481,-3.1361827850341797,2.2508792877197266,4.4813707842626975,3.895624974064017,1.1211106654604777
19.146288951184072,2.156195253877635,55.48317708095517,1.1759413480758667,-3.1472525596618652,2.317993640899658,2.4733156588464595,2.156195253877635,0.08100262846176065
17.30632819633643,0.520498346234353,55.21200832562191,1.0083879232406616,-3.1778416633605957,2.3221018314361572,0.6333549039988178,0.520498346234353,0.35217138379502444
16.525939810074746,-0.05278913052155074,55.41092050972561,0.9453437328338623,-3.1897940635681152,2.2958297729492188,0.1470334822628665,0.05278913052155074,0.15325919969132684
16.59558212639949,0.09605381899338049,55.5220954988459,0.9533445239067078,-3.18080735206604,2.2792537212371826,0.07739116593812412,0.09605381899338049,0.04208421057103351
16.709328681742296,0.023577596334677032,55.624206826937595,0.9591377973556519,-3.1803836822509766,2.2727086544036865,0.03635538940468308,0.023577596334677032,0.06002711752066148
16.730550079493526,0.03751376228564096,55.57395712521381,0.9590631723403931,-3.1778013706207275,2.2751643657684326,0.05757678715591297,0.03751376228564096,0.009777415796875744
16.752970175444094,0.04472329599730733,55.56173108659949,0.9605035185813904,-3.176630735397339,2.275951385498047,0.07999688310648168,0.04472329599730733,0.002448622817446733
16.7255913621561,0.024435376676631503,55.63821554492529,0.9594075679779053,-3.1804566383361816,2.2718334197998047,0.052618069818485935,0.024435376676631503,0.07403583550835435
16.794287697280794,0.07085646033472777,55.59342657944293,0.9642089009284973,-3.1769168376922607,2.273923397064209,0.12131440494318113,0.07085646033472777,0.029246870025993132
16.72882033408622,-0.019924391900969635,55.5957556739499,0.9572835564613342,-3.1795272827148438,2.2738895416259766,0.05584704174860633,0.019924391900969635,0.03157596453296918
16.753571232091055,0.07101084269220528,55.509924101744936,0.9601224064826965,-3.1746268272399902,2.2780988216400146,0.0805979397534422,0.07101084269220528,0.05425560767199755
16.73264182492684,0.016466338219238267,55.56099684126371,0.9583852291107178,-3.1775224208831787,2.2763876914978027,0.05966853258922811,0.016466338219238267,0.0031828681532246605
16.73512289114285,0.09419392501324172,55.54438923629682,0.9617776870727539,-3.1755588054656982,2.276641845703125,0.06214959880523807,0.09419392501324172,0.01979047312011062
16.70564891732695,0.06526439282106153,55.52757672565484,0.9576742053031921,-3.174846887588501,2.2776381969451904,0.03267562498933785,0.06526439282106153,0.036602983762094254
16.746988637278456,0.06356055974648202,55.605092542545314,0.961311936378479,-3.177511215209961,2.273392677307129,0.07401534494084316,0.06356055974648202,0.04091283312838101
16.637927591706276,0.02306008659853882,55.61797769441454,0.9538450837135315,-3.181461811065674,2.272517204284668,0.035045700631336274,0.02306008659853882,0.05379798499760824
16.73772348566933,0.09740715575918261,55.57180561562525,0.9621981382369995,-3.1774702072143555,2.275794744491577,0.06475019333171872,0.09740715575918261,0.007625906208318156
16.79223351788791,0.06602002447499779,55.53607006588775,0.9634471535682678,-3.176023244857788,2.2786285877227783,0.11926022555029903,0.06602002447499779,0.028109643529184325
16.745270844702198,0.06038607211243006,55.54401357589247,0.9606868624687195,-3.1763739585876465,2.277437686920166,0.07229755236458502,0.06038607211243006,0.020166133524462282
16.750495939417256,0.001803117809181439,55.574189351645586,0.9587774276733398,-3.1786224842071533,2.2758407592773438,0.07752264707964329,0.001803117809181439,0.010009642228652638
16.714606710423425,0.09422170599933766,55.52021036663498,0.959817111492157,-3.1753363609313965,2.2781689167022705,0.041633418085812224,0.09422170599933766,0.0439693427819563
16.712738653685424,0.05897786006492061,55.58030237095275,0.95881187915802,-3.1776113510131836,2.2746827602386475,0.03976536134781128,0.05897786006492061,0.01612266153581743
16.712767681989398,0.06413275461497504,55.60004844784326,0.9591297507286072,-3.1785783767700195,2.2730984687805176,0.03979438965178517,0.06413275461497504,0.03586873842632343
16.71526411613104,0.0423479244542695,55.58459855994069,0.9585434198379517,-3.1784255504608154,2.274681806564331,0.04229082379342586,0.0423479244542695,0.020418850523753918
16.70565403996883,0.056462066545024774,55.575845672519314,0.9584206938743591,-3.1787452697753906,2.2754886150360107,0.03268074763121831,0.056462066545024774,0.011665963102380772
16.696880661979947,0.03872201397433655,55.578284050053014,0.9577281475067139,-3.1799373626708984,2.2755725383758545,0.023907369642333975,0.03872201397433655,0.014104340636080792
16.725135447028997,0.06722372548850887,55.53640474515708,0.9598024487495422,-3.1775870323181152,2.277658224105835,0.05216215469138419,0.06722372548850887,0.02777496425985504
16.680718726856405,0.05005784786772479,55.57426789882104,0.9577755331993103,-3.1789047718048096,2.2753119468688965,0.007745434518792393,0.05005784786772479,0.01008818940410805
16.699266105547576,0.038985111692616314,55.55169753870874,0.9575318098068237,-3.1776020526885986,2.27624773979187,0.02629281320996313,0.038985111692616314,0.01248217070819635
16.741136872707045,0.09950708920488661,55.563168841419774,0.9619656801223755,-3.176464080810547,2.2759623527526855,0.06816358036943271,0.09950708920488661,0.001010867997159437

Errors:
rotation,[20.663990444843115, 21.2905310451777, 22.576776711308817, 15.455615247033734, 14.227222169499457, 9.498106423787192, 4.710513541185856, 1.5060246340281953, 0.3530818124757441, 0.21552919550253813, 0.11996010326002159, 0.10486796523842967, 0.12716880192123575, 0.1510892820034718, 0.22141773530390202, 0.10734739818254514, 0.20586439011764504, 0.07931773896169103, 0.17613399693859041, 0.13454300157249363, 0.17848873781570618, 0.11190377222748334, 0.1697832552992195, 0.21338989355448112, 0.15284975800147735, 0.08933540711747737, 0.17982446686710618, 0.11486588294854932, 0.13979588269308363, 0.10505759877144927, 0.10080877727862386, 0.07673372425275132, 0.14716084443974808, 0.06789147179062524, 0.07776009561077579, 0.16868153757147875]
translation,[0.09908907901583852, 0.10051657527639346, 0.10504896295978394, 0.10089082239268699, 0.08871360287391727, 0.06740912081640182, 0.050676038578278515, 0.031835665954195846, 0.011060555416762874, 0.0035491027982326173, 0.0062077066002173, 0.006877800043247895, 0.0070134876390994805, 0.0065798939927619315, 0.007047971573292955, 0.0066588105206495385, 0.00747072945956706, 0.006567779927262762, 0.00716463021719882, 0.008141365368099507, 0.007571676401453509, 0.006721558867961441, 0.006034590711961663, 0.00527462853329741, 0.006331576538676664, 0.005915052368278495, 0.006944037177264661, 0.007360009770984277, 0.007415772885154048, 0.006781487904357064, 0.0061021350746655045, 0.005277994023666466, 0.0054603370022761055, 0.006229611770036669, 0.006787208550422363, 0.0067895800433470654]
loss,
[0.22315119206905365, 0.20271286368370056, 0.1830175817012787, 0.12217700481414795, 0.06895045936107635, 0.043019842356443405, 0.028678102418780327, 0.011350778862833977, 0.004396097268909216, 0.002826311159878969, 0.002133219502866268, 0.0019032710697501898, 0.0018205147935077548, 0.002295935060828924, 0.0018813618225976825, 0.0024622324854135513, 0.002448965795338154, 0.0022029734682291746, 0.0018038186244666576, 0.0020062262192368507, 0.0024232291616499424, 0.0024580908939242363, 0.0015017411205917597, 0.0019265873124822974, 0.00177468522451818, 0.002005675807595253, 0.002155093476176262, 0.0017894454067572951, 0.001954760169610381, 0.0012912761885672808, 0.0025466205552220345, 0.002406618557870388, 0.0018151666736230254, 0.001896952511742711, 0.0019361248705536127, 0.002122035715728998]

2022-04-20 08:35:12.866012