2022-04-20 08:45:59.702283

reference phi, theta, psi, translation: 175.36684180812657, -0.0, 39.4597479484966, 0.2069414258003235, 2.553555727005005, 3.112318754196167

phi,theta,psi,rot_x,rot_y,rot_z,phi_err,theta_err,psi_err
-174.60268024378553,2.426304892454245,32.24175771288345,-0.3459881842136383,2.1274664402008057,3.6064906120300293,10.030477948087878,2.426304892454245,7.217990235613151
-174.07420118694498,1.7977904709786439,32.90804949660736,-0.3407439589500427,2.1689705848693848,3.57736873626709,10.558957004928459,1.7977904709786439,6.551698451889237
-174.11873402033345,1.8098230316437236,34.22135144002824,-0.3691459000110626,2.2454302310943604,3.5203185081481934,10.514424171539986,1.8098230316437236,5.238396508468355
-174.4320211371836,1.8280865770219834,35.889621729709276,-0.37269288301467896,2.351891040802002,3.442584991455078,10.201137054689866,1.8280865770219834,3.5701262187873226
-174.80764056039928,1.9659001474593258,36.716562977806475,-0.36138004064559937,2.3970532417297363,3.4102652072906494,9.825517631474156,1.9659001474593258,2.7431849706901232
-175.17663470012005,1.2671107559558767,38.07877249077923,-0.31267228722572327,2.48054575920105,3.3421685695648193,9.456523491753387,1.2671107559558767,1.3809754577173692
-175.2650446687367,1.2696163727506984,37.12139170500772,-0.29648053646087646,2.4278640747070312,3.3872697353363037,9.368113523136742,1.2696163727506984,2.3383562434888816
-175.50097306304727,1.2064082984359707,36.95002908892126,-0.28058671951293945,2.4156599044799805,3.3989789485931396,9.132185128826166,1.2064082984359707,2.5097188595753366
-175.2885268591032,0.4908622516188191,37.65588474341248,-0.25506454706192017,2.4624013900756836,3.359832763671875,9.344631332770234,0.4908622516188191,1.8038632050841201
-175.4954815909546,0.451959604683496,37.59974741862414,-0.2414519488811493,2.4562721252441406,3.3638322353363037,9.137676600918837,0.451959604683496,1.8600005298724582
-175.4912195529125,0.366499434787986,37.257725695935754,-0.23058679699897766,2.4375927448272705,3.382690191268921,9.141938638960937,0.366499434787986,2.2020222525608446
-175.66491126350593,-0.08528826012702594,37.9748033512333,-0.2017848789691925,2.4814233779907227,3.3462677001953125,8.968246928367535,0.08528826012702594,1.4849445972633006
-175.84431301224546,-0.0781746447093457,37.7468731084408,-0.19412949681282043,2.468742609024048,3.358381986618042,8.78884517962797,0.0781746447093457,1.7128748400557967
-176.03452012025198,-0.03281727038161561,37.91318821473061,-0.18894386291503906,2.483436346054077,3.3497636318206787,8.598638071621451,0.03281727038161561,1.5465597337659887
-175.9305646410844,0.15866713625036652,37.40541146126436,-0.1943720430135727,2.4541187286376953,3.376093626022339,8.70259355078906,0.15866713625036652,2.0543364872322414
-176.0236054779583,-0.22091937387122493,37.813330849065025,-0.17242057621479034,2.4774651527404785,3.3589580059051514,8.60955271391515,0.22091937387122493,1.6464170994315737
-176.08948948269224,-0.6575518193106735,38.10799545514313,-0.1486218273639679,2.49558162689209,3.347918748855591,8.54366870918119,0.6575518193106735,1.351752493353466
-176.54395660968657,-0.4162211411133334,38.04987737549549,-0.14601126313209534,2.4908573627471924,3.351924180984497,8.089201582186888,0.4162211411133334,1.4098705730011076
-176.6600425048201,-0.6923133169184207,38.481801463134175,-0.12659135460853577,2.518203020095825,3.328662395477295,7.973115687053337,0.6923133169184207,0.9779464853624233
-176.57727427245788,-0.633455351703494,38.442988913175576,-0.13192184269428253,2.5145740509033203,3.3342273235321045,8.055883919415578,0.633455351703494,1.016759035321023
-176.5451314022238,-0.35149726289173966,38.180665252817484,-0.1496279090642929,2.4996588230133057,3.347329616546631,8.088026789649632,0.35149726289173966,1.279082695679115
-176.8757398788091,-0.33911597744117083,38.18342806433675,-0.14128869771957397,2.503725290298462,3.341862916946411,7.757418313064363,0.33911597744117083,1.2763198841598467
-177.0142697755553,-0.5779692039584691,38.128380154721036,-0.11803613603115082,2.5019874572753906,3.3445229530334473,7.6188884163181,0.5779692039584691,1.3313677937755628
-177.27220503937167,-0.7167145099820812,38.44300940374309,-0.10077597200870514,2.518406867980957,3.3326008319854736,7.360953152501793,0.7167145099820812,1.0167385447535082
-176.95695082804056,-0.8870917544934478,38.37593353099898,-0.10278782248497009,2.521742820739746,3.331429958343506,7.676207363832873,0.8870917544934478,1.0838144174976208
-176.75622522871222,-0.5334813120447737,37.576890190566694,-0.12531444430351257,2.4718801975250244,3.368899345397949,7.8769329631612095,0.5334813120447737,1.882857757929905
-176.78481640057788,-0.7360661977758589,37.79765556491985,-0.11560583114624023,2.4843499660491943,3.3572161197662354,7.848341791295525,0.7360661977758589,1.6620923835767485
-176.68122975162547,-0.743508638443688,37.634393553189035,-0.11660868674516678,2.474766969680786,3.3640501499176025,7.951928440247968,0.743508638443688,1.8253543953075635
-176.82862523391435,-0.9181284398594881,37.96843761492685,-0.1034364178776741,2.494257926940918,3.3490383625030518,7.804532957959054,0.9181284398594881,1.49131033356975
-176.86060417960834,-1.0651635269039705,38.077252773688905,-0.09263304620981216,2.5004498958587646,3.344433307647705,7.772554012265118,1.0651635269039705,1.3824951748076941
-177.03470570155199,-1.196241041671365,38.37748056884598,-0.07791949063539505,2.5157079696655273,3.332970380783081,7.598452490321449,1.196241041671365,1.0822673796506166
-177.23704322552445,-1.2632799151195215,38.61148626490521,-0.06450669467449188,2.5289692878723145,3.3192570209503174,7.396114966348989,1.2632799151195215,0.8482616835913888
-177.43884799474162,-1.3182760827492455,38.91377677719163,-0.05657776817679405,2.5449063777923584,3.3067269325256348,7.194310197131813,1.3182760827492455,0.54597117130497
-177.67353329462327,-1.5746828055738402,39.5379194635474,-0.032821543514728546,2.5811829566955566,3.277735948562622,6.959624897250137,1.5746828055738402,0.07817151505079778
-177.5941255153327,-1.5499403137357728,39.546785049090076,-0.03491149842739105,2.5822083950042725,3.279024600982666,7.039032676540728,1.5499403137357728,0.08703710059347713
-177.45763101495916,-1.4353107168315637,39.380360659773544,-0.048081934452056885,2.573457717895508,3.28792405128479,7.175527176914272,1.4353107168315637,0.0793872887230549

Errors:
rotation,[19.674773076155276, 18.90844592779634, 17.562643711652065, 15.599349850499172, 14.534602749623605, 12.104609705426633, 12.976086139376322, 12.848312286837473, 11.639356789473174, 11.449636735474792, 11.710460326309768, 10.538479785757861, 10.579894664393112, 10.178015075769055, 10.915597174271669, 10.476889187217948, 10.55297302184533, 9.915293296301328, 9.643375489334181, 9.706098306440095, 9.718606748220488, 9.372854174665381, 9.528225414052132, 9.094406207237382, 9.64711353582394, 10.293272033135889, 10.246500372648132, 10.52079147399922, 10.213971731388293, 10.220212713976784, 9.876960911643431, 9.5076565650599, 9.058557451186028, 8.612479217874775, 8.676010090869978, 8.690225182468891]
translation,[0.170370405351016, 0.16626404308171328, 0.1606330942018266, 0.1547621012593492, 0.1529324235751499, 0.14271376192823748, 0.14691149362166378, 0.14824906466239351, 0.1422336921126135, 0.14103357293575236, 0.14470900243740914, 0.13968483782299845, 0.1415328997953571, 0.14308633807929194, 0.14720665307879166, 0.14621019570860394, 0.14721726207042973, 0.14751753188728767, 0.14467829876800664, 0.14709542046513935, 0.14921784421092177, 0.14698684493952907, 0.14735265988021506, 0.1472389454249159, 0.14836608803575224, 0.1492274027183429, 0.1469400479569174, 0.14677765092293882, 0.14596102590393123, 0.14571982950160045, 0.14541874029806845, 0.14227672852219353, 0.14190274596322627, 0.1410571282558406, 0.14272087428027547, 0.14444790589608836]
loss,
[0.14921370148658752, 0.13609173893928528, 0.1184348315000534, 0.11863195896148682, 0.12190955877304077, 0.12624405324459076, 0.1270398199558258, 0.11396219581365585, 0.12217970937490463, 0.1288665533065796, 0.11920114606618881, 0.11240875720977783, 0.11846893280744553, 0.12117515504360199, 0.1205364316701889, 0.1240394115447998, 0.11930444091558456, 0.12738853693008423, 0.11621423810720444, 0.11733956634998322, 0.11416923999786377, 0.12376805394887924, 0.12354385852813721, 0.12679463624954224, 0.12962496280670166, 0.12197022140026093, 0.11698919534683228, 0.1281348615884781, 0.11814723908901215, 0.11525978893041611, 0.12247328460216522, 0.12974081933498383, 0.12871131300926208, 0.12853631377220154, 0.11832816898822784, 0.11178408563137054]

2022-04-20 08:51:23.873070