2022-04-20 17:39:24.947953

reference phi, theta, psi, translation: -86.91639066027085, -0.0, 34.793557367935236, -2.296917200088501, -0.12373751401901245, 3.3104169368743896

phi,theta,psi,rot_x,rot_y,rot_z,phi_err,theta_err,psi_err
-76.53055527251121,6.8177051513072,38.18892636661862,-2.336111545562744,-0.9462913274765015,3.345968008041382,10.385835387759641,6.8177051513072,3.395368998683381
-76.02192474539869,6.079169152812207,38.14298309916652,-2.3442611694335938,-0.9284151196479797,3.342613458633423,10.894465914872157,6.079169152812207,3.3494257312312854
-77.15152192090291,4.058143815582077,39.05277454189598,-2.5133917331695557,-0.8210669755935669,3.2325022220611572,9.764868739367941,4.058143815582077,4.259217173960742
-81.01210193414502,7.93685185101825,37.93108672545063,-2.4451494216918945,-0.8590725660324097,3.255551815032959,5.904288726125827,7.93685185101825,3.1375293575153975
-82.40462041155972,7.7644793335591675,36.267881021039166,-2.3651466369628906,-0.7657594084739685,3.311309814453125,4.51177024871113,7.7644793335591675,1.47432365310393
-83.36706236750621,6.256218127999705,34.76016798817763,-2.28560209274292,-0.6327970623970032,3.3655929565429688,3.549328292764642,6.256218127999705,0.03338937975760814
-84.63038098658095,3.5664267338410776,34.50555219629789,-2.287628412246704,-0.42775648832321167,3.362619161605835,2.286009673689904,3.5664267338410776,0.2880051716373444
-86.1816193999284,1.193918571175281,34.38336352714095,-2.2794063091278076,-0.2278449982404709,3.3484983444213867,0.7347712603424554,1.193918571175281,0.41019384079428534
-87.10845557973161,-0.2496846053548523,34.800264613700186,-2.2975504398345947,-0.10164798051118851,3.3094441890716553,0.19206491946076198,0.2496846053548523,0.006707245764950187
-86.7646375172915,0.07958261308419468,34.926418207670324,-2.2991487979888916,-0.13545945286750793,3.302239418029785,0.15175314297934506,0.07958261308419468,0.13286083973508767
-86.87469235538792,0.10785339049496098,34.803368934677955,-2.291795492172241,-0.13325899839401245,3.3040452003479004,0.04169830488292803,0.10785339049496098,0.009811566742719435
-86.85011733475422,0.18028614747042268,34.90129677190301,-2.296017646789551,-0.13849884271621704,3.300603151321411,0.06627332551663301,0.18028614747042268,0.10773940396777704
-86.92475764200411,0.1573808868969395,34.74752530802393,-2.288046360015869,-0.1335718333721161,3.306886911392212,0.008366981733260559,0.1573808868969395,0.04603205991130466
-86.90090662142244,0.04376143773994841,34.87102878859611,-2.2946584224700928,-0.12805263698101044,3.3022050857543945,0.015484038848413206,0.04376143773994841,0.07747142066087065
-86.82359571020706,0.1914710264295445,34.854615844020564,-2.2952733039855957,-0.1395845264196396,3.304875612258911,0.0927949500637908,0.1914710264295445,0.06105847608532855
-86.89669239470453,0.08815631599853821,34.82507869095485,-2.2935264110565186,-0.1307811439037323,3.3049938678741455,0.01969826556631915,0.08815631599853821,0.03152132301961075
-86.82059042697225,0.07794267326864626,34.81697808659921,-2.292332887649536,-0.1333492249250412,3.3059029579162598,0.0958002332986041,0.07794267326864626,0.023420718663970774
-86.90201994225714,0.11293439771588502,34.85327712694324,-2.294510841369629,-0.13212433457374573,3.302549123764038,0.014370718013708483,0.11293439771588502,0.0597197590080043
-86.83567148465964,0.1506706571513315,34.90621109301084,-2.2969605922698975,-0.137129545211792,3.301147222518921,0.08071917561120756,0.1506706571513315,0.112653725075603
-86.85928344862037,0.06912085880641605,34.956399323032095,-2.3008222579956055,-0.1312093436717987,3.2989771366119385,0.057107211650475165,0.06912085880641605,0.16284195509685873
-86.82877299359792,0.11024874855833286,34.75153121397214,-2.288830280303955,-0.13440021872520447,3.308002233505249,0.08761766667292648,0.11024874855833286,0.04202615396309284
-86.91320779211762,0.10585078899231261,34.858888127346404,-2.2944138050079346,-0.13159552216529846,3.302673578262329,0.003182868153231766,0.10585078899231261,0.06533075941116806
-86.82457925744754,0.10367190020912871,34.801094481684345,-2.2914390563964844,-0.13469001650810242,3.306411027908325,0.09181140282331057,0.10367190020912871,0.007537113749108926
-86.76305974359323,0.1435876027723151,34.87303003402292,-2.2966713905334473,-0.13915452361106873,3.3050601482391357,0.15333091667761778,0.1435876027723151,0.07947266608768189
-86.81421786047663,0.13858144321545718,34.86032246707211,-2.2950377464294434,-0.13733641803264618,3.3053150177001953,0.1021727997942179,0.13858144321545718,0.06676509913687312
-86.89160390377288,0.030576904449296907,34.776720951631155,-2.289883852005005,-0.1270432472229004,3.3059916496276855,0.02478675649797424,0.030576904449296907,0.016836416304080615
-86.8556088068469,0.18806918199161074,34.867576127970665,-2.2954652309417725,-0.13798755407333374,3.302900791168213,0.06078185342394704,0.18806918199161074,0.07401876003542895
-86.84097171145557,0.12364948155402597,34.81218329380186,-2.292020320892334,-0.13501127064228058,3.3048739433288574,0.07541894881528322,0.12364948155402597,0.018625925866622595
-86.90030556477546,0.03249915266769133,34.81491878456445,-2.2918405532836914,-0.12689989805221558,3.303199052810669,0.016085095495384394,0.03249915266769133,0.02136141662921176
-86.85509654265915,0.14875283033468378,34.90563394202597,-2.2974698543548584,-0.1368885189294815,3.3014771938323975,0.06129411761169479,0.14875283033468378,0.1120765740907359
-86.85623035406138,0.1067432712292195,34.75608353505396,-2.2880871295928955,-0.1334986686706543,3.306755304336548,0.06016030620946822,0.1067432712292195,0.03747383288127537
-86.86015088264496,0.12220906574160807,34.852064768365565,-2.2944295406341553,-0.1344241350889206,3.303781509399414,0.0562397776258905,0.12220906574160807,0.058507400430329426
-86.7950250289089,0.22591741591477435,34.830399408318286,-2.2940852642059326,-0.14284475147724152,3.3062591552734375,0.12136563136195377,0.22591741591477435,0.036842040383049834
-86.82814461619428,0.1775408199094302,34.81691661489668,-2.2929553985595703,-0.13848593831062317,3.3060250282287598,0.08824604407656977,0.1775408199094302,0.02335924696144076
-86.86291027906965,0.13534738083107883,34.810851406913706,-2.2920823097229004,-0.13458237051963806,3.305776357650757,0.05348038120119725,0.13534738083107883,0.017294038978469928
-86.83528899406612,0.16872554922827562,34.85028208899219,-2.2939836978912354,-0.13755491375923157,3.3043394088745117,0.0811016662047308,0.16872554922827562,0.05672472105695192

Errors:
rotation,[20.598909537750224, 20.323060798915648, 18.08222972891076, 16.978669934659475, 13.750573235374228, 9.838935800521956, 6.140441579168326, 2.338883672312022, 0.44845677058056443, 0.3641965957986274, 0.15936326212060845, 0.35429887695483275, 0.2117799285415047, 0.13671689724923225, 0.34532445257866384, 0.1393759045844681, 0.19716362523122113, 0.18702487473759782, 0.34404355783814206, 0.28907002555374994, 0.23989256919435217, 0.17436441655671242, 0.2030204167815482, 0.37639118553761475, 0.3075193421465482, 0.07220007725135176, 0.3228697954509867, 0.21769435623593178, 0.06994566479228748, 0.3221235220371145, 0.2043774103199631, 0.23695624379782798, 0.38412508765977793, 0.2891461109474407, 0.206121801010746, 0.3065519364899584]
translation,[0.1579505536533441, 0.15582466159955022, 0.14503679664192504, 0.13004633239551566, 0.10953277392560601, 0.086106254863477, 0.05829982690339097, 0.025969563924183703, 0.0010555145570094737, 0.005061346134290545, 0.007846715023012152, 0.00808770685843374, 0.007635524781997027, 0.007894691375503804, 0.004968631437492377, 0.0061628270933589135, 0.006011912096628436, 0.007564824300041906, 0.00715005129476598, 0.006920975683354591, 0.006245477682263356, 0.0075353357767600215, 0.006058894303535567, 0.004034866241807933, 0.0048195190478894645, 0.007537327140289207, 0.006535113869359677, 0.006979636942890721, 0.008721535791434754, 0.006596855750048647, 0.00772293423786774, 0.006523410961415621, 0.004395516724095216, 0.005383674854903653, 0.00621755049837347, 0.006213769829370719]
loss,
[0.16300682723522186, 0.12629254162311554, 0.06839630752801895, 0.048301100730895996, 0.04421234130859375, 0.03152308985590935, 0.020463328808546066, 0.007962673902511597, 0.0021744263358414173, 0.001326307887211442, 0.001753463177010417, 0.0011036478681489825, 0.0009083965560421348, 0.0014075370272621512, 0.0013252741191536188, 0.0010014454601332545, 0.0014253997942432761, 0.00181067013181746, 0.0017896532081067562, 0.0011818152852356434, 0.0011378502240404487, 0.0015571279218420386, 0.0017620109720155597, 0.001609622035175562, 0.0012922186870127916, 0.0014886017888784409, 0.001314094988629222, 0.00139186333399266, 0.0012425169115886092, 0.0012081358581781387, 0.0011876134667545557, 0.0011184040922671556, 0.0016665005823597312, 0.0019866889342665672, 0.001306994236074388, 0.0013187180738896132]

2022-04-20 17:43:51.830960