2022-04-20 17:34:52.922226

reference phi, theta, psi, translation: 16.672973292337613, -0.0, 55.56417970941693, 0.9538894295692444, -3.184936285018921, 2.279534101486206

phi,theta,psi,rot_x,rot_y,rot_z,phi_err,theta_err,psi_err
26.607018987257597,-4.879078348390559,61.415046110949504,1.4386786222457886,-3.2383759021759033,2.121750593185425,9.934045694919984,4.879078348390559,5.850866401532571
26.33935411896855,-5.398141422163768,60.1249121691933,1.387692928314209,-3.2250001430511475,2.183288335800171,9.666380826630938,5.398141422163768,4.560732459776368
25.312061224400075,-7.053063882534856,54.729113951302004,1.1759278774261475,-3.1579790115356445,2.420518159866333,8.639087932062463,7.053063882534856,0.8350657581149292
21.478277750819213,-3.9639506736041366,51.93959980747169,1.0125786066055298,-3.1082799434661865,2.559159278869629,4.805304458481601,3.9639506736041366,3.6245799019452463
16.63621150667731,-0.047757544942762714,54.18852496906301,0.9695537090301514,-3.2139647006988525,2.433461904525757,0.0367617856603033,0.047757544942762714,1.375654740353923
17.04578038516254,0.7949287964650837,54.37980100167463,1.0162265300750732,-3.193788528442383,2.4070818424224854,0.3728070928249281,0.7949287964650837,1.1843787077423045
16.937166716980997,0.15959114345446088,54.828093637659244,0.9822351932525635,-3.205217123031616,2.3622074127197266,0.26419342464338413,0.15959114345446088,0.7360860717576898
16.816364576225567,-0.041552083587592735,54.84822562023786,0.965542733669281,-3.192216634750366,2.3508968353271484,0.1433912838879543,0.041552083587592735,0.7159540891790712
16.680754585349547,0.1142734752792348,55.00414517861091,0.9618380069732666,-3.1836764812469482,2.330289840698242,0.007781293011934309,0.1142734752792348,0.5600345308060213
16.729631419050158,0.1254148435227513,55.33993435368166,0.9636260271072388,-3.181204080581665,2.299848794937134,0.056658126712545,0.1254148435227513,0.22424535573527038
16.649660149153064,-0.0002946335950080597,55.45054926729002,0.9527537822723389,-3.1800084114074707,2.2844364643096924,0.02331314318454858,0.0002946335950080597,0.11363044212691165
16.740143080182808,-0.07106307894670376,55.47651423141982,0.954249382019043,-3.1741249561309814,2.2834174633026123,0.06716978784519512,0.07106307894670376,0.08766547799711333
16.675804405748583,0.04304544780704212,55.57756346509557,0.9562212228775024,-3.176560163497925,2.2741987705230713,0.0028311134109699765,0.04304544780704212,0.01338375567863892
16.675816358579628,-0.034662779483929686,55.58855323947012,0.9544738531112671,-3.179542303085327,2.2736260890960693,0.0028430662420149133,0.034662779483929686,0.02437353005318954
16.581737332951874,-0.0036978541875104633,55.53199927314242,0.9486586451530457,-3.1793508529663086,2.276970624923706,0.09123595938573814,0.0036978541875104633,0.0321804362745155
16.644716799741268,0.14528464031954072,55.56556282272386,0.9582129716873169,-3.176846981048584,2.274949073791504,0.028256492596344884,0.14528464031954072,0.0013831133069288626
16.65164944174883,0.07102782251179433,55.56579846425023,0.9559773206710815,-3.177856683731079,2.2760486602783203,0.021323850588782278,0.07102782251179433,0.0016187548332950996
16.582007125424088,0.05576522057294072,55.49279057221196,0.9507853388786316,-3.1759161949157715,2.2792775630950928,0.09096616691352466,0.05576522057294072,0.07138913720497442
16.619965901736435,0.08538241980567252,55.624486864693566,0.9549366235733032,-3.1801533699035645,2.2707173824310303,0.05300739060117721,0.08538241980567252,0.06030715527663233
16.654345658923695,-0.04236938020154252,55.669139226392524,0.9528853893280029,-3.183542251586914,2.2708778381347656,0.018627633413917266,0.04236938020154252,0.10495951697559036
16.67527335854061,0.10249401834738232,55.54382916078488,0.9589567184448242,-3.177725315093994,2.276944637298584,0.0023000662029986074,0.10249401834738232,0.020350548632052323
16.659415366835137,-0.011051272580407378,55.49544410070451,0.9520879983901978,-3.177722692489624,2.280524730682373,0.013557925502475143,0.011051272580407378,0.0687356087124229
16.682786566627627,-0.03256866408295698,55.57736880470423,0.9547231793403625,-3.1816818714141846,2.275806188583374,0.009813274290014107,0.03256866408295698,0.01318909528729506
16.676154452943546,0.04620066895288415,55.47555117474685,0.9558507204055786,-3.1761765480041504,2.2811708450317383,0.0031811606059335418,0.04620066895288415,0.08862853467008591
16.6485365830346,0.11607339497164218,55.54702227422187,0.9575203657150269,-3.176783561706543,2.2757740020751953,0.024436709303014226,0.11607339497164218,0.01715743519506674
16.58900123913418,0.030068829935530002,55.527897744545825,0.9505326151847839,-3.177220344543457,2.2758865356445312,0.08397205320343204,0.030068829935530002,0.03628196487110813
16.70735987971404,0.06402937344036161,55.5592209920795,0.9582168459892273,-3.1763038635253906,2.2743570804595947,0.03438658737642797,0.06402937344036161,0.004958717337430585
16.627584977755586,0.046191091800141276,55.5589955958369,0.9539178013801575,-3.17854642868042,2.275790214538574,0.04538831458202708,0.046191091800141276,0.005184113580035898
16.650664186961055,-0.008583595358421221,55.55420421813413,0.9527005553245544,-3.1791558265686035,2.2767891883850098,0.02230910537655717,0.008583595358421221,0.00997549128280184
16.683052944005258,0.04166101779409374,55.54295489657112,0.957038402557373,-3.178009271621704,2.277156352996826,0.01007965166764535,0.04166101779409374,0.021224812845815677
16.60413010814576,-0.09216110475249238,55.51430225300292,0.9465087652206421,-3.17974591255188,2.278604030609131,0.0688431841918522,0.09216110475249238,0.04987745641401631
16.588060380576014,0.1655955659008341,55.58384040894282,0.9570422172546387,-3.179356336593628,2.274881362915039,0.08491291176159876,0.1655955659008341,0.019660699525886116
16.67381169805823,0.02672106872664867,55.505771346729574,0.954802393913269,-3.1753861904144287,2.2787649631500244,0.0008384057206178852,0.02672106872664867,0.05840836268735927
16.629698921303703,0.06661000242288663,55.56613655861415,0.9550493955612183,-3.1787667274475098,2.27531099319458,0.04327437103390963,0.06661000242288663,0.001956849197213728
16.662982433129176,0.03476956776952324,55.542148934249056,0.9552329778671265,-3.1786179542541504,2.2776551246643066,0.00999085920843612,0.03476956776952324,0.022030775167877437
16.6256230059165,0.048288468482912274,55.56204527530131,0.9540345072746277,-3.180222272872925,2.276399612426758,0.04735028642111416,0.048288468482912274,0.0021344341156250835

Errors:
rotation,[20.663990444843115, 19.625254708571074, 16.527217572712246, 12.393835034030984, 1.460174070956989, 2.3521145970323163, 1.159870639855535, 0.9008974566546183, 0.6820892990971904, 0.4063183259705667, 0.13723821890646828, 0.22589834478901222, 0.05926031689665102, 0.06187937577913414, 0.1271142498477641, 0.17492424622281447, 0.09397042793387171, 0.2181205246914398, 0.19869696568348205, 0.16595653059105014, 0.12514463318243324, 0.09334480679530542, 0.055571033660266146, 0.13801036422890361, 0.15766753946972314, 0.15032284801007018, 0.10337467815422016, 0.09676351996220425, 0.04086819201778023, 0.07296548230755476, 0.2108817453583609, 0.270169177188319, 0.08596783713462583, 0.11184122265400999, 0.0667912021458368, 0.09777318901965151]
translation,[0.09908907901583852, 0.10324721449796925, 0.11791271059844632, 0.12049923488355141, 0.1151152614822708, 0.09525509004149502, 0.06987426407317177, 0.049218640700120275, 0.029804408726346487, 0.010892785732123933, 0.0013840531490050267, 0.006249182969662925, 0.009080435390540487, 0.007463221674046672, 0.007098507146086952, 0.0079557204124443, 0.007068320374721715, 0.008002882600043115, 0.008513190479229493, 0.006229113272802067, 0.005956437606087661, 0.005562303981782257, 0.004481411975594263, 0.005524747490874837, 0.007704157106352305, 0.008952723119634243, 0.008718404878534258, 0.007158475628400218, 0.006400408451050943, 0.0060690501194837765, 0.006368094193186735, 0.006290761563820801, 0.007760270170939165, 0.006987044173456525, 0.005735091601886566, 0.005462365611730746]
loss,
[0.1397780478000641, 0.1408529430627823, 0.09439127892255783, 0.054954223334789276, 0.018031341955065727, 0.012834705412387848, 0.01252668909728527, 0.004694974981248379, 0.0030186441726982594, 0.0015172157436609268, 0.0027285232208669186, 0.002512059174478054, 0.0015363499987870455, 0.002354494296014309, 0.0021042567677795887, 0.0013893068535253406, 0.0009636852191761136, 0.0022697732783854008, 0.001512607792392373, 0.002359159989282489, 0.001977750565856695, 0.001781290746293962, 0.0015132620465010405, 0.0014689164236187935, 0.001597355818375945, 0.0015057239215821028, 0.001127877039834857, 0.001627862686291337, 0.0013580252416431904, 0.0019107537809759378, 0.0017233211547136307, 0.001427103765308857, 0.0012786490842700005, 0.0017724926583468914, 0.0016601537354290485, 0.001545894774608314]

2022-04-20 17:39:21.301177