2022-04-27 11:41:58.335868

reference phi, theta, psi, translation: 132.9853677440357, -8.537735924097414e-07, 76.34363348549546, 2.865516185760498, 2.6707684993743896, 0.9517420530319214

phi,theta,psi,rot_x,rot_y,rot_z,phi_err,theta_err,psi_err
143.3552887910292,-3.0579185397180266,69.36864430507845,2.3124754428863525,2.981729030609131,1.6183615922927856,10.369921046993511,3.0579176859444344,6.974989180417012
144.0280351035188,-3.8797880895979504,70.1327307373386,2.3267500400543213,2.9944403171539307,1.5538636445999146,11.04266735948309,3.879787235824358,6.210902748156855
145.79844745714277,-5.553675850761755,69.69938255525797,2.2685351371765137,3.0147457122802734,1.563720941543579,12.813079713107072,5.553674996988163,6.64425093023749
146.77504156504955,-7.165580982147724,68.20382384402447,2.2514572143554688,2.974663496017456,1.6482253074645996,13.78967382101385,7.165580128374132,8.13980964147099
147.65154608085894,-8.279608615452023,66.18825551052122,2.2119979858398438,2.9246299266815186,1.7830671072006226,14.666178336823236,8.279607761678431,10.155377974974243
147.58273875516025,-9.335824289824556,65.0247191250312,2.2336106300354004,2.8771674633026123,1.837857961654663,14.597371011124551,9.335823436050964,11.318914360464262
146.79931605735976,-10.865525060922463,64.87420224629163,2.3086483478546143,2.8179666996002197,1.834498405456543,13.813948313324062,10.865524207148871,11.469431239203828
146.51165581027553,-13.080314340399486,64.81035363793035,2.366356134414673,2.774961233139038,1.807645559310913,13.526288066239829,13.080313486625894,11.533279847565112
149.84721967258628,-18.78068165630395,65.44480307974366,2.312035083770752,2.8903369903564453,1.6544595956802368,16.86185192855058,18.78068080253036,10.898830405751795
151.8694201197736,-17.484503098394566,68.31027917242828,2.1186766624450684,3.167922019958496,1.415025234222412,18.884052375737895,17.484502244620973,8.033354313067179
150.0742961417325,-13.987936542447484,70.68226726739032,2.1531760692596436,3.184227228164673,1.3198734521865845,17.088928397696804,13.987935688673891,5.661366218105144
149.27520498997603,-11.498050161087265,72.73155624482592,2.1641018390655518,3.2163894176483154,1.2119327783584595,16.289837245940333,11.498049307313673,3.612077240669535
148.89312420780553,-9.833145672448115,74.23598737179127,2.154736280441284,3.253979206085205,1.1067720651626587,15.907756463769829,9.833144818674523,2.1076461137041917
148.20488702627836,-8.450115861058718,75.0156807863049,2.182602643966675,3.2400341033935547,1.0805308818817139,15.219519282242658,8.450115007285126,1.3279526991905612
148.2712218234975,-8.772087294675623,76.34767695748411,2.1999855041503906,3.2671456336975098,0.9650890231132507,15.285854079461814,8.772086440902031,0.004043471988651959
148.63204705697095,-7.7421547109358535,75.8727329233581,2.158947706222534,3.2685606479644775,1.0200873613357544,15.646679312935248,7.742153857162261,0.4709005621373592
150.14867690179395,-8.922607390676431,77.18783803671987,2.0901029109954834,3.3406543731689453,0.9068021178245544,17.16330915775825,8.922606536902839,0.8442045512244079
149.76667808189347,-7.78489690217863,76.07902512686,2.089966297149658,3.3068902492523193,1.0123484134674072,16.781310337857775,7.784896048405038,0.2646083586354564
149.84294397416585,-7.265290206818048,76.35522431651698,2.075387716293335,3.3276803493499756,0.978111743927002,16.85757623013015,7.265289353044456,0.011590831021521808
149.80399823551843,-6.508738151187326,76.91658390402198,2.0687575340270996,3.3412904739379883,0.9333405494689941,16.818630491482736,6.508737297413734,0.5729504185265171
149.0602862575524,-4.499249318574162,78.16101705004162,2.0931434631347656,3.345898151397705,0.8446044325828552,16.074918513516707,4.49924846480057,1.8173835645461622
148.92603205922666,-4.009902879810821,79.9414766119347,2.1057465076446533,3.3571786880493164,0.7164531350135803,15.940664315190958,4.009902026037229,3.597843126439244
148.62588622633962,-3.2031652675811015,81.61638926058356,2.1013991832733154,3.3742470741271973,0.6011290550231934,15.640518482303918,3.2031644138075093,5.2727557750881004
147.99745418118508,-1.015841762417,83.37014278282189,2.118955135345459,3.379114866256714,0.4629228115081787,15.012086437149378,1.0158409086434075,7.026509297326427
146.97186029617262,1.0092382027424394,84.16872850057977,2.176934242248535,3.3571019172668457,0.4052121043205261,13.986492552136923,1.0092390565160319,7.825095015084315
146.19242642884745,2.230076171805598,84.63368679813922,2.2217869758605957,3.3325157165527344,0.37966811656951904,13.207058684811756,2.2300770255791904,8.290053312643764
144.97610634145158,3.3840541484236093,84.65063249747003,2.2905995845794678,3.2949512004852295,0.38397181034088135,11.990738597415884,3.3840550021972016,8.306999011974568
143.7909455770493,2.785505312214373,83.58836732680379,2.357465982437134,3.2339060306549072,0.4634298086166382,10.805577833013615,2.7855061659879654,7.2447338413083315
142.34134720874084,2.778310976639738,83.26836613399954,2.428335666656494,3.1717660427093506,0.4745141267776489,9.355979464705143,2.77831183041333,6.924732648504076
140.61042700889786,2.942917033058226,82.2893063278024,2.5164432525634766,3.0890140533447266,0.5458164215087891,7.625059264862159,2.942917886831818,5.945672842306934
138.98508787324494,2.906221863431689,81.05935318282317,2.5937180519104004,3.0063092708587646,0.6308754682540894,5.999720129209237,2.9062227172052815,4.715719697327714
137.04024614859716,2.7822975325742774,79.88312630585528,2.6811702251434326,2.9085543155670166,0.7150463461875916,4.054878404561464,2.7822983863478696,3.5394928203598255
135.07464064887256,2.4125343990161108,79.10992840124233,2.766892910003662,2.8125498294830322,0.7587213516235352,2.089272904836861,2.412535252789703,2.766294915746869
133.4523887587245,1.3201146821745715,77.27987483578579,2.8322436809539795,2.707988977432251,0.8865661025047302,0.46702101468881096,1.320115535948164,0.9362413502903308
132.86848954695844,-0.12935574711348913,76.2111551363539,2.8602166175842285,2.6515047550201416,0.9571929574012756,0.11687819707725566,0.12935489333989672,0.13247834914156442
132.7830848615766,-0.053688466682027716,76.29772095389464,2.8644859790802,2.6484375,0.9517918229103088,0.20228288245908743,0.05368761290843531,0.04591253160081976

Errors:
rotation,[20.402827913354958, 21.133357343464304, 25.011005640332726, 29.09506359085897, 33.101164073475914, 35.25210880763978, 36.14890375967676, 38.13988140043084, 46.54136313683273, 44.40190893342604, 36.73823030447584, 31.39996379392354, 27.848547396148543, 24.997586988718346, 24.061983992352495, 23.85973373223487, 26.930120245885497, 24.83081474489827, 24.134456414196126, 23.900318207422988, 22.39155054286344, 23.54840946766743, 24.11643867119953, 23.054436643119214, 22.82082662373727, 23.72718902303471, 23.681792611587653, 20.83581784030991, 19.05902394362255, 16.51364999400091, 13.621662543742232, 10.37666961126916, 7.268103073373433, 2.723377900927306, 0.3787114395587168, 0.3018830269683425]
translation,[0.07464079787699607, 0.06703296488324018, 0.053007048352325725, 0.04739154867061934, 0.04633642660391324, 0.04867879511511486, 0.04761818668841755, 0.03920690335607979, 0.023102295219096014, 0.03418990937230948, 0.03304826634745783, 0.030555307196973303, 0.025496963963854924, 0.022156454310792384, 0.0241853315858771, 0.016725101406716014, 0.012482330677208608, 0.009704112955874145, 0.01082522498579408, 0.00806708827230107, 0.004913781759998237, 0.003955936551087724, 0.010833155826413865, 0.01582249081642395, 0.009515702220952882, 0.007927919320481536, 0.00012203567586333008, 0.0024118404588726605, 0.008433599434393813, 0.009635406756804521, 0.010771638958419594, 0.011221793471791308, 0.013444132208095816, 0.013566466198091653, 0.015218690802989876, 0.015483413262582957]
loss,
[0.13986650109291077, 0.1397431194782257, 0.13428020477294922, 0.13884954154491425, 0.12352482974529266, 0.12280707061290741, 0.12373887002468109, 0.1293417066335678, 0.10468423366546631, 0.09419183433055878, 0.08790750801563263, 0.08788073062896729, 0.08325252681970596, 0.08847419917583466, 0.08001687377691269, 0.07725334912538528, 0.08339806646108627, 0.08098112046718597, 0.07402142882347107, 0.08243992179632187, 0.0733160674571991, 0.07052245736122131, 0.06799111515283585, 0.060368940234184265, 0.05604204162955284, 0.049997299909591675, 0.05254850909113884, 0.05092301964759827, 0.049369700253009796, 0.04460112378001213, 0.037737831473350525, 0.03054359182715416, 0.02443624660372734, 0.009649181738495827, 0.0018505072221159935, 0.001342900563031435]

2022-04-27 11:46:29.597915