2022-04-28 14:59:05.447598

reference phi, theta, psi, translation: -86.91639066027085, -0.0, 34.793557367935236, -2.296917200088501, -0.12373751401901245, 3.3104169368743896

phi,theta,psi,rot_x,rot_y,rot_z,phi_err,theta_err,psi_err
-76.53055527251121,6.8177051513072,38.18892636661862,-2.336111545562744,-0.9462913274765015,3.345968008041382,10.385835387759641,6.8177051513072,3.395368998683381
-76.0946047883568,7.008376707123181,38.55692329872056,-2.3524389266967773,-0.9784654378890991,3.3305861949920654,10.821785871914045,7.008376707123181,3.7633659307853264
-73.32989447649737,7.433039272126662,40.54917336639739,-2.4248452186584473,-1.141128420829773,3.2492213249206543,13.586496183773477,7.433039272126662,5.755615998462154
-73.26961122688284,8.949484672934632,40.991127586832235,-2.4151737689971924,-1.2356070280075073,3.2280406951904297,13.646779433388005,8.949484672934632,6.197570218896999
-72.73539481113947,10.06257647515608,41.96252050568603,-2.446655035018921,-1.3312386274337769,3.175865650177002,14.180995849131378,10.06257647515608,7.168963137750794
-72.30977840319929,11.547959832030116,42.68095395353382,-2.463156223297119,-1.4394042491912842,3.129741907119751,14.60661225707156,11.547959832030116,7.887396585598587
-71.43612207627379,12.75156828856224,42.679328368511364,-2.4230387210845947,-1.5379685163497925,3.12650728225708,15.48026858399706,12.75156828856224,7.885771000576128
-70.18956474142227,14.656551407856679,42.83594802127434,-2.3708534240722656,-1.6947450637817383,3.1045665740966797,16.726825918848576,14.656551407856679,8.042390653339105
-68.84562939957388,15.646892171585264,43.49231212503964,-2.367814540863037,-1.8031445741653442,3.0660669803619385,18.07076126069697,15.646892171585264,8.698754757104403
-69.5816642449128,15.738248096618841,42.85586485289409,-2.3450522422790527,-1.78248929977417,3.090214252471924,17.33472641535805,15.738248096618841,8.062307484958858
-70.15402043698153,16.566209541322944,41.971157279891514,-2.291506767272949,-1.8071272373199463,3.1180880069732666,16.762370223289324,16.566209541322944,7.177599911956278
-68.31047041772504,20.143861752484085,43.48086131289611,-2.2771737575531006,-2.0813190937042236,2.987457275390625,18.605920242545807,20.143861752484085,8.687303944960874
-68.11772930953646,21.379501251581193,43.90549075850122,-2.273560047149658,-2.1521615982055664,2.9630093574523926,18.798661350734392,21.379501251581193,9.111933390565987
-67.82020626929071,20.732487815161207,43.85933917027945,-2.277845621109009,-2.141436815261841,2.979487657546997,19.09618439098014,20.732487815161207,9.065781802344212
-66.94331243269862,21.92891185659646,44.81103382356692,-2.2973244190216064,-2.2486393451690674,2.911970615386963,19.97307822757223,21.92891185659646,10.017476455631687
-66.6547779214006,22.600017469724296,45.18497643534137,-2.3086133003234863,-2.291428804397583,2.891456127166748,20.261612738870255,22.600017469724296,10.391419067406133
-68.14640927386134,22.595323690351936,44.44843615600387,-2.3325600624084473,-2.2346651554107666,2.929088830947876,18.769981386409512,22.595323690351936,9.654878788068636
-69.01755892136144,20.663390975475213,44.49263772521761,-2.4006433486938477,-2.1030025482177734,2.966975450515747,17.898831738909408,20.663390975475213,9.699080357282376
-69.48182053962556,20.63506637887977,44.89786260339071,-2.4490020275115967,-2.0853383541107178,2.944462537765503,17.43457012064529,20.63506637887977,10.104305235455477
-68.76355784650701,20.757207626881723,46.61919321763899,-2.545781373977661,-2.122584342956543,2.860121011734009,18.152832813763837,20.757207626881723,11.825635849703751
-69.50275506943164,20.1960491102371,47.514518319706355,-2.646752119064331,-2.067216396331787,2.81900691986084,17.413635590839206,20.1960491102371,12.720960951771119
-71.03868019865992,19.17495765740008,47.166414313562065,-2.678403377532959,-1.938340187072754,2.8562421798706055,15.877710461610931,19.17495765740008,12.372856945626829
-71.76737942083024,18.26075016091083,47.36729359214673,-2.736325263977051,-1.8650267124176025,2.8443636894226074,15.149011239440611,18.26075016091083,12.573736224211494
-72.40727252341206,18.97434811773886,48.472353313057674,-2.8145804405212402,-1.847973346710205,2.78281569480896,14.509118136858788,18.97434811773886,13.678795945122438
-73.94486421879782,18.5330643991545,46.80112555146603,-2.7707154750823975,-1.751132607460022,2.862551689147949,12.971526441473031,18.5330643991545,12.007568183530793
-74.25926465648267,17.763124151784428,46.43425218548255,-2.7674126625061035,-1.6977148056030273,2.890178918838501,12.657126003788179,17.763124151784428,11.640694817547313
-74.04778833940074,17.602274003690912,47.007383604022074,-2.8020031452178955,-1.6945592164993286,2.8646647930145264,12.86860232087011,17.602274003690912,12.213826236086838
-74.43546987669066,17.474417703939874,47.179009182391574,-2.8206324577331543,-1.675275444984436,2.8545451164245605,12.480920783580189,17.474417703939874,12.385451814456339
-74.40545802547763,17.349489843771337,47.29283086981525,-2.8246166706085205,-1.671566128730774,2.8467788696289062,12.510932634793221,17.349489843771337,12.499273501880012
-74.63713804212446,16.62663135905791,47.14735125558856,-2.829772472381592,-1.6162223815917969,2.8646137714385986,12.279252618146387,16.62663135905791,12.353793887653325
-74.9404052714622,15.930157000703096,46.53411296624272,-2.806117534637451,-1.56979238986969,2.8967020511627197,11.975985388808652,15.930157000703096,11.740555598307488
-75.21331230993923,15.749811047909693,46.71695030013479,-2.817981004714966,-1.5501914024353027,2.8894896507263184,11.703078350331623,15.749811047909693,11.923392932199555
-75.40472836142882,15.265700793132252,46.65566301271227,-2.8223390579223633,-1.5119796991348267,2.899615526199341,11.511662298842026,15.265700793132252,11.862105644777031
-75.31167386417657,15.980028414257934,47.36901821491216,-2.8657422065734863,-1.5467313528060913,2.8520777225494385,11.60471679609428,15.980028414257934,12.575460846976924
-75.4901945185132,15.781770536602846,46.99993186763759,-2.841656446456909,-1.5310235023498535,2.87275767326355,11.426196141757643,15.781770536602846,12.206374499702356
-75.58352905352142,15.42661120196519,46.695298600465854,-2.8279311656951904,-1.5078505277633667,2.889904260635376,11.332861606749432,15.42661120196519,11.901741232530618

Errors:
rotation,[20.598909537750224, 21.59352850982255, 26.775151454362295, 28.793834325219635, 31.41253546203825, 34.041968674700264, 36.11760787313543, 39.425767980044355, 42.41640818938664, 41.135281996935745, 40.50617967656855, 47.437085939990766, 49.29009599288157, 48.89445400848556, 51.919466539800375, 53.25304927600068, 51.02018386483008, 48.261303071666994, 48.17394173498054, 50.73567629034931, 50.33064565284742, 47.42552506463784, 45.983497624562936, 47.16226219972008, 43.51215902415832, 42.060944973119916, 42.684702560647864, 42.3407903019764, 42.35969598044457, 41.25967786485762, 39.64669798781924, 39.37628233044087, 38.63946873675131, 40.160206057329134, 39.41434117806284, 38.661214041245245]
translation,[0.1579505536533441, 0.16221919525796036, 0.1806982516996145, 0.18550911179270013, 0.19313909607973567, 0.2037628235445128, 0.21286826303932482, 0.22697405043142993, 0.2418844533989546, 0.23805867888474008, 0.23960701672078955, 0.2633222641031594, 0.27935826771896366, 0.2876301054807602, 0.30634174494982247, 0.320980957595534, 0.3293901657752478, 0.3264681294450602, 0.3296172471701482, 0.34684547658588816, 0.3535581774330572, 0.33798165779121536, 0.3342125217275207, 0.3370437247994218, 0.3205985922703123, 0.315587438736074, 0.3196247452275811, 0.3175425569872914, 0.31360848352318005, 0.3077418553787874, 0.29662188741715667, 0.2924415120243511, 0.2885297562943556, 0.2977513186163945, 0.28995676363787126, 0.2842337575226175]
loss,
[0.12847916781902313, 0.11779402941465378, 0.1192842572927475, 0.11968427896499634, 0.11172744631767273, 0.11367150396108627, 0.107652448117733, 0.11675771325826645, 0.11060842126607895, 0.11237230151891708, 0.11115694046020508, 0.10500574111938477, 0.10674214363098145, 0.10694878548383713, 0.10347839444875717, 0.09976255893707275, 0.1044546589255333, 0.10130828619003296, 0.10507799685001373, 0.10379347205162048, 0.0959397554397583, 0.09643980860710144, 0.09486286342144012, 0.10142611712217331, 0.09619821608066559, 0.08820714801549911, 0.09536834806203842, 0.08691859245300293, 0.09007368981838226, 0.0933053195476532, 0.09302028268575668, 0.09053142368793488, 0.09319862723350525, 0.0926254615187645, 0.08876579999923706, 0.0854819118976593]

2022-04-28 15:03:29.970346