2022-04-28 15:03:33.530769

reference phi, theta, psi, translation: -33.091320547511735, -0.0, 74.32085247222868, -2.1190009117126465, -3.251617431640625, 1.089412808418274

phi,theta,psi,rot_x,rot_y,rot_z,phi_err,theta_err,psi_err
-22.822884158753556,1.294954214858955,81.82337814338081,-1.5357718467712402,-3.6827800273895264,0.7731812596321106,10.268436388758179,1.294954214858955,7.502525671152128
-23.11101910398513,1.9107160811901414,81.7749316115979,-1.539270281791687,-3.673685312271118,0.7868804335594177,9.980301443526606,1.9107160811901414,7.454079139369227
-23.42061450358888,2.707859856947626,81.455668079224,-1.5344994068145752,-3.673997402191162,0.8170041441917419,9.670706043922856,2.707859856947626,7.134815606995318
-24.32308398352808,4.139947035314012,81.70598768211579,-1.5712231397628784,-3.6688320636749268,0.8057239055633545,8.768236563983656,4.139947035314012,7.38513520988711
-24.74766732535629,3.957279266082037,81.20484987252279,-1.6013191938400269,-3.6625816822052,0.8324291110038757,8.343653222155446,3.957279266082037,6.883997400294106
-26.10026676216684,4.936278687230117,80.47991408458515,-1.6649216413497925,-3.626133918762207,0.8851589560508728,6.991053785344896,4.936278687230117,6.159061612356467
-26.53451652921791,4.432379765634351,79.5401210359264,-1.6701627969741821,-3.615360975265503,0.9430664777755737,6.556804018293825,4.432379765634351,5.2192685636977245
-27.587605340734232,4.988629110230561,79.04325892475383,-1.717044472694397,-3.590411424636841,0.9759028553962708,5.503715206777503,4.988629110230561,4.722406452525149
-28.449774997023063,5.000841298379494,78.4535267314366,-1.7697398662567139,-3.567955255508423,1.0104478597640991,4.641545550488672,5.000841298379494,4.132674259207917
-30.36607848377123,5.6016192734620525,77.48055945397911,-1.8658541440963745,-3.518489122390747,1.0698137283325195,2.725242063740506,5.6016192734620525,3.159706981750432
-31.33764898754345,5.749415438437998,77.6789491286113,-1.9358291625976562,-3.4793763160705566,1.0495365858078003,1.7536715599682857,5.749415438437998,3.358096656382614
-31.757254829014013,6.371110655682525,78.41170548314861,-1.9684237241744995,-3.491360664367676,0.9888326525688171,1.3340657184977225,6.371110655682525,4.090853010919929
-35.06533059501004,7.7588543778540595,77.62004557720911,-2.139265298843384,-3.397062301635742,1.0172070264816284,1.9740100474983038,7.7588543778540595,3.299193104980432
-36.04908957135615,9.163180690250316,75.79791503118979,-2.1728882789611816,-3.348050117492676,1.1100754737854004,2.9577690238444134,9.163180690250316,1.4770625589611086
-37.05612241729907,11.621161208021027,73.77555065946237,-2.171018123626709,-3.2996301651000977,1.201230764389038,3.964801869787337,11.621161208021027,0.5453018127663114
-34.540901840347296,9.563402218996542,74.27942737491254,-2.080278158187866,-3.3282864093780518,1.188554048538208,1.4495812928355605,9.563402218996542,0.04142509731613586
-35.291423516915806,9.969042936030492,72.45683920621883,-2.0699985027313232,-3.280074119567871,1.292643427848816,2.200102969404071,9.969042936030492,1.8640132660098487
-34.20019151397955,9.704444119237483,73.14481684055754,-2.013028860092163,-3.3176112174987793,1.254845142364502,1.108870966467812,9.704444119237483,1.176035631671141
-33.774739030579454,9.921912753015908,73.25111507461045,-1.981168508529663,-3.326831579208374,1.2465401887893677,0.6834184830677188,9.921912753015908,1.0697373976182263
-33.96469683668126,10.0434769026922,73.599611816632,-1.9893338680267334,-3.327636241912842,1.2185087203979492,0.8733762891695278,10.0434769026922,0.7212406555966737
-33.24305661501815,9.78876761127316,73.46794626000167,-1.9506834745407104,-3.3330559730529785,1.2289743423461914,0.15173606750641255,9.78876761127316,0.8529062122270119
-33.21145674482309,9.999524317365635,74.14240011978376,-1.9542291164398193,-3.3457961082458496,1.1823091506958008,0.1201361973113535,9.999524317365635,0.1784523524449213
-33.4199311937648,10.628579914218543,74.35358273873138,-1.9570372104644775,-3.349346160888672,1.1614255905151367,0.32861064625306824,10.628579914218543,0.03273026650269628
-32.75412093837737,10.946746155158992,74.83238582973844,-1.9298843145370483,-3.382232666015625,1.125055193901062,0.3371996091343661,10.946746155158992,0.5115333575097623
-32.5449976214645,11.152552008137494,75.09226086727908,-1.9245339632034302,-3.3907182216644287,1.1102700233459473,0.5463229260472318,11.152552008137494,0.7714083950504005
-32.407823517268554,11.185875677476751,75.36346718865278,-1.9224933385849,-3.4011306762695312,1.0899715423583984,0.6834970302431813,11.185875677476751,1.0426147164240973
-32.167636500010474,10.949474885054414,75.07733690394261,-1.9030163288116455,-3.4043796062469482,1.1139028072357178,0.9236840475012613,10.949474885054414,0.756484431713929
-32.782643808351345,11.133745754225018,74.8258356783244,-1.9256768226623535,-3.3858673572540283,1.1306229829788208,0.30867673916038996,11.133745754225018,0.5049832060957158
-32.713365199599906,10.761688756768065,74.43533327290726,-1.9162466526031494,-3.3836638927459717,1.154577374458313,0.37795534791182916,10.761688756768065,0.11448080067857802
-32.99046938932191,10.4627039427948,74.2889145076697,-1.9336291551589966,-3.3665597438812256,1.1692508459091187,0.10085115818982615,10.4627039427948,0.03193796455897768
-32.99639116333231,10.564098108279882,74.11675275945035,-1.928963541984558,-3.3659372329711914,1.1775588989257812,0.09492938417942298,10.564098108279882,0.20409971277832994
-32.577256604914474,10.433684987575232,74.56464241427395,-1.9163153171539307,-3.3848214149475098,1.148997187614441,0.5140639425972608,10.433684987575232,0.24378994204526805
-32.677814064969986,10.858813826890344,74.30821662226415,-1.9097635746002197,-3.380368232727051,1.1635301113128662,0.4135064825417487,10.858813826890344,0.012635849964524937
-32.331345889131924,10.668418902467959,74.3206202457969,-1.8931505680084229,-3.389395236968994,1.164642095565796,0.7599746583798108,10.668418902467959,0.00023222643177689406
-32.55281477296958,10.728250090958454,74.16408597039855,-1.9034268856048584,-3.3779380321502686,1.1748793125152588,0.538505774542152,10.728250090958454,0.15676650183013408
-32.74846895683919,10.618045645116172,74.34167771900805,-1.9176908731460571,-3.3751494884490967,1.1609814167022705,0.3428515906725451,10.618045645116172,0.020825246779367035

Errors:
rotation,[19.06591627476926, 19.345096664085975, 19.5133815078658, 20.29331880918478, 19.184929888531588, 18.08639408493148, 16.2084523476259, 15.214750769533214, 13.775061108076084, 11.48656831895299, 10.861183654788897, 11.796029385100177, 13.032057530332796, 13.598012273055838, 16.131264890574677, 11.054408609148238, 14.033159171444412, 11.989350717376436, 11.675068633701853, 11.638093847458402, 10.793409891006585, 10.29811286712191, 10.989920826974307, 11.79547912180312, 12.470283329235127, 12.91198742414403, 12.629643364269604, 11.947405699481124, 11.254124905358472, 10.595493065543604, 10.863127205237635, 11.19153887221776, 11.284956159396618, 11.428625787279547, 11.42352236733074, 10.981722482568085]
translation,[0.03326186669987141, 0.028981534499695094, 0.03340554580466115, 0.0405121727822948, 0.0519661404110332, 0.05596258295821599, 0.061505004244598815, 0.06663652084438265, 0.07779893049503173, 0.09266521962149987, 0.08651852032453444, 0.09707656929555597, 0.11027153552162083, 0.11171429663104959, 0.09728888459652651, 0.06981093199461785, 0.057233389037421034, 0.04728560310420704, 0.03663444192181231, 0.032782374556918015, 0.021623895649853786, 0.01994714431422029, 0.01819485870045856, 0.022227686202191954, 0.022696418130858653, 0.024941566297806972, 0.02498380375588294, 0.024809519944532177, 0.02525257080482568, 0.023472548999223797, 0.023137730832473835, 0.02466622469587243, 0.022004180803564033, 0.022068542434993788, 0.020270834450115238, 0.020666918597777695]
loss,
[0.17526966333389282, 0.16960746049880981, 0.15881097316741943, 0.17217889428138733, 0.1517038196325302, 0.16797837615013123, 0.15673279762268066, 0.16648592054843903, 0.1581733524799347, 0.14960192143917084, 0.1650722771883011, 0.15711703896522522, 0.15206578373908997, 0.13817088305950165, 0.12276136875152588, 0.1294306367635727, 0.12452109903097153, 0.10984468460083008, 0.10622565448284149, 0.11272235959768295, 0.11889028549194336, 0.11371289193630219, 0.10267937183380127, 0.12063680589199066, 0.10593509674072266, 0.11230578273534775, 0.11547162383794785, 0.11543340981006622, 0.09528106451034546, 0.11503567546606064, 0.11687996238470078, 0.11342920362949371, 0.11748753488063812, 0.11090310662984848, 0.11821766942739487, 0.11758789420127869]

2022-04-28 15:07:56.917524