2022-04-19 17:30:11.631764

reference phi, theta, psi, translation: -33.091320547511735, -0.0, 74.32085247222868, -2.1190009117126465, -3.251617431640625, 1.089412808418274

phi,theta,psi,rot_x,rot_y,rot_z,phi_err,theta_err,psi_err
-22.822884158753556,1.294954214858955,81.82337814338081,-1.5357718467712402,-3.6827800273895264,0.7731812596321106,10.268436388758179,1.294954214858955,7.502525671152128
-23.91531656743644,2.9312694448107877,82.36017637063044,-1.5743058919906616,-3.6745717525482178,0.756272554397583,9.176003980075293,2.9312694448107877,8.039323898401761
-25.399226391040486,4.391791376910962,82.13530605258612,-1.6169021129608154,-3.6593968868255615,0.766956627368927,7.692094156471249,4.391791376910962,7.814453580357437
-25.8445359419051,6.2390724620074876,81.81699874669602,-1.6089510917663574,-3.6535699367523193,0.7675668597221375,7.246784605606635,6.2390724620074876,7.4961462744673355
-26.296644946088463,8.823757947608842,81.58828986233813,-1.6079909801483154,-3.648756504058838,0.7490341663360596,6.794675601423272,8.823757947608842,7.26743739010945
-27.11310697645157,12.32016127214394,80.78075659676753,-1.621217966079712,-3.616163969039917,0.7419183254241943,5.9782135710601665,12.32016127214394,6.459904124538852
-28.57063690193373,11.966705241874713,78.63632308419365,-1.719382643699646,-3.5286760330200195,0.8483473658561707,4.5206836455780035,11.966705241874713,4.315470611964969
-31.024768266948918,11.602594178666441,78.3372700815738,-1.8875550031661987,-3.4330804347991943,0.8818615078926086,2.066552280562817,11.602594178666441,4.016417609345126
-33.01319342869054,11.586630389013981,77.09193535058373,-1.9839060306549072,-3.3563568592071533,0.9556311368942261,0.07812711882119316,11.586630389013981,2.7710828783550454
-34.5089433852208,10.760653612633739,75.59710063940224,-2.0507795810699463,-3.277822971343994,1.058839201927185,1.417622837709068,10.760653612633739,1.2762481671735628
-35.23982143773636,9.853286411242248,74.50577984400677,-2.0770046710968018,-3.2310595512390137,1.131995677947998,2.148500890224625,9.853286411242248,0.1849273717780875
-35.94870628112447,9.466080036003444,74.0936462294882,-2.1190271377563477,-3.1919262409210205,1.1711112260818481,2.8573857336127375,9.466080036003444,0.22720624274047907
-36.38212959528597,8.82304420942976,73.56097343649725,-2.146765947341919,-3.1617090702056885,1.2041783332824707,3.290809047774232,8.82304420942976,0.75987903573143
-37.39718108331449,8.46654888724507,73.13556193423217,-2.192817449569702,-3.104426145553589,1.2347851991653442,4.305860535802758,8.46654888724507,1.185290537996508
-37.58121028521673,7.80055932159176,72.70049937466987,-2.1997313499450684,-3.0804107189178467,1.262993574142456,4.489889737704992,7.80055932159176,1.6203530975588052
-38.731468782960235,7.870382081846324,71.58709657768776,-2.226794719696045,-3.019879102706909,1.3260488510131836,5.6401482354485,7.870382081846324,2.73375589454092
-40.11102014623566,7.298084768987246,71.27244342300361,-2.2912118434906006,-2.9526498317718506,1.3420770168304443,7.019699598723925,7.298084768987246,3.0484090492250715
-40.42895862191058,6.328741194874558,72.0732148012959,-2.3529279232025146,-2.92862606048584,1.2979505062103271,7.337638074398846,6.328741194874558,2.2476376709327752
-42.10995013892076,6.64513549617436,71.53488661167218,-2.413891077041626,-2.8552424907684326,1.325261116027832,9.018629591409024,6.64513549617436,2.7859658605565016
-42.345909269082604,5.8373917352878415,71.13433016779678,-2.4288861751556396,-2.8077118396759033,1.348695158958435,9.254588721570869,5.8373917352878415,3.1865223044319038
-42.45322520132184,5.561540070606411,70.74423074354067,-2.414766550064087,-2.7840027809143066,1.3664257526397705,9.361904653810107,5.561540070606411,3.5766217286880106
-42.54940451011938,5.317837543310846,71.39484041293024,-2.4343788623809814,-2.7847249507904053,1.3250794410705566,9.458083962607645,5.317837543310846,2.9260120592984435
-43.58298288627156,5.636218840940502,71.60276503164376,-2.478426218032837,-2.744555950164795,1.3079732656478882,10.491662338759824,5.636218840940502,2.718087440584924
-44.65222168008037,4.953990080498768,70.91819566170089,-2.5201854705810547,-2.6668379306793213,1.3419228792190552,11.560901132568638,4.953990080498768,3.4026568105277875
-45.33172646475368,4.462217632823826,71.12987688445793,-2.5514683723449707,-2.62270450592041,1.3318828344345093,12.240405917241944,4.462217632823826,3.190975587770751
-45.374835203700215,3.457474570390702,71.36314833518138,-2.5706429481506348,-2.6011598110198975,1.3032923936843872,12.28351465618848,3.457474570390702,2.957704137047301
-47.05409868285038,3.4072458168987376,70.92118045436818,-2.632570266723633,-2.507126808166504,1.335160255432129,13.962778135338645,3.4072458168987376,3.399672017860496
-47.50070767720459,3.164416133673303,71.24959644022991,-2.6535568237304688,-2.4835004806518555,1.309033751487732,14.409387129692853,3.164416133673303,3.0712560319987716
-47.89938581905823,3.154178470873697,70.69753957037446,-2.656283140182495,-2.447718381881714,1.338606834411621,14.808065271546496,3.154178470873697,3.62331290185422
-47.43790408778632,3.0069409912490244,70.02682182406838,-2.6150918006896973,-2.450864553451538,1.3738925457000732,14.346583540274587,3.0069409912490244,4.294030648160302
-48.29611735699842,2.6154574164689355,69.58908183035143,-2.64473295211792,-2.3890628814697266,1.401551365852356,15.204796809486687,2.6154574164689355,4.731770641877247
-48.50711897593304,2.333352053309565,69.85472837774074,-2.659048318862915,-2.3740074634552,1.3809198141098022,15.415798428421304,2.333352053309565,4.466124094487938
-48.64114094782703,2.5955573342019735,70.17959266523405,-2.6654458045959473,-2.3750009536743164,1.3606386184692383,15.549820400315298,2.5955573342019735,4.141259806994626
-48.39289772244292,2.3522563233930804,70.47548329026817,-2.656543016433716,-2.3892502784729004,1.3398767709732056,15.301577174931182,2.3522563233930804,3.845369181960507
-49.07108428060641,2.2748513940105903,70.427508041538,-2.6809213161468506,-2.3480167388916016,1.3428442478179932,15.979763733094671,2.2748513940105903,3.893344430690675
-48.63667058901526,2.275766435088016,70.89194724472054,-2.66923451423645,-2.3707339763641357,1.3131701946258545,15.545350041503525,2.275766435088016,3.428905227508139

Errors:
rotation,[19.06591627476926, 20.146597323287843, 19.89833911373965, 20.98200334208146, 22.88587093914156, 24.75827896774296, 20.802859499417686, 17.685564068574386, 14.43584038619022, 13.45452461751637, 12.18671467324496, 12.55067201235666, 12.873732292935422, 13.957699961044336, 13.910802156855556, 16.244286211835743, 17.36619341693624, 15.91401694020618, 18.449730948139887, 18.278502761290614, 18.50006645310453, 17.701933565216933, 18.845968620285248, 19.917548023595195, 19.89359913783652, 18.698693363626482, 20.769695970097878, 20.645059295364927, 21.585556644274412, 21.647555179683913, 22.55202486783287, 22.215274576218807, 22.286637541511897, 21.49920268028477, 22.147959557795936, 21.25002170409968]
translation,[0.03326186669987141, 0.03739219869990329, 0.04241742148301242, 0.03414537501634651, 0.02597725472765955, 0.0006736127308171191, 0.015220082124568712, 0.015337067773762314, 0.016873734488846104, 0.02226872066136565, 0.026742854226410984, 0.02486258299464339, 0.024253197361377765, 0.03480512540627689, 0.04077802047794821, 0.05159510313468685, 0.06011358547520862, 0.056484878452093934, 0.06431708095457811, 0.08122869480355766, 0.10062161853103513, 0.10216870684580792, 0.10863261269756119, 0.12419716907563538, 0.13722586454362729, 0.1487574881415643, 0.15830523528348062, 0.16813692387630885, 0.17898237525279903, 0.19276699567334754, 0.2014318795258645, 0.20838274953216374, 0.21058345241665988, 0.21524018916180632, 0.22274977158858666, 0.22723515253442939]
loss,
[0.22382669150829315, 0.21660292148590088, 0.19977109134197235, 0.20102815330028534, 0.18392837047576904, 0.16534315049648285, 0.14737394452095032, 0.1414734572172165, 0.13572517037391663, 0.1342504471540451, 0.1353379637002945, 0.13164228200912476, 0.13352423906326294, 0.13155271112918854, 0.1350850909948349, 0.13168716430664062, 0.13392794132232666, 0.13135263323783875, 0.12594082951545715, 0.12684819102287292, 0.12407571077346802, 0.12207170575857162, 0.12213167548179626, 0.12346582859754562, 0.11718302965164185, 0.11811105906963348, 0.12006080150604248, 0.12010445445775986, 0.119534432888031, 0.12092380225658417, 0.11722754687070847, 0.11870251595973969, 0.11666956543922424, 0.12061379849910736, 0.11494064331054688, 0.12620005011558533]

2022-04-19 17:39:24.363059