2022-04-19 17:58:01.481401

reference phi, theta, psi, translation: 132.9853677440357, -8.537735924097414e-07, 76.34363348549546, 2.865516185760498, 2.6707684993743896, 0.9517420530319214

phi,theta,psi,rot_x,rot_y,rot_z,phi_err,theta_err,psi_err
143.3552887910292,-3.0579185397180266,69.36864430507845,2.3124754428863525,2.981729030609131,1.6183615922927856,10.369921046993511,3.0579176859444344,6.974989180417012
143.42901385293035,-3.4528891834552997,69.17282961176335,2.3117804527282715,2.9745419025421143,1.6348296403884888,10.443646108894654,3.4528883296817074,7.170803873732112
143.17814100471577,-5.996773143710793,67.44958654454747,2.372039318084717,2.867391347885132,1.7428996562957764,10.19277326068007,5.9967722899372005,8.894046940947987
143.5300186903765,-17.78555586172598,62.92469550244074,2.6492390632629395,2.5322933197021484,1.8662954568862915,10.544650946340795,17.78555500795239,13.418937983054718
136.84286734196215,-29.94634187646671,60.0585637115958,3.233711004257202,1.9031744003295898,1.755558967590332,3.8574995979264486,29.94634102269312,16.285069773899657
135.77683873706323,-27.77307438664772,57.751120904290396,3.2085800170898438,1.7996546030044556,1.9218312501907349,2.7914709930275308,27.77307353287413,18.592512581205064
134.55857887594308,-22.714427087108003,58.72830240846578,3.139044761657715,1.9184679985046387,1.9410533905029297,1.5732111319073852,22.71442623333441,17.61533107702968
133.82261233249588,-16.175933732881425,61.91026897672128,3.051218032836914,2.1617836952209473,1.8236603736877441,0.8372445884601802,16.175932879107833,14.433364508774183
133.95983083292143,-10.356772521513351,64.74236593493204,2.9626619815826416,2.382556915283203,1.6998215913772583,0.9744630888857273,10.356771667739759,11.60126755056342
133.8898213939288,-6.99086967087721,68.00399982966657,2.9323465824127197,2.5372486114501953,1.51565420627594,0.9044536498930995,6.9908688171036175,8.33963365582889
133.52590891495052,-4.444029451774769,71.37433618504186,2.9518864154815674,2.6427905559539795,1.3089178800582886,0.5405411709148211,4.444028598001177,4.969297300453604
133.73804093019277,-2.185754430216749,73.28133183149859,2.9249637126922607,2.7212367057800293,1.1888718605041504,0.7526731861570681,2.185753576443157,3.062301653996869
134.06590367073173,-1.083253330256166,74.24531058000834,2.895099401473999,2.7571680545806885,1.1219877004623413,1.0805359266960295,1.0832524764825735,2.098322905487123
134.04158819728647,-0.7871751302201251,74.7399870306465,2.8805935382843018,2.7565183639526367,1.0831856727600098,1.0562204532507735,0.7871742764465327,1.6036464548489562
133.77362621576853,-0.8589316447423215,74.93403953515575,2.880425214767456,2.7330353260040283,1.0645129680633545,0.7882584717328314,0.8589307909687292,1.409593950339712
133.27536391581611,-0.4510835135007682,75.40492643691476,2.8938868045806885,2.7079105377197266,1.027714729309082,0.28999617178041603,0.45108265972717576,0.9387070485806959
133.11111152665563,-0.34836713014326826,75.60176565860536,2.8879024982452393,2.6925909519195557,1.0114847421646118,0.12574378261993502,0.3483662763696758,0.7418678268901004
133.22906889362176,-0.16531632133870172,75.96163466559499,2.8757190704345703,2.6941978931427,0.9848496317863464,0.24370114958605882,0.16531546756510931,0.381998819900474
133.01391793476637,-0.254629361863877,76.06729769205509,2.8755879402160645,2.6733322143554688,0.9729525446891785,0.028550190730669556,0.2546285080902846,0.2763357934403672
132.95032887359355,-0.08641608035915524,76.20388098488783,2.869006633758545,2.666741371154785,0.9628117680549622,0.03503887044215048,0.08641522658556283,0.1397525006076279
132.7891637299379,-0.051449891288245446,76.33025314491141,2.873023271560669,2.6575393676757812,0.9521271586418152,0.19620401409778765,0.05144903751465304,0.013380340584049577
132.80436773103037,-0.03521230173374917,76.32594329554513,2.8698480129241943,2.6553359031677246,0.951049268245697,0.18100001300533108,0.03521144796015676,0.017690189950329227
132.73012357475233,-0.040003773623019524,76.39880775361082,2.8720781803131104,2.651388168334961,0.9459604620933533,0.25524416928337246,0.04000291984942712,0.05517426811536552
132.75187089706964,-0.03599922263592041,76.39897850834008,2.871016263961792,2.6520309448242188,0.9455665349960327,0.23349684696606232,0.035998368862328003,0.05534502284461951
132.74286870774358,-0.014033227163176183,76.3694994118823,2.8701469898223877,2.650949001312256,0.9474639296531677,0.24249903629211644,0.014032373389583774,0.025865926386842375
132.7863906731349,-0.0301316211554944,76.37475182735405,2.8683085441589355,2.653531312942505,0.9471756815910339,0.19897707090080985,0.03013076738190199,0.031118341858586973
132.72241912136855,-0.023199761179684388,76.39877360266497,2.8721935749053955,2.650514602661133,0.9463208913803101,0.26294862266715313,0.023198907406091977,0.055140117169514724
132.76986161534347,-0.0663061181674662,76.34840095753613,2.8690688610076904,2.6521501541137695,0.9492383003234863,0.21550612869222618,0.0663052643938738,0.004767472040668963
132.73180380128815,-0.02158938994651642,76.42272024589504,2.8711190223693848,2.6508994102478027,0.9443369507789612,0.25356394274754734,0.02158853617292401,0.0790867603995764
132.8085478068024,-0.03138391920722761,76.3371311454056,2.866985321044922,2.6539669036865234,0.9499801993370056,0.17681993723329015,0.031383065433635206,0.00650234008985251
132.73989074526546,-0.03924626967547146,76.40078850847013,2.871417999267578,2.651395559310913,0.9459681510925293,0.24547699877024343,0.03924541590187905,0.05715502297466912
132.77457444587077,-0.01798676027765429,76.36249846798304,2.8694167137145996,2.6527793407440186,0.9483397603034973,0.21079329816492987,0.01798590650406188,0.01886498248758528
132.796116862513,-0.048560529521991816,76.39228492295346,2.868316650390625,2.654167890548706,0.9465429782867432,0.1892508815226961,0.04855967574839941,0.048651437458005375
132.73821051872963,-0.03159616612618351,76.37763416718379,2.870920181274414,2.6508753299713135,0.9476636648178101,0.24715722530606854,0.0315953123525911,0.03400068168832604
132.7624030487698,-0.04080838949860134,76.37682820486172,2.8702268600463867,2.652797222137451,0.9473216533660889,0.2229646952658868,0.040807535725008934,0.03319471936626428
132.76182931287954,-0.04716103223238629,76.39481892313553,2.8704745769500732,2.652710199356079,0.9464955925941467,0.22353843115615746,0.04716017845879388,0.051185437640071996

Errors:
rotation,[20.402827913354958, 21.067338312308472, 25.08359249156526, 41.7491439373479, 50.088910394519225, 49.15705710710672, 41.90296844227147, 31.446541976342196, 22.932502307188905, 16.234956122825608, 9.953867069369602, 6.000728416597093, 4.262111308665726, 3.4470411845462623, 3.0567832130412724, 1.6797858800882877, 1.2159778858797112, 0.7910154370516421, 0.5595144922613213, 0.2612065976353412, 0.26103339219649024, 0.23390165091581708, 0.3504213572481651, 0.3248402386730098, 0.2823973360685426, 0.26022618014129884, 0.34128764724275984, 0.28657886512676894, 0.35423923932004775, 0.21470534275677786, 0.34187743764679157, 0.24764418715657702, 0.2864619947291009, 0.3127532193469857, 0.29696695035716003, 0.32188404725502334]
translation,[0.07464079787699607, 0.07556030510533507, 0.07815361194155379, 0.08153880918713075, 0.11144841701241681, 0.11943463424204115, 0.12841550087975495, 0.12927700189186542, 0.13340430255449576, 0.13222246034862195, 0.14154904468195006, 0.13707912156419688, 0.12127191241422874, 0.1003966907735494, 0.07977358640724574, 0.06320349562352501, 0.044791626811311325, 0.03069226059140373, 0.01391098470401353, 0.0024445765359333294, 0.0033101080490061108, 0.007283603324791166, 0.00949572752735417, 0.009922802642366335, 0.010810239265805599, 0.01048666396873088, 0.009904371924816857, 0.010369045809889954, 0.01088459329662328, 0.010481262966599125, 0.009960491885588674, 0.009917802124292052, 0.010209714917633228, 0.010259714238266326, 0.00956781878769597, 0.009642919599214927]
loss,
[0.20938387513160706, 0.2067556083202362, 0.2098371982574463, 0.1487555205821991, 0.12250760197639465, 0.11252274364233017, 0.09972672164440155, 0.07782844454050064, 0.06290943920612335, 0.04658159241080284, 0.034823860973119736, 0.019579438492655754, 0.019718537107110023, 0.0163559690117836, 0.014377141371369362, 0.010710032656788826, 0.008611894212663174, 0.005299683194607496, 0.0031864396296441555, 0.0022679236717522144, 0.0018454663222655654, 0.001764306565746665, 0.0016958238556981087, 0.001691240817308426, 0.0017157886177301407, 0.001701718894764781, 0.0017850613221526146, 0.00174380699172616, 0.0018022548174485564, 0.0015041760634630919, 0.0016602466348558664, 0.001665567047894001, 0.0017463810509070754, 0.001933034393005073, 0.0016900175251066685, 0.0015594139695167542]

2022-04-19 18:07:20.424998