2022-04-19 17:39:28.116822

reference phi, theta, psi, translation: 175.36684180812657, -0.0, 39.4597479484966, 0.2069414258003235, 2.553555727005005, 3.112318754196167

phi,theta,psi,rot_x,rot_y,rot_z,phi_err,theta_err,psi_err
-174.60268024378553,2.426304892454245,32.24175771288345,-0.3459881842136383,2.1274664402008057,3.6064906120300293,10.030477948087878,2.426304892454245,7.217990235613151
-174.59011269571272,2.421289159827809,32.25134046828898,-0.34631603956222534,2.1277356147766113,3.6062300205230713,10.043045496160744,2.421289159827809,7.208407480207619
-173.98465740692612,1.5209437138587953,33.390383795415325,-0.34218376874923706,2.214916229248047,3.545553207397461,10.648500784947316,1.5209437138587953,6.069364153081274
-175.9524758879418,2.7949320695480178,34.55107882221061,-0.3676128685474396,2.326859951019287,3.4556925296783447,8.680682303931633,2.7949320695480178,4.908669126285986
-179.80315895707656,5.991679567955163,35.01439104418009,-0.36979609727859497,2.38618803024292,3.4049229621887207,4.829999234796901,5.991679567955163,4.445356904316512
178.47706406934026,4.20900253454479,38.12705851311664,-0.18665891885757446,2.5729246139526367,3.262589693069458,3.1102222612136927,4.20900253454479,1.3326894353799617
176.77739881513926,2.4287416820284218,38.29825037447384,0.0009685182012617588,2.5680959224700928,3.248051404953003,1.4105570070126987,2.4287416820284218,1.1614975740227607
175.95406049182924,1.0284092681007224,38.34931286870885,0.1220242828130722,2.5474562644958496,3.2264814376831055,0.5872186837026732,1.0284092681007224,1.1104350797877487
175.46389879623246,0.1260899935244983,38.76591342694461,0.19445164501667023,2.542637586593628,3.1784589290618896,0.0970569881058907,0.1260899935244983,0.6938345215519917
175.44831230454648,0.13321774980122508,39.308933956528136,0.19412599503993988,2.5504980087280273,3.124376058578491,0.08147049641991089,0.13321774980122508,0.15081399196846235
175.32662565429354,0.007454893327908741,39.51020597099007,0.2085694819688797,2.54984450340271,3.1041314601898193,0.04021615383302901,0.007454893327908741,0.050458022493472754
175.38949071541433,0.025128048048070017,39.463931439363236,0.20494507253170013,2.5494468212127686,3.108248233795166,0.022648907287759812,0.025128048048070017,0.004183490866637385
175.3553534299426,0.017347843692920657,39.4876492712561,0.20642326772212982,2.551823377609253,3.1079564094543457,0.011488378183969417,0.017347843692920657,0.02790132275950441
175.3287293525579,0.018565913212871116,39.43450698441882,0.2072814553976059,2.5494775772094727,3.11012601852417,0.03811245556866538,0.018565913212871116,0.025240964077781314
175.3116675400112,0.02240272345351697,39.42345573834174,0.20774449408054352,2.5484793186187744,3.1109588146209717,0.05517426811536552,0.02240272345351697,0.03629221015486195
175.33764957961392,0.07599941318589648,39.48055270470846,0.20370787382125854,2.553057909011841,3.1090683937072754,0.029192228512641805,0.07599941318589648,0.0208047562118594
175.30920867191,-0.014240862770202919,39.46247660907002,0.2105298489332199,2.5503945350646973,3.109691858291626,0.05763313621656607,0.014240862770202919,0.0027286605734246905
175.37721003528665,0.021557366365540922,39.433424399435374,0.20461010932922363,2.5481460094451904,3.110170602798462,0.010368227160086008,0.021557366365540922,0.026323549061224583
175.32464489943422,0.019316247825471002,39.36324420571349,0.20669321715831757,2.5436248779296875,3.1126935482025146,0.042196908692346824,0.019316247825471002,0.09650374278310636
175.34243071203295,0.06171050499257188,39.534678538786224,0.20513305068016052,2.553607225418091,3.10518741607666,0.02441109609361547,0.06171050499257188,0.07493059028962534
175.38472324337366,0.05853491385755156,39.48754340332397,0.20225942134857178,2.5519635677337646,3.1074864864349365,0.01788143524709085,0.05853491385755156,0.02779545482736978
175.2740878391978,-0.048437405926690706,39.5259598023107,0.21443819999694824,2.5523409843444824,3.103926658630371,0.09275396892877552,0.048437405926690706,0.066211853814103
175.31263742687335,0.01902233520232047,39.476980515772546,0.20808888971805573,2.5501763820648193,3.1080780029296875,0.05420438125321425,0.01902233520232047,0.01723256727594702
175.3597520717681,0.021633145831585918,39.455769363305066,0.20566445589065552,2.5501272678375244,3.108991861343384,0.007089736358466325,0.021633145831585918,0.003978585191532602
175.3353819568095,0.052807695883526504,39.491993271568234,0.20522527396678925,2.5517685413360596,3.1074647903442383,0.03145985131706652,0.052807695883526504,0.03224532307163486
175.39513245166876,-0.008143080089125263,39.44590657014357,0.20639139413833618,2.550069570541382,3.110466718673706,0.02829064354219213,0.008143080089125263,0.013841378353028233
175.37404082751175,0.08410285236985753,39.48822983733555,0.20182065665721893,2.552934408187866,3.109484910964966,0.007199019385183192,0.08410285236985753,0.02848188883895375
175.33040957909373,0.0370354534620154,39.415139983027245,0.20562243461608887,2.547583818435669,3.111178398132324,0.03643222903284027,0.0370354534620154,0.04460796546935342
175.37305728027127,0.031586401276406315,39.53798435034451,0.20528560876846313,2.5539655685424805,3.104689121246338,0.0062154721447029715,0.031586401276406315,0.07823640184791003
175.35155584476408,0.055329892736363816,39.48626274285459,0.20461754500865936,2.551384449005127,3.1079390048980713,0.01528596336248711,0.055329892736363816,0.02651479435799331
175.3721830160575,0.026965355850833633,39.44304472088133,0.2048420011997223,2.55019474029541,3.109384536743164,0.005341207930939618,0.026965355850833633,0.01670322761526677
175.353440976975,0.06708369430782937,39.50313331010452,0.20361676812171936,2.5535011291503906,3.1079788208007812,0.013400831151557213,0.06708369430782937,0.04338536160792472
175.28778919867284,0.004587609362061593,39.36865371553614,0.2096378058195114,2.5451560020446777,3.113314151763916,0.07905260945372561,0.004587609362061593,0.09109423296045804
175.3669647515316,0.044401809367833264,39.54070276563418,0.20504331588745117,2.555454730987549,3.1061596870422363,0.0001229434050458167,0.044401809367833264,0.0809548171375809
175.3890672436858,0.04118116837884507,39.47471972315727,0.20324304699897766,2.552025556564331,3.109947681427002,0.022225435559221296,0.04118116837884507,0.014971774660672565
175.3786990165257,0.034499106038017605,39.438106494111416,0.20422375202178955,2.5497281551361084,3.111171245574951,0.011857208399135288,0.034499106038017605,0.021641454385182612

Errors:
rotation,[19.674773076155276, 19.67274213619617, 18.238808651887386, 16.384283499765637, 15.267035707068576, 8.651914231138445, 5.000796263063881, 2.7260630315911443, 0.9169815031823807, 0.3655022381895983, 0.09812906965441051, 0.05196044620246722, 0.05673754463639448, 0.08191933285931781, 0.11386920172374444, 0.12599639791039768, 0.07460265956019368, 0.058249142586851516, 0.1580168993009242, 0.1610521913758127, 0.10421180393201218, 0.20740322866956923, 0.09045928373148174, 0.032701467381584845, 0.11651287027222788, 0.05027510198434562, 0.11978376059399447, 0.11807564796420908, 0.11603827526901932, 0.09713065045684424, 0.04900979139704002, 0.12386988706731131, 0.17473445177624525, 0.12547956991046, 0.07837837859873893, 0.0679977688223355]
translation,[0.170370405351016, 0.17031004481025036, 0.1633784346076368, 0.15112263596857378, 0.14309479359710942, 0.128110780610462, 0.1095179245872373, 0.08160819353668902, 0.043845834285971996, 0.006748181700281464, 0.008587300797264774, 0.005847638390603649, 0.004491750409992612, 0.004258409780604211, 0.004223148188255088, 0.002989324835214191, 0.0038445630283430177, 0.005203523627381301, 0.006006379396807482, 0.00556323857844454, 0.004976920343627178, 0.006853869734169571, 0.005355680697022969, 0.004805773391852064, 0.004967191845677732, 0.003666174450571269, 0.0028410928618880504, 0.004729081556255288, 0.005712471691162513, 0.004875507591326489, 0.004501746706345067, 0.0035538565113366616, 0.004406576896713865, 0.003645787625250918, 0.0029882204359452658, 0.0034486618424445226]
loss,
[0.15943285822868347, 0.15520189702510834, 0.1381734311580658, 0.10822898149490356, 0.046247001737356186, 0.026888888329267502, 0.01880255900323391, 0.015885062515735626, 0.0074073560535907745, 0.0033992608077824116, 0.0025116177275776863, 0.0018139560706913471, 0.0020598149858415127, 0.002302073873579502, 0.001955972984433174, 0.0023519406095147133, 0.0025286448653787374, 0.0023021199740469456, 0.002034966368228197, 0.0025100666098296642, 0.0025334444362670183, 0.0021435271482914686, 0.001954030944034457, 0.002070498885586858, 0.0023355926387012005, 0.003174862591549754, 0.002794195432215929, 0.0018704747781157494, 0.002334063407033682, 0.0025690551847219467, 0.002549664815887809, 0.0020069503225386143, 0.0024466204922646284, 0.002549407770857215, 0.0022797323763370514, 0.0023548263125121593]

2022-04-19 17:48:45.708902