2022-04-19 17:02:12.816444

reference phi, theta, psi, translation: 164.57178246643477, -4.268868188959204e-07, 11.003265705708584, 0.2046843022108078, 0.7416750192642212, 3.957021951675415

phi,theta,psi,rot_x,rot_y,rot_z,phi_err,theta_err,psi_err
174.68706040079186,1.035587752499106,3.46078983121423,-0.0498787984251976,0.24902896583080292,4.223120212554932,10.115277934357096,1.035588179385925,7.542475874494354
174.3393627909032,0.7849537290570759,2.9245341771167808,-0.027455616742372513,0.20626869797706604,4.231024742126465,9.76758032446844,0.7849541559438948,8.078731528591803
170.50605572301694,-2.223040776733436,-0.2791926801432924,0.1934642195701599,-0.07240136712789536,4.257225513458252,5.934273256582173,2.223040349846617,11.282458385851877
166.5055592846271,-5.45255014389859,-3.4356916607787835,0.31081411242485046,-0.3450096845626831,4.250884532928467,1.9337768181923423,5.452549717011771,14.438957366487367
165.94999169753828,-3.3262961409883416,-3.63257719968969,0.1631990373134613,-0.32767927646636963,4.235373020172119,1.3782092311035115,3.326295714101523,14.635842905398274
166.1373711072284,-1.979396552945437,-2.2733332694771873,0.09301125258207321,-0.2052341103553772,4.210743427276611,1.565588640793635,1.979396126058618,13.27659897518577
165.84628210518082,-1.9725692926313487,-1.1191965049455819,0.1138267070055008,-0.1278344988822937,4.1890668869018555,1.2744996387460503,1.9725688657445297,12.122462210654167
165.34087542735654,-1.171671352878952,0.35260918291256943,0.08145387470722198,-0.010409731417894363,4.175537586212158,0.7690929609217676,1.171670925992133,10.650656522796014
165.33002908695457,-0.7494072647696012,1.618958458307653,0.07491656392812729,0.0878138542175293,4.15297794342041,0.7582466205197989,0.7494068378827823,9.384307247400931
165.13878379019422,-0.5403171832773893,2.8949297893764183,0.088894322514534,0.1799372136592865,4.125555515289307,0.567001323759456,0.5403167563905704,8.108335916332166
164.74345244103387,-0.5149093241197126,5.900028395631027,0.14445580542087555,0.38763824105262756,4.076221942901611,0.17166997459909794,0.5149088972328937,5.1032373100775565
164.61856926224937,0.043505522161775084,11.017084032173166,0.20326323807239532,0.7482525110244751,3.97515869140625,0.046786795814597326,0.04350594904859398,0.013818326464582142
164.50491491446036,-0.15051030282835434,11.08871905618826,0.21953830122947693,0.7426005005836487,3.9483675956726074,0.0668675519744113,0.15050987594153545,0.08545335047967662
164.50371280116642,-0.27703933073829135,11.410852975560864,0.23381857573986053,0.7604633569717407,3.939014434814453,0.06806966526835367,0.27703890385147245,0.40758726985228044
164.51766004745159,-0.3082653764919258,11.272018281622953,0.2327488213777542,0.7524079084396362,3.947251558303833,0.05412241898318371,0.3082649496051069,0.26875257591436963
164.51010585822957,-0.3085995323068378,11.38647773796038,0.23587583005428314,0.7607595920562744,3.9445579051971436,0.06167660820520382,0.3085991054200189,0.38321203225179623
164.5377681243681,-0.28252319780696006,11.284644740077368,0.23187844455242157,0.7545590996742249,3.9452083110809326,0.03401434206665499,0.28252277092014116,0.28137903436878453
164.43605294724827,-0.34853785183179903,11.320423832270833,0.237495556473732,0.7547345161437988,3.943422794342041,0.13572951918649778,0.34853742494498013,0.3171581265622496
164.442992419445,-0.36786808786910014,11.321143563454624,0.2393655776977539,0.7543973326683044,3.9428553581237793,0.1287900469897636,0.36786766098228124,0.3178778577460406
164.4480740801875,-0.40499569908979005,11.347436376664588,0.2429872751235962,0.7553429007530212,3.9466776847839355,0.12370838624727298,0.40499527220297116,0.34417067095600373
164.45311475979497,-0.33592324111114236,11.371879062383124,0.23768694698810577,0.7574077248573303,3.939413070678711,0.11866770663979764,0.33592281422432346,0.3686133566745404
164.48932842277438,-0.2887846837371941,11.310361256076112,0.23253890872001648,0.7550926804542542,3.9433794021606445,0.08245404366039111,0.28878425685037523,0.3070955503675279
164.46129732642063,-0.2350374607196461,11.381052860212097,0.23142601549625397,0.7610867619514465,3.9434683322906494,0.11048514001413423,0.2350370338328272,0.37778715450351363
164.49331725324967,-0.28972750076539294,11.251609676382955,0.23212306201457977,0.7513564825057983,3.945493459701538,0.07846521318509758,0.28972707387857405,0.2483439706743713
164.4910086493102,-0.43289759934854066,11.278976536839904,0.24250435829162598,0.7501739263534546,3.942835807800293,0.080773817124566,0.43289717246172177,0.27571083113132033
164.5138488018947,-0.20382432453363228,11.274332008204295,0.2262875735759735,0.7548023462295532,3.94570255279541,0.05793366454005877,0.20382389764681338,0.2710663024957114
164.44390766479378,-0.4357869393580252,11.343309234858607,0.2440667748451233,0.7547630667686462,3.943972110748291,0.12787480164098497,0.4357865124712063,0.340043529150023
164.39682034065572,-0.5652470767651661,11.39983417288234,0.25490373373031616,0.7539419531822205,3.9382753372192383,0.17496212577904657,0.5652466498783472,0.39656846717375593
164.49675966859135,-0.2782941690452129,11.234894495936642,0.23075774312019348,0.7497286796569824,3.943702459335327,0.07502279784341681,0.27829374215839403,0.23162879022805782
164.47678819545823,-0.48814554743709504,11.30515494438127,0.2465648353099823,0.7505443692207336,3.9435019493103027,0.09499427097654234,0.48814512055027615,0.30188923867268613
164.50081680095835,-0.353316130363009,11.349277112645906,0.23742981255054474,0.7567687034606934,3.943042039871216,0.07096566547642169,0.3533157034761901,0.3460114069373219
164.48706079996992,-0.34843757232305383,11.31279451096793,0.23621074855327606,0.7540906667709351,3.9446098804473877,0.08472166646484425,0.34843714543623494,0.3095288052593457
164.52570601029387,-0.40259982376877584,11.233569439237659,0.23903042078018188,0.7483152151107788,3.9454946517944336,0.04607645614089506,0.40259939688195695,0.23030373352907496
164.44748668391887,-0.3576861026188371,11.392474644051651,0.2397967278957367,0.7585349082946777,3.9400033950805664,0.12429578251590101,0.3576856757320182,0.38920893834306725
164.42990577699527,-0.5031731906904694,11.352454004383608,0.24951396882534027,0.753364086151123,3.94199275970459,0.14187668943949916,0.5031727638036505,0.3491882986750241
164.50149981987533,-0.3730706937931328,11.338310390159805,0.23955132067203522,0.7548753619194031,3.942086935043335,0.07028264655943417,0.3730702669063139,0.33504468445122093

Errors:
rotation,[18.693341988237375, 18.631266009004136, 19.43977199228067, 21.82528390169148, 19.340347850603308, 16.821583742038023, 15.369530715144746, 12.591420409709915, 10.891960705803513, 9.215653996482192, 5.789816181909548, 0.10411107132777345, 0.30283077839562333, 0.7526958389721066, 0.6311399445026602, 0.7534877458770189, 0.5979161473555807, 0.8014250706937276, 0.8145355657180855, 0.8728743294062479, 0.8232038775386615, 0.6783338508782942, 0.723309328350475, 0.6165362577380429, 0.7893818207176081, 0.5328238646825836, 0.9037048432622143, 1.1367772428311498, 0.5849453302298686, 0.8850286301995046, 0.7702927758899337, 0.7426876171604249, 0.678979586551927, 0.8711903965909864, 0.9942377519181738, 0.778397597916969]
translation,[0.19962134480110283, 0.20500978268746284, 0.23110518770271327, 0.24504420113621705, 0.2200347333795678, 0.18563909544465407, 0.16143350803343992, 0.14521605870860377, 0.12345285358364855, 0.09930544706223987, 0.06603062798869264, 0.01894324387575974, 0.00754104531581401, 0.012570657796164397, 0.0060718167162781, 0.006960710648158397, 0.007722923665672177, 0.009113031212710787, 0.00962177268469766, 0.005479828634689099, 0.012530030676736637, 0.009377988498028067, 0.008225280438773908, 0.008028565071378502, 0.010242993202307815, 0.007510967393147716, 0.008175771695512424, 0.013241768852616076, 0.010167410316411996, 0.00927377120284767, 0.009107977720516303, 0.008145511394052285, 0.008189771055044481, 0.011613454613098817, 0.010044274038360612, 0.010274384433780703]
loss,
[0.140794575214386, 0.14448270201683044, 0.1122637391090393, 0.062131188809871674, 0.057482413947582245, 0.049590758979320526, 0.04719933867454529, 0.03816620260477066, 0.04047126695513725, 0.03515758737921715, 0.026949577033519745, 0.0068240235559642315, 0.004025741945952177, 0.003745080903172493, 0.0030194155406206846, 0.003956335596740246, 0.004946596920490265, 0.004423168953508139, 0.004320112057030201, 0.0050605894066393375, 0.004787640646100044, 0.0031807217746973038, 0.004790387116372585, 0.003668974619358778, 0.004372263327240944, 0.004276890307664871, 0.004803484305739403, 0.005081052891910076, 0.003937294706702232, 0.005257909186184406, 0.00490183848887682, 0.005095373839139938, 0.004408236593008041, 0.003927095793187618, 0.004051356576383114, 0.004176409915089607]

2022-04-19 17:11:24.275596