2022-04-19 17:11:28.153179

reference phi, theta, psi, translation: 16.672973292337613, -0.0, 55.56417970941693, 0.9538894295692444, -3.184936285018921, 2.279534101486206

phi,theta,psi,rot_x,rot_y,rot_z,phi_err,theta_err,psi_err
26.607018987257597,-4.879078348390559,61.415046110949504,1.4386786222457886,-3.2383759021759033,2.121750593185425,9.934045694919984,4.879078348390559,5.850866401532571
27.36018223948761,-5.577417188645744,61.96396109378675,1.4762787818908691,-3.2661280632019043,2.068423271179199,10.687208947149998,5.577417188645744,6.399781384369817
26.736517666373746,-5.4360540484633955,62.477652791074235,1.442130208015442,-3.3339080810546875,1.9883219003677368,10.063544374036134,5.4360540484633955,6.913473081657301
22.667121694731414,-1.227176792248829,62.40087463461413,1.3428237438201904,-3.3993163108825684,1.9407241344451904,5.994148402393801,1.227176792248829,6.836694925197193
19.349039701601313,2.8508412683433044,58.21954893794821,1.2521958351135254,-3.2711565494537354,2.1736114025115967,2.6760664092637008,2.8508412683433044,2.6553692285312778
18.383027264266193,1.944537285090927,54.6244549626499,1.1306613683700562,-3.148573875427246,2.376760482788086,1.7100539719285806,1.944537285090927,0.939724746767034
16.837620124922648,0.3756604019640219,55.3129585215547,0.9877825975418091,-3.209376096725464,2.326526641845703,0.16464683258503499,0.3756604019640219,0.25122118786223524
16.36331812857862,-0.09808489228838521,55.2920035011811,0.9371395707130432,-3.1996243000030518,2.3105690479278564,0.30965516375899327,0.09808489228838521,0.2721762082358339
16.69449351086503,0.04021641242908188,55.496168100756535,0.9592898488044739,-3.1814961433410645,2.284250497817993,0.021520218527417256,0.04021641242908188,0.06801160866039879
16.669921905325907,-0.005328226309583793,55.613548316737784,0.9545490145683289,-3.1800384521484375,2.2721962928771973,0.0030513870117054864,0.005328226309583793,0.0493686073208508
16.668509763715008,-0.004838491435058889,55.57325703082388,0.953842282295227,-3.178501844406128,2.27459454536438,0.004463528622604684,0.004838491435058889,0.009077321406948613
16.746204873071196,0.058671341035159606,55.548238047894124,0.9605540037155151,-3.176145315170288,2.2768869400024414,0.07323158073358371,0.058671341035159606,0.015941661522809625
16.67016096194686,0.02674625873758954,55.537808349031515,0.9565476179122925,-3.1784815788269043,2.276684522628784,0.002812330390753459,0.02674625873758954,0.02637136038541854
16.697821520538117,0.03172472235624448,55.5608841431424,0.9572654366493225,-3.1792473793029785,2.2770214080810547,0.024848228200504252,0.03172472235624448,0.00329556627453087
16.657180187429248,0.11439602043205004,55.476285420082625,0.9566698670387268,-3.175232172012329,2.2817957401275635,0.015793104908365052,0.11439602043205004,0.08789428933430798
16.64700491311322,0.01903718255478844,55.502042063442744,0.9529471397399902,-3.176506757736206,2.2792983055114746,0.025968379224391214,0.01903718255478844,0.06213764597418958
16.721494956201383,0.0668074049781611,55.52391574425971,0.959244430065155,-3.1760354042053223,2.2783048152923584,0.048521663863770215,0.0668074049781611,0.04026396515722297
16.692051718236748,0.018737408388473643,55.52156274409064,0.9564948678016663,-3.177305221557617,2.279191017150879,0.019078425899135,0.018737408388473643,0.042616965326296
16.682390415655767,0.043012359615594575,55.49821715750754,0.955565333366394,-3.1769890785217285,2.2802751064300537,0.009417123318154808,0.043012359615594575,0.0659625519093936
16.714203729262394,0.032017604891466385,55.54688567043846,0.9576181173324585,-3.1785550117492676,2.278346538543701,0.041230436924781344,0.032017604891466385,0.017294038978469928
16.69258447299201,0.03747135487660965,55.58378918252404,0.9577653408050537,-3.1796932220458984,2.2752535343170166,0.019611180654397486,0.03747135487660965,0.01960947310710992
16.66213207457751,0.05632115239813808,55.5476984629497,0.9564070701599121,-3.178820848464966,2.277148962020874,0.010841217760102495,0.05632115239813808,0.016481246467236588
16.64820531885985,0.005864922215479406,55.58582116380212,0.9537883996963501,-3.1818692684173584,2.275528907775879,0.024767973477761274,0.005864922215479406,0.021641454385189718
16.75550588317346,0.031942432713436886,55.57682238957063,0.9603262543678284,-3.1784682273864746,2.2764270305633545,0.08253259083584652,0.031942432713436886,0.012642680153696517
16.6755038774251,0.026945993935015674,55.54261338711262,0.9556838870048523,-3.178548812866211,2.2781126499176025,0.0025305850874879354,0.026945993935015674,0.021566322304316543
16.68293853833666,0.03771812417896531,55.579329068996024,0.9569583535194397,-3.1796841621398926,2.276033878326416,0.009965245999048022,0.03771812417896531,0.015149359579091026
16.671467235625624,0.05219736046429517,55.557072897585535,0.956688642501831,-3.1790621280670166,2.277062177658081,0.0015060567119888901,0.05219736046429517,0.007106811831398829
16.684702434689815,0.050037634412135795,55.58474882410243,0.9582550525665283,-3.180342435836792,2.27597713470459,0.011729142352201904,0.050037634412135795,0.02056911468549316
16.710636662968355,0.05193816102291919,55.549508463079746,0.9594452381134033,-3.178623914718628,2.278266668319702,0.03766337063074232,0.05193816102291919,0.014671246337186972
16.694281775000757,0.05765770293904268,55.511218422592655,0.9567601680755615,-3.176590919494629,2.278939962387085,0.021308482663144446,0.05765770293904268,0.05296128682427792
16.706103124906758,0.05198141668803912,55.54272950032851,0.9579870700836182,-3.176805257797241,2.2767977714538574,0.033129832569144924,0.05198141668803912,0.02145020908842099
16.68407747238076,-0.010083005634731287,55.611799788310265,0.9551602005958557,-3.180546998977661,2.2728495597839355,0.011104180043147949,0.010083005634731287,0.0476200788933312
16.7245651262333,0.046439521553909846,55.575722729114254,0.9595814943313599,-3.178361654281616,2.2765471935272217,0.051591833895688666,0.046439521553909846,0.011543019697320744
16.689659444479954,0.025186854638678202,55.53967640576951,0.9566287994384766,-3.178623914718628,2.2783548831939697,0.01668615214234137,0.025186854638678202,0.02450330364742115
16.69997132257938,0.05684631710278825,55.543596934353104,0.9581425189971924,-3.178865909576416,2.2778546810150146,0.026998030241767168,0.05684631710278825,0.020582775063829217
16.677558056817983,0.04171677563045097,55.54899278379741,0.9564958214759827,-3.1795458793640137,2.2781195640563965,0.0045847644803700405,0.04171677563045097,0.015186925619524061

Errors:
rotation,[20.663990444843115, 22.664407520165557, 22.413071504156832, 14.058020119839824, 8.182276906138283, 4.594316003786542, 0.7915284224112922, 0.6799162642832124, 0.12974823961689794, 0.05774822064214008, 0.018379341464612186, 0.14784458329155295, 0.05592994951376154, 0.059868516831279604, 0.2180834146747231, 0.10714320775336923, 0.15559303399915428, 0.08043279961390463, 0.11839203484314298, 0.09054208079471765, 0.07669200863811707, 0.08364361662547716, 0.0522743500784304, 0.12711770370297992, 0.051042901326820156, 0.06283272975710436, 0.06081022900768289, 0.08233589144983086, 0.10427277799084848, 0.13192747242646505, 0.10656145834560504, 0.06880726457121043, 0.10957437514691926, 0.06637631042844072, 0.10442712240838464, 0.06148846573034507]
translation,[0.09908907901583852, 0.10715174648404968, 0.10989837867069685, 0.10709988386710645, 0.09113339413393362, 0.07263806244935456, 0.05403155151829342, 0.025292659506041204, 0.0012345962750064388, 0.007860989926333772, 0.007887703564675164, 0.006855363165120032, 0.0060796813573782416, 0.0051137717890687995, 0.0057210094855566496, 0.007013530982645122, 0.006452030812198473, 0.005602487167999826, 0.005458821979196671, 0.004826914829103579, 0.005642297802732621, 0.005582456298196092, 0.004711575930890888, 0.005336168436228306, 0.005423769459436123, 0.005400247778468703, 0.005374108856006643, 0.004603974284792756, 0.00438276038465002, 0.006245355619307169, 0.006996786228646634, 0.006945051379869227, 0.005529953419289413, 0.0050029792625414515, 0.004735003429069629, 0.004439775125224088]
loss,
[0.22187790274620056, 0.21571968495845795, 0.2046026885509491, 0.11131073534488678, 0.04488324746489525, 0.01997191831469536, 0.008290551602840424, 0.004736482631415129, 0.0017650146037340164, 0.0018068173667415977, 0.0017359084449708462, 0.001536776078864932, 0.002843311754986644, 0.0015018213307484984, 0.0017994078807532787, 0.0014344666851684451, 0.002174445427954197, 0.0018127064686268568, 0.0018494725227355957, 0.001564078964293003, 0.0017065228894352913, 0.0015527585055679083, 0.0017199295107275248, 0.001504347426816821, 0.0018814047798514366, 0.0016877593006938696, 0.0016235545044764876, 0.001706960378214717, 0.002021533204242587, 0.0020292415283620358, 0.0019224463030695915, 0.00147983618080616, 0.0018919790163636208, 0.0013835257850587368, 0.0015563331544399261, 0.0015964307822287083]

2022-04-19 17:20:49.001757