2022-04-28 15:21:55.953059

reference phi, theta, psi, translation: 164.57178246643477, -4.268868188959204e-07, 11.003265705708584, 0.2046843022108078, 0.7416750192642212, 3.957021951675415

phi,theta,psi,rot_x,rot_y,rot_z,phi_err,theta_err,psi_err
174.68706040079186,1.035587752499106,3.46078983121423,-0.0498787984251976,0.24902896583080292,4.223120212554932,10.115277934357096,1.035588179385925,7.542475874494354
174.59804937552826,1.0620874772698707,3.7474605546424815,-0.056502897292375565,0.25752705335617065,4.210453510284424,10.026266909093493,1.0620879041566897,7.255805151066102
173.48975556004532,2.7296267153636595,4.833944722331934,-0.14768189191818237,0.3222600817680359,4.1587629318237305,8.917973093610556,2.7296271422504783,6.16932098337665
172.47728929861765,3.8696960373603,6.235579367854474,-0.20899128913879395,0.4530566930770874,4.111386299133301,7.90550683218288,3.8696964642471188,4.7676863378541094
171.14430958019796,4.566416115579211,7.873218820428936,-0.22549191117286682,0.589009702205658,4.029279708862305,6.572527113763186,4.566416542466031,3.130046885279648
167.47382056174646,5.960262656509197,10.95146469726956,-0.24118512868881226,0.8397199511528015,3.909452199935913,2.9020380953116955,5.960263083396017,0.05180100843902302
165.34265127654075,2.7077467614087425,11.160551301915637,0.012231800705194473,0.8051325678825378,3.942072868347168,0.7708688101059806,2.7077471882955613,0.1572855962070534
164.5779023159311,-0.3742902314166033,11.097676849284731,0.2316545993089676,0.7387765645980835,3.941265821456909,0.006119849496343477,0.3742898045297844,0.09441114357614744
164.7179758354297,0.1467693523305436,11.117898478096201,0.1981213092803955,0.7515925168991089,3.953873634338379,0.14619336899494328,0.1467697792173625,0.11463277238761727
164.54480321921324,-0.11161957775922321,11.113258218328824,0.2170214205980301,0.7469630241394043,3.953962802886963,0.026979247221532887,0.11161915087240432,0.10999251262023968
164.6790300967823,-0.0869578883778401,11.090423188386177,0.21377581357955933,0.7467404007911682,3.9548089504241943,0.10724763034752982,0.08695746149102121,0.08715748267759338
164.69920647559053,0.025467247438817238,11.052186081865154,0.2048109471797943,0.7459232807159424,3.9540529251098633,0.12742400915576013,0.025467674325636135,0.048920376156569745
164.64961930221625,0.015368733854506749,11.043573213321768,0.20515722036361694,0.7448868751525879,3.9552555084228516,0.0778368357814827,0.015369160741325645,0.0403075076131838
164.5719327305965,0.19466317288269155,10.942379691899799,0.19450412690639496,0.7420661449432373,3.9545137882232666,0.00015026416173213875,0.19466359976951045,0.06088601380878522
164.67333371901452,0.006460384604579965,11.06630408287957,0.2068302184343338,0.7453556060791016,3.951580762863159,0.10155125257975328,0.00646081149139886,0.06303837717098659
164.7177299486196,-0.14860927916909597,11.065507512067617,0.2161301225423813,0.7441704869270325,3.952841281890869,0.14594748218482323,0.14860885228227708,0.06224180635903309
164.68853772010698,0.09740751662476721,11.01380127250333,0.20069576799869537,0.7452601790428162,3.9561495780944824,0.11675525367220985,0.0974079435115861,0.010535566794745321
164.76155244233442,-0.045781639900791996,10.967693226737511,0.2074577510356903,0.7396560311317444,3.9551310539245605,0.18976997589965094,0.0457812130139731,0.03557247897107274
164.75061047928403,0.12440520028043882,10.976625406624596,0.19486568868160248,0.7432897686958313,3.953235387802124,0.17882801284926586,0.12440562716725771,0.02664029908398824
164.58057975008575,-0.041293772543295776,11.058083096439814,0.2107553333044052,0.7429344058036804,3.9428462982177734,0.00879728365097776,0.04129334565647688,0.054817390731230375
164.61731250744208,0.12051759075295887,10.976736397198609,0.19848282635211945,0.7409841418266296,3.947856903076172,0.04553004100731073,0.12051801763977776,0.026529308509974925
164.6665035298445,0.10452515237040383,10.991310313340122,0.1990126073360443,0.7435938715934753,3.956125497817993,0.09472106340973596,0.10452557925722272,0.01195539236846166
164.6352076030675,-0.012034526402045005,11.074634352346047,0.20844408869743347,0.7458198070526123,3.9513416290283203,0.06342513663273053,0.01203409951522611,0.07136864663746323
164.5945543171276,0.06740831457683862,10.8976453679308,0.20097200572490692,0.7354956865310669,3.953831195831299,0.02277185069283405,0.06740874146365751,0.10562033777778446
164.70113258893647,0.01428182405227745,11.030588169935928,0.2039787471294403,0.7441968321800232,3.949284076690674,0.1293501225017053,0.014282250939096346,0.027322464227344412
164.66651719022286,0.025015578468581087,11.015291107516038,0.20355132222175598,0.7427085638046265,3.9513189792633057,0.09473472378809333,0.025016005355399985,0.012025401807454372
164.5644605036445,0.17129905930038491,11.016745937809251,0.1949751377105713,0.7450501918792725,3.9505393505096436,0.00732196279025743,0.1712994861872038,0.013480232100667067
164.57775205176935,-0.04419328781009093,11.105934547991277,0.2108573168516159,0.746792733669281,3.950035333633423,0.005969585334582916,0.044192860923272036,0.10266884228269291
164.5898141658436,0.043434272508199936,10.94572050817758,0.20252959430217743,0.7391754388809204,3.956434965133667,0.018031699408822988,0.04343469939501883,0.05754519753100418
164.71748406180947,0.011599231170116334,11.00342365383314,0.20411591231822968,0.7414534687995911,3.9547274112701416,0.14570159537470317,0.01159965805693523,0.00015794812455638407
164.6239104701803,0.07237418536569312,11.019671820094954,0.20234644412994385,0.7439560294151306,3.9555814266204834,0.052128003745536944,0.07237461225251202,0.01640611438637052
164.64244760358773,0.05968714216608102,11.025672995054457,0.20301556587219238,0.7447432279586792,3.954986572265625,0.07066513715295741,0.059687569052899916,0.022407289345872883
164.5632310695939,0.02191194962613014,11.149778386047235,0.2083166241645813,0.7515234351158142,3.9527089595794678,0.008551396840857706,0.021912376512949038,0.14651268033865072
164.56047167316922,0.13554316637055364,11.01373723947986,0.1978747695684433,0.7446528077125549,3.9527323246002197,0.011310793265550956,0.13554359325737253,0.010471533771276853
164.64423711315027,0.08794889114574292,11.089929707218644,0.20157384872436523,0.7494972348213196,3.950012445449829,0.0724546467154994,0.08794931803256181,0.08666400151006037
164.5733260891872,0.1424668873509449,11.090991801634582,0.1990128755569458,0.7495033740997314,3.9493250846862793,0.0015436227524219248,0.1424673142377638,0.08772609592599778

Errors:
rotation,[18.693341988237375, 18.344159964316283, 17.816921219237685, 16.54288963428411, 14.268990541508863, 8.914102187146735, 3.6359015946085953, 0.4748207976022753, 0.40759592059992306, 0.24859091071417688, 0.28136257451614444, 0.201812059637966, 0.13351350413599217, 0.2556998777400278, 0.17105044124213875, 0.35679814082613337, 0.22469876397854127, 0.2711236678846968, 0.3298739391005118, 0.10490802003868502, 0.19257736715706342, 0.21120203503542034, 0.14682788278541986, 0.195800929934276, 0.17095483766814606, 0.1317761309509477, 0.1921016810781283, 0.15283128854054787, 0.119011596334846, 0.15745920155619478, 0.14090873038441948, 0.1527599955517302, 0.17697645369245746, 0.15732592029420034, 0.24706796625812158, 0.2317370329161835]
translation,[0.19962134480110283, 0.18757131532280535, 0.14271472532541907, 0.11042093200239567, 0.047213163629280075, 0.0252436856002074, 0.007656947468986708, 0.014534456217772274, 0.0015805300739204498, 0.0013802865439611622, 0.0007647547141687028, 0.0021236153200847596, 0.0011174777633975452, 0.002894385387485876, 0.004551665074448152, 0.0030454688980974254, 0.00039559269471922676, 0.002085415352222064, 0.003906242527336623, 0.013367550956758123, 0.009434351355177562, 0.0008104506909614173, 0.0046171619546848675, 0.004452260171733613, 0.007165560537381488, 0.0054648787438500435, 0.006221915075315998, 0.005592995712601301, 0.0011442618218824308, 0.0023219507756087054, 0.0011116463909868202, 0.0015164413402466437, 0.0022219274847650183, 0.004001506556543077, 0.005588386562552117, 0.006389151695395334]
loss,
[0.05882765352725983, 0.050583839416503906, 0.04335341975092888, 0.03912920877337456, 0.03980867564678192, 0.020791947841644287, 0.012179850600659847, 0.004198851995170116, 0.001638362999074161, 0.0017472382169216871, 0.0018419617554172873, 0.002327718771994114, 0.002340294187888503, 0.00219101645052433, 0.0016788507346063852, 0.0023748285602778196, 0.0020909192971885204, 0.0024734565522521734, 0.0019398108124732971, 0.0018619587644934654, 0.0017670930828899145, 0.0009972023544833064, 0.0020306583028286695, 0.0022847126238048077, 0.002085750224068761, 0.002182078082114458, 0.001888553611934185, 0.0029194382950663567, 0.002171363215893507, 0.0024598450399935246, 0.0015816548839211464, 0.0018453177763149142, 0.0016332613304257393, 0.0011853433679789305, 0.002012017648667097, 0.002454528119415045]

2022-04-28 15:24:32.220939