2022-04-28 15:32:31.837410

reference phi, theta, psi, translation: 175.36684180812657, -0.0, 39.4597479484966, 0.2069414258003235, 2.553555727005005, 3.112318754196167

phi,theta,psi,rot_x,rot_y,rot_z,phi_err,theta_err,psi_err
-174.60268024378553,2.426304892454245,32.24175771288345,-0.3459881842136383,2.1274664402008057,3.6064906120300293,10.030477948087878,2.426304892454245,7.217990235613151
-174.62319813205227,2.436953727780072,32.24914456247082,-0.3458132743835449,2.127957820892334,3.606084108352661,10.009960059821196,2.436953727780072,7.210603386025781
-173.4613146523414,1.5941087992270113,31.44932599556774,-0.34366852045059204,2.0874104499816895,3.628613233566284,11.171843539532006,1.5941087992270113,8.010421952928859
-171.34888740621818,1.6375260323706113,29.850341144827322,-0.4181741178035736,1.9794650077819824,3.657917022705078,13.28427078565528,1.6375260323706113,9.609406803669277
-172.22237297841443,2.5656123329220764,30.47765303895797,-0.43529534339904785,2.0059666633605957,3.6332952976226807,12.410785213459008,2.5656123329220764,8.982094909538628
-171.67752878832252,2.8102688609260023,30.454365508982814,-0.4678545594215393,1.9947266578674316,3.6079049110412598,12.955629403550915,2.8102688609260023,9.005382439513784
-171.6499758052107,3.9132216737733967,30.666330184590404,-0.5425128936767578,2.0011017322540283,3.539924144744873,12.983182386662747,3.9132216737733967,8.793417763906195
-173.37239924972616,6.004674534228652,31.850377628157965,-0.6227452158927917,2.081188201904297,3.4417479038238525,11.260758942147277,6.004674534228652,7.609370320338634
-174.4148910227452,6.603689225437655,35.82251170601931,-0.6257238984107971,2.3361477851867676,3.254258155822754,10.21826716912824,6.603689225437655,3.637236242477286
-177.9578467490142,7.469448050822722,39.12236733934924,-0.5090738534927368,2.5435078144073486,3.1213364601135254,6.675311442859197,7.469448050822722,0.3373806091473597
-179.3502764339697,5.100262191255154,40.02182470586446,-0.31276369094848633,2.602745294570923,3.100738525390625,5.282881757903738,5.100262191255154,0.562076757367862
179.00180018251564,3.605535903420506,40.307982311331315,-0.14037011563777924,2.6191461086273193,3.0840506553649902,3.634958374389072,3.605535903420506,0.8482343628347166
176.90357972986607,1.683377975316121,39.8040441241786,0.05142871290445328,2.580796718597412,3.0964701175689697,1.5367379217395012,1.683377975316121,0.344296175682004
174.8756282633976,-0.13543712440303757,39.46054708062949,0.23634253442287445,2.5438809394836426,3.1049320697784424,0.4912135447289643,0.13543712440303757,0.000799132132890179
175.4510170594578,0.1957789446132867,39.62176345070389,0.19313836097717285,2.5635457038879395,3.104429244995117,0.0841752513312315,0.1957789446132867,0.16201550220728933
175.28262557566032,-0.039745785447723135,39.549028766232425,0.21464957296848297,2.5548017024993896,3.106847047805786,0.08421623246624677,0.039745785447723135,0.08928081773582619
175.52198272493425,0.054212937774416485,39.565469031564646,0.1987311840057373,2.5575673580169678,3.1050777435302734,0.1551409168076816,0.054212937774416485,0.1057210830680475
175.31786935177757,0.034108260175561206,39.49772721537646,0.20780467987060547,2.552659749984741,3.1063263416290283,0.0489724563489915,0.034108260175561206,0.03797926687985864
175.39058354568152,0.09291412132797797,39.506770385837555,0.200658917427063,2.5524685382843018,3.1081812381744385,0.0237417375549569,0.09291412132797797,0.04702243734095646
175.3475396935321,0.12485152911067006,39.535607444513346,0.2028532177209854,2.5551259517669678,3.104849100112915,0.019302114594466957,0.12485152911067006,0.07585949601674713
175.41957086851906,0.048135647476794045,39.443208645421414,0.2024153172969818,2.549288749694824,3.110227346420288,0.05272906039249392,0.048135647476794045,0.016539303075184364
175.40860158471202,-0.00496332471012953,39.47902615742896,0.20691296458244324,2.551079511642456,3.1089391708374023,0.041759776585450936,0.00496332471012953,0.019278208932362872
175.311940747578,0.0565105554278961,39.476382874220164,0.2074725478887558,2.551640033721924,3.1087148189544678,0.054901060548559144,0.0565105554278961,0.016634925723565175
175.44219245505013,0.11198892394436753,39.52543387774461,0.19775046408176422,2.554757833480835,3.1067569255828857,0.07535064692356741,0.11198892394436753,0.06568592924801209
175.41125169811,0.16005724639933133,39.431460720048996,0.19611482322216034,2.5489695072174072,3.1117262840270996,0.04440988998342732,0.16005724639933133,0.028287228447602786
175.37573471442593,0.029361576519739894,39.54586980374129,0.2061934769153595,2.5554158687591553,3.10581636428833,0.008892906299365677,0.029361576519739894,0.0861218552446914
175.35834505279908,-0.022741849095204124,39.483831195510064,0.21015088260173798,2.551480293273926,3.108276844024658,0.008496755327485062,0.022741849095204124,0.02408324701346487
175.3660631665612,0.022908837460879114,39.58010271186139,0.20792987942695618,2.5574240684509277,3.1044294834136963,0.0007786415653754375,0.022908837460879114,0.12035476336479434
175.3503673918485,0.033191324412383275,39.54409736965167,0.2066131979227066,2.5553536415100098,3.106318950653076,0.016474416278072113,0.033191324412383275,0.08434942115507482
175.32655735240184,0.04103512118640712,39.55446559681175,0.20796185731887817,2.5556740760803223,3.1051135063171387,0.040284455724730606,0.04103512118640712,0.09471764831515372
175.3837806772682,0.07866831608841489,39.4868296485557,0.20284584164619446,2.551572322845459,3.1081717014312744,0.0169388691416259,0.07866831608841489,0.02708170005909949
175.37652701636964,0.08064098077881553,39.51483683924734,0.20273004472255707,2.5528767108917236,3.1059770584106445,0.009685208243070065,0.08064098077881553,0.05508889075073853
175.32288271062836,0.0708199882348344,39.542068803468176,0.2057514190673828,2.5544097423553467,3.105557680130005,0.04395909749820248,0.0708199882348344,0.08232085497157726
175.3494794672564,0.0034532012642342464,39.55975899341851,0.20848095417022705,2.556204319000244,3.104332447052002,0.017362340870164417,0.0034532012642342464,0.1000110449219136
175.32657101278016,0.09096111737966832,39.51408210334405,0.20468275249004364,2.5540201663970947,3.107407808303833,0.040270795346401655,0.09096111737966832,0.054334154847452965
175.3598886755515,0.02900093849769975,39.51417772599243,0.20705591142177582,2.554175853729248,3.108164072036743,0.006953132575063137,0.02900093849769975,0.054429777495833775

Errors:
rotation,[19.674773076155276, 19.65751717362705, 20.776374291687876, 24.53120362169517, 23.95849245591971, 24.7712807039907, 25.68982182434234, 24.874803796714563, 20.45919263704318, 14.482140102829279, 10.945220706526754, 8.088728640644295, 3.5644120727376265, 0.627449801264892, 0.44196969815180753, 0.2132428356497961, 0.3150749376501456, 0.12105998340441135, 0.16367829622389132, 0.22001313972188413, 0.11740401094447234, 0.06600131022794334, 0.12804654170002042, 0.25302550011594704, 0.23275436483036144, 0.12437633806379697, 0.055321851436154056, 0.1440422423910489, 0.1340151618455302, 0.17603722522629145, 0.12268888528914028, 0.14541507977262413, 0.19709994070461415, 0.12082658705631226, 0.18556606757352295, 0.09038384856859666]
translation,[0.170370405351016, 0.1702559318313046, 0.16913597708639827, 0.14900373571678216, 0.14190591971652644, 0.11794337804124133, 0.0712840386778879, 0.03885699073148707, 0.023413441056745476, 0.02735974325954782, 0.029250907095658363, 0.017450990667160937, 0.00015927877316102013, 0.01020963192373614, 0.0004279044429287282, 0.003029430975228564, 0.00345547192453477, 0.005148460381268372, 0.004200687966019245, 0.0049760753849943384, 0.004547246558770368, 0.0041793109107821635, 0.003968595157199495, 0.003991951257791726, 0.0039031036458094803, 0.0038765020967517216, 0.004269007357219579, 0.0035817936722937205, 0.003506866407311904, 0.004163717653828947, 0.004666475593539943, 0.005539125235321407, 0.004736984365435681, 0.0044025191814984765, 0.00361131441664142, 0.002807796042580968]
loss,
[0.0754380002617836, 0.08142063021659851, 0.07816090434789658, 0.08212600648403168, 0.09312421083450317, 0.07478447258472443, 0.08447818458080292, 0.07264717668294907, 0.05295349285006523, 0.035340018570423126, 0.03367997705936432, 0.024647172540426254, 0.010641729459166527, 0.0023836693726480007, 0.0030031444039195776, 0.0010373550467193127, 0.0010296523105353117, 0.0015824552392587066, 0.001393626444041729, 0.001905033364892006, 0.001178693026304245, 0.0016716470709070563, 0.0012301437091082335, 0.0014478839002549648, 0.0014660449232906103, 0.0013333301758393645, 0.0013273714575916529, 0.0018971993122249842, 0.0008661515894345939, 0.0012804443249478936, 0.001293419161811471, 0.0011758648324757814, 0.0012918151915073395, 0.0018414811929687858, 0.0011468033771961927, 0.001063149655237794]

2022-04-28 15:35:08.321089