2022-04-21 15:57:47.576832

reference phi, theta, psi, translation: 175.36684180812657, -0.0, 39.4597479484966, 0.2069414258003235, 2.553555727005005, 3.112318754196167

phi,theta,psi,rot_x,rot_y,rot_z,phi_err,theta_err,psi_err
-174.60268024378553,2.426304892454245,32.24175771288345,-0.3459881842136383,2.1274664402008057,3.6064906120300293,10.030477948087878,2.426304892454245,7.217990235613151
-174.1856015723079,2.002843890489456,31.642593028322423,-0.3400017321109772,2.0945496559143066,3.6242880821228027,10.447556619565546,2.002843890489456,7.8171549201741755
-172.8422809474848,0.8822728320426733,28.9752094970411,-0.3351004123687744,1.9624333381652832,3.682835578918457,11.79087724438864,0.8822728320426733,10.4845384514555
-172.94344970947103,1.6627092932065337,28.10010346246426,-0.36267632246017456,1.8812367916107178,3.709143877029419,11.68970848240241,1.6627092932065337,11.359644486032337
-172.94025318093946,2.145309858680712,26.33261272225775,-0.38432785868644714,1.7594658136367798,3.7386257648468018,11.692905010933941,2.145309858680712,13.127135226238849
-173.15608715871187,2.261128142538555,26.622578158186887,-0.37762710452079773,1.7766058444976807,3.7216203212738037,11.477071033161565,2.261128142538555,12.837169790309712
-173.14980338467544,2.0454006880861586,26.68214082284398,-0.3675393760204315,1.7704979181289673,3.7115745544433594,11.483354807197998,2.0454006880861586,12.777607125652619
-173.05848375547237,1.9207580835137998,26.48954997881713,-0.3514304757118225,1.7592190504074097,3.7052202224731445,11.574674436401097,1.9207580835137998,12.970197969679468
-172.84659762704024,1.4722790128285417,26.264594283408176,-0.32614901661872864,1.7347506284713745,3.70889949798584,11.786560564833167,1.4722790128285417,13.195153665088423
-173.86589407763793,1.8081371697336306,26.388968613099525,-0.32484540343284607,1.7573319673538208,3.671356439590454,10.767264114235502,1.8081371697336306,13.070779335397074
-174.83845837393437,2.6819688442535328,27.638828344414744,-0.34405866265296936,1.8397157192230225,3.6233901977539062,9.79469981793909,2.6819688442535328,11.820919604081855
-175.8435070499234,3.2242591873906465,29.592392220632618,-0.36368557810783386,1.9571338891983032,3.52272629737854,8.789651141950003,3.2242591873906465,9.86735572786398
-176.38781848526008,3.368605278137521,32.07517622921601,-0.353807270526886,2.1127641201019287,3.410853385925293,8.245339706613322,3.368605278137521,7.384571719280586
-177.57198204204352,3.0818270459657873,34.910783904660164,-0.2960262894630432,2.2845301628112793,3.290423631668091,7.061176149829919,3.0818270459657873,4.548964043836435
-179.6449444551424,3.884426483126189,38.11764651244036,-0.24494388699531555,2.4820685386657715,3.1408638954162598,4.988213736731041,3.884426483126189,1.3421014360562395
178.29326367877522,3.2927964303928468,39.878872261630676,-0.1035458892583847,2.572279453277588,3.0712740421295166,2.926421870648653,3.2927964303928468,0.41912431313407694
176.36907644617756,0.9415449408012138,39.25008163154472,0.11142214387655258,2.5277774333953857,3.099910259246826,1.002234638050993,0.9415449408012138,0.20966631695188198
175.35413765627035,0.22461238477075665,39.117862829591616,0.19533103704452515,2.5231292247772217,3.114744186401367,0.01270415185621232,0.22461238477075665,0.3418851189049832
175.4161421135557,0.1185899431497037,39.426105851739706,0.19977691769599915,2.5489888191223145,3.112302303314209,0.0493003054291421,0.1185899431497037,0.03364209675689267
175.327568220399,0.014818835862566417,39.57885961743245,0.20912283658981323,2.5571281909942627,3.105116844177246,0.03927358772756406,0.014818835862566417,0.1191116689358509
175.38475056413034,0.08560373835104315,39.47000689262996,0.2018580287694931,2.551570415496826,3.109473466873169,0.01790875600377717,0.08560373835104315,0.010258944133362036
175.35253939200456,0.0005693475502279649,39.5095605181135,0.20893791317939758,2.5519587993621826,3.1058435440063477,0.014302416122006889,0.0005693475502279649,0.04981256961690406
175.29690067102564,0.04667347825097365,39.53343885945187,0.20932145416736603,2.5537538528442383,3.1046996116638184,0.0699411371009262,0.04667347825097365,0.07369091095527125
175.3426629384647,0.18139330234045184,39.48770732786405,0.19976013898849487,2.55165433883667,3.1081202030181885,0.024178869661852787,0.18139330234045184,0.027959379367452186
175.32920746579978,0.13030696830434757,39.41094283178227,0.20194776356220245,2.546388626098633,3.1117546558380127,0.037634342326782644,0.13030696830434757,0.04880511671432686
175.3856248283441,0.1283484157779861,39.46132230710029,0.20027859508991241,2.549731492996216,3.1053147315979004,0.018783020217540525,0.1283484157779861,0.0015743586036904844
175.3121456532531,0.0633537052165656,39.56587201272568,0.2073260396718979,2.554673910140991,3.1028172969818115,0.05469615487345436,0.0633537052165656,0.10612406422907839
175.38320694137792,0.13822382062784372,39.514191386370776,0.1999366134405136,2.5532124042510986,3.1069648265838623,0.016365133251355246,0.13822382062784372,0.054443437874176936
175.33723976826374,0.1252177576576955,39.48880015813125,0.2018316686153412,2.5517218112945557,3.1079649925231934,0.02960203986282295,0.1252177576576955,0.029052209634649273
175.40093811246328,0.07579680727892288,39.48101715757202,0.20134569704532623,2.550753116607666,3.1081137657165527,0.034096304336713956,0.07579680727892288,0.021269209075420292
175.3642599966203,0.08249715689049256,39.433823965501816,0.2031591832637787,2.5481274127960205,3.1091556549072266,0.0025818115062747893,0.08249715689049256,0.025923982994783046
175.32265048419657,0.07256277386739934,39.51297219760392,0.20586346089839935,2.5520975589752197,3.1052658557891846,0.04419132392999359,0.07256277386739934,0.053224249107323374
175.4940472512289,0.17795198028759648,39.38215358443067,0.1916608214378357,2.547159194946289,3.1146631240844727,0.1272054431023264,0.17795198028759648,0.07759436406593068
175.37007931779314,0.08805589193194738,39.47435430803667,0.2029658406972885,2.5509490966796875,3.1086883544921875,0.0032375096665759884,0.08805589193194738,0.01460635954007472
175.4086289054687,0.1268838585770836,39.41570688872836,0.199295774102211,2.5481626987457275,3.1123204231262207,0.04178709734213726,0.1268838585770836,0.04404105976824013
175.41010422632942,0.1005046213430796,39.436463833616024,0.2001190036535263,2.549387216567993,3.1111221313476562,0.04326241820285759,0.1005046213430796,0.02328411488057469

Errors:
rotation,[19.674773076155276, 20.267555430229176, 23.157688527886812, 24.71206226164128, 26.965350095853502, 26.575368966009833, 26.306362620936774, 26.465630489594364, 26.45399324275013, 25.646180619366206, 24.297588266274477, 21.88126605720463, 18.99851670403143, 14.691967239632142, 10.21474165591347, 6.638342614175577, 2.1534458958040887, 0.5792016555319521, 0.20153234533573847, 0.17320409252598137, 0.11377143848818236, 0.06468433328913892, 0.1903055263071711, 0.2335315513697568, 0.21674642734545707, 0.14870579459921712, 0.22417392431909833, 0.2090323917533759, 0.18387200715516772, 0.13116232069105713, 0.11100295139155039, 0.1699783469047163, 0.3827517874558536, 0.10589976113859809, 0.21271201568746098, 0.16705115442651186]
translation,[0.170370405351016, 0.16865730185718153, 0.15536311512716505, 0.14359682489139836, 0.1186603783747513, 0.11005317330695252, 0.0974948821106878, 0.08554603638808445, 0.07638482452486794, 0.052080483517035425, 0.04709220715851892, 0.015133746497231648, 0.0033660956970367195, 0.014463880523970296, 0.02043216238917811, 0.023627415099439553, 0.029689429742862927, 0.017904857016361575, 0.0032658164698986525, 0.003178039132682109, 0.0037123501833828954, 0.005906737153662078, 0.0056308605005366275, 0.004808526530313273, 0.005225827672410865, 0.008167011142307778, 0.006601769087736464, 0.004703780910544353, 0.004782268769597309, 0.005305591961924705, 0.006072822474818551, 0.006422907590825311, 0.0029927569383820796, 0.004656462854491394, 0.00379840243941576, 0.0039084829768736284]
loss,
[0.12217875570058823, 0.10490994900465012, 0.11154206842184067, 0.10699333995580673, 0.08817040920257568, 0.11037634313106537, 0.0790434181690216, 0.08762209862470627, 0.09487056732177734, 0.08427730202674866, 0.0730813592672348, 0.0688665509223938, 0.06883955001831055, 0.06282912194728851, 0.038644008338451385, 0.02104927971959114, 0.006566747557371855, 0.003047082107514143, 0.001851140521466732, 0.0013783917529508471, 0.0012798503739759326, 0.0018737622303888202, 0.0012145699001848698, 0.0013251726049929857, 0.0014587845653295517, 0.00240213330835104, 0.0023227904457598925, 0.0011767431860789657, 0.0011194496182724833, 0.0020006559789180756, 0.0008945012814365327, 0.001655098982155323, 0.0018393750069662929, 0.0013179559027776122, 0.0018486101180315018, 0.0010191011242568493]

2022-04-21 16:00:25.112290