2022-04-27 09:03:11.410754

reference phi, theta, psi, translation: -86.91639066027085, -0.0, 34.793557367935236, -2.296917200088501, -0.12373751401901245, 3.3104169368743896

phi,theta,psi,rot_x,rot_y,rot_z,phi_err,theta_err,psi_err
-76.53055527251121,6.8177051513072,38.18892636661862,-2.336111545562744,-0.9462913274765015,3.345968008041382,10.385835387759641,6.8177051513072,3.395368998683381
-76.24185683667311,6.705938607234467,38.42076006252177,-2.3468410968780518,-0.9561258554458618,3.333491086959839,10.674533823597741,6.705938607234467,3.6272026945865363
-74.38924998657718,5.922337827387488,39.52653695329557,-2.394502878189087,-1.029750108718872,3.2658746242523193,12.527140673693665,5.922337827387488,4.732979585360333
-75.28500197546768,7.254780395650981,38.59218073521617,-2.3285062313079834,-1.049446702003479,3.315631151199341,11.63138868480317,7.254780395650981,3.798623367280932
-74.91942976052108,7.792912465976457,38.830974393883565,-2.3287551403045654,-1.10358464717865,3.2979469299316406,11.996960899749766,7.792912465976457,4.037417025948329
-74.75721276773328,8.004008185061517,38.880011737029676,-2.3365848064422607,-1.1204824447631836,3.2859764099121094,12.15917789253757,8.004008185061517,4.08645436909444
-75.02416388125405,8.575044858791538,38.7257826504762,-2.326244831085205,-1.136574625968933,3.2885448932647705,11.892226779016795,8.575044858791538,3.932225282540962
-75.39007077546998,9.708606479976064,38.47304174552363,-2.301710844039917,-1.1916489601135254,3.287531852722168,11.52631988480087,9.708606479976064,3.6794843775883948
-75.5609621085037,11.899707916799649,38.34617098169065,-2.261401414871216,-1.3237574100494385,3.2668628692626953,11.355428551767147,11.899707916799649,3.552613613755412
-75.35528462202711,13.060639301224992,38.16920078029562,-2.2297441959381104,-1.404553771018982,3.2544405460357666,11.561106038243736,13.060639301224992,3.3756434123603825
-75.38688107712758,13.67570362722391,37.317162002093205,-2.181166887283325,-1.4346691370010376,3.27687406539917,11.529509583143266,13.67570362722391,2.5236046341579694
-75.49683346238645,13.852493844752392,36.90555089704614,-2.1578633785247803,-1.4301925897598267,3.300755500793457,11.419557197884401,13.852493844752392,2.1119935291109044
-75.33730073394247,14.097494898202878,36.408716106630244,-2.122345209121704,-1.4431096315383911,3.315674066543579,11.579089926328379,14.097494898202878,1.6151587386950084
-75.17607411858431,13.990238277244647,35.829208706500516,-2.0890309810638428,-1.4376206398010254,3.3361098766326904,11.74031654168654,13.990238277244647,1.0356513385652804
-75.06521331816583,13.74220872236084,35.81934249824443,-2.093778133392334,-1.428353190422058,3.334146022796631,11.851177342105018,13.74220872236084,1.0257851303091954
-75.28802091908082,13.81521908732542,35.82598827230685,-2.098271369934082,-1.4199228286743164,3.3330204486846924,11.628369741190028,13.81521908732542,1.0324309043716156
-75.41116239962699,14.278614375567699,35.84130155642602,-2.096039056777954,-1.4441194534301758,3.3213698863983154,11.505228260643861,14.278614375567699,1.0477441884907819
-75.90449330299866,14.403191787085174,35.75257056891839,-2.0881218910217285,-1.4312583208084106,3.330383062362671,11.01189735727219,14.403191787085174,0.9590132009831507
-75.45749157276718,13.648343489382773,36.29301611718481,-2.1185779571533203,-1.403968334197998,3.3213372230529785,11.458899087503667,13.648343489382773,1.4994587492495768
-74.67221106351248,13.74259745543095,36.37552480235857,-2.106828212738037,-1.447097897529602,3.3057408332824707,12.244179596758372,13.74259745543095,1.5819674344233334
-74.58677905737396,14.212475577562072,35.82646980064334,-2.0626842975616455,-1.4752261638641357,3.3166191577911377,12.32961160289689,14.212475577562072,1.0329124327081018
-74.38507674099431,14.9203112002842,35.24171681523104,-2.0109703540802,-1.5212548971176147,3.3248865604400635,12.531313919276542,14.9203112002842,0.4481594472958008
-75.16363634410573,15.263313174887665,34.593490881861804,-1.9805660247802734,-1.5021085739135742,3.351785182952881,11.752754316165124,15.263313174887665,0.2000664860734318
-74.98870153908335,15.571139903998017,34.171559360978854,-1.952152132987976,-1.5224411487579346,3.3529791831970215,11.927689121187498,15.571139903998017,0.6219980069563817
-74.89041511692687,15.087521884328572,34.32938454213034,-1.9644016027450562,-1.496404767036438,3.35666823387146,12.025975543343975,15.087521884328572,0.4641728258048943
-74.75721276773328,15.038034504904152,34.144730377919046,-1.954921841621399,-1.4984524250030518,3.3588240146636963,12.15917789253757,15.038034504904152,0.6488269900161896
-74.89239587178618,15.257517084147144,34.00469442446086,-1.9461021423339844,-1.503988265991211,3.360840320587158,12.023994788484671,15.257517084147144,0.7888629434743777
-74.97708338730516,15.86036971139033,33.80125040984286,-1.9264096021652222,-1.5357669591903687,3.3579514026641846,11.939307272965692,15.86036971139033,0.992306958092378
-75.15303589051386,16.533819504151868,33.56850146859092,-1.904144525527954,-1.5698455572128296,3.354255199432373,11.763354769756987,16.533819504151868,1.2250558993443192
-75.0712102242571,15.695213512839022,34.00941408517733,-1.9426052570343018,-1.5173571109771729,3.3574132919311523,11.845180436013749,15.695213512839022,0.7841432827579027
-74.8507317178491,15.146604202567527,34.2957970868868,-1.9637773036956787,-1.4938881397247314,3.354522705078125,12.065658942421749,15.146604202567527,0.4977602810484356
-74.92167006256885,15.283852704642698,34.099295959560116,-1.9475488662719727,-1.4993644952774048,3.3607733249664307,11.994720597701999,15.283852704642698,0.6942614083751195
-74.8401176038789,15.239269855879119,34.09496561962633,-1.9487743377685547,-1.4996618032455444,3.360804557800293,12.076273056391955,15.239269855879119,0.6985917483089068
-74.83463979216455,15.453420119469069,33.97574125256917,-1.93757963180542,-1.5143938064575195,3.3598721027374268,12.081750868106298,15.453420119469069,0.8178161153660639
-74.73679050211494,15.525382698460874,34.08528041138325,-1.938729166984558,-1.5213793516159058,3.3568880558013916,12.179600158155907,15.525382698460874,0.708276956551984
-74.6580384209847,15.44008207573241,34.29389146410837,-1.948991298675537,-1.519753098487854,3.35190486907959,12.258352239286154,15.44008207573241,0.49966590382686604

Errors:
rotation,[20.598909537750224, 21.007675125418743, 23.182458086441486, 22.684792447735084, 23.827290391674552, 24.249640446693526, 24.399496920349293, 24.914410742365327, 26.807750082322208, 27.99738875182911, 27.728817844525146, 27.384044571747697, 27.291743563226266, 26.766206157496466, 26.619171194775053, 26.476019732887064, 26.83158682470234, 26.374102345340514, 26.60670132613602, 27.568744486612655, 27.574999613167066, 27.899784566856543, 27.21613397712622, 28.120827032141896, 27.577670253477443, 27.846039387457914, 28.070374816106195, 28.7919839424484, 29.522230173253174, 28.324537231610673, 27.71002342603771, 27.972834710719816, 28.01413466057998, 28.35298710294143, 28.413259813168764, 28.198100218845433]
translation,[0.1579505536533441, 0.15623338914687057, 0.14738359956064429, 0.15416558288985005, 0.15425684778415327, 0.15369496263746374, 0.15429159711775053, 0.155249733685336, 0.15678984022574927, 0.1564615851099731, 0.15858093384231875, 0.16372656938971275, 0.16179483405326067, 0.15938813031031174, 0.15702459982950767, 0.15551047076623892, 0.1534091836655085, 0.15219574466766694, 0.1510691968241833, 0.14747615760581034, 0.14390663411204496, 0.14177047500721862, 0.14181205167320243, 0.13674762545832753, 0.1360431438033718, 0.13405755019280186, 0.13354902747805752, 0.13366065739911104, 0.13314891457830225, 0.13400160531002214, 0.13311724760867172, 0.13250390614922392, 0.13320952835400668, 0.1325646890868022, 0.1332394386679443, 0.13342187295597974]
loss,
[0.10592816770076752, 0.1081332191824913, 0.09265007823705673, 0.09450914710760117, 0.09834472835063934, 0.08212589472532272, 0.09620910882949829, 0.08963900059461594, 0.08894973248243332, 0.094986692070961, 0.0831969603896141, 0.0913267731666565, 0.10444830358028412, 0.09366220235824585, 0.08468721807003021, 0.09372860193252563, 0.08857619017362595, 0.08468412607908249, 0.08873483538627625, 0.09323738515377045, 0.09293069690465927, 0.08467256277799606, 0.08722816407680511, 0.08868473023176193, 0.08677802979946136, 0.08170752227306366, 0.08979078382253647, 0.08821835368871689, 0.08300049602985382, 0.08892333507537842, 0.08415240049362183, 0.08988989889621735, 0.08339344710111618, 0.08195436745882034, 0.07888968288898468, 0.09977179765701294]

2022-04-27 09:05:45.224363