2022-04-27 09:13:42.396455

reference phi, theta, psi, translation: 132.9853677440357, -8.537735924097414e-07, 76.34363348549546, 2.865516185760498, 2.6707684993743896, 0.9517420530319214

phi,theta,psi,rot_x,rot_y,rot_z,phi_err,theta_err,psi_err
143.3552887910292,-3.0579185397180266,69.36864430507845,2.3124754428863525,2.981729030609131,1.6183615922927856,10.369921046993511,3.0579176859444344,6.974989180417012
143.28407723874267,-3.5968129813756007,69.27361588315605,2.3427960872650146,2.957409143447876,1.6076780557632446,10.29870949470697,3.5968121276020084,7.070017602339405
144.18124990698053,-6.988242392300641,70.41173713474444,2.4245765209198,2.947766065597534,1.4703917503356934,11.195882162944827,6.988241538527049,5.931896350751018
146.59176026886144,-11.631129764059523,73.544813208921,2.42358136177063,3.089120388031006,1.150849461555481,13.606392524825736,11.63112891028593,2.7988202765744603
146.3374586656835,-11.51099605503766,74.9798564441082,2.438692092895508,3.0938034057617188,1.086262583732605,13.3520909216478,11.510995201264068,1.3637770413872659
144.24112334524486,-11.074685251516277,76.02365961344788,2.5414516925811768,3.0421833992004395,1.0140982866287231,11.25575560120916,11.074684397742685,0.31997387204758354
143.25422931206973,-10.219863131447903,76.06601361649112,2.5692553520202637,3.0249369144439697,1.0126922130584717,10.268861568034026,10.219862277674311,0.2776198690043401
143.2265124044178,-11.729186846720763,75.04493448652006,2.585052490234375,2.9846367835998535,1.0683869123458862,10.241144660382105,11.729185992947171,1.2986989989753965
142.43121883783985,-11.65759918177659,75.54479505073829,2.6291182041168213,2.9636762142181396,1.040750503540039,9.445851093804151,11.657598328002997,0.7988384347571724
141.59256723041068,-11.400311974483726,76.07407323971174,2.6700448989868164,2.9396138191223145,1.0084562301635742,8.60719948637498,11.400311120710134,0.2695602457837225
141.52601386713806,-11.224180644620619,75.5444262205231,2.6637680530548096,2.928659439086914,1.0518546104431152,8.540646123102363,11.224179790847026,0.7992072649723525
140.8181467219363,-11.44200274780278,74.88066160679209,2.7036213874816895,2.871619462966919,1.0935324430465698,7.8327789779006025,11.442001894029188,1.462971878703371
140.4838909243342,-10.802220614951167,74.73900348340602,2.7092878818511963,2.8627569675445557,1.1007390022277832,7.498523180298491,10.802219761177575,1.6046300020894364
140.83351464756882,-10.851802672620353,75.55044361718188,2.6967320442199707,2.892681121826172,1.0422838926315308,7.84814690353312,10.851801818846761,0.7931898683135756
140.88509623618074,-11.013703387901908,75.69919147692642,2.687584638595581,2.8906900882720947,1.0307163000106812,7.899728492145044,11.013702534128315,0.6444420085690439
140.77410566216804,-10.836690799314004,75.73572615879682,2.6845436096191406,2.8820157051086426,1.0283559560775757,7.788737918132341,10.836689945540412,0.607907326698637
140.42762382595163,-10.62348501208472,75.49064531099842,2.6993236541748047,2.866304874420166,1.047594428062439,7.442256081915929,10.623484158311127,0.8529881744970425
139.865635861043,-10.734777877756523,74.94302123391431,2.7290170192718506,2.8221631050109863,1.0819861888885498,6.88026811700729,10.73477702398293,1.4006122515811512
139.1207627509181,-10.205802087765012,74.14804868622736,2.753786087036133,2.7683613300323486,1.1395103931427002,6.135395006882391,10.20580123399142,2.1955847992681043
139.19663249221858,-10.086428176545315,74.19678208595539,2.7440409660339355,2.7762491703033447,1.1323667764663696,6.211264748182884,10.086427322771723,2.1468513995400684
139.1324013932638,-10.54449164076027,74.41168715800067,2.753403425216675,2.767406463623047,1.1174989938735962,6.147033649228092,10.544490786986678,1.931946327494785
139.1464032810623,-10.48954131361704,74.57440958478706,2.7430524826049805,2.777125120162964,1.1067999601364136,6.161035537026606,10.489540459843449,1.769223900708397
138.95716605991794,-10.435374965860438,74.48104089883299,2.7503347396850586,2.762885808944702,1.110939860343933,5.971798315882239,10.435374112086846,1.8625925866624726
138.53710942596214,-10.61617285445476,74.9673230469812,2.7712533473968506,2.7567782402038574,1.0742475986480713,5.551741681926444,10.616172000681168,1.3763104385142526
138.37076699891566,-10.626653063744236,75.55075097569453,2.771195411682129,2.773979902267456,1.0309462547302246,5.385399254879957,10.626652209970644,0.7928825098009327
138.21572170475636,-10.491462096687343,76.03792104843487,2.7678937911987305,2.790048122406006,0.9991793036460876,5.230353960720663,10.49146124291375,0.3057124370605919
137.49702187953093,-10.575884130039361,76.79939834843208,2.8064470291137695,2.768254280090332,0.945228636264801,4.511654135495235,10.575883276265769,0.45576486293661844
137.29875514830383,-10.136653448565928,76.98632696563698,2.8074326515197754,2.7635951042175293,0.9453284740447998,4.313387404268127,10.136652594792336,0.6426934801415172
136.8743818347926,-9.763596675351154,77.37288835190303,2.8219213485717773,2.7558116912841797,0.9154393076896667,3.8890140907568878,9.763595821577562,1.0292548664075696
136.94144063206377,-9.72951094092301,77.59065527321054,2.817291498184204,2.7595574855804443,0.8979451060295105,3.956072888028075,9.729510087149418,1.2470217877150844
136.83234885064033,-9.443077108165223,77.84947163142984,2.8185930252075195,2.7611100673675537,0.8789491057395935,3.8469811066046304,9.443076254391631,1.5058381459343764
136.84992975756393,-8.904065611563244,77.98030390498143,2.8020682334899902,2.785189390182495,0.8708834648132324,3.8645620135282286,8.904064757789651,1.6366704194859665
136.33396360728284,-8.368583504889981,78.27662483193326,2.8200266361236572,2.7696309089660645,0.8500781059265137,3.348595863247141,8.36858265111639,1.9329913464378023
135.9254909741594,-7.798429178792604,78.61743761113856,2.8349287509918213,2.756969690322876,0.8303626179695129,2.940123230123703,7.798428325019012,2.273804125643096
135.84981247815566,-7.295684127197289,78.27252671843125,2.824122190475464,2.753865957260132,0.8625783324241638,2.8644447341199566,7.2956832734236965,1.928893232935792
135.30315145774452,-7.13051934794714,78.25004856587275,2.8492894172668457,2.720623016357422,0.8594300150871277,2.3177837137088204,7.130518494173548,1.9064150803772861

Errors:
rotation,[20.402827913354958, 20.96553922464838, 24.116020052222893, 28.036341711686127, 26.226863164299132, 22.65041387099943, 20.766343714712676, 23.269029652304674, 21.90228785656432, 20.27707085286884, 20.56403317892174, 20.737752750633163, 19.905372943565503, 19.493138590693455, 19.5578730348424, 19.233335190371392, 18.9187284147241, 19.01565739257137, 18.536781040141914, 18.444543470494676, 18.623470763709555, 18.41979989757845, 18.26976501463156, 17.544224121121864, 16.804933974651533, 16.027527640695006, 15.543302274697622, 15.09273347920198, 14.68186477874202, 14.932604762892577, 14.795895506930638, 14.405297190803847, 13.650169860801332, 13.012355680785811, 12.089021240479445, 11.354717288259653]
translation,[0.07464079787699607, 0.07004056273064041, 0.059096994232519684, 0.06043140813505676, 0.055288225244458644, 0.06060077803419617, 0.06482786266084162, 0.05934828302645467, 0.06506454361324732, 0.06612054557277691, 0.06510160560855915, 0.06174051325638974, 0.06121083614687439, 0.058653904362007125, 0.048279923662728486, 0.03953502281530774, 0.04312020779734915, 0.04107351139022075, 0.03650506664561348, 0.03329906456962295, 0.029483472803311983, 0.026181402549601884, 0.02251963324061812, 0.022718552540796466, 0.023169876877680906, 0.02398684799620554, 0.022614277043727427, 0.020140259280661432, 0.01803980304157715, 0.0134469986353567, 0.01124006643861808, 0.014523608309231939, 0.011894507177191649, 0.009564711053278607, 0.006628537176023741, 0.0010987245375497778]
loss,
[0.12763136625289917, 0.11617845296859741, 0.10387291759252548, 0.07701437920331955, 0.06615784764289856, 0.06852861493825912, 0.0694112703204155, 0.06139087677001953, 0.06998904049396515, 0.06401919573545456, 0.06659050285816193, 0.06646217405796051, 0.06836230307817459, 0.05731187015771866, 0.06876017153263092, 0.05693723261356354, 0.06329952925443649, 0.06817744672298431, 0.05886883661150932, 0.06834643334150314, 0.06647906452417374, 0.06041058897972107, 0.07009537518024445, 0.06358790397644043, 0.07016502320766449, 0.07419328391551971, 0.06211773678660393, 0.06092717498540878, 0.06749176979064941, 0.05302126705646515, 0.0605417862534523, 0.05269530415534973, 0.05738711357116699, 0.061796560883522034, 0.06720920652151108, 0.05949099361896515]

2022-04-27 09:16:14.230574