2022-04-21 16:25:06.499910

reference phi, theta, psi, translation: 16.672973292337613, -0.0, 55.56417970941693, 0.9538894295692444, -3.184936285018921, 2.279534101486206

phi,theta,psi,rot_x,rot_y,rot_z,phi_err,theta_err,psi_err
26.607018987257597,-4.879078348390559,61.415046110949504,1.4386786222457886,-3.2383759021759033,2.121750593185425,9.934045694919984,4.879078348390559,5.850866401532571
26.26630012315339,-4.937252538839491,61.534991062964096,1.4256596565246582,-3.2564613819122314,2.1083881855010986,9.593326830815776,4.937252538839491,5.9708113535471625
24.026319094280197,-4.059642489118642,61.28918621511368,1.3644545078277588,-3.339510679244995,2.050405979156494,7.353345801942584,4.059642489118642,5.725006505696747
18.71633025047906,1.607233084128457,58.09405787232756,1.165507435798645,-3.2985565662384033,2.189776659011841,2.043356958141448,1.607233084128457,2.5298781629106273
17.82834247912758,1.2533319320273681,54.51290772821984,1.0640617609024048,-3.1546051502227783,2.3728065490722656,1.1553691867899687,1.2533319320273681,1.0512719811970967
16.368048034578855,0.030571393755471896,55.54110050021146,0.9458990693092346,-3.2089145183563232,2.2975072860717773,0.30492525775875734,0.030571393755471896,0.02307920920546991
16.46308840933229,-0.07829057391966408,55.495549968636645,0.9416217803955078,-3.184433937072754,2.2829737663269043,0.20988488300532282,0.07829057391966408,0.06862974078028827
16.77874560182443,0.04993439970331117,55.5425963116397,0.9616838693618774,-3.173283100128174,2.2763755321502686,0.1057723094868166,0.04993439970331117,0.021583397777234836
16.66840218823558,0.004532599513978929,55.56419336979528,0.9554956555366516,-3.179720163345337,2.2757203578948975,0.004571104102033985,0.004532599513978929,1.3660378343161028e-05
16.732923570230106,-0.0029394571343460724,55.57221201188087,0.9590200781822205,-3.1797397136688232,2.2764644622802734,0.05995027789249363,0.0029394571343460724,0.008032302463938379
16.719246116417153,0.007817063617128233,55.57971838977871,0.9587843418121338,-3.179711103439331,2.275672435760498,0.0462728240795407,0.007817063617128233,0.015538680361778745
16.759180524946927,0.013510697097479237,55.54449510422896,0.9601810574531555,-3.1765146255493164,2.27718186378479,0.08620723260931484,0.013510697097479237,0.01968460518797599
16.69757221863341,0.07405960282540625,55.50673440340255,0.9585095047950745,-3.176079750061035,2.2791972160339355,0.024598926295798407,0.07405960282540625,0.05744530601438669
16.688993501035878,0.02404173371230486,55.55204587835641,0.9575772285461426,-3.178884983062744,2.278003692626953,0.016020208698265037,0.02404173371230486,0.012133831060523903
16.648697092480095,0.0512279986985979,55.55433399172836,0.9558314085006714,-3.1794872283935547,2.2770533561706543,0.02427619985751761,0.0512279986985979,0.009845717688570232
16.688404397219962,0.034725286623465516,55.56082267143987,0.9571110010147095,-3.1791512966156006,2.2765963077545166,0.015431104882349445,0.034725286623465516,0.003357037977060884
16.715646606724558,-0.004596630312761471,55.590680843396584,0.9570427536964417,-3.179615020751953,2.275160789489746,0.04267331438694555,0.004596630312761471,0.02650113397965015
16.705167388990468,0.006806351004121944,55.57111918161367,0.9571331739425659,-3.1795549392700195,2.276444435119629,0.03219409665285511,0.006806351004121944,0.006939472196734187
16.714745021754116,0.04535029279938066,55.546028481697626,0.9594704508781433,-3.177966833114624,2.2783570289611816,0.04177172941650298,0.04535029279938066,0.018151227719307883
16.67902996258412,0.005115008001084162,55.57872459725448,0.9556342363357544,-3.1799356937408447,2.275986433029175,0.0060566702465081335,0.005115008001084162,0.014544887837544707
16.716946050214155,0.017406603394205133,55.54832001016417,0.958274245262146,-3.1781444549560547,2.2778232097625732,0.04397275787654209,0.017406603394205133,0.01585969925276487
16.69760466203197,0.05200139937864758,55.511430158456925,0.9583179950714111,-3.176349639892578,2.279386043548584,0.024631369694358085,0.05200139937864758,0.05274955096000866
16.700529690544027,0.027807896466931856,55.56257461496198,0.9575539231300354,-3.1781630516052246,2.2760872840881348,0.0275563982064142,0.027807896466931856,0.0016050944549519386
16.696021765691818,0.05571918508498589,55.53607006588775,0.9586237668991089,-3.177165985107422,2.2784781455993652,0.0230484733542049,0.05571918508498589,0.028109643529184325
16.736987532786262,0.009131781033182107,55.55639329376312,0.9590858817100525,-3.178529739379883,2.277846574783325,0.06401424044864967,0.009131781033182107,0.007786415653811218
16.68825754815281,0.04300483704775328,55.55556684087355,0.9573631286621094,-3.1785972118377686,2.2765464782714844,0.01528425581519599,0.04300483704775328,0.008612868543380614
16.697220463891156,0.05534042961397522,55.54825512336705,0.9586959481239319,-3.178133964538574,2.2775566577911377,0.024247171553543723,0.05534042961397522,0.015924586049884226
16.69091278419265,0.011859002131977643,55.60781778802415,0.957473874092102,-3.1813080310821533,2.2742109298706055,0.017939491855038625,0.011859002131977643,0.04363807860721636
16.711980502687553,0.0382351838301061,55.55445010494425,0.9591095447540283,-3.178804874420166,2.2776947021484375,0.039007210349939925,0.0382351838301061,0.009729604472681785
16.675681462343523,0.05263845891391194,55.50590795051297,0.9569152593612671,-3.1770076751708984,2.2800939083099365,0.002708170005909949,0.05263845891391194,0.05827175890396319
16.672409801731085,0.014681061793994277,55.554453520038834,0.9558917284011841,-3.179487943649292,2.2774431705474854,0.0005634906065274947,0.014681061793994277,0.009726189378099548
16.691688010663444,0.02762893146354631,55.570268823062,0.9577531218528748,-3.1801211833953857,2.276653289794922,0.018714718325831825,0.02762893146354631,0.006089113645067812
16.671243546930306,0.01918975811029613,55.5350796884581,0.9559725522994995,-3.1790988445281982,2.278671979904175,0.0017297454073066376,0.01918975811029613,0.029100020958836126
16.7163893897968,0.014070865870863494,55.56465782265884,0.9583967924118042,-3.1790847778320312,2.277343511581421,0.043416097459186176,0.014070865870863494,0.0004781132419040546
16.68498417999308,0.008402025459330251,55.59383639079313,0.9566948413848877,-3.180803060531616,2.2756755352020264,0.012010887655467428,0.008402025459330251,0.029656681376195593
16.69806228470636,0.018193127194188585,55.549535783836426,0.9574625492095947,-3.1787869930267334,2.2779524326324463,0.025088992368747398,0.018193127194188585,0.014643925580507755

Errors:
rotation,[20.663990444843115, 20.50139072320243, 17.137994796757972, 6.180468205180532, 3.459973100014434, 0.35857586071969916, 0.3568051977052752, 0.1772901069673626, 0.009117363994356075, 0.07092203749077808, 0.06962856805844768, 0.11940253489477007, 0.15610383513559134, 0.052195773471093804, 0.08534991624468574, 0.053513429482875845, 0.07377107867935717, 0.045939919853711236, 0.10527324993519152, 0.025716566085137, 0.07723906052351209, 0.12938232003301434, 0.05696938912829799, 0.10687730196837511, 0.08093243713564299, 0.06690196140632988, 0.09551218721740318, 0.07343657259423263, 0.08697199865272781, 0.11361838782378508, 0.024970741778621318, 0.052432763434445945, 0.0500195244764389, 0.057965076571953725, 0.05006959449099327, 0.05792604514344374]
translation,[0.09908907901583852, 0.1019507316678041, 0.11835693250313373, 0.09609839351140348, 0.057143634160934376, 0.02724484722383913, 0.0013347861978649789, 0.009133454212714831, 0.005896519512145204, 0.004622360850074614, 0.005148838569922098, 0.006486012142413067, 0.006086874908953099, 0.004770121583010045, 0.005247007973404827, 0.005466782011657401, 0.005928354029670402, 0.005228616163878819, 0.004844285788320413, 0.005542935447752306, 0.0052910262976961775, 0.005812582651740783, 0.006429715254134827, 0.0056095312676340825, 0.004780386071923104, 0.00587256435962491, 0.005349714345454615, 0.005024993434501468, 0.004643458647713317, 0.005226129550570668, 0.005011628976502536, 0.004515895228636602, 0.004604433318457168, 0.004790835352349809, 0.004781600563760868, 0.00490376095940892]
loss,
[0.22633859515190125, 0.22072136402130127, 0.16038787364959717, 0.04728800058364868, 0.016425343230366707, 0.006537781562656164, 0.0021525570191442966, 0.0020424462854862213, 0.0020661624148488045, 0.0016628140583634377, 0.0016362126916646957, 0.0018906010081991553, 0.0018726862035691738, 0.0013936487957835197, 0.0019075790187343955, 0.0016266456805169582, 0.0015501966699957848, 0.0016147730639204383, 0.0017144799930974841, 0.0021903282031416893, 0.0013871509581804276, 0.0016635123174637556, 0.0017977093812078238, 0.0017739966278895736, 0.0017522741109132767, 0.0017864753026515245, 0.002083921106532216, 0.0016604441916570067, 0.0019381268648430705, 0.0015357991214841604, 0.00176078116055578, 0.0018824688158929348, 0.0019346311455592513, 0.0018143111374229193, 0.001641647657379508, 0.001994070364162326]

2022-04-21 16:36:52.332223