2022-04-27 23:47:53.282292

reference phi, theta, psi, translation: 175.36684180812657, -0.0, 39.4597479484966, 0.2069414258003235, 2.553555727005005, 3.112318754196167

phi,theta,psi,rot_x,rot_y,rot_z,phi_err,theta_err,psi_err
-174.60268024378553,2.426304892454245,32.24175771288345,-0.3459881842136383,2.1274664402008057,3.6064906120300293,10.030477948087878,2.426304892454245,7.217990235613151
-175.39354784778132,2.7430744844661277,32.44825823715503,-0.34183263778686523,2.1596693992614746,3.579357147216797,9.239610344092114,2.7430744844661277,7.011489711341568
-179.36438760479496,3.925577478241037,35.37330382468592,-0.29740050435066223,2.394353151321411,3.3948264122009277,5.268770587078507,3.925577478241037,4.086444123810679
177.28071545507748,4.358871552965169,40.26358608172623,-0.1236094981431961,2.665698289871216,3.1589860916137695,1.9138736469509183,4.358871552965169,0.8038381332296325
177.14243144514143,2.1930915819296537,40.72089798250985,0.009793192148208618,2.677262783050537,3.1268510818481445,1.7755896370148605,2.1930915819296537,1.261150034013248
175.32635244672673,0.09640517330683969,40.471319455142996,0.20957337319850922,2.6332051753997803,3.1125266551971436,0.04048936139983539,0.09640517330683969,1.0115715066463977
174.97360049685224,-0.3934085806734382,39.46237415623247,0.24693022668361664,2.5544700622558594,3.1223483085632324,0.3932413112743234,0.3934085806734382,0.002626207735872299
175.4280129823332,0.08431548004791131,39.45995968436087,0.2006237804889679,2.5484633445739746,3.1063954830169678,0.06117117420663476,0.08431548004791131,0.00021173586426925795
175.29377244438578,0.05424098623031163,39.52599395325655,0.20783984661102295,2.5530924797058105,3.1046226024627686,0.07306936374078532,0.05424098623031163,0.06624600475995379
175.26011327215593,0.014874811089002786,39.5408564448905,0.21136079728603363,2.5553131103515625,3.1064391136169434,0.10672853597063181,0.014874811089002786,0.08110849639390239
175.27388293352269,0.039192154816657124,39.548721407719775,0.21053092181682587,2.554300546646118,3.1041007041931152,0.0929588746038803,0.039192154816657124,0.08897345922317612
175.28912791575016,0.06942172556201542,39.50745340475456,0.20835836231708527,2.5517725944519043,3.1069180965423584,0.07771389237640847,0.06942172556201542,0.04770545625795819
175.23898066686394,-0.01164131328662683,39.48379362946963,0.21444588899612427,2.551394462585449,3.110106945037842,0.1278611412626276,0.01164131328662683,0.024045680973031835
175.23277885509756,0.06266663060142295,39.55548329499808,0.21030451357364655,2.5568716526031494,3.106297254562378,0.13406295302900162,0.06266663060142295,0.09573534650148474
175.19078685208032,-0.061211774200971424,39.59976341138728,0.21995913982391357,2.5563652515411377,3.100635528564453,0.17605495604624366,0.061211774200971424,0.14001546289068045
175.32581969197147,0.034301533451851815,39.444397098337,0.20784759521484375,2.549928903579712,3.111588954925537,0.04102211615509077,0.034301533451851815,0.01535085015959936
175.30259704879342,-0.0076837080184401375,39.433755663610114,0.2110486626625061,2.5497684478759766,3.112802743911743,0.06424475933314966,0.0076837080184401375,0.02599228488648464
175.16572005782638,-0.07287802757768268,39.552078445696836,0.22050689160823822,2.554614543914795,3.1053202152252197,0.20112175030018875,0.07287802757768268,0.092330497200237
175.29822572772463,0.04016778305878925,39.62819065871287,0.2093067765235901,2.560265302658081,3.1020774841308594,0.068616080401938,0.04016778305878925,0.16844271021626867
175.20469311723045,0.017175119155319794,39.54392319982784,0.21450529992580414,2.553941249847412,3.1041922569274902,0.1621486908961174,0.017175119155319794,0.0841752513312386
175.29688701064728,0.058409188320662726,39.50511748005841,0.20803223550319672,2.5520896911621094,3.1073012351989746,0.06995479747928357,0.058409188320662726,0.04536953156181056
175.22063477875326,-0.009986650983955984,39.60601644957242,0.21569252014160156,2.557651996612549,3.102553367614746,0.14620702937330066,0.009986650983955984,0.14626850107582356
175.31597055918832,0.05066342534430277,39.48606466736866,0.2074604034423828,2.551665782928467,3.109123706817627,0.050871248938250346,0.05066342534430277,0.026316718872060108
175.2742244429812,0.054122220577848115,39.53083997247268,0.20950961112976074,2.5533037185668945,3.1065125465393066,0.09261736514537233,0.054122220577848115,0.07109202397607817
175.275180669465,0.010810664600697054,39.5521091815481,0.21192221343517303,2.5546936988830566,3.105664014816284,0.09166113866157843,0.010810664600697054,0.09236123305149846
175.2421088935038,0.03802844060872609,39.52665648160605,0.21138420701026917,2.5541675090789795,3.1068778038024902,0.12473291462276848,0.03802844060872609,0.06690853310944789
175.23234172299067,-0.05003647231369309,39.57046873003709,0.21737168729305267,2.555680990219116,3.1048338413238525,0.1345000851358975,0.05003647231369309,0.11072078154049336
175.25429395098308,0.03609766299727371,39.502241970417835,0.21074900031089783,2.551954507827759,3.1074323654174805,0.11254785714348259,0.03609766299727371,0.04249402192123597
175.26500368760168,0.04768577386302568,39.49515223405936,0.20963096618652344,2.55229115486145,3.107834815979004,0.10183812052488861,0.04768577386302568,0.03540428556276254
175.31956323869173,0.03049773920143466,39.49290851691701,0.20802505314350128,2.5513861179351807,3.1076266765594482,0.047278569434837436,0.03049773920143466,0.03316056842041348
175.2978432371311,0.03483836920581726,39.52091570760865,0.20906773209571838,2.55303955078125,3.1055002212524414,0.06899857099546125,0.03483836920581726,0.06116775911205252
175.28445606635788,0.03499175443263174,39.46941608126675,0.20959874987602234,2.5503175258636475,3.1087517738342285,0.08238574176868951,0.03499175443263174,0.009668132770151772
175.24993629029262,0.02894704803243152,39.53731157671127,0.2114240974187851,2.5540716648101807,3.105267286300659,0.11690551783394199,0.02894704803243152,0.07756362821466922
175.2937861047641,0.07103126944204952,39.47901249705062,0.20751097798347473,2.551605701446533,3.1083459854125977,0.07305570336245637,0.07103126944204952,0.01926454855401971
175.2991682938301,0.0505385793764987,39.50719044247151,0.20806586742401123,2.552705764770508,3.106968402862549,0.06767351429647306,0.0505385793764987,0.047442493974912736
175.31424935151747,0.02184453129243906,39.462913741176905,0.20869719982147217,2.5504343509674072,3.109248638153076,0.05259245660909073,0.02184453129243906,0.0031657926803063674

Errors:
rotation,[19.674773076155276, 18.99417453989981, 13.280792189130223, 7.07658333314572, 5.229831252957762, 1.1484660413530727, 0.7892760996836339, 0.14569839011881533, 0.19355635473105073, 0.202711843453537, 0.22112448864371353, 0.19484107419638208, 0.16354813552228625, 0.29246493013190933, 0.37728219313789557, 0.09067449976654195, 0.09792075223807443, 0.36633027507810845, 0.27722657367699594, 0.26349906138267576, 0.17373351736175685, 0.30246218143308023, 0.12785139315461322, 0.2178316096992986, 0.19483303631377397, 0.22966988834094246, 0.295257338990084, 0.19113954206199227, 0.18492817995067684, 0.11093687705668558, 0.16500469931333103, 0.12704562897147303, 0.22341619408104274, 0.1633515213585256, 0.1656545876478845, 0.07760278058183616]
translation,[0.170370405351016, 0.16325063135925255, 0.13375057453259753, 0.1041365568486814, 0.08530525985570847, 0.05121273896150136, 0.010572644321613645, 0.0081189830665922, 0.006186578590913427, 0.0031935702338294902, 0.00568279942189065, 0.005225620625221694, 0.002684221433622902, 0.0023693085450950946, 0.006538662646322635, 0.0028135652450291815, 0.0018110701306728316, 0.004009213201146444, 0.0035175682297357014, 0.005630350181094812, 0.004745815344871396, 0.004474584896571265, 0.0036372629383256694, 0.004508116560507425, 0.004154791807494895, 0.0035806121803894086, 0.003878034714682954, 0.004589016650469624, 0.004123424457163516, 0.004940916094223979, 0.005479577973231287, 0.004667763295835847, 0.004881551327943434, 0.004273079124389234, 0.0046103841517730615, 0.004256966461761991]
loss,
[0.11118544638156891, 0.09704460948705673, 0.0640481635928154, 0.025133540853857994, 0.017446046695113182, 0.008781986311078072, 0.0022167651914060116, 0.0012425389140844345, 0.0011885600397363305, 0.0012032513041049242, 0.0011401872616261244, 0.0015930936206132174, 0.0012958328006789088, 0.001000665477477014, 0.0012707647401839495, 0.0014860283117741346, 0.0015150130493566394, 0.0014512826455757022, 0.0011918200179934502, 0.0013351950328797102, 0.0007782805478200316, 0.0011190513614565134, 0.0009665521793067455, 0.0008015439379960299, 0.0011734525905922055, 0.0012491790112107992, 0.0015143284108489752, 0.000980720273219049, 0.0011213745456188917, 0.0008644258487038314, 0.0012989237438887358, 0.0010415498400107026, 0.0008565361495129764, 0.0011045217979699373, 0.0010162054095417261, 0.0013422283809632063]

2022-04-28 00:18:20.366642