2022-04-28 00:18:25.549956

reference phi, theta, psi, translation: -139.02455270626928, -8.537736090602699e-07, 56.38966954231551, -2.2014424800872803, 2.5346622467041016, 2.231398344039917

phi,theta,psi,rot_x,rot_y,rot_z,phi_err,theta_err,psi_err
-129.04008655489625,6.852725648450977,53.065809209147574,-2.6847352981567383,1.8050535917282104,2.604990243911743,9.984466151373027,6.852726502224586,3.3238603331679357
-128.68483475578554,5.3345345174005505,52.81381962500371,-2.664125442504883,1.8144768476486206,2.6080853939056396,10.339717950483731,5.33453537117416,3.5758499173117997
-127.12767456842771,3.5334637899388013,52.58787013707052,-2.7030375003814697,1.769024133682251,2.5837595462799072,11.896878137841568,3.5334646437124104,3.801799405244992
-125.63261446100361,6.278578446452064,52.45357495760973,-2.8479738235473633,1.6129984855651855,2.5229058265686035,13.391938245265663,6.278579300225673,3.9360945847057778
-124.51434856933245,5.965838917722775,52.306305833820495,-2.855443239212036,1.590019702911377,2.511953830718994,14.51020413693682,5.965839771496384,4.083363708495014
-124.67141559948607,5.224163803358082,53.05577907635141,-2.8506579399108887,1.6362773180007935,2.46376371383667,14.353137106783208,5.224164657131691,3.333890465964096
-124.51343332398366,4.77135430772767,53.735881502577094,-2.8533334732055664,1.6643123626708984,2.4296531677246094,14.511119382285614,4.771355161501279,2.6537880397384157
-124.74072835918335,4.683513488141421,54.36141071733437,-2.866638660430908,1.6845542192459106,2.3846774101257324,14.283824347085925,4.68351434191503,2.028258824981137
-125.28755330413458,5.183068941943589,54.53785157906872,-2.857949733734131,1.7121199369430542,2.3718101978302,13.7369994021347,5.1830697957171985,1.8518179632467877
-126.1214101187664,4.35401435003291,55.17152920950583,-2.8257577419281006,1.8033583164215088,2.335226058959961,12.90314258750287,4.354015203806519,1.218140332809682
-127.20077125292518,4.196385108140285,56.30985536676932,-2.8076555728912354,1.9054973125457764,2.262097120285034,11.823781453344097,4.196385961913895,0.07981417554618986
-129.91011605137248,4.09340466223081,57.62551372545386,-2.7392053604125977,2.0870375633239746,2.173628091812134,9.114436654896792,4.093405516004419,1.2358441831383473
-133.75813534673094,4.045824555995885,57.961668315645205,-2.592074155807495,2.265185594558716,2.1460962295532227,5.2664173595383375,4.045825409769495,1.571998773329696
-136.7836359414798,1.5495675123045902,57.176951296997025,-2.3686020374298096,2.431912660598755,2.1886281967163086,2.240916764789489,1.5495683660781994,0.7872817546815156
-139.6808655836158,-0.4081701525848451,56.19657326429007,-2.150885820388794,2.557591199874878,2.2381019592285156,0.6563128773465223,0.4081692988112361,0.19309627802543616
-138.90509269768575,0.03759495592287732,56.159591205029045,-2.1962761878967285,2.5156259536743164,2.239769458770752,0.11946000858353045,0.03759580969648638,0.23007833728646432
-139.1259536946873,-0.25872717440057863,56.224771700278474,-2.180025577545166,2.534113645553589,2.2363686561584473,0.10140098841802114,0.2587263206269696,0.1648978420370355
-139.10561339133898,-0.015006550121395106,56.221728851003235,-2.1899502277374268,2.5277018547058105,2.237600088119507,0.08106068506970132,0.015005696347786045,0.16794069131227474
-139.1195059961108,-0.06509513732658284,56.232103908352485,-2.186555862426758,2.530080795288086,2.236288070678711,0.09495328984152707,0.06509428355297378,0.15756563396302425
-139.10150161745864,0.021240473613003283,56.22814581372846,-2.18965220451355,2.526909589767456,2.2364983558654785,0.07694891118936198,0.021241327386612344,0.16152372858704922
-139.08523210685567,-0.056154256003516936,56.20235501942249,-2.1883392333984375,2.5263965129852295,2.2377378940582275,0.06067940058639465,0.056153402229907876,0.18731452289301842
-139.10758048581997,-0.08626264582469433,56.14448624167956,-2.184278726577759,2.526366949081421,2.240802764892578,0.08302777955069018,0.08626179205108526,0.24518330063595073
-139.11982018481262,-0.035220666903307,56.226496323043904,-2.187418222427368,2.5294220447540283,2.2362451553344727,0.09526747854334872,0.03521981312969794,0.16317321927160577
-139.13212818569698,-0.030049000245526567,56.32121738645364,-2.1898081302642822,2.532191514968872,2.2311675548553467,0.10757547942770884,0.030048146471917506,0.06845215586186981
-139.14726388489774,-0.08889897730426806,56.18450773512125,-2.183434247970581,2.529966115951538,2.239560604095459,0.12271117862846381,0.088898123530659,0.20516180719425847
-139.16730365992254,-0.03770212652904407,56.24350007898265,-2.185325860977173,2.530787706375122,2.2349894046783447,0.1427509536532625,0.03770127275543501,0.14616946333286052
-139.14774199813962,-0.09015967008593087,56.28482613855581,-2.1859591007232666,2.532850503921509,2.2316033840179443,0.12318929187034655,0.09015881631232181,0.10484340375970191
-139.13719618606112,-0.06521802899314476,56.244316286588464,-2.1864888668060303,2.5307905673980713,2.2352919578552246,0.11264347979184208,0.0652171752195357,0.14535325572704494
-139.13313905369415,-0.023688622377609877,56.25100987197508,-2.1879806518554688,2.529292583465576,2.235445737838745,0.10858634742487538,0.023687768604000816,0.1386596703404308
-139.11803067525008,-0.04688673212687698,56.23515700291148,-2.1877992153167725,2.528817892074585,2.235764741897583,0.09347796898080674,0.04688587835326792,0.1545125394040312
-139.15399845141937,-0.014623138613397315,56.30998855545814,-2.189378023147583,2.532606601715088,2.2317311763763428,0.12944574515009322,0.014622284839788254,0.07968098685736891
-139.19788924702587,-0.08442203075120282,56.26861468456079,-2.184451103210449,2.5348868370056152,2.233647584915161,0.1733365407565941,0.08442117697759376,0.12105485775472147
-139.1191371658956,-0.021947073304723907,56.28411579888213,-2.1904313564300537,2.530843496322632,2.233790159225464,0.09458445962633277,0.021946219531114846,0.10555374343338286
-139.10085957967667,-0.06936195529176836,56.273307024520584,-2.1892249584198,2.5309910774230957,2.2347917556762695,0.07630687340738973,0.0693611015181593,0.11636251779492568
-139.06329353924158,-0.07792541785780764,56.27015489221862,-2.190364360809326,2.5301852226257324,2.2345798015594482,0.03874083297230868,0.07792456408419858,0.11951465009688889
-139.1312129403482,-0.0965034300064269,56.20048013249532,-2.1845197677612305,2.5308563709259033,2.238182783126831,0.10666023407893022,0.09650257623281784,0.1891894098201874

Errors:
rotation,[20.161052986765547, 19.25010323896969, 19.23214218679897, 23.606612130197114, 24.55940761692822, 22.911192229878996, 21.93626258352531, 20.99559751398209, 20.771887161098686, 18.47529812411907, 16.09998159080418, 14.44368635403956, 10.884241542637529, 4.577766885549204, 1.2575784541831947, 0.3871341555664811, 0.5250251510820263, 0.2640070727297621, 0.3176132073575251, 0.25971396716302353, 0.30414732570932096, 0.41447287223772616, 0.2936605109446524, 0.20607578176149616, 0.4167711093533813, 0.32662168974155803, 0.3181915119423703, 0.3232139107384227, 0.270933786369307, 0.29487638673810584, 0.22374901684725038, 0.37881257548890934, 0.2220844225908305, 0.26203049272047474, 0.23618004715339613, 0.39235222013193544]
translation,[0.12242333873291766, 0.11519476861214883, 0.10549671106136227, 0.1013972962773142, 0.09096167820949574, 0.0766424822584586, 0.06943959776921549, 0.060573241793728805, 0.05845725428633308, 0.05424607908713153, 0.046975211673413675, 0.04117153326595524, 0.02542668001622239, 0.008000724618677069, 0.009104176220346538, 0.010112834184747399, 0.009240264750726368, 0.007198885531551014, 0.008279207802755373, 0.008471359500841658, 0.008818772160523736, 0.00933819327369445, 0.008248502100437705, 0.00802535740499355, 0.00822630321213591, 0.009224734907723686, 0.00946227165035296, 0.008422778704875178, 0.0084683509050123, 0.008688190718039834, 0.007685559818980892, 0.007864134528301925, 0.007079105787886064, 0.007086668047445954, 0.0070911113888669774, 0.007843837090847572]
loss,
[0.13951709866523743, 0.12035878747701645, 0.10804717242717743, 0.08303424715995789, 0.07904485613107681, 0.07591621577739716, 0.07637394964694977, 0.07319413125514984, 0.0768638551235199, 0.07443241029977798, 0.06533016264438629, 0.05026289448142052, 0.02858910523355007, 0.01065225899219513, 0.002079804427921772, 0.0012592303100973368, 0.0014648705255240202, 0.0008149986970238388, 0.0012224845122545958, 0.0012954383855685592, 0.0014549677725881338, 0.0006727433647029102, 0.0011191802332177758, 0.0008937117527239025, 0.0012669216375797987, 0.0009449284407310188, 0.0016510965069755912, 0.0008848850848153234, 0.0012082373723387718, 0.0011480774264782667, 0.0008438011864200234, 0.0012972033582627773, 0.0011124067241325974, 0.0008085076115094125, 0.0010668894974514842, 0.0010334773687645793]

2022-04-28 00:48:30.843713