2022-04-21 09:48:26.898629

reference phi, theta, psi, translation: -86.91639066027085, -0.0, 34.793557367935236, -2.296917200088501, -0.12373751401901245, 3.3104169368743896

phi,theta,psi,rot_x,rot_y,rot_z,phi_err,theta_err,psi_err
-76.53055527251121,6.8177051513072,38.18892636661862,-2.336111545562744,-0.9462913274765015,3.345968008041382,10.385835387759641,6.8177051513072,3.395368998683381
-75.99860647957227,5.851658209739014,38.66412311774391,-2.3827919960021973,-0.9202284812927246,3.3163135051727295,10.917784180698575,5.851658209739014,3.8705657498086765
-76.87267944803715,4.454260707988969,39.5027747251731,-2.518977642059326,-0.8247643113136292,3.217749834060669,10.043711212233703,4.454260707988969,4.709217357237861
-80.35432739631612,7.031525152570713,38.95870917664656,-2.4973175525665283,-0.8302030563354492,3.230149507522583,6.562063263954727,7.031525152570713,4.165151808711322
-82.88718010661029,7.026609511099463,38.11863347477543,-2.4788670539855957,-0.709827184677124,3.250624895095825,4.029210553660562,7.026609511099463,3.325076106840193
-84.6967635951243,4.401734498633783,34.875055185111826,-2.3184311389923096,-0.47027283906936646,3.3774755001068115,2.219627065146554,4.401734498633783,0.0814978171765901
-86.510834517923,0.7556463871508713,34.14581637799708,-2.280427932739258,-0.18019811809062958,3.38051700592041,0.405556142347848,0.7556463871508713,0.647740989938157
-87.27838385609236,-0.7388661916769785,34.86236469363394,-2.3011271953582764,-0.06774299591779709,3.3064417839050293,0.3619931958215119,0.7388661916769785,0.06880732569870673
-86.65835977380611,0.4185889693817537,34.95214411517917,-2.2965803146362305,-0.1596696674823761,3.295525312423706,0.2580308864647378,0.4185889693817537,0.1585867472439375
-86.85504873133496,0.14079930319997888,34.80176725531759,-2.2904305458068848,-0.13485762476921082,3.305237293243408,0.061341928935888745,0.14079930319997888,0.00820988738235684
-86.90989515037018,0.16762534655740507,34.88521850659681,-2.2954299449920654,-0.13536694645881653,3.3010153770446777,0.006495509900673824,0.16762534655740507,0.09166113866157133
-86.76275238508059,0.249392816162884,34.874098958628025,-2.2953922748565674,-0.14536863565444946,3.302044630050659,0.15363827519026074,0.249392816162884,0.0805415906927891
-86.85125797634561,0.1651832672277053,34.8130165768806,-2.2927772998809814,-0.1365279108285904,3.305922269821167,0.06513268392524196,0.1651832672277053,0.01945920894536357
-86.82473635179845,0.16240656815120905,34.824945502266026,-2.2922520637512207,-0.13791601359844208,3.3056836128234863,0.09165430847239975,0.16240656815120905,0.031388134330789796
-86.82403284231394,0.14966469488288525,34.867480505322284,-2.2955212593078613,-0.1368357390165329,3.3040871620178223,0.09235781795690912,0.14966469488288525,0.07392313738704814
-86.847296466627,0.19991950062012204,34.86195146718916,-2.295647382736206,-0.13871794939041138,3.3045856952667236,0.06909419364384917,0.19991950062012204,0.06839409925392204
-86.88155669550379,0.12899435051362476,34.847939334106876,-2.2938101291656494,-0.13391536474227905,3.303514242172241,0.03483396476705991,0.12899435051362476,0.05438196617163982
-86.84425020225717,0.1582106066428366,34.79897029285247,-2.290930986404419,-0.13605017960071564,3.304494857788086,0.07214045801367774,0.1582106066428366,0.005412924917230555
-86.8926694132834,0.03833724446983012,34.85878567450886,-2.2946903705596924,-0.1276501566171646,3.3023123741149902,0.023721246987449263,0.03833724446983012,0.06522830657362277
-86.83527533368778,0.23778933032398059,34.8733988642381,-2.295950412750244,-0.14199534058570862,3.30374813079834,0.08111532658307397,0.23778933032398059,0.07984149630286197
-86.80874687895145,0.10901007195474963,34.82970272902294,-2.2930169105529785,-0.13527466356754303,3.305574417114258,0.10764378131939623,0.10901007195474963,0.03614536108770494
-86.85974107129476,0.21698896787629388,34.83359593684985,-2.2933740615844727,-0.13989897072315216,3.3044495582580566,0.05664958897608585,0.21698896787629388,0.04003856891461055
-86.82985216348679,0.13964531381886228,34.851204164530145,-2.2939884662628174,-0.13650642335414886,3.3036510944366455,0.08653849678405834,0.13964531381886228,0.05764679659490923
-86.85965910902472,0.1494461788325956,34.82710725713834,-2.2920515537261963,-0.13534612953662872,3.303812026977539,0.05673155124613061,0.1494461788325956,0.0335498892031012
-86.8265463519285,0.18780490939431993,34.83508491808891,-2.293116569519043,-0.1392558068037033,3.3049075603485107,0.08984430834235013,0.18780490939431993,0.04152755015367404
-86.83807571124748,0.1242401300488545,34.80384021773069,-2.292022705078125,-0.13463766872882843,3.3063886165618896,0.07831494902336544,0.1242401300488545,0.01028284979545191
-86.85409250485117,0.280371733812797,34.854615844020564,-2.2949767112731934,-0.14324557781219482,3.305415630340576,0.062298155419682644,0.280371733812797,0.06105847608532855
-86.78639849998717,0.2168266504450964,34.820488803832596,-2.293022632598877,-0.14240913093090057,3.306471586227417,0.12999216028367755,0.2168266504450964,0.026931435897360245
-86.82078850245819,0.11109362469103441,34.83124976686995,-2.2935240268707275,-0.13495013117790222,3.3049046993255615,0.09560215781266379,0.11109362469103441,0.03769239893471621
-86.85812231646148,0.2017648911085544,34.8416931261109,-2.294477939605713,-0.13888107240200043,3.3049261569976807,0.058268343809373846,0.2017648911085544,0.04813575817566118
-86.87476065727962,0.14579740334543356,34.83654999366588,-2.293875217437744,-0.1349729299545288,3.3043270111083984,0.041630002991226434,0.14579740334543356,0.042992625730640555
-86.85614156160217,0.18787024590262597,34.80133695339988,-2.291213274002075,-0.13846050202846527,3.3061509132385254,0.06024909866867745,0.18787024590262597,0.007779585464646743
-86.83977642835082,0.1324966463963865,34.84878627756396,-2.2947185039520264,-0.13529808819293976,3.304715871810913,0.0766142319200327,0.1324966463963865,0.055228909628723954
-86.86351816590579,0.12215982064519669,34.83894055987538,-2.2937376499176025,-0.13373182713985443,3.3042211532592773,0.052872494365061584,0.12215982064519669,0.04538319194014662
-86.88001307275137,0.18335370652990254,34.804752047984884,-2.2916524410247803,-0.13757991790771484,3.3059210777282715,0.036377587519481835,0.18335370652990254,0.011194680049648298
-86.842877334234,0.09274272202281406,34.86658575054101,-2.2954468727111816,-0.1331421136856079,3.303086996078491,0.07351332603684568,0.09274272202281406,0.07302838260577715

Errors:
rotation,[20.598909537750224, 20.640008140246266, 19.207189277460532, 17.75874022523676, 14.380896171600217, 6.7028593809569275, 1.8089435194368764, 1.1696667131971972, 0.835206603090429, 0.21035111951822447, 0.2657819951196502, 0.48357268204593384, 0.24977516009831083, 0.28544901095439856, 0.3159456502268425, 0.33740779351789324, 0.2182102814523245, 0.2357639895737449, 0.12728679803090215, 0.3987461532099165, 0.2527992143618508, 0.31367712576699025, 0.2838306071978298, 0.2397276192818274, 0.3191767678903441, 0.21283792886767183, 0.4037283653178082, 0.3737502466261342, 0.2443881814384144, 0.3081689930935894, 0.23042003206730055, 0.25589893003595016, 0.2643397879451431, 0.2204155069504049, 0.23092597409903268, 0.2392844306654369]
translation,[0.1579505536533441, 0.15485410841727365, 0.13773171794336658, 0.1353682187676304, 0.11799137270134707, 0.09241576042443889, 0.0506254367404253, 0.0021919348779366743, 0.011145946768417403, 0.007591582637595629, 0.00819145611207972, 0.00701945938687043, 0.005636385167213653, 0.0060842028290784, 0.005568794721065196, 0.005023274417543355, 0.0071128839674363675, 0.007876358038445552, 0.007801198845451829, 0.0054236199382833306, 0.005827876555790645, 0.0063899635022357515, 0.006811820515012279, 0.007822657027715785, 0.006182927800156612, 0.005746758917456241, 0.00456582389858351, 0.004841798914779538, 0.006099783718155116, 0.005404842588100145, 0.006373191032202463, 0.006273156717539585, 0.00556236918178854, 0.006579937271095737, 0.00624211501120886, 0.006555980166460529]
loss,
[0.1725313365459442, 0.1583869308233261, 0.110117606818676, 0.0774318128824234, 0.05620204657316208, 0.03320802003145218, 0.01685996726155281, 0.0032937172800302505, 0.001994224265217781, 0.0017657724674791098, 0.0019247079035267234, 0.0015736500499770045, 0.0017797050531953573, 0.0016826242208480835, 0.0015715621411800385, 0.0018267164705321193, 0.002014740137383342, 0.001900865463539958, 0.001678255619481206, 0.0018552718684077263, 0.0015708565479144454, 0.0022201391402632, 0.0017695905407890677, 0.001722107408568263, 0.001432352582924068, 0.0017136120004579425, 0.0019777866546064615, 0.0019331860821694136, 0.0015455767279490829, 0.001836294075474143, 0.0023831487633287907, 0.0015432527288794518, 0.0015901740407571197, 0.0019064482767134905, 0.001761171966791153, 0.0016347316559404135]

2022-04-21 09:57:40.048763