2022-04-21 10:16:08.150774

reference phi, theta, psi, translation: -139.02455270626928, -8.537736090602699e-07, 56.38966954231551, -2.2014424800872803, 2.5346622467041016, 2.231398344039917

phi,theta,psi,rot_x,rot_y,rot_z,phi_err,theta_err,psi_err
-129.04008655489625,6.852725648450977,53.065809209147574,-2.6847352981567383,1.8050535917282104,2.604990243911743,9.984466151373027,6.852726502224586,3.3238603331679357
-129.9912860194689,7.043614502359818,52.05481826858063,-2.643012046813965,1.8099983930587769,2.6451473236083984,9.033266686800374,7.043615356133427,4.334851273734877
-134.65671503393781,9.030301634716608,48.234447578982376,-2.538301944732666,1.8083971738815308,2.746293306350708,4.367837672331461,9.030302488490216,8.155221963333133
-132.10140466165265,7.244168191926414,50.03777461421665,-2.6053755283355713,1.8174986839294434,2.674344539642334,6.9231480446166245,7.244169045700023,6.351894928098858
-131.64573542136444,7.22917519390273,51.38179191833508,-2.6501708030700684,1.8926992416381836,2.5969741344451904,7.378817284904841,7.229176047676339,5.007877623980427
-132.81421686381353,5.9151968408639135,51.98853469778024,-2.5886926651000977,2.017115354537964,2.570103168487549,6.210335842455748,5.915197694637523,4.401134844535271
-134.26736693049043,3.9313560176089215,53.182216123172104,-2.510767698287964,2.212085247039795,2.505289077758789,4.757185775778851,3.9313568713825306,3.2074534191434054
-136.82076484980797,2.634687576294043,54.82349009015866,-2.4098448753356934,2.4234297275543213,2.4145708084106445,2.203787856461304,2.6346884300676523,1.5661794521568524
-137.2343464644306,1.7128657485262353,54.48939480200207,-2.3468992710113525,2.4409444332122803,2.425902843475342,1.790206241838689,1.7128666022998444,1.9002747403134421
-137.21266744400498,1.8333154433148033,54.99913181976012,-2.3567254543304443,2.442690849304199,2.384646415710449,1.8118852622642976,1.8333162970884125,1.3905377225553863
-137.60849056678555,1.6051140195324456,55.33829852337544,-2.3354251384735107,2.466766595840454,2.3529748916625977,1.4160621394837278,1.6051148733060547,1.051371018940067
-137.9864595750757,0.8708575712822846,55.34997814685617,-2.287013530731201,2.4914374351501465,2.3409764766693115,1.0380931311935626,0.8708584250558936,1.039691395459343
-138.21438298767904,0.9090507651346776,55.65994920686427,-2.2754950523376465,2.495958089828491,2.311337947845459,0.810169718590231,0.9090516189082867,0.7297203354512405
-138.48387493157108,0.4858626968485428,55.71491515420995,-2.242591142654419,2.50582218170166,2.297055244445801,0.5406777746981959,0.4858635506221518,0.674754388105562
-138.6612549443163,0.22357381740894267,56.05991142428188,-2.227278709411621,2.5197741985321045,2.264209747314453,0.36329776195296404,0.22357467118255173,0.32975811803363086
-138.80840453979505,0.23929502491049737,56.15358063855943,-2.21673321723938,2.519667625427246,2.2525320053100586,0.21614816647422685,0.23929587868410643,0.23608890375607672
-138.96219307914706,0.09457752273576606,56.242106720391966,-2.2033071517944336,2.525970935821533,2.2419612407684326,0.06235962712221976,0.09457837650937512,0.1475628219235432
-138.98939089242205,0.06944661118831276,56.39635288241836,-2.202493906021118,2.5288898944854736,2.229166269302368,0.03516181384722472,0.06944746496192182,0.006683340102853208
-139.0569551236918,-0.009873407834954408,56.37602965454299,-2.1953837871551514,2.5320582389831543,2.228973388671875,0.03240241742253147,0.009872554061345348,0.013639887772519899
-139.0444558775107,0.09189189966008852,56.38909239133064,-2.1990716457366943,2.527625560760498,2.2279884815216064,0.019903171241423934,0.09189275343369759,0.000577150984867103
-139.07344320034824,0.012464712614639249,56.3617238233264,-2.1937718391418457,2.530235528945923,2.229715347290039,0.048890494078960955,0.01246556638824831,0.027945718989109025
-139.03027640479374,0.04694562878454659,56.418523676464226,-2.1984939575195312,2.529405355453491,2.225849151611328,0.005723698524462861,0.04694648255815565,0.02885413414871607
-139.0562994255315,0.056936788398839,56.388604032804984,-2.196688652038574,2.528850555419922,2.2277672290802,0.03174671926223027,0.05693764217244806,0.0010655095105249757
-139.06170893535415,-0.00294357826279344,56.355364917209116,-2.194196939468384,2.529110908508301,2.229132890701294,0.037156229084871484,0.0029427244891843795,0.03430462510639387
-139.0730880305114,-0.03022444358026954,56.40249663757679,-2.1936750411987305,2.531925916671753,2.227046489715576,0.048535324242124034,0.03022358980666048,0.012827095261279453
-139.04446953788903,0.03561105205982337,56.37911348495325,-2.1968934535980225,2.5290284156799316,2.228768825531006,0.019916831619752884,0.03561190583343243,0.010556057362258287
-139.02082342298246,0.03213926246657361,56.34181382189581,-2.1970303058624268,2.5281965732574463,2.231571912765503,0.0037292832868160986,0.03214011624018267,0.047855720419697434
-139.04665519842345,0.005146336683214043,56.364756427317886,-2.1958467960357666,2.5296919345855713,2.230360984802246,0.02210249215417548,0.005147190456823103,0.02491311499762361
-139.02962070663344,0.03009753668294799,56.39780429761699,-2.1975491046905518,2.529510736465454,2.2274720668792725,0.005068000364161662,0.030098390456557052,0.008134755301483665
-139.03248938608485,0.03912335035941334,56.36796320113321,-2.196849822998047,2.5278680324554443,2.2290196418762207,0.007936679815571779,0.0391242041330224,0.02170634118230197
-139.03456576359252,0.007231270577027201,56.3933373538998,-2.1961045265197754,2.529705762863159,2.2276861667633057,0.010013057323249086,0.007232124350636261,0.00366781158429319
-139.08560093707086,0.03542830606534588,56.37653508854157,-2.1945300102233887,2.5300731658935547,2.2283267974853516,0.06104823080158894,0.03542915983895494,0.013134453773936627
-139.06243293540618,0.04765902377096613,56.40195705263236,-2.1963369846343994,2.529630422592163,2.2269153594970703,0.0378802291369027,0.047659877544575194,0.01228751031685249
-139.08870184295404,0.03983855524380914,56.401509675241726,-2.1949427127838135,2.5309360027313232,2.2267251014709473,0.06414913668476174,0.0398394090174182,0.011840132926216995
-139.09434357920847,0.013214906558166822,56.403374316885134,-2.1944022178649902,2.53181529045105,2.2272305488586426,0.06979087293919406,0.013215760331775883,0.013704774569625044
-139.04556236815623,0.02805782185624714,56.35274212456783,-2.195544719696045,2.5283212661743164,2.2303671836853027,0.02100966188694997,0.0280586756298562,0.03692741774767683

Errors:
rotation,[20.161052986765547, 20.411733316668677, 21.55336212415481, 20.519212018415505, 19.615870956561608, 16.526668381628543, 11.895996066304786, 6.4046557386858085, 5.403347584451976, 5.035739281908096, 4.072548031729849, 2.9486429517087993, 2.448941672949758, 1.7012957134259097, 0.9166305511691466, 0.69153294891441, 0.3045008255551381, 0.11129261891199975, 0.05591485925639672, 0.11237307565998862, 0.08930177945631829, 0.08152431523133458, 0.08974987094520331, 0.07440357868044974, 0.09158600931006397, 0.0660847948154436, 0.08372511994669621, 0.05216279760862219, 0.04330114612220238, 0.06876722513089614, 0.02091299325817854, 0.10961184441448052, 0.09782761699833038, 0.11582867862839694, 0.09671140784059498, 0.085995755264483]
translation,[0.12242333873291766, 0.12319549331458646, 0.12283354138836788, 0.12138862137102091, 0.13420305536380628, 0.13726579138122919, 0.14903244575104058, 0.1534279576345252, 0.13434231691388643, 0.11705527132502258, 0.10113909659758313, 0.0820039919398754, 0.06154352376771133, 0.04131785538904609, 0.023088432742702558, 0.01071863231218817, 0.0014238547053588846, 0.00428823995635863, 0.006287138310809404, 0.007605606538275467, 0.007901689806625534, 0.007986904006769713, 0.008260155762969568, 0.00869983513462369, 0.008369269845436733, 0.007481799149996249, 0.006376333633014042, 0.006753855496002714, 0.007538664539895379, 0.008095909961620684, 0.008086278251802526, 0.008359648888106364, 0.008433512067164806, 0.00847863175628305, 0.00794041109597643, 0.007776721035233969]
loss,
[0.17576782405376434, 0.1603383868932724, 0.09376545995473862, 0.06386464834213257, 0.05425211042165756, 0.04970773309469223, 0.034442197531461716, 0.021887436509132385, 0.017644261941313744, 0.017314363270998, 0.014749797992408276, 0.010249705985188484, 0.006885630544275045, 0.005504167638719082, 0.0030062180012464523, 0.0014698400627821684, 0.001156758051365614, 0.0015892147785052657, 0.001366528682410717, 0.0013952958397567272, 0.0012751491740345955, 0.0011958208633586764, 0.001245075836777687, 0.001296882750466466, 0.0012998913880437613, 0.0014223003527149558, 0.0013582250103354454, 0.0013141350354999304, 0.001442978624254465, 0.001146436668932438, 0.0014745285734534264, 0.0015328526496887207, 0.0010422770865261555, 0.0011949590407311916, 0.0015084724873304367, 0.0012447373010218143]

2022-04-21 10:25:07.845620