2022-04-27 07:49:57.247362

reference phi, theta, psi, translation: 132.9853677440357, -8.537735924097414e-07, 76.34363348549546, 2.865516185760498, 2.6707684993743896, 0.9517420530319214

phi,theta,psi,rot_x,rot_y,rot_z,phi_err,theta_err,psi_err
143.3552887910292,-3.0579185397180266,69.36864430507845,2.3124754428863525,2.981729030609131,1.6183615922927856,10.369921046993511,3.0579176859444344,6.974989180417012
143.82777395705403,-4.6438288844569575,69.51806835355082,2.352742910385132,2.951856851577759,1.5758939981460571,10.842406213018336,4.643828030683365,6.825565131944643
146.58125543791795,-7.797079587342276,71.49316781622174,2.2907371520996094,3.079434394836426,1.3707534074783325,13.595887693882247,7.797078733568684,4.850465669273717
147.5571938476644,-7.4697474905964985,73.74746492159528,2.2227659225463867,3.1990466117858887,1.200114130973816,14.571826103628695,7.469746636822906,2.5961685639001786
147.7782460899627,-5.832671591750373,73.86344153370209,2.167473793029785,3.221770763397217,1.2058637142181396,14.792878345926994,5.83267073797678,2.4801919517933726
149.28695291534845,-6.270538144638882,75.46762757349548,2.0907630920410156,3.2979297637939453,1.0628329515457153,16.30158517131275,6.27053729086529,0.8760059119999823
150.04615576235204,-5.3698871063561,75.85987850734014,2.0240211486816406,3.34291410446167,1.0316475629806519,17.060788018316345,5.369886252582508,0.48375497815531787
150.3095824982611,-4.3684241411082745,75.71398566666866,1.991572618484497,3.3462343215942383,1.0507168769836426,17.32421475422541,4.368423287334682,0.6296478188267969
149.80451732989533,-3.5123581678701834,76.03305112355665,2.0073604583740234,3.338977813720703,1.0306553840637207,16.819149585859634,3.512357314096591,0.3105823619388133
148.48918682029097,-2.5393736285563815,76.34115412682675,2.080636978149414,3.298953056335449,1.0236353874206543,15.503819076255269,2.539372774782789,0.002479358668708187
148.31344605294655,-1.6004958320437914,78.0614875334562,2.1020383834838867,3.316051959991455,0.8773013353347778,15.328078308910847,1.600494978270199,1.717854047960742
148.01222105017064,0.9834687143426679,81.72416964568637,2.1212713718414307,3.3524813652038574,0.5935956239700317,15.026853306134939,0.9834695681162603,5.380536160190914
147.87535771958193,3.8382415109982557,84.16343510397301,2.1110031604766846,3.377207040786743,0.4253914952278137,14.889989975546229,3.838242364771848,7.819801618477555
146.9704122960686,4.559250431683194,85.16649619491358,2.179279088973999,3.353625774383545,0.3482632339000702,13.985044552032889,4.559251285456786,8.822862709418118
145.60569951876502,4.057360852816487,84.2576234126275,2.2599291801452637,3.309006690979004,0.4343486428260803,12.620331774729323,4.057361706590079,7.913989927132036
144.3436308243084,4.488475522753621,84.91571213915823,2.328242301940918,3.2727019786834717,0.3803175985813141,11.358263080272707,4.488476376527213,8.572078653662771
143.1707780607905,4.618730491914349,85.86297741476895,2.4097490310668945,3.211195707321167,0.29809534549713135,10.185410316754798,4.618731345687941,9.51934392927349
141.41604782150085,6.02291130171017,86.12290709382296,2.501410484313965,3.137946605682373,0.26429831981658936,8.430680077465155,6.022912155483763,9.7792736083275
140.56277960924785,4.979258323132138,84.07512075800476,2.5234930515289307,3.0881214141845703,0.4101346731185913,7.577411865212156,4.97925917690573,7.731487272509298
139.412466469991,3.891798725708512,81.28588323683582,2.5691051483154297,3.0201187133789062,0.6164688467979431,6.42709872595529,3.8917995794821043,4.942249751340356
137.8508529992943,2.959522593889791,79.41302487585081,2.6359453201293945,2.9378137588500977,0.7349957227706909,4.865485255258591,2.959523447663383,3.0693913903553494
135.9589725614708,1.8364687359315897,77.8650376325483,2.7223029136657715,2.8335278034210205,0.8431655168533325,2.9736048174351026,1.8364695897051821,1.5214041470528343
133.6754900577738,0.3763577165297534,76.28928567026968,2.8243494033813477,2.7000014781951904,0.9531514644622803,0.690122313738101,0.37635857030334585,0.054347815225781915
132.62309451045823,-0.1744832456013445,76.24032687429902,2.8759403228759766,2.6435608863830566,0.9579442739486694,0.36227323357746855,0.1744823918277521,0.10330661119644446
132.97558691314424,0.04088668052447556,76.33833325869954,2.8562088012695312,2.660548686981201,0.9493141174316406,0.009780830891457981,0.04088753429806797,0.005300226795924345
132.85723339520626,0.028693583459738627,76.37876114839683,2.862696647644043,2.656604051589966,0.9462407231330872,0.12813434882943397,0.028694437233331038,0.035127662901373924
132.9251937774479,0.0032435095306312858,76.37131624220153,2.8602516651153564,2.65895938873291,0.9480196833610535,0.06017396658779717,0.0032443633042236954,0.027682756706070677
132.91828162600783,0.018591510918725657,76.3371789567298,2.860142707824707,2.6586947441101074,0.9498249292373657,0.06708611802787345,0.018592364692318068,0.0064545287656585515
132.95554713811944,0.035091521385646904,76.3518023917428,2.858482837677002,2.66117000579834,0.9490220546722412,0.02982060591625668,0.03509237515923931,0.008168906247334462
132.97203521477584,-0.015638526803677753,76.30822578483811,2.8580093383789062,2.660773754119873,0.952049732208252,0.013332529259855619,0.01563767303008534,0.035407700657344776
132.83865528066383,0.018075066098992645,76.33500695657374,2.8638455867767334,2.655928611755371,0.9500478506088257,0.14671246337186972,0.018075919872585056,0.008626528921723775
132.97667974341144,0.00898842410312015,76.31093736993861,2.858106851577759,2.6618223190307617,0.9519785642623901,0.008688000624260894,0.008989277876712559,0.032696115556845484
132.93515219325778,-0.00564885456290826,76.32931740899511,2.8598439693450928,2.659719705581665,0.9508824944496155,0.050215550777920726,0.00564800078931585,0.01431607650035005
132.93629966503832,0.016600308544802128,76.34341491944203,2.859572172164917,2.6598308086395264,0.9497960805892944,0.049068078997379416,0.01660116231839454,0.00021856605343373303
132.94265174096645,0.00506070302756641,76.32503488038552,2.8590121269226074,2.6595253944396973,0.9507385492324829,0.042716003069244834,0.00506155680115882,0.018598605109943378
132.89242252981018,0.013425752522724476,76.34233574955316,2.8619394302368164,2.6577117443084717,0.9499461054801941,0.09294521422552293,0.013426606296316885,0.0012977359423018697

Errors:
rotation,[20.402827913354958, 22.311799375646345, 26.243432096724646, 24.637741304351778, 23.105741035697147, 23.448128374178026, 22.91442924905417, 22.322285860386888, 20.642089261895038, 18.045671209706768, 18.646427335141787, 21.390859034442112, 26.54803395879563, 27.367158546907792, 24.591683408451438, 24.41881811046269, 24.323485591716228, 24.232865841276418, 20.288158314627182, 15.261148056777749, 10.894400093277323, 6.331478554193119, 1.1208286992672287, 0.6400622366016651, 0.055968591985450296, 0.19195644896413894, 0.09110108659809155, 0.09213301148585007, 0.07308188732283045, 0.06437790294728574, 0.17341491216617855, 0.05037339405781894, 0.07017962806758662, 0.06588780736920768, 0.06637616498034704, 0.10766955646414168]
translation,[0.07464079787699607, 0.059384497004051795, 0.044329071781517904, 0.04500424081974774, 0.03480969722759131, 0.01575197311697263, 0.010656955141086222, 0.0021887753174345548, 0.001176138999484877, 0.0012365092718455983, 0.008142013989127506, 0.019735228569411234, 0.02578003259395789, 0.016486905051192657, 0.0005627104235683689, 0.0032151381708285243, 0.005271353662412714, 0.00948535561691255, 0.022049032326598272, 0.01846743528579875, 0.01625953597870744, 0.012330455131696283, 0.00925680681904062, 0.009051822443187696, 0.013960094609720919, 0.012677883173457971, 0.012441822866289698, 0.012268199150467396, 0.012000551906119483, 0.0118835819568881, 0.011407623690694813, 0.01113687201546032, 0.011552573489995943, 0.011929300794761843, 0.012307015453680847, 0.011610706655419634]
loss,
[0.12192928791046143, 0.12015768140554428, 0.09128494560718536, 0.0797555148601532, 0.08589249104261398, 0.08275915682315826, 0.07668667286634445, 0.08454080671072006, 0.0858655571937561, 0.0757908821105957, 0.0739939734339714, 0.064958356320858, 0.05468162149190903, 0.05533856153488159, 0.05900638550519943, 0.05733523517847061, 0.049477092921733856, 0.04530900716781616, 0.04439280554652214, 0.03736027330160141, 0.025733962655067444, 0.018107356503605843, 0.00259773968718946, 0.001223608385771513, 0.0013835057616233826, 0.0015001947758719325, 0.0018091354286298156, 0.0013050705892965198, 0.0010800205636769533, 0.0016691924538463354, 0.0010293283266946673, 0.0013259568950161338, 0.001253680675290525, 0.0013328527566045523, 0.0013909966219216585, 0.001428600400686264]

2022-04-27 07:54:22.625423