2022-04-27 07:31:47.953918

reference phi, theta, psi, translation: -86.91639066027085, -0.0, 34.793557367935236, -2.296917200088501, -0.12373751401901245, 3.3104169368743896

phi,theta,psi,rot_x,rot_y,rot_z,phi_err,theta_err,psi_err
-76.53055527251121,6.8177051513072,38.18892636661862,-2.336111545562744,-0.9462913274765015,3.345968008041382,10.385835387759641,6.8177051513072,3.395368998683381
-76.0052522536347,7.036609570846534,38.39123656983439,-2.341761350631714,-0.9841745495796204,3.3291659355163574,10.911138406636155,7.036609570846534,3.5976792018991546
-73.76012809231648,8.124631502442142,40.02986725361215,-2.369917392730713,-1.1653233766555786,3.2450742721557617,13.156262567954371,8.124631502442142,5.236309885676917
-72.28266255219434,8.54353471369778,41.57872876112843,-2.4137136936187744,-1.2541182041168213,3.1757330894470215,14.633728108076511,8.54353471369778,6.785171393193195
-70.96828826907377,9.546128288114808,42.31997162570948,-2.4035823345184326,-1.357462763786316,3.1355361938476562,15.948102391197082,9.546128288114808,7.526414257774242
-70.72776998764094,9.782551030329305,42.1083689501279,-2.3653151988983154,-1.3875104188919067,3.145933151245117,16.18862067262991,9.782551030329305,7.314811582192661
-69.384736230763,9.71948430312241,42.14058012225368,-2.334836959838867,-1.4293780326843262,3.1528775691986084,17.531654429507853,9.71948430312241,7.347022754318445
-68.88244411920026,9.875820231641994,40.84101368925369,-2.2472643852233887,-1.4304676055908203,3.207881212234497,18.03394654107059,9.875820231641994,6.047456321318457
-69.13958025088372,10.72689786931978,40.42464535744972,-2.2071406841278076,-1.4634060859680176,3.2158780097961426,17.776810409387124,10.72689786931978,5.631087989514484
-69.23617278612605,10.42727121145923,40.69968341494779,-2.2468698024749756,-1.4544001817703247,3.191905975341797,17.6802178741448,10.42727121145923,5.906126047012556
-70.74831519666434,10.251607479076732,40.13872680860381,-2.2479043006896973,-1.384390115737915,3.223984718322754,16.168075463606513,10.251607479076732,5.3451694406685775
-70.31321848615619,9.535194644172158,40.380399392006375,-2.266186475753784,-1.3665339946746826,3.2174570560455322,16.60317217411466,9.535194644172158,5.586842024071139
-70.37321486782558,9.256353850989168,40.364997315428,-2.2746262550354004,-1.3434135913848877,3.2202885150909424,16.54317579244527,9.256353850989168,5.571439947492763
-70.94233355022772,9.101574332726653,39.87523860099223,-2.263096332550049,-1.3088092803955078,3.239382266998291,15.974057110043134,9.101574332726653,5.081681233056997
-70.45922060985438,9.245728944372607,40.14194724279747,-2.2637698650360107,-1.3341230154037476,3.226341485977173,16.457170050416465,9.245728944372607,5.348389874862235
-70.51257121746134,9.526379767747612,40.197944548707824,-2.2644596099853516,-1.34642493724823,3.2200520038604736,16.403819442809507,9.526379767747612,5.404387180772588
-70.53740578528351,9.84375584960458,40.086346087858985,-2.2523999214172363,-1.365746021270752,3.2201180458068848,16.37898487498734,9.84375584960458,5.292788719923749
-69.6363057582729,10.214631493916478,40.449992189459635,-2.233707904815674,-1.4233789443969727,3.202690362930298,17.280084901997952,10.214631493916478,5.6564348215244
-70.48900023463564,10.044639599574124,39.89352984758953,-2.2283480167388916,-1.3714293241500854,3.2325892448425293,16.42739042563521,10.044639599574124,5.099972479654291
-70.89265075420505,9.815971007230969,39.78525768886648,-2.2404732704162598,-1.3464810848236084,3.234714984893799,16.0237399060658,9.815971007230969,4.991700320931244
-70.20868927109831,10.189630257332984,40.13953618602046,-2.2358994483947754,-1.39510977268219,3.2141575813293457,16.70770138917254,10.189630257332984,5.3459788180852215
-70.51830857636416,9.944752167787849,40.22993373968558,-2.2553718090057373,-1.3754754066467285,3.2128288745880127,16.398082083906687,9.944752167787849,5.436376371750342
-70.90972622713008,9.860998276636957,40.00557910092358,-2.2528297901153564,-1.3533530235290527,3.2274420261383057,16.00666443314077,9.860998276636957,5.212021732988347
-71.10470080717727,9.95387531819987,39.79154829309206,-2.2458837032318115,-1.3446452617645264,3.2355573177337646,15.811689853093583,9.95387531819987,4.997990925156827
-70.5200092934675,9.998444275526145,39.96798915482642,-2.244239091873169,-1.3716176748275757,3.2210965156555176,16.396381366803354,9.998444275526145,5.1744317868911835
-70.51156034946419,10.150489229742027,40.042335763942006,-2.243715763092041,-1.381602168083191,3.21673846244812,16.40483031080666,10.150489229742027,5.24877839600677
-70.59080420421468,10.190626754709843,39.99227047732582,-2.240906000137329,-1.3798199892044067,3.2206692695617676,16.325586456056172,10.190626754709843,5.198713109390582
-70.53303446421471,10.238335240997683,40.01106715792169,-2.2376506328582764,-1.3830660581588745,3.2206757068634033,16.38335619605614,10.238335240997683,5.217509789986451
-70.54802672944288,10.24599424684631,40.04936402859795,-2.2373411655426025,-1.38485848903656,3.2213995456695557,16.368363930827968,10.24599424684631,5.255806660662714
-69.83049486656553,10.152279638470821,40.37191629705722,-2.2357847690582275,-1.409330129623413,3.2077572345733643,17.08589579370532,10.152279638470821,5.578358929121983
-70.05088458051434,10.164406156203587,40.267291459350965,-2.236147165298462,-1.4011529684066772,3.2119710445404053,16.865506079756514,10.164406156203587,5.473734091415729
-70.0370466172559,10.152765467161684,40.193914737097515,-2.2319939136505127,-1.403197169303894,3.2121963500976562,16.879344043014953,10.152765467161684,5.400357369162279
-70.42458472057324,9.946997438589802,40.046399726498166,-2.237380266189575,-1.3790377378463745,3.2212464809417725,16.491805939697613,9.946997438589802,5.25284235856293
-70.22613357423852,9.935018481895469,40.04312123569656,-2.2309470176696777,-1.3868660926818848,3.223498582839966,16.690257086032332,9.935018481895469,5.249563867761324
-70.27198463413681,9.782743754328497,39.98843191101227,-2.234121084213257,-1.3751617670059204,3.2272653579711914,16.644406026134035,9.782743754328497,5.1948745430770344
-70.47882325277232,9.587540324158644,39.82709942772198,-2.2347028255462646,-1.3536723852157593,3.237933874130249,16.437567407498534,9.587540324158644,5.033542059786747

Errors:
rotation,[20.598909537750224, 21.545427179381843, 26.51720395607343, 29.962434214967487, 33.02064493708613, 33.28598328515187, 34.59816148694871, 33.95722309403104, 34.134796268221386, 34.013615132616586, 31.764852383351823, 31.725208842357958, 31.3709695909272, 30.157312675826784, 31.05128886965131, 31.334586391329708, 31.515529444515668, 33.15115121743883, 31.572002504863626, 30.831411234228014, 32.24331046459075, 31.779210623444875, 31.079684442766073, 30.76355609645028, 31.569257429220684, 31.804097936555458, 31.714926320156597, 31.839201227040277, 31.87016483833699, 32.816534361298125, 32.50364632737583, 32.43246687933892, 31.691645736850347, 31.874839435689125, 31.622024323539566, 31.058649791443926]
translation,[0.1579505536533441, 0.15644700042888005, 0.15276813271529477, 0.15027125400129648, 0.14637044103066632, 0.14221470818250204, 0.14442166047230742, 0.1386357200290984, 0.134792255335352, 0.13444043443705933, 0.13584692525663744, 0.13480995403870377, 0.1340773523462655, 0.13158470304095893, 0.12985871502910395, 0.12932452127945648, 0.12912688008180773, 0.12491302832803264, 0.12771551002059311, 0.12773069690636873, 0.12535842761722282, 0.12830667404434948, 0.1309846049288943, 0.13070915199676936, 0.12740536540890002, 0.12705479461790414, 0.1279904507791585, 0.12732086051849656, 0.12831143310010606, 0.12514969384073638, 0.12583418651047662, 0.12446550319749417, 0.12627951809548232, 0.12717190612906482, 0.1279105228935009, 0.12946501726980397]
loss,
[0.10764241218566895, 0.10523287951946259, 0.10813554376363754, 0.09930934756994247, 0.10345280170440674, 0.09697912633419037, 0.09902290999889374, 0.10100807249546051, 0.10191276669502258, 0.09986414760351181, 0.0918383002281189, 0.09711417555809021, 0.09728538990020752, 0.09997965395450592, 0.10043706744909286, 0.09370040893554688, 0.09993210434913635, 0.10184954106807709, 0.10465683788061142, 0.09591402858495712, 0.0993146002292633, 0.09834244102239609, 0.1032329797744751, 0.09449531137943268, 0.10289151966571808, 0.10052800178527832, 0.09417594969272614, 0.09249427169561386, 0.10039287060499191, 0.10271281003952026, 0.10152843594551086, 0.09638693183660507, 0.10017739236354828, 0.10619144141674042, 0.10116724669933319, 0.09493645280599594]

2022-04-27 07:36:18.445425