2022-04-27 09:08:05.462618

reference phi, theta, psi, translation: 132.9853677440357, -8.537735924097414e-07, 76.34363348549546, 2.865516185760498, 2.6707684993743896, 0.9517420530319214

phi,theta,psi,rot_x,rot_y,rot_z,phi_err,theta_err,psi_err
143.3552887910292,-3.0579185397180266,69.36864430507845,2.3124754428863525,2.981729030609131,1.6183615922927856,10.369921046993511,3.0579176859444344,6.974989180417012
143.0793764693174,-2.606674146449906,68.77742313052214,2.3042447566986084,2.9771509170532227,1.637627124786377,10.094008725281697,2.6066732926763136,7.566210354973322
143.1189369249901,-1.2330529971476003,67.2327895101021,2.2611005306243896,3.0084211826324463,1.6599078178405762,10.133569180954396,1.2330521433740078,9.110843975393365
143.85666565724318,0.5793814520321624,67.34625944278352,2.2259232997894287,3.0707194805145264,1.564863681793213,10.871297913207485,0.5793823058057548,8.99737404271194
141.56920798344922,4.58234304561218,68.58313156939195,2.272749185562134,3.0555648803710938,1.4923855066299438,8.583840239413519,4.582343899385772,7.760501916103507
141.90575872461244,2.2321217803129807,69.90669928713537,2.326904535293579,3.0658130645751953,1.4075337648391724,8.920390980576741,2.232122634086573,6.436934198360092
140.09216591505563,2.9032796646074943,71.28154123497806,2.436253547668457,3.0168511867523193,1.320505976676941,7.106798171019932,2.9032805183810866,5.062092250517395
139.17280879239357,1.5156633643335171,71.84646618122981,2.5051794052124023,2.9697678089141846,1.2824134826660156,6.187441048357869,1.5156642181071096,4.497167304265645
137.98338598994923,1.6770840813547103,73.00136237741977,2.5810434818267822,2.9403586387634277,1.199275255203247,4.998018245913528,1.6770849351283028,3.3422711080756926
136.85013466323903,1.1433275549493147,74.20036793526965,2.6714212894439697,2.885774850845337,1.116040825843811,3.8647669192033334,1.1433284087229072,2.143265550225806
135.32774013875655,1.148108571990587,75.7075789492272,2.7646260261535645,2.8210580348968506,1.0117359161376953,2.3423723947208543,1.1481094257641795,0.6360545362682615
133.3525313930589,-0.015307439205145828,76.02301074547672,2.859074354171753,2.7047433853149414,0.9795831441879272,0.36716364902321175,0.015306585431553419,0.3206227400187345
133.0054348398172,-0.05910395081618129,76.0388704447295,2.8646459579467773,2.6682546138763428,0.9719662070274353,0.020067095781513444,0.059103097042588884,0.3047630407659625
133.1933879853976,0.0057438097342831064,76.49918421365334,2.8532052040100098,2.677528142929077,0.9402602314949036,0.20802024136190767,0.0057446635078755165,0.15555072815787696
133.198906778247,0.05576949903695121,76.43569077512889,2.8503856658935547,2.6775801181793213,0.9463625550270081,0.21353903421129417,0.05577035281054362,0.09205728963343063
133.04537778608344,0.03757739365767897,76.34566888186812,2.8583359718322754,2.670775890350342,0.9514166116714478,0.06001004204773608,0.037578247431271375,0.002035396372662035
132.81160773155057,-0.012171147967458558,76.45848311638923,2.870732545852661,2.657785177230835,0.9436684250831604,0.17376001248513262,0.012170294193866149,0.11484963089377231
133.03483197400493,0.03104897359014436,76.4102483204706,2.85992431640625,2.669922113418579,0.9458738565444946,0.04946422996923161,0.031049827363736772,0.06661483497514098
133.07347718432888,0.07356845143016451,76.47245085324191,2.8574135303497314,2.673316717147827,0.9425985813140869,0.0881094402931808,0.07356930520375692,0.12881736774644992
132.9624319688028,0.09461628803000684,76.45138654984159,2.8628103733062744,2.6673471927642822,0.9433407783508301,0.02293577523289514,0.09461714180359924,0.1077530643461273
133.0232069920376,0.12825793783054104,76.31702989867826,2.8583929538726807,2.6673381328582764,0.9526059031486511,0.03783924800188743,0.12825879160413345,0.02660358681720254
132.98811348008206,-0.003109627300200602,76.50899919549065,2.863405466079712,2.6668224334716797,0.9390085935592651,0.0027457360463643,0.0031087735266081924,0.16536570999518574
132.97998555496974,0.041639261426547995,76.42714620847721,2.8619871139526367,2.667365312576294,0.9429606795310974,0.00538218906595489,0.0416401152001404,0.08351272298175161
133.05815023983135,0.029325669719723946,76.48167160862143,2.8597474098205566,2.6719610691070557,0.9413242340087891,0.07278249579564999,0.029326523493316357,0.1380381231259662
133.0296956717491,0.07601539008984613,76.40153299908967,2.858764886856079,2.6691088676452637,0.947187602519989,0.044327927713396775,0.07601624386343854,0.057899513594207974
133.05465318297632,0.011802845310561513,76.43472088826675,2.8590610027313232,2.669649124145508,0.9454202055931091,0.069285438940625,0.011803699084153923,0.09108740277129357
132.977827215192,0.04996317170735797,76.38659537537484,2.8631579875946045,2.6655898094177246,0.946955680847168,0.007540528843691163,0.04996402548095038,0.0429618898793791
133.0724253351967,0.07587323684711847,76.26434181942078,2.857880115509033,2.6693387031555176,0.9563833475112915,0.08705759116099898,0.07587409062071088,0.07929166607468119
132.9727045733145,0.061296200496220615,76.48601560893354,2.8637800216674805,2.6675362586975098,0.9405524134635925,0.012663170721197048,0.06129705426981302,0.14238212343808243
132.91981158838192,-0.05336813457919859,76.39564537602512,2.8671228885650635,2.661451816558838,0.9485912322998047,0.06555615565378048,0.05336728080560618,0.0520118905296556
132.93781596703408,0.012765033111327897,76.37912997861201,2.8648362159729004,2.6644959449768066,0.948386549949646,0.04755177700161539,0.012765886884920306,0.035496493116554007
133.0330834455774,0.008460713675669734,76.3899285076898,2.8599584102630615,2.668771743774414,0.9477888941764832,0.0477157015417049,0.008461567449262143,0.046295022194343005
132.8463597340476,0.058642023239843695,76.38245628073781,2.8672192096710205,2.6596381664276123,0.9469397068023682,0.13900800998808904,0.0586428770134361,0.038822795242353436
133.03332933238752,0.017952021028326024,76.42700277450464,2.8613879680633545,2.6698358058929443,0.945100724697113,0.04796158835182496,0.017952874801918435,0.08336928900918394
133.02003778426268,-0.02884162672991352,76.40542620691657,2.8616721630096436,2.6680362224578857,0.9472165107727051,0.03467004022698461,0.02884077295632111,0.06179272142111358
133.0498447298006,0.015088906573982286,76.30302801087974,2.858574390411377,2.668931722640991,0.9532715082168579,0.06447698576491234,0.015089760347574695,0.04060547461571673

Errors:
rotation,[20.402827913354958, 20.26689237293133, 20.47746529972177, 20.44805426172518, 20.9266860549028, 17.589447813023405, 15.072170939918413, 12.200272570730622, 10.017374289117523, 7.151360878152047, 4.126536356753295, 0.7030929744734997, 0.3839332335900648, 0.36931563302766013, 0.3613666766552684, 0.09962368585166949, 0.3007799375727711, 0.14712889230810935, 0.29049611324338764, 0.2253059813826217, 0.19270162642322342, 0.17122021956815822, 0.1305350272478469, 0.24014714241493254, 0.17824368517104328, 0.17217654079607247, 0.10046644420402065, 0.24222334785639105, 0.2163423484290925, 0.17093532698904226, 0.0958141570030897, 0.10247229118531005, 0.23647368224387857, 0.14928375216292733, 0.1253035346044193, 0.12017222072820377]
translation,[0.07464079787699607, 0.0743301442721096, 0.08207757036883567, 0.07165684750185619, 0.058990900463517626, 0.06702259126244936, 0.06526687542383502, 0.06032914264967548, 0.06102889270910605, 0.05662539834006797, 0.04626425595423811, 0.02467261925109021, 0.002541555203764645, 0.006948725070411221, 0.00748183493930199, 0.005172884559804025, 0.006773376488438565, 0.005917300002228565, 0.006215692975457543, 0.006167286601286293, 0.007130778048875186, 0.007104822211194239, 0.006829870441811714, 0.005756569234097064, 0.006971464581934761, 0.006818336247699008, 0.0062354056991633655, 0.00527285946236411, 0.006004748944362426, 0.005766228021395037, 0.00542869777080579, 0.0062054967903639735, 0.007285480338646622, 0.005116033779271056, 0.0056098209081811845, 0.005787853706095802]
loss,
[0.09283556044101715, 0.07067541778087616, 0.05463046580553055, 0.03419607877731323, 0.023228012025356293, 0.025380758568644524, 0.022278157994151115, 0.01806998811662197, 0.01700451597571373, 0.012300181202590466, 0.01057317852973938, 0.004778643604367971, 0.0011699516326189041, 0.0013346135383471847, 0.0012933947145938873, 0.0012004049494862556, 0.0011405390687286854, 0.0010741106234490871, 0.001301230862736702, 0.0008286700467579067, 0.0015291240997612476, 0.0013798553263768554, 0.0010622309055179358, 0.0015456900000572205, 0.0008643183391541243, 0.0012462108861654997, 0.0022427064832299948, 0.0022837193682789803, 0.001153747085481882, 0.001755068777129054, 0.001201057806611061, 0.0013119926443323493, 0.0013773685786873102, 0.0008750198176130652, 0.0009877607226371765, 0.0022040694020688534]

2022-04-27 09:10:42.360279