2022-04-27 08:54:43.009976

reference phi, theta, psi, translation: 16.672973292337613, -0.0, 55.56417970941693, 0.9538894295692444, -3.184936285018921, 2.279534101486206

phi,theta,psi,rot_x,rot_y,rot_z,phi_err,theta_err,psi_err
26.607018987257597,-4.879078348390559,61.415046110949504,1.4386786222457886,-3.2383759021759033,2.121750593185425,9.934045694919984,4.879078348390559,5.850866401532571
25.93276491050874,-5.280361967853812,61.55223046042921,1.377597689628601,-3.2877683639526367,2.087839365005493,9.259791618171128,5.280361967853812,5.988050751012274
26.41154409585371,-6.793830725829299,59.296232637952336,1.2964231967926025,-3.3065221309661865,2.126537799835205,9.738570803516097,6.793830725829299,3.7320529285354027
25.973723847414014,-5.387295902818713,58.75865576913731,1.3524327278137207,-3.2575950622558594,2.1513142585754395,9.300750555076402,5.387295902818713,3.1944760597203796
25.099558671395346,-3.9809395388061164,58.613671343625455,1.3534051179885864,-3.2370786666870117,2.1580557823181152,8.426585379057734,3.9809395388061164,3.049491634208522
23.110920066242162,-1.456786730163313,57.76930969805014,1.3060935735702515,-3.1964974403381348,2.2006781101226807,6.4379467739045495,1.456786730163313,2.205129988633203
18.47864991264637,2.6286801390598975,55.642822507520464,1.167604923248291,-3.138040781021118,2.2861413955688477,1.805676620308759,2.6286801390598975,0.07864279810353025
16.749008665725487,0.4600937322249523,55.33342518340264,0.9730218648910522,-3.166404962539673,2.288939952850342,0.07603537338787447,0.4600937322249523,0.23075452601429447
16.514634139451083,-0.36640681239774664,55.393855282084324,0.9289788603782654,-3.1756415367126465,2.2839481830596924,0.1583391528865299,0.36640681239774664,0.17032442733260922
16.50084569506412,-0.008105064468023896,55.658091395410025,0.9450282454490662,-3.187016725540161,2.2714145183563232,0.17212759727349436,0.008105064468023896,0.09391168599309196
16.668166546709216,0.06960069808150916,55.57081182310102,0.9575086832046509,-3.1814982891082764,2.2758781909942627,0.004806745628396669,0.06960069808150916,0.006632113684084118
16.65591147979092,0.03263294726375691,55.57826014439092,0.95540452003479,-3.1814637184143066,2.2782669067382812,0.017061812546693034,0.03263294726375691,0.014080434973983813
16.690362953964463,-0.1357478328504022,55.56106855824999,0.9503441452980042,-3.180643320083618,2.2783262729644775,0.01738966162685074,0.1357478328504022,0.0031111511669408287
16.635467016057778,-0.06806328108653364,55.49746925179342,0.9499887824058533,-3.180222511291504,2.280627489089966,0.03750627627983505,0.06806328108653364,0.06671045762351469
16.6167625430157,-0.0004376633905969006,55.51781297023631,0.9498735666275024,-3.1802563667297363,2.280116558074951,0.056210749321913056,0.0004376633905969006,0.04636673918062684
16.555628934849498,-0.055164378574719265,55.491250364554126,0.9460386037826538,-3.1799988746643066,2.2806670665740967,0.11734435748811478,0.055164378574719265,0.072929344862807
16.636773289736542,-0.035879421266105466,55.4666343627854,0.9511306285858154,-3.1767008304595947,2.283400774002075,0.03620000260107048,0.035879421266105466,0.09754534663153436
16.693182114544385,-0.03066786379329089,55.62285444948193,0.9547058343887329,-3.1834094524383545,2.273897171020508,0.020208822206772226,0.03066786379329089,0.05867474006499407
16.51433190358031,0.04002640571190168,55.50302219558864,0.9468018412590027,-3.1794276237487793,2.280390977859497,0.15864138875730305,0.04002640571190168,0.0611575138282916
16.594269022531556,-0.08366670741461789,55.58781216394518,0.9477172493934631,-3.183922290802002,2.275052309036255,0.07870426980605671,0.08366670741461789,0.023632454528247138
16.56206809568953,-0.05845607697697993,55.462403060594575,0.9457699060440063,-3.180328130722046,2.2821600437164307,0.1109051966480834,0.05845607697697993,0.1017766488223586
16.463296730101973,0.03782277843794753,55.46100970200389,0.9421973824501038,-3.1802167892456055,2.282543420791626,0.20967656223563935,0.03782277843794753,0.10317000741304128
16.54481845294066,-0.0703414455832011,55.51110913956594,0.9438401460647583,-3.180271863937378,2.280057907104492,0.12815483939695227,0.0703414455832011,0.053070569850994787
16.60389105152481,0.037927579760053835,55.60057437240935,0.9525842070579529,-3.1836295127868652,2.275003671646118,0.06908224081280423,0.037927579760053835,0.03639466299241434
16.52186218714025,-0.005772449806693347,55.52467389525758,0.9462372660636902,-3.1818795204162598,2.279052257537842,0.15111110519736215,0.005772449806693347,0.03950581415935517
16.558955236975297,0.011309247051164043,55.45936362641392,0.9479102492332458,-3.178175449371338,2.282398223876953,0.11401805536231535,0.011309247051164043,0.10481608300301559
16.589855012780433,-0.02725962425148495,55.5990375798461,0.9494161009788513,-3.1842079162597656,2.2756361961364746,0.08311827955717987,0.02725962425148495,0.034857870429163995
16.52881190462074,-0.005875360658377067,55.49907093115379,0.945819079875946,-3.181309700012207,2.280294895172119,0.14416138771687415,0.005875360658377067,0.06510877826314498
16.522314687172763,-0.07412386486712276,55.45639249412496,0.9418752193450928,-3.1797828674316406,2.282804489135742,0.15065860516484975,0.07412386486712276,0.107787215291971
16.606023778093146,-0.08651569792957403,55.60642442943347,0.9478573799133301,-3.1842260360717773,2.2748539447784424,0.06694951424446671,0.08651569792957403,0.04224472001653368
16.620382543275806,-0.054323324636262715,55.56709278509795,0.949621319770813,-3.181471586227417,2.276822805404663,0.05259074906180672,0.054323324636262715,0.002913075681014732
16.580219323408837,-0.036282385291190274,55.52142614030724,0.9479978084564209,-3.18115496635437,2.279428005218506,0.09275396892877552,0.036282385291190274,0.04275356910969208
16.584966304882,0.009625171364030951,55.49089860981187,0.9494123458862305,-3.1784865856170654,2.2813010215759277,0.0880069874556142,0.009625171364030951,0.07328109960506168
16.59040655055591,-0.04778129357356911,55.44500315368397,0.946843683719635,-3.177051305770874,2.283682107925415,0.08256674178170087,0.04778129357356911,0.11917655573296315
16.594663465956124,-0.06856842092998741,55.569452615456186,0.9470881223678589,-3.182983636856079,2.2763864994049072,0.07830982638148853,0.06856842092998741,0.005272906039252234
16.518127781211543,-0.013504794857024752,55.47367970291427,0.9433627724647522,-3.179051160812378,2.2815794944763184,0.15484551112606937,0.013504794857024752,0.09050000650266554

Errors:
rotation,[20.663990444843115, 20.528204337037216, 20.2644544578808, 17.882522517615495, 15.457016552072371, 10.099863492701065, 4.512999557472186, 0.7668836316271213, 0.6950703926168857, 0.2741443477346102, 0.08103955739398995, 0.06377519478443375, 0.15624864564419377, 0.17228001498988338, 0.10301515189313679, 0.24543808092564104, 0.1696247704987103, 0.10955142606505719, 0.25982530829749634, 0.18600343174892175, 0.27113792244742196, 0.35066934808662814, 0.25156685483114816, 0.1434044835652724, 0.19638936916341065, 0.23014338541649498, 0.14523577423782882, 0.2151455266383962, 0.3325696853239435, 0.19570993219057442, 0.10982714937908417, 0.17178992332965787, 0.17091325842470684, 0.24952459108823313, 0.15215115335072818, 0.2588503124857596]
translation,[0.09908907901583852, 0.10000529489322396, 0.10843207130946464, 0.10035427493167504, 0.08804441258116924, 0.06355799441525001, 0.023133546799945393, 0.004698924344961775, 0.01066617788437707, 0.005029272259632123, 0.0039243997219093885, 0.0031008971558987852, 0.004912706735443528, 0.004026224773940434, 0.004315994750217378, 0.005110462885633105, 0.004964839965082568, 0.004198602459494438, 0.005538625536556374, 0.00479155046569435, 0.004067626047118189, 0.004775772586092408, 0.0057559092956651625, 0.003902117580817155, 0.004492370154894232, 0.005129026097961287, 0.003835591989265197, 0.004337341827227448, 0.005045858982692941, 0.0046304415028721735, 0.005279362716041902, 0.004438062533037801, 0.005151325146293573, 0.005539224481365679, 0.004927645290242921, 0.0059699096245262595]
loss,
[0.11272947490215302, 0.10161370038986206, 0.07451130449771881, 0.05684947967529297, 0.04632234200835228, 0.048074208199977875, 0.0236700177192688, 0.0036109979264438152, 0.0011842246167361736, 0.001788026886060834, 0.001099755521863699, 0.0015236394247040153, 0.0011332384310662746, 0.001602908130735159, 0.0016250880435109138, 0.0009000546997413039, 0.0013476759195327759, 0.0011707412777468562, 0.0018085036426782608, 0.0009983971249312162, 0.0011497819796204567, 0.0017440782394260168, 0.0010341079905629158, 0.0008834636537358165, 0.0008668802911415696, 0.00169352104421705, 0.0009597952011972666, 0.0010725612519308925, 0.001021779840812087, 0.0007766815833747387, 0.0008876592619344592, 0.0009599332697689533, 0.0014576513785868883, 0.001342016737908125, 0.0020734122954308987, 0.001676324987784028]

2022-04-27 08:57:20.914623