2022-04-27 09:02:48.119338

reference phi, theta, psi, translation: 175.36684180812657, -0.0, 39.4597479484966, 0.2069414258003235, 2.553555727005005, 3.112318754196167

phi,theta,psi,rot_x,rot_y,rot_z,phi_err,theta_err,psi_err
-174.60268024378553,2.426304892454245,32.24175771288345,-0.3459881842136383,2.1274664402008057,3.6064906120300293,10.030477948087878,2.426304892454245,7.217990235613151
-174.60291247021732,2.2541521383634926,31.8555173455084,-0.3469364047050476,2.1216044425964355,3.602621078491211,10.030245721656115,2.2541521383634926,7.604230602988199
-175.13764798033762,2.7102841858076023,32.20265829497971,-0.37912696599960327,2.174858570098877,3.537749767303467,9.495510211535816,2.7102841858076023,7.257089653516886
-177.5252498877423,4.888697066405641,35.859490350185766,-0.4032140374183655,2.4391560554504395,3.3089990615844727,7.107908304131115,4.888697066405641,3.600257598310833
-179.30430926085552,5.387123874149208,37.60215847540116,-0.3263806402683258,2.5229992866516113,3.2437567710876465,5.3288489310178875,5.387123874149208,1.8575894730954374
179.32801001727546,3.859732027311851,38.41597893010276,-0.18753832578659058,2.5509111881256104,3.196917772293091,3.9611682091488944,3.859732027311851,1.0437690183938386
177.19412231678007,2.3646024129247203,40.17232109403652,-0.0017705559730529785,2.6216189861297607,3.093764066696167,1.8272805086535016,2.3646024129247203,0.7125731455399205
175.4460310213637,0.02008451598002144,39.831412692182845,0.2070322185754776,2.5710861682891846,3.088038682937622,0.0791892132371288,0.02008451598002144,0.3716647436862459
175.3999545652228,0.08659262501856962,39.295789257470446,0.20069430768489838,2.5406954288482666,3.1158971786499023,0.033112757096233736,0.08659262501856962,0.1639586910261528
175.3746418841587,0.06176978595665648,39.27920897326024,0.2030176967382431,2.5396437644958496,3.1162753105163574,0.0078000760321401685,0.06176978595665648,0.18053897523635953
175.22840753402875,0.09632961510520045,39.661914717739805,0.20855210721492767,2.561277151107788,3.0962233543395996,0.1384342740978184,0.09632961510520045,0.2021667692432061
175.4009790935983,0.12936623336856137,39.293197200680424,0.19803626835346222,2.539839744567871,3.115513324737549,0.03413728547172923,0.12936623336856137,0.1665507478161743
175.43111388821637,0.013511145683667606,39.33516529803557,0.20345064997673035,2.54148006439209,3.111802816390991,0.06427208008980756,0.013511145683667606,0.12458265046102923
175.46260106029015,0.15540970276597585,39.38588969790667,0.19391518831253052,2.544997215270996,3.112637519836426,0.09575925216358883,0.15540970276597585,0.07385825058992879
175.30184572798473,0.13970874249129875,39.408890359936684,0.2019187957048416,2.546005964279175,3.109694719314575,0.06499608014183877,0.13970874249129875,0.05085758855991429
175.33072376779555,0.09062706970263348,39.42844177643585,0.20551541447639465,2.5462920665740967,3.1078290939331055,0.03611804033101862,0.09062706970263348,0.03130617206075215
175.28915523650684,0.12008065604295474,39.47590134588368,0.20400916039943695,2.5505945682525635,3.1058545112609863,0.07768657161972214,0.12008065604295474,0.016153397387078883
175.4269474728227,-0.1026617375220471,39.44061317353681,0.21029099822044373,2.5481114387512207,3.1109580993652344,0.060105664696123995,0.1026617375220471,0.019134774959788103
175.44797079508797,0.14684507683870238,39.40862056746447,0.19619569182395935,2.5485236644744873,3.1140027046203613,0.08112898696140292,0.14684507683870238,0.051127381032131325
175.33687093804855,-0.05475167471448744,39.48077468585649,0.21224568784236908,2.55074143409729,3.108912706375122,0.029970870078017242,0.05475167471448744,0.02102673735988958
175.38524233775058,0.027814430168565364,39.41254792623723,0.20611672103405,2.54780650138855,3.1120223999023438,0.01840052962401728,0.027814430168565364,0.04720002225936781
175.35850897733914,0.007463444497355302,39.395721755216904,0.20767149329185486,2.5462467670440674,3.113042116165161,0.008332830787423973,0.007463444497355302,0.06402619327969461
175.35837237355574,0.06858409989099593,39.46285909966354,0.20385850965976715,2.549973726272583,3.107511043548584,0.008469434570827161,0.06858409989099593,0.0031111511669408287
175.32413946543565,0.005217019024317056,39.43255696541078,0.21027447283267975,2.5474448204040527,3.1094775199890137,0.042702342690915884,0.005217019024317056,0.027190983085816356
175.32823757893766,0.10067720706931814,39.47345613816081,0.20319966971874237,2.5519721508026123,3.109056234359741,0.03860422918890549,0.10067720706931814,0.013708189664214387
175.33911124009632,0.07741624789100279,39.43353709755668,0.2046254277229309,2.5488109588623047,3.109278440475464,0.027730568030250424,0.07741624789100279,0.026210850939918373
175.3723879217326,0.0193757937664671,39.403415963316924,0.20561933517456055,2.5470588207244873,3.1124613285064697,0.0055461136060444005,0.0193757937664671,0.05633198517967486
175.39696294236632,0.10277108559150232,39.418681436111896,0.19969120621681213,2.5473568439483643,3.110896348953247,0.03012113423974938,0.10277108559150232,0.04106651238470249
175.3811578846269,0.042601743467259104,39.40139764241718,0.20445138216018677,2.545483112335205,3.1106321811676025,0.01431607650033584,0.042601743467259104,0.0583503060794186
175.27492112227654,0.07998060019743027,39.40718964283335,0.2076158970594406,2.546020269393921,3.108464241027832,0.09192068585002744,0.07998060019743027,0.05255830566324704
175.33386565481374,0.05240183802636746,39.46402706201162,0.20600496232509613,2.5489909648895264,3.107764959335327,0.03297615331283055,0.05240183802636746,0.004279113515018196
175.3657626382377,0.05653844676100829,39.38163790514834,0.20521315932273865,2.5452113151550293,3.111829996109009,0.0010791698888681367,0.05653844676100829,0.07811004334826066
175.3846002999686,0.05243065361111311,39.465830231952495,0.2042074203491211,2.5503897666931152,3.1076910495758057,0.017758491842045032,0.05243065361111311,0.006082283455896231
175.40417562212986,0.09251249085538553,39.427150870682716,0.20068268477916718,2.5473718643188477,3.108555316925049,0.037333814003289945,0.09251249085538553,0.032597077813882436
175.35898709058105,0.17642690933728353,39.37767981052431,0.1974072903394699,2.5445635318756104,3.112522840499878,0.007854717545512813,0.17642690933728353,0.08206813797228563
175.3999272444661,0.022383997699960426,39.444564437971664,0.20498767495155334,2.548051118850708,3.1083765029907227,0.033085436339547414,0.022383997699960426,0.015183510524934718

Errors:
rotation,[19.674773076155276, 19.888628463007805, 19.462884050860303, 15.596862968847589, 12.573562278262532, 8.864669254854585, 4.904456067118142, 0.47093847290339613, 0.28366407314095615, 0.2501088372251562, 0.4369306584462249, 0.33005426665646487, 0.20236587623450442, 0.3250272055194935, 0.2555624111930518, 0.15805128209440425, 0.21392062504975579, 0.1819021771779592, 0.27910144483223664, 0.10574928215239426, 0.09341498205195045, 0.07982246856447389, 0.08016468562876392, 0.0751103448010493, 0.15298962592243803, 0.1313576668611716, 0.08125389255218636, 0.1739587322159542, 0.11526812604701354, 0.22445959171070473, 0.08965710485421621, 0.13572765999813707, 0.07627142890905438, 0.16244338267255792, 0.266349764855082, 0.07065294456444256]
translation,[0.170370405351016, 0.16416006674168226, 0.13893357773964343, 0.09943270862535147, 0.09125006145721759, 0.06308681747553191, 0.024024108602723082, 0.007532261841462606, 0.0056814378567144885, 0.005935858433072205, 0.0074198820453039716, 0.00665028241504384, 0.008215723250478923, 0.00581812552318528, 0.007061381606504824, 0.008139697195552742, 0.007015928262541493, 0.0043243256908303, 0.002422030795533381, 0.004136363756647832, 0.003910745466479959, 0.004029219049401789, 0.00613824689257747, 0.005890833814920171, 0.003712456647231299, 0.005470958076370991, 0.004069918043515308, 0.005389199339623119, 0.006539755193589514, 0.007713176316368475, 0.006455422411699274, 0.00574698278063579, 0.005718005763641898, 0.007139127582836302, 0.0060112354010444236, 0.006630234250756928]
loss,
[0.058801278471946716, 0.05999770015478134, 0.05597395822405815, 0.044350944459438324, 0.03370634466409683, 0.02335870824754238, 0.009396368637681007, 0.003056000452488661, 0.0012132248375564814, 0.0011652554385364056, 0.002697934163734317, 0.0010157821234315634, 0.0008517132955603302, 0.0014361878857016563, 0.0008242379408329725, 0.0011005690321326256, 0.0006006160983815789, 0.0027958869468420744, 0.0013191122561693192, 0.0005816706689074636, 0.0010876839514821768, 0.0012037658598273993, 0.0009012523805722594, 0.0015305562410503626, 0.0009636718314141035, 0.0007765115587972105, 0.0008559934212826192, 0.0010312083177268505, 0.0006770553882233799, 0.001173918368294835, 0.000858558458276093, 0.0010513263987377286, 0.0007116901106201112, 0.0005961876595392823, 0.0009751939214766026, 0.00047130166785791516]

2022-04-27 09:05:22.825820