2022-04-28 22:25:05.259333

reference phi, theta, psi, translation: 132.9853677440357, -8.537735924097414e-07, 76.34363348549546, 2.865516185760498, 2.6707684993743896, 0.9517420530319214

phi,theta,psi,rot_x,rot_y,rot_z,phi_err,theta_err,psi_err
143.3552887910292,-3.0579185397180266,69.36864430507845,2.3124754428863525,2.981729030609131,1.6183615922927856,10.369921046993511,3.0579176859444344,6.974989180417012
143.76410293361116,-3.3410656057947197,69.47657495434298,2.304622173309326,2.9889132976531982,1.6064727306365967,10.778735189575457,3.3410647520211274,6.86705853115248
145.63027453939873,-7.430053786618265,68.78780501806055,2.3605079650878906,2.9319069385528564,1.589072823524475,12.644906795363028,7.4300529328446725,7.555828467434907
147.42205172474652,-12.243814685431046,70.25354995356696,2.4136247634887695,2.9989101886749268,1.3782992362976074,14.436683980710825,12.243813831657453,6.090083531928499
143.98286023234834,-11.089189457739964,73.0163409822696,2.533006191253662,2.9656662940979004,1.2304743528366089,10.997492488312645,11.089188603966372,3.3272925032258627
140.97226311036846,-10.978644917863813,73.8037183595995,2.6818013191223145,2.838968515396118,1.1737923622131348,7.98689536633276,10.97864406409022,2.539915125895959
140.0101490035021,-10.883167378622504,74.24396503274184,2.7166402339935303,2.8042497634887695,1.1368465423583984,7.024781259466408,10.883166524848912,2.099668452753619
139.7634289103029,-10.195595975451893,74.72232416145286,2.7132492065429688,2.807147741317749,1.108780860900879,6.778061166267207,10.1955951216783,1.621309324042599
139.53431704478402,-9.996399599918966,74.93446983707345,2.7256271839141846,2.800588607788086,1.089150071144104,6.548949300748319,9.996398746145374,1.409163648422009
139.95191481063858,-10.633222162715546,74.53010897783035,2.707329034805298,2.802865505218506,1.1126773357391357,6.966547066602885,10.633221308941954,1.8135245076651074
139.44146745320685,-11.115268111391535,74.42204172478242,2.735339641571045,2.764648199081421,1.1170321702957153,6.456099709171156,11.115267257617942,1.9215917607130422
139.71173803866427,-11.175841874093381,74.49613561689871,2.7166175842285156,2.7750954627990723,1.1135815382003784,6.726370294628566,11.175841020319789,1.8474978685967471
139.26518027072882,-10.923963008710981,74.09292905962535,2.7282214164733887,2.7491562366485596,1.1396602392196655,6.279812526693121,10.923962154937389,2.2507044258701114
138.97123624960815,-11.162815600222165,74.64828491084992,2.7464187145233154,2.73637318611145,1.099371314048767,5.985868505572455,11.162814746448573,1.6953485746455357
139.01142508268453,-10.936358702154356,74.72461910501399,2.7323665618896484,2.7433993816375732,1.0955721139907837,6.026057338648826,10.936357848380764,1.6190143804814738
138.5938136564516,-11.037320541932983,74.63082011714219,2.747229814529419,2.7129244804382324,1.0924921035766602,5.6084459124159025,11.037319688159391,1.7128133683532667
138.27330019945958,-11.451928476748739,74.5717116600649,2.7616848945617676,2.683011531829834,1.0965055227279663,5.287932455423885,11.451927622975147,1.771921825430553
138.4024863974212,-11.281380882230106,74.74976786153796,2.7502706050872803,2.692272424697876,1.0859686136245728,5.417118653385501,11.281380028456514,1.5938656239574982
138.44921855172242,-11.207277456559035,74.49047339007677,2.7443082332611084,2.6906230449676514,1.1043055057525635,5.463850807686725,11.207276602785443,1.853160095418687
138.14491996382003,-11.315435756950285,74.73087555829372,2.7580738067626953,2.6826019287109375,1.087721586227417,5.159552219784331,11.315434903176692,1.6127579272017414
137.83022582800086,-11.533603589846214,74.79735378948544,2.7763452529907227,2.6647017002105713,1.0803542137145996,4.844858083965164,11.533602736072622,1.5462796960100178
137.77690937133974,-11.358061976577522,74.70337038650607,2.7749106884002686,2.6637184619903564,1.0856176614761353,4.791541627304042,11.35806112280393,1.6402630989893936
137.68992008207044,-10.952174342318244,74.84326632108628,2.7718775272369385,2.6701202392578125,1.079210638999939,4.704552338034745,10.952173488544652,1.5003671644091838
137.7149595555677,-10.918992777908064,75.11822924650347,2.76760196685791,2.6817004680633545,1.0603840351104736,4.7295918115320035,10.918991924134472,1.2254042389919846
136.9909321827897,-10.791706999125488,75.21635174411988,2.7979934215545654,2.649256706237793,1.0536631345748901,4.005564438753993,10.791706145351895,1.1272817413755831
136.71303910621853,-10.64267312671467,75.71359634588597,2.799900770187378,2.6519997119903564,1.0212814807891846,3.727671362182832,10.642672272941077,0.6300371396094846
136.221320127491,-10.808134585273901,75.68238238137901,2.8190321922302246,2.622877359390259,1.022703766822815,3.235952383455299,10.808133731500309,0.6612511041164453
136.02284849058876,-10.91760875736423,75.50581516114502,2.8263580799102783,2.6105127334594727,1.0346651077270508,3.037480746553058,10.917607903590637,0.8378183243504367
135.84068734542453,-10.903565879737716,75.7843366151198,2.833705186843872,2.607449769973755,1.017439842224121,2.8553196013888282,10.903565025964124,0.5592968703756611
135.5119503406718,-10.909371200502111,75.923228511892,2.845733880996704,2.592395544052124,1.0075535774230957,2.5265825966361035,10.909370346728519,0.4204049736034534
135.54499479587633,-10.739785811676448,75.64267849173373,2.838458776473999,2.584857940673828,1.0273553133010864,2.5596270518406357,10.739784957902856,0.7009549937617265
135.51782430335803,-9.920551794799744,76.20971396643903,2.833336114883423,2.607644557952881,0.9913188219070435,2.532456559322327,9.920550941026152,0.13391951905643396
135.23449439620754,-9.636221294530753,76.36479341154416,2.843933582305908,2.6004979610443115,0.9797929525375366,2.2491266521718387,9.63622044075716,0.02115992604869632
134.88370954081404,-9.490811044220404,76.5172773847647,2.855163812637329,2.587465763092041,0.9666920900344849,1.8983417967783396,9.490810190446812,0.17364389926923707
134.93918433725287,-9.201878285035043,76.58274474795927,2.8471617698669434,2.598033905029297,0.9624474048614502,1.9538165932171694,9.201877431261451,0.23911126246380832
134.88734320145247,-9.08410021831761,76.47721832528258,2.845672607421875,2.5996363162994385,0.9697569012641907,1.9019754574167678,9.084099364544018,0.13358483978711888

Errors:
rotation,[20.402827913354958, 20.986858472749063, 27.63078819564261, 32.77058134429678, 25.413973595504878, 21.505454556318938, 20.007616237068937, 18.59496561198811, 17.954511695315702, 19.413292883209948, 19.492958727502142, 19.7497091835451, 19.45447910750062, 18.844031826666566, 18.581429567511066, 18.358578968928562, 18.511781903829586, 18.292364305799513, 18.524287505890854, 18.087745050162766, 17.924740516047805, 17.789865849097367, 17.15709299098858, 16.873987974658462, 15.924552325481471, 15.000380774733394, 14.705337219072053, 14.792906974494132, 14.318181497728613, 13.856357916968076, 14.000367003505218, 12.586927019404913, 11.906507018977695, 11.562795886494388, 11.394805286942429, 11.119659661747905]
translation,[0.07464079787699607, 0.07077804429472945, 0.054605852927699594, 0.05772857936916953, 0.05853660575881037, 0.046810400640540095, 0.03536477903612045, 0.027343051351882863, 0.025789617458842784, 0.021492015000168507, 0.01524273064318482, 0.00882526475929346, 0.006181771262390612, 0.0013434044499938125, 0.007157560929512918, 0.01855244937531264, 0.027658082853243116, 0.03217317062605263, 0.03235776563688031, 0.03282146230126415, 0.03414338241606307, 0.03436884139787155, 0.033937059820730475, 0.034186038879642666, 0.036440655642001385, 0.041697543993576947, 0.047116974308473836, 0.04695916231087294, 0.04818236412936283, 0.051948070239133504, 0.056987782047186464, 0.05491002101959275, 0.054881676527417156, 0.0585437271465139, 0.05842010006668952, 0.056661652729898204]
loss,
[0.14552053809165955, 0.13969957828521729, 0.11916624009609222, 0.10219971835613251, 0.08846490830183029, 0.07953055202960968, 0.08133901655673981, 0.0781635269522667, 0.08369234204292297, 0.08101152628660202, 0.07488290965557098, 0.08230239152908325, 0.07887358963489532, 0.08358930051326752, 0.07966426014900208, 0.08799856901168823, 0.07965511083602905, 0.07771775126457214, 0.08396530151367188, 0.07213062047958374, 0.07831147313117981, 0.07842203229665756, 0.07448484748601913, 0.08421751111745834, 0.08076900988817215, 0.07366421818733215, 0.07449217140674591, 0.075210340321064, 0.0779876783490181, 0.07851068675518036, 0.07476835697889328, 0.08124060928821564, 0.07991894334554672, 0.07587458938360214, 0.0744490846991539, 0.0804269090294838]

2022-04-28 22:29:32.717839