2022-04-28 22:07:00.553020

reference phi, theta, psi, translation: -86.91639066027085, -0.0, 34.793557367935236, -2.296917200088501, -0.12373751401901245, 3.3104169368743896

phi,theta,psi,rot_x,rot_y,rot_z,phi_err,theta_err,psi_err
-76.53055527251121,6.8177051513072,38.18892636661862,-2.336111545562744,-0.9462913274765015,3.345968008041382,10.385835387759641,6.8177051513072,3.395368998683381
-74.95770614062984,6.642855068456201,39.281510747010536,-2.3748300075531006,-1.0322176218032837,3.2940595149993896,11.958684519641011,6.642855068456201,4.4879533790753
-71.63673839257541,6.373951271423721,41.64639544523575,-2.4252893924713135,-1.1854702234268188,3.2098324298858643,15.27965226769544,6.373951271423721,6.852838077300511
-71.95027822642484,7.063460999990676,41.15276401354058,-2.394984006881714,-1.189618468284607,3.2254154682159424,14.966112433846007,7.063460999990676,6.359206645605347
-71.90190682672281,7.0037419641192376,41.13786737096079,-2.392871618270874,-1.187758207321167,3.2224700450897217,15.014483833548042,7.0037419641192376,6.344310003025555
-71.29113765076193,6.512685912187834,41.468462187167745,-2.409036159515381,-1.1961259841918945,3.2059953212738037,15.625253009508924,6.512685912187834,6.674904819232509
-70.89531452798136,6.4730645730379965,42.11861423388292,-2.433788299560547,-1.2199026346206665,3.1818957328796387,16.021076132289494,6.4730645730379965,7.325056865947687
-71.67454348963143,7.08026056823856,41.57207615687684,-2.398132085800171,-1.2153834104537964,3.205571174621582,15.241847170639417,7.08026056823856,6.778518788941604
-71.88428493866418,6.7892225146320735,41.416761070245336,-2.4065868854522705,-1.1882047653198242,3.2029080390930176,15.03210572160667,6.7892225146320735,6.6232037023101
-71.20837624858889,6.088513925168655,41.88731329273502,-2.4265871047973633,-1.1865344047546387,3.183910608291626,15.708014411681958,6.088513925168655,7.093755924799787
-71.99795294683153,6.197400570955139,41.608474234963836,-2.4273695945739746,-1.149425983428955,3.199824333190918,14.918437713439317,6.197400570955139,6.8149168670286
-71.68907130199604,6.077558612384018,41.61941278291961,-2.420386791229248,-1.1572262048721313,3.1989290714263916,15.227319358274812,6.077558612384018,6.825855414984375
-71.70246530295844,6.01389632448837,41.78992845554898,-2.436401844024658,-1.1577049493789673,3.181703567504883,15.213925357312405,6.01389632448837,6.9963710876137455
-72.36054036911082,6.518909163757792,41.541804758475344,-2.4238829612731934,-1.1583293676376343,3.194953203201294,14.555850291160027,6.518909163757792,6.748247390540108
-72.86303738634867,6.8414421426089795,41.39255829492139,-2.4216318130493164,-1.1447842121124268,3.206312417984009,14.053353273922184,6.8414421426089795,6.599000926986157
-71.46676913507964,6.382559399033951,42.69315608648605,-2.470258951187134,-1.2014122009277344,3.1451377868652344,15.449621525191205,6.382559399033951,7.899598718550813
-71.65164869553354,6.567762632451744,42.59649524935203,-2.4647040367126465,-1.1986479759216309,3.1526660919189453,15.264741964737311,6.567762632451744,7.802937881416796
-71.78864862990567,6.711467538828405,42.44773714432374,-2.4590909481048584,-1.1955283880233765,3.160431146621704,15.127742030365184,6.711467538828405,7.654179776388503
-72.35656519901389,6.981053902432431,42.108891459599405,-2.4523496627807617,-1.1789212226867676,3.1738388538360596,14.559825461256963,6.981053902432431,7.31533409166417
-71.5240607618377,6.872699642296962,42.55512820864385,-2.4562222957611084,-1.2177990674972534,3.152237892150879,15.392329898433147,6.872699642296962,7.761570840708615
-71.22768519337251,7.000423305173673,42.641287629928975,-2.451918601989746,-1.2351834774017334,3.147260904312134,15.688705466898341,7.000423305173673,7.847730261993739
-71.94256011266273,7.156033291270413,42.11512059212246,-2.439459800720215,-1.2093600034713745,3.1670711040496826,14.973830547608117,7.156033291270413,7.321563224187223
-71.46672132375545,7.082327135705052,42.41573770806223,-2.4464049339294434,-1.2269303798675537,3.152972936630249,15.449669336515399,7.082327135705052,7.622180340126995
-71.6320733733723,7.214713539681814,42.403805367582216,-2.446319103240967,-1.2273036241531372,3.1529386043548584,15.284317286898556,7.214713539681814,7.61024799964698
-71.97266758652414,7.401312779657963,42.11081415785077,-2.435366153717041,-1.2206841707229614,3.163238763809204,14.94372307374671,7.401312779657963,7.3172567899155325
-70.94242234268692,7.260036751708483,42.991782202282764,-2.4585635662078857,-1.2727324962615967,3.1213879585266113,15.973968317583925,7.260036751708483,8.198224834347528
-71.41127384807328,7.149520153435621,42.64264683757381,-2.4588141441345215,-1.2406949996948242,3.13720703125,15.50511681219757,7.149520153435621,7.849089469638571
-71.85315976661643,7.197088636573927,42.20852684411697,-2.4438984394073486,-1.2199468612670898,3.158781051635742,15.06323089365442,7.197088636573927,7.4149694761817315
-72.0448353652945,7.2162475262662005,41.98476984690735,-2.4337642192840576,-1.2089471817016602,3.171616315841675,14.871555294976346,7.2162475262662005,7.191212478972112
-72.27746477823597,7.213929489573721,41.76351269893396,-2.4253432750701904,-1.1933821439743042,3.1835532188415527,14.638925882034883,7.213929489573721,6.969955330998722
-71.60477993744891,7.007724403063739,42.34393192931788,-2.4443552494049072,-1.2195007801055908,3.1562278270721436,15.31161072282194,7.007724403063739,7.550374561382647
-71.62400008977333,6.948463941608474,42.37846536576147,-2.4481313228607178,-1.2168328762054443,3.155332565307617,15.292390570497517,6.948463941608474,7.584907997826235
-71.58239057734961,6.989113200206097,42.37067553501307,-2.446686267852783,-1.2198400497436523,3.1547136306762695,15.334000082921236,6.989113200206097,7.577118167077835
-71.79796500793356,7.167371534305951,42.294235472916874,-2.441683292388916,-1.2195173501968384,3.1588690280914307,15.118425652337294,7.167371534305951,7.500678104981638
-72.19229914947508,7.086003042942959,41.990237413337944,-2.4353415966033936,-1.193495512008667,3.1741464138031006,14.724091510795773,7.086003042942959,7.196680045402708
-72.15564835438879,6.943700419017101,42.076693947851965,-2.4431681632995605,-1.188399314880371,3.1699135303497314,14.760742305882061,6.943700419017101,7.283136579916729

Errors:
rotation,[20.598909537750224, 23.08949296717251, 28.50644161641967, 28.38878007944203, 28.362535800692832, 28.812843740929267, 29.819197571275176, 29.100626527819582, 28.44453193854884, 28.8902842616504, 27.930755151423057, 28.130733385643204, 28.224192769414522, 27.823006845457925, 27.49379634351732, 29.73177964277597, 29.635442478605853, 29.49338934558209, 28.856213455353565, 30.026600381438723, 30.536859034065753, 29.45142706306575, 30.154176812347444, 30.10927882622735, 29.662292643320207, 31.432229903639936, 30.503726435271762, 29.67528900641008, 29.27901530021466, 28.822810702607327, 29.869709687268326, 29.825762509932225, 29.90023145020517, 29.786475291624882, 29.00677459914144, 28.987579304815892]
translation,[0.1579505536533441, 0.1588733912143674, 0.16296132847872524, 0.15867369253127084, 0.15467062461221825, 0.15367443062634134, 0.15646572081143972, 0.15263510134066394, 0.14764020537700873, 0.14421251834720028, 0.14645165946722027, 0.14386717661228499, 0.14015059361781912, 0.14315688702801754, 0.14682169563127978, 0.14468989254853604, 0.14628977346395278, 0.14795494431197564, 0.14943655406353962, 0.14650997755050543, 0.1453330692830237, 0.14545528362044546, 0.14397516148622813, 0.1440086439492596, 0.14345586395777143, 0.14109424010815275, 0.14345603288461106, 0.14485098333451152, 0.14546204783786187, 0.14516878671902145, 0.14305714779468381, 0.14381459034619848, 0.1433772814669183, 0.14349608096293576, 0.14385924524081606, 0.14376220312664767]
loss,
[0.1278507113456726, 0.12719902396202087, 0.11021509021520615, 0.13033419847488403, 0.12573689222335815, 0.11382986605167389, 0.12197118252515793, 0.10999743640422821, 0.11241399496793747, 0.1121901199221611, 0.12163063138723373, 0.11662596464157104, 0.11794698238372803, 0.12334945052862167, 0.11512907594442368, 0.12355776876211166, 0.11410423368215561, 0.11841054260730743, 0.11190886795520782, 0.11864324659109116, 0.10774325579404831, 0.1140122041106224, 0.10678043961524963, 0.11332759261131287, 0.11689232289791107, 0.12559352815151215, 0.11200239509344101, 0.11492850631475449, 0.11682471632957458, 0.10645709931850433, 0.1173311397433281, 0.12072288990020752, 0.12141602486371994, 0.11342310160398483, 0.11931799352169037, 0.11621755361557007]

2022-04-28 22:11:25.344902