2022-04-28 20:16:10.307377

reference phi, theta, psi, translation: 175.36684180812657, -0.0, 39.4597479484966, 0.2069414258003235, 2.553555727005005, 3.112318754196167

phi,theta,psi,rot_x,rot_y,rot_z,phi_err,theta_err,psi_err
-174.60268024378553,2.426304892454245,32.24175771288345,-0.3459881842136383,2.1274664402008057,3.6064906120300293,10.030477948087878,2.426304892454245,7.217990235613151
-174.57236786424903,2.3857335477635258,32.105591061590076,-0.34411177039146423,2.1192080974578857,3.6104907989501953,10.060790327624431,2.3857335477635258,7.354156886906523
-173.57550175488566,1.535277705653085,30.896302653944733,-0.33524444699287415,2.061828851699829,3.624310255050659,11.05765643698777,1.535277705653085,8.563445294551865
-173.40409132747502,2.4500478372436048,31.044309438164326,-0.39939039945602417,2.056894540786743,3.61025071144104,11.229066864398419,2.4500478372436048,8.415438510332272
-173.41992370597112,2.931517424611953,30.900964258053268,-0.4255216419696808,2.0381691455841064,3.6076838970184326,11.21323448590232,2.931517424611953,8.558783690443331
-173.78935497779875,4.041696464016322,31.45274109015275,-0.49702954292297363,2.0898144245147705,3.515326976776123,10.843803214074683,4.041696464016322,8.00700685834385
-176.66132658038407,6.793673493435796,36.59333953499027,-0.5361738801002502,2.4163010120391846,3.2089195251464844,7.971831611489392,6.793673493435796,2.8664084135063277
-179.8166144297415,6.7627635007857645,39.99508451526386,-0.38094189763069153,2.589348554611206,3.053971529006958,4.816543762131914,6.7627635007857645,0.5353365667672634
179.0638319605577,3.246864998795986,39.201355062005845,-0.12892644107341766,2.544429302215576,3.11691951751709,3.696990152431141,3.246864998795986,0.2583928864907534
176.0469374041631,0.3598858476776198,39.356178375017116,0.16054318845272064,2.5411198139190674,3.106642007827759,0.6800955960365229,0.3598858476776198,0.10356957347948281
175.1918387012125,-0.10670792621902546,39.42919309724455,0.2238961011171341,2.549325466156006,3.1103429794311523,0.17500310691406185,0.10670792621902546,0.03055485125204882
175.5212860456389,0.06753066128982696,39.55016599272923,0.19792191684246063,2.5572903156280518,3.1079792976379395,0.1544442375123367,0.06753066128982696,0.09041804423262789
175.37902686560588,0.03714205950982626,39.45214253285579,0.20592205226421356,2.5506339073181152,3.110726833343506,0.01218505747931431,0.03714205950982626,0.00760541564081052
175.3479085237473,0.013971893957401088,39.54486235083871,0.2080209106206894,2.555368661880493,3.1049752235412598,0.018933284379272664,0.013971893957401088,0.0851144023421142
175.33189856033277,-0.004324689825715011,39.53438484065192,0.21072295308113098,2.5543689727783203,3.1062119007110596,0.03494324779379099,0.004324689825715011,0.07463689215531844
175.39768694241835,0.05891185023765484,39.536164104930705,0.20365482568740845,2.5553033351898193,3.106269598007202,0.030845134291780596,0.05891185023765484,0.0764161564341066
175.37527026156235,0.03427000935884637,39.54004706747386,0.20553576946258545,2.554913282394409,3.1065378189086914,0.008428453435783467,0.03427000935884637,0.08029911897725839
175.34441146689224,0.05285116110308518,39.54498870933836,0.20563383400440216,2.5557050704956055,3.1055281162261963,0.02243034123432608,0.05285116110308518,0.08524076084176357
175.40346528245618,0.10384840488972782,39.45485411795629,0.19991624355316162,2.5501623153686523,3.1106486320495605,0.0366234743296161,0.10384840488972782,0.004893830540311228
175.38593901704593,0.04808581828170136,39.51824851873776,0.20432130992412567,2.552961826324463,3.106447458267212,0.019097208919362174,0.04808581828170136,0.058500570241157845
175.39547396112727,0.05701342006423351,39.467131382989386,0.2032957524061203,2.550196647644043,3.109265089035034,0.0286321530007001,0.05701342006423351,0.007383434492787444
175.3980147914985,0.025484767021096387,39.45861413709438,0.2051660716533661,2.5505218505859375,3.11053466796875,0.031172983371931196,0.025484767021096387,0.0011338114022194645
175.3281829374243,0.0778988115761697,39.50706066887728,0.2055063545703888,2.5537548065185547,3.108071804046631,0.038658870702278136,0.0778988115761697,0.04731272038068113
175.36130935489885,0.09092901219361216,39.499970932518806,0.20317862927913666,2.5522422790527344,3.108064651489258,0.00553245322771545,0.09092901219361216,0.0402229840222077
175.349342863473,0.09941191926858184,39.49271385652567,0.2031577229499817,2.551793336868286,3.107239007949829,0.017498944653567605,0.09941191926858184,0.032965908029069624
175.34404263667707,0.06586995860957892,39.513907933520215,0.2053421288728714,2.553767681121826,3.1065871715545654,0.02279917144949195,0.06586995860957892,0.05415998502361674
175.3380457305858,0.01915323920978802,39.51648291483731,0.20879417657852173,2.5529932975769043,3.1065175533294678,0.02879607754076119,0.01915323920978802,0.056734966340712845
175.37133607260043,0.024405077511427332,39.52256519829321,0.20674535632133484,2.5534720420837402,3.10600209236145,0.004494264473862586,0.024405077511427332,0.06281724979660908
175.35641893945314,0.11360280290855247,39.53218551973917,0.20223432779312134,2.5549683570861816,3.106513738632202,0.01042286867343023,0.11360280290855247,0.072437571242574
175.32827856007268,0.039964098514813126,39.52074836797399,0.2080605924129486,2.5536842346191406,3.107377529144287,0.03856324805389022,0.039964098514813126,0.06100041947738788
175.36663690245146,0.06477884956607588,39.52506846262402,0.2043313831090927,2.5536773204803467,3.106614351272583,0.00020490567510478286,0.06477884956607588,0.06532051412742135
175.37158195941055,0.10164153014125925,39.51737766961858,0.20240367949008942,2.553264617919922,3.1064937114715576,0.004740151283982641,0.10164153014125925,0.057629721121983835
175.31367561562718,0.04471305220357211,39.54180925627972,0.2075088620185852,2.5541157722473145,3.105092763900757,0.05316619249938981,0.04471305220357211,0.08206130778312115
175.3698197706047,0.05393789078261561,39.534190180260566,0.20498043298721313,2.5548453330993652,3.106448173522949,0.002977962478126983,0.05393789078261561,0.07444223176396747
175.31225493627983,0.05139150036478138,39.53354814247859,0.20715034008026123,2.5546627044677734,3.106231451034546,0.054586871846737495,0.05139150036478138,0.07380019398198812
175.34863252379932,0.021454786244581598,39.56236129549229,0.20847764611244202,2.5559208393096924,3.1048479080200195,0.01820928432724145,0.021454786244581598,0.10261334699568891

Errors:
rotation,[19.674773076155276, 19.80068076229448, 21.15637943719272, 22.094553211974297, 22.703535600957604, 22.892506536434855, 17.631913518431517, 12.114643829684942, 7.20224803771788, 1.1435510171936256, 0.31226588438513614, 0.3123929430347916, 0.05693253262995109, 0.11801958067878796, 0.11390482977482444, 0.16617314096354202, 0.12299758177188823, 0.16052226317917484, 0.14536570975965515, 0.12568359744222138, 0.09302900755772106, 0.05779156179524705, 0.16387040265912894, 0.1366844494435353, 0.14987677195121907, 0.1428291150826876, 0.10468428309126206, 0.09171659178189899, 0.19646324282455668, 0.13952776604609124, 0.130304269368602, 0.16401140254722574, 0.17994055248608307, 0.13135808502471008, 0.179778566193507, 0.14227741756751194]
translation,[0.170370405351016, 0.16947823236047999, 0.1520699329028501, 0.14310619628632892, 0.1342745414269766, 0.08856611757305721, 0.02142068124789276, 0.009116301638123048, 0.0054699036193950334, 0.014377829438396716, 0.0032977439342332104, 0.001433783248058873, 0.0031319749680269737, 0.0044611198614834535, 0.004001144433169124, 0.0037275276643802258, 0.0036725527591263685, 0.003943885971736449, 0.0037935741605688023, 0.005041758534345853, 0.004671142381338811, 0.003389915968547541, 0.0032253028050641674, 0.004307739374264763, 0.005230599953304882, 0.004370999537537834, 0.00473824953221591, 0.004938059369928638, 0.0038233227094526256, 0.003674609207240387, 0.004458752816814737, 0.004910921131352275, 0.0051918719769155075, 0.0038131085244801355, 0.003985098261308551, 0.00418522356919393]
loss,
[0.08122183382511139, 0.07970096915960312, 0.08501740545034409, 0.08580996096134186, 0.08498015254735947, 0.07648608088493347, 0.05192246288061142, 0.03740309178829193, 0.021662360057234764, 0.005668703466653824, 0.0035010059364140034, 0.0015362895792350173, 0.0010715762618929148, 0.0010597249493002892, 0.0012300702510401607, 0.000942286744248122, 0.0013036688324064016, 0.0015625229571014643, 0.001321648946031928, 0.001195387914776802, 0.001026974176056683, 0.001079572713933885, 0.0010590758174657822, 0.0014857365749776363, 0.0009010768262669444, 0.001236538402736187, 0.0012435264652594924, 0.0014375982573255897, 0.001361754722893238, 0.0009813911747187376, 0.0013107098639011383, 0.0012016540858894587, 0.0012088732328265905, 0.0011475873179733753, 0.0009927117498591542, 0.0013496740721166134]

2022-04-28 20:20:52.123224