2022-04-19 23:16:10.220807

reference phi, theta, psi, translation: 175.36684180812657, -0.0, 39.4597479484966, 0.2069414258003235, 2.553555727005005, 3.112318754196167

phi,theta,psi,rot_x,rot_y,rot_z,phi_err,theta_err,psi_err
-174.60268024378553,2.426304892454245,32.24175771288345,-0.3459881842136383,2.1274664402008057,3.6064906120300293,10.030477948087878,2.426304892454245,7.217990235613151
-174.3788139635492,2.2491776047669956,32.42302068817183,-0.3486611247062683,2.140596628189087,3.5968596935272217,10.254344228324271,2.2491776047669956,7.036727260324767
-175.0014403479092,2.4674005399311856,34.25096031008025,-0.3935196101665497,2.2892396450042725,3.472060441970825,9.631717843964225,2.4674005399311856,5.2087876384163465
-178.89027685374768,6.270344632675516,34.27673061381871,-0.43339601159095764,2.3373517990112305,3.4204556941986084,5.7428813381257555,6.270344632675516,5.183017334677892
179.4266242885121,5.868275720237513,36.12720644489359,-0.3300126791000366,2.4515419006347656,3.343709707260132,4.059782480385536,5.868275720237513,3.332541503603011
178.2148667674818,4.090891810845091,38.287038618951264,-0.16684198379516602,2.5712993144989014,3.2467620372772217,2.8480249593552287,4.090891810845091,1.1727093295453344
176.50995592799825,2.1834744341191232,38.81844099675659,0.031650837510824203,2.5848798751831055,3.2107431888580322,1.143114119871683,2.1834744341191232,0.6413069517400061
175.93718992457931,0.6593227092739494,38.45798800859293,0.14092707633972168,2.5401668548583984,3.20798921585083,0.5703481164527489,0.6593227092739494,1.0017599399036712
175.54946740615438,0.22885043268041555,39.00738793486124,0.18434950709342957,2.5488877296447754,3.1546785831451416,0.18262559802781198,0.22885043268041555,0.4523600136353565
175.40438052780496,0.11363735115179477,39.354658657926784,0.1964321881532669,2.5502707958221436,3.1195216178894043,0.03753871967839473,0.11363735115179477,0.10508929056981486
175.28668270802729,-0.0010622747298955361,39.497351554972106,0.21069471538066864,2.5491397380828857,3.1044838428497314,0.08015910009928007,0.0010622747298955361,0.03760360647550698
175.41044573578793,0.06780017920624012,39.460693929696646,0.2012793868780136,2.549391746520996,3.108083963394165,0.04360392766136556,0.06780017920624012,0.0009459812000471857
175.36387750602677,0.0030036383748533735,39.43373517304261,0.2063348889350891,2.5491061210632324,3.11065411567688,0.002964302099798033,0.0030036383748533735,0.026012775453992276
175.36139131716888,0.00573638106833909,39.46686500561175,0.20693877339363098,2.5504262447357178,3.1086771488189697,0.005450490957684906,0.00573638106833909,0.007117057115152647
175.30532912446142,-0.0291015307995829,39.361031224422405,0.2107718586921692,2.543821096420288,3.112687110900879,0.06151268366514273,0.0291015307995829,0.09871672407419396
175.3024877657667,0.06620936008314728,39.5205400472043,0.2062525749206543,2.5537939071655273,3.105990171432495,0.06435404235986653,0.06620936008314728,0.06079209870770086
175.3720464122741,0.026735581561950907,39.47923106310406,0.20567791163921356,2.5515291690826416,3.109072685241699,0.005204604147536429,0.026735581561950907,0.01948311460746055
175.39188128162382,0.014843758664890738,39.439294947027,0.20508596301078796,2.5494492053985596,3.1110007762908936,0.02503947349725877,0.014843758664890738,0.02045300146959761
175.35512120351083,0.04660024662717161,39.39475186835476,0.20385438203811646,2.5471692085266113,3.112311601638794,0.0117206046157321,0.04660024662717161,0.06499608014183877
175.31131237017436,0.04921811453134101,39.50419540452046,0.20738904178142548,2.5519959926605225,3.1067817211151123,0.05552943795220244,0.04921811453134101,0.044447456023860354
175.39209984767726,0.04607651018805632,39.50307183840199,0.20223316550254822,2.553922414779663,3.1077001094818115,0.0252580395506925,0.04607651018805632,0.04332388990539471
175.33062814514716,0.07827788979256127,39.4920001017574,0.20449228584766388,2.5535547733306885,3.108525276184082,0.036213662979406536,0.07827788979256127,0.03225215326079933
175.30502859613796,-0.013324663557476505,39.463951929930744,0.21072369813919067,2.5498266220092773,3.1092212200164795,0.06181321198860701,0.013324663557476505,0.004203981434145021
175.39450407426511,0.05371127104769097,39.46236391094872,0.2026512771844864,2.5507757663726807,3.109060525894165,0.02766226613854883,0.05371127104769097,0.002615962452118481
175.34898769363616,0.037274851131572785,39.50872381994018,0.20551840960979462,2.552072286605835,3.1059741973876953,0.017854114490404527,0.037274851131572785,0.04897587144358084
175.3967170555562,0.024965404745676018,39.47812798755311,0.20449882745742798,2.5515804290771484,3.108440399169922,0.029875247429629326,0.024965404745676018,0.018380039056509645
175.34546331602442,0.05786672024528636,39.4563089482495,0.20485332608222961,2.550771951675415,3.1106064319610596,0.021378492102144264,0.05786672024528636,0.0034390002470985337
175.316680898862,0.047758256154639134,39.46274298644765,0.20595256984233856,2.5495519638061523,3.108218193054199,0.0501609092645765,0.047758256154639134,0.0029950379510523817
175.38730505487993,0.04706562857302198,39.52426933049112,0.20375987887382507,2.553194999694824,3.105128049850464,0.020463246753365638,0.04706562857302198,0.06452138199452406
175.31956323869173,0.011700116548525288,39.513170273089855,0.2088436782360077,2.5521459579467773,3.1058781147003174,0.047278569434837436,0.011700116548525288,0.053422324593256576
175.3637135814867,0.04938603386329356,39.461861892044716,0.20412977039813995,2.5501837730407715,3.107771873474121,0.003128226639859122,0.04938603386329356,0.0021139435481174473
175.34704791991186,0.03003979329759737,39.481806044421155,0.20549224317073822,2.5508806705474854,3.107574462890625,0.019793888214707067,0.03003979329759737,0.022058095924556653
175.26243553647376,-0.027860814568893034,39.42726356880402,0.21265222132205963,2.546804904937744,3.109121799468994,0.10440627165280603,0.027860814568893034,0.032484379692576226
175.37761984663683,0.06639561064655149,39.53393063307211,0.2034871131181717,2.5543503761291504,3.105464220046997,0.010778038510267152,0.06639561064655149,0.07418268457551136
175.35566761864442,0.0021832385365524263,39.47684391198914,0.20680274069309235,2.5510878562927246,3.108736038208008,0.011174189482147767,0.0021832385365524263,0.01709596349254383
175.3681532044472,0.005507309832041883,39.49021742238403,0.20677873492240906,2.551527738571167,3.107290506362915,0.00131139632063082,0.005507309832041883,0.030469473887428933

Errors:
rotation,[19.674773076155276, 19.540249093416033, 17.307906022311755, 17.196243305479165, 13.26059970422606, 8.111626099745653, 3.9678955057308123, 2.2314307656303694, 0.863836044343584, 0.25626536140000433, 0.11882498130468258, 0.11235008806765287, 0.03198071592864368, 0.018303929141176643, 0.18933093853891958, 0.19135550115071465, 0.05142330031694789, 0.060336233631747116, 0.12331693138474248, 0.1491950085074038, 0.11465843964414353, 0.14674370603276715, 0.07934185698022854, 0.08398949963835828, 0.10410483706555815, 0.07322069123181499, 0.08268421259452916, 0.10091420337026802, 0.1320502573209117, 0.1124010105766193, 0.05462820405127013, 0.07189177743686109, 0.16475146591427528, 0.15135633373232998, 0.030453391511244023, 0.037288180040101634]
translation,[0.170370405351016, 0.1690042835585448, 0.14627222336702062, 0.13427183539500565, 0.12812118381691118, 0.11385369722951477, 0.09094317099752036, 0.06319686689677084, 0.028773924234529957, 0.0029611383519174694, 0.00865128381578284, 0.006194345563636183, 0.004134275508640428, 0.0047941055825964085, 0.005675860573440161, 0.00476838889909903, 0.0038546305166420325, 0.0037131145682263167, 0.004205549959876542, 0.005239308968677747, 0.0035715136965164263, 0.003053795974286011, 0.004557473876295681, 0.0044947622180080415, 0.0059100161620850855, 0.004370309382750293, 0.0031920354471282053, 0.005752819675928222, 0.00594026145319404, 0.005766293822105695, 0.005790053115878102, 0.005431584618278862, 0.006445666486825097, 0.004961808760362452, 0.004336509675214373, 0.0051748376478846225]
loss,
[0.15943285822868347, 0.151198148727417, 0.11843739449977875, 0.04570768401026726, 0.03570251166820526, 0.02296665869653225, 0.015637105330824852, 0.011310073547065258, 0.00577162578701973, 0.0038716092240065336, 0.0023357090540230274, 0.0018152198754251003, 0.0021510315127670765, 0.0020354788284748793, 0.001942052273079753, 0.0023792851716279984, 0.002492345403879881, 0.002401728881523013, 0.00195821700617671, 0.0025932318530976772, 0.0028550364077091217, 0.0020919665694236755, 0.001942225731909275, 0.0020647968631237745, 0.0022631827741861343, 0.0031617903150618076, 0.0027860254049301147, 0.0019393524853512645, 0.0023669754154980183, 0.0027051472570747137, 0.002429264597594738, 0.002183942822739482, 0.0024484856985509396, 0.0025170682929456234, 0.0021784999407827854, 0.00238036853261292]

2022-04-19 23:25:39.299587