2022-04-19 20:18:11.933248

reference phi, theta, psi, translation: -33.091320547511735, -0.0, 74.32085247222868, -2.1190009117126465, -3.251617431640625, 1.089412808418274

phi,theta,psi,rot_x,rot_y,rot_z,phi_err,theta_err,psi_err
-22.822884158753556,1.294954214858955,81.82337814338081,-1.5357718467712402,-3.6827800273895264,0.7731812596321106,10.268436388758179,1.294954214858955,7.502525671152128
-24.10521290183572,3.2286969346960754,82.50731913592003,-1.5774204730987549,-3.6733269691467285,0.7435743808746338,8.986107645676014,3.2286969346960754,8.186466663691348
-26.408427822044892,5.02590615612574,82.1105056357098,-1.66023588180542,-3.6361753940582275,0.7557337284088135,6.682892725466843,5.02590615612574,7.78965316348112
-28.0779548665332,7.036999842627838,81.78490368778613,-1.7451872825622559,-3.597078800201416,0.754635214805603,5.013365680978534,7.036999842627838,7.464051215557447
-30.584227895672267,11.129962889563332,81.00332514106157,-1.8496156930923462,-3.527822971343994,0.7555930614471436,2.507092651839468,11.129962889563332,6.682472668832887
-33.43247825127011,14.102473519190685,78.45328767481564,-1.9808458089828491,-3.3796744346618652,0.8632077574729919,0.34115770375837684,14.102473519190685,4.1324352025869615
-33.35626017032194,10.851713737506103,75.97537700620505,-1.9982731342315674,-3.3265249729156494,1.0278549194335938,0.26493962281020345,10.851713737506103,1.654524533976371
-36.46856905432707,10.67537085074517,75.41452285269862,-2.1595194339752197,-3.2003800868988037,1.075895071029663,3.3772485068153344,10.67537085074517,1.0936703804699448
-36.32341728918054,9.728231883303401,75.50059006642996,-2.164175510406494,-3.1864380836486816,1.0711474418640137,3.232096741668805,9.728231883303401,1.1797375942012849
-37.1363600645738,9.954939798089857,74.23622642841222,-2.173445224761963,-3.1507675647735596,1.1463112831115723,4.045039517062065,9.954939798089857,0.08462604381645633
-38.0862515479204,9.154577958771368,74.16146317775726,-2.243997812271118,-3.097682476043701,1.1570948362350464,4.994931000408663,9.154577958771368,0.15938929447142414
-38.18579130978958,8.439469773641253,74.30907722609957,-2.246915817260742,-3.07858943939209,1.1530272960662842,5.094470762277844,8.439469773641253,0.011775246129104744
-39.01095670870257,7.967837839326787,73.6357844984764,-2.2899346351623535,-3.0184900760650635,1.189515233039856,5.919636161190837,7.967837839326787,0.6850679737522825
-38.36747092661733,7.303091825660602,72.76789285121039,-2.2280561923980713,-3.014127731323242,1.2471704483032227,5.276150379105594,7.303091825660602,1.5529596210182888
-38.34910454793917,6.828377576911145,71.6801988862642,-2.1979615688323975,-2.994577407836914,1.313621163368225,5.257784000427435,6.828377576911145,2.640653585964486
-38.493716728141266,7.064475832932648,72.09579540669196,-2.2196035385131836,-2.9817397594451904,1.289764642715454,5.40239618062953,7.064475832932648,2.225057065536717
-39.328563920202754,7.124284639409312,72.08603506636801,-2.255884885787964,-2.9415647983551025,1.2757552862167358,6.237243372691019,7.124284639409312,2.2348174058606673
-38.83961116808905,6.978207158575345,72.41436225977053,-2.223766326904297,-2.966439962387085,1.2575842142105103,5.748290620577315,6.978207158575345,1.9064902124581522
-39.335824411290474,7.02961244249881,71.90435203444568,-2.2353591918945312,-2.9253203868865967,1.2885310649871826,6.244503863778739,7.02961244249881,2.416500437783
-39.703073437678306,6.551067837273255,72.1007268032727,-2.267780303955078,-2.905461311340332,1.2743284702301025,6.611752890166571,6.551067837273255,2.2201256689559727
-40.55827800856102,6.550372333785178,71.98776230458986,-2.3003945350646973,-2.868417263031006,1.2742500305175781,7.466957461049283,6.550372333785178,2.333090167638815
-41.48608066013179,6.082359148500373,72.22756341615985,-2.35459303855896,-2.8222076892852783,1.256880521774292,8.394760112620055,6.082359148500373,2.0932890560688264
-42.38077396970093,5.749433996306422,71.7242467762216,-2.394941568374634,-2.7588143348693848,1.2855563163757324,9.289453422189197,5.749433996306422,2.5966056960070745
-43.33118113232987,5.539415343431224,72.09867091633254,-2.443093776702881,-2.72821044921875,1.2574987411499023,10.239860584818132,5.539415343431224,2.2221815558961424
-44.833846655394765,5.214382964069213,71.46950121074764,-2.5060904026031494,-2.6411173343658447,1.2948331832885742,11.74252610788303,5.214382964069213,2.8513512614810423
-44.56997595718967,4.578262404583123,71.36426848620526,-2.495706081390381,-2.6359405517578125,1.2997746467590332,11.478655409677934,4.578262404583123,2.9565839860234178
-45.85291429465526,4.197717176066298,70.80426810634508,-2.543789863586426,-2.5562338829040527,1.3320716619491577,12.761593747143522,4.197717176066298,3.5165843658836025
-46.63277846389814,3.4139202602539207,71.17913620875206,-2.5951857566833496,-2.512742757797241,1.3094266653060913,13.541457916386406,3.4139202602539207,3.1417162634766242
-48.12561875984198,3.1945121254677926,70.99173630849442,-2.6558380126953125,-2.433107376098633,1.3157286643981934,15.034298212330242,3.1945121254677926,3.3291161637342555
-47.80694945392587,2.7255175389137283,71.1362153000077,-2.6540582180023193,-2.437965154647827,1.3082423210144043,14.715628906414132,2.7255175389137283,3.184637172220974
-48.38595142005701,2.882809892780267,71.46955585226101,-2.677064895629883,-2.417185068130493,1.28794527053833,15.294630872545277,2.882809892780267,2.8512966199676697
-48.32155298146755,2.706894530250772,71.91581992206213,-2.6846256256103516,-2.416938066482544,1.2556416988372803,15.230232433955813,2.706894530250772,2.4050325501665526
-48.341121473439635,2.901452685307004,71.72478636116604,-2.665297269821167,-2.4116532802581787,1.2665069103240967,15.2498009259279,2.901452685307004,2.5960661110626404
-48.84439030205368,2.8483051412536526,71.63231242999323,-2.678992509841919,-2.376667022705078,1.2658050060272217,15.753069754541947,2.8483051412536526,2.688540042235445
-48.7958037513928,2.651606228484177,71.96723075594481,-2.682796001434326,-2.376960515975952,1.2424421310424805,15.704483203881068,2.651606228484177,2.353621716283868
-49.268152313634204,2.521992058035805,72.04935012033587,-2.7020838260650635,-2.345254898071289,1.2339082956314087,16.17683176612247,2.521992058035805,2.2715023518928064

Errors:
rotation,[19.06591627476926, 20.401271244063437, 19.4984520450737, 19.51441673916382, 20.31952821023569, 18.576066425536023, 12.771177894292677, 15.146289738030449, 14.140066219173491, 14.084605358968378, 14.308898253651455, 13.545715782048202, 14.572541974269907, 14.132201825784485, 14.726815163303066, 14.691929079098895, 15.596345417960997, 14.632987991610811, 15.690616744060549, 15.382946396395798, 16.350419962473275, 16.570408317189255, 17.635493114502694, 18.001457484145497, 19.808260333433285, 19.013501800284473, 20.475895289093422, 20.09709444011695, 21.55792650153229, 20.625783617548834, 21.028737385293212, 20.342159514373137, 20.747319722297544, 21.289914938031046, 20.709711148649113, 20.97032617605108]
translation,[0.03326186669987141, 0.03513331233056238, 0.036952625213686474, 0.03754754342937172, 0.023193873855848146, 0.019760530521384823, 0.016736192626497726, 0.023198480102331054, 0.033079462387776815, 0.0354776247795785, 0.03487684002007807, 0.04919284606196861, 0.05997936485313593, 0.08085882354280649, 0.09106181361753585, 0.09655092126591347, 0.11074998846145023, 0.11623171578457026, 0.13053387216383427, 0.13132824202670568, 0.13968380376366651, 0.14670970903767477, 0.15821579981267853, 0.1590310538738806, 0.166858976316826, 0.17546491543390808, 0.18670272155076173, 0.1888037360406365, 0.1964674849004493, 0.19717581117699812, 0.2012121480674014, 0.2068067846765591, 0.2201027866839853, 0.23273338053212145, 0.23758209862100932, 0.24642198541176175]
loss,
[0.22382669150829315, 0.21467678248882294, 0.19775468111038208, 0.19629435241222382, 0.1653023660182953, 0.14563046395778656, 0.14090462028980255, 0.13142716884613037, 0.13086415827274323, 0.13338029384613037, 0.1342553347349167, 0.13185206055641174, 0.13157068192958832, 0.12739253044128418, 0.1310938596725464, 0.13294124603271484, 0.132049560546875, 0.1308480203151703, 0.12609580159187317, 0.12634918093681335, 0.12324833124876022, 0.12264053523540497, 0.12332883477210999, 0.12323930114507675, 0.11611948907375336, 0.11972904205322266, 0.1196838915348053, 0.11930125951766968, 0.11881516873836517, 0.11919292062520981, 0.11751677840948105, 0.11803902685642242, 0.11335393041372299, 0.11958114802837372, 0.11490242183208466, 0.1234971135854721]

2022-04-19 20:27:32.302748