2022-04-19 20:46:21.298615

reference phi, theta, psi, translation: 132.9853677440357, -8.537735924097414e-07, 76.34363348549546, 2.865516185760498, 2.6707684993743896, 0.9517420530319214

phi,theta,psi,rot_x,rot_y,rot_z,phi_err,theta_err,psi_err
143.3552887910292,-3.0579185397180266,69.36864430507845,2.3124754428863525,2.981729030609131,1.6183615922927856,10.369921046993511,3.0579176859444344,6.974989180417012
143.4523457791351,-4.098740291543804,68.77866622495108,2.3254806995391846,2.9509739875793457,1.6648321151733398,10.466978035099402,4.098739437770211,7.564967260544378
143.37157196201053,-7.960795768458139,65.33342318494827,2.4126834869384766,2.7741260528564453,1.8693604469299316,10.386204217974836,7.960794914684547,11.010210300547186
146.48882931806932,-18.64888421770732,59.65286413527539,2.550891160964966,2.5692315101623535,2.0440783500671387,13.503461574033622,18.648883363933727,16.690769350220073
142.44295310283394,-21.72936081010585,55.801580009493655,2.7710120677948,2.157728910446167,2.247995615005493,9.45758535879824,21.729359956332257,20.542053476001804
140.43370269431296,-25.703020965929312,50.55992208569662,2.9108164310455322,1.729983925819397,2.439610481262207,7.448334950277257,25.70302011215572,25.78371139979884
138.85221337313152,-28.534747399390454,43.314436923579585,2.945343255996704,1.2364479303359985,2.708951473236084,5.86684562909582,28.534746545616862,33.029196561915874
138.65324996260904,-25.299118596191008,43.962399894665765,2.8495535850524902,1.3526571989059448,2.7442314624786377,5.6678822185733395,25.299117742417415,32.381233590829694
138.54212278481293,-21.412788365099452,45.05759682241521,2.678201913833618,1.5401668548583984,2.765944004058838,5.556755040777233,21.41278751132586,31.286036663080246
139.72684641710833,-21.496273960926594,43.86378562342912,2.625035524368286,1.513433814048767,2.8056113719940186,6.741478673072635,21.496273107153,32.479847862066336
139.5346585542425,-21.545038304448695,43.75072208700332,2.6086301803588867,1.49477219581604,2.792360782623291,6.549290810206799,21.545037450675103,32.59291139849214
139.0132009318687,-21.55283418934351,44.549741521773505,2.6334991455078125,1.4967834949493408,2.7422642707824707,6.027833187833011,21.552833335569918,31.793891963721954
138.75070310168678,-21.979182709142314,44.96959325005419,2.6542060375213623,1.4911925792694092,2.7091877460479736,5.765335357651082,21.979181855368722,31.37404023544127
138.67182807715147,-23.131632541541865,43.62462313454654,2.668273448944092,1.3853651285171509,2.748976469039917,5.686460333115775,23.131631687768273,32.71901035094892
138.26489906678046,-22.31376063962976,43.91716696688736,2.649771213531494,1.4048234224319458,2.75205659866333,5.279531322744759,22.313759785856167,32.4264665186081
138.32305129737395,-21.4050406223697,44.78982267109945,2.6371004581451416,1.4810748100280762,2.722249984741211,5.337683553338252,21.405039768596108,31.55381081439601
138.57407440975027,-21.535079523685123,44.98238960946421,2.6308298110961914,1.500740647315979,2.713789701461792,5.588706665714568,21.53507866991153,31.361243876031253
138.1880867593745,-21.934805869491672,44.8502391094028,2.6540133953094482,1.458999752998352,2.708242654800415,5.2027190153388005,21.93480501571808,31.49339437609266
138.10164388523881,-21.893907284815505,45.05984053955756,2.6636972427368164,1.467363715171814,2.6988375186920166,5.116276141203116,21.893906431041913,31.283792945937897
138.19737581664572,-21.83418149386312,44.53337297342757,2.640103578567505,1.4474518299102783,2.731842517852783,5.212008072610018,21.834180640089528,31.81026051206789
138.17983589085713,-21.40941590181503,44.95513373958127,2.6367430686950684,1.4831362962722778,2.7179858684539795,5.1944681468214355,21.40941504804144,31.38849974591419
138.41106511501874,-21.718235162602724,44.70335930639626,2.6441829204559326,1.4695733785629272,2.7250289916992188,5.425697370983045,21.718234308829132,31.6402741790992
138.66117298204625,-21.693623189711218,44.53157321858127,2.633497476577759,1.4741531610488892,2.732693910598755,5.675805238010554,21.693622335937626,31.812060266914187
138.065252637341,-21.957717972269176,45.12341594035205,2.662841796875,1.4670833349227905,2.6955182552337646,5.079884893305291,21.957717118495584,31.220217545143413
138.27648306761282,-21.860644991240648,45.05165797293189,2.654475212097168,1.4767858982086182,2.7002525329589844,5.291115323577117,21.860644137467055,31.291975512563567
138.19734849588903,-21.769963572182284,45.103212240787144,2.6541032791137695,1.475853443145752,2.703920602798462,5.211980751853332,21.769962718408692,31.240421244708315
138.44718315534976,-21.36720254953092,44.623668074255136,2.6279454231262207,1.4798089265823364,2.738863945007324,5.461815411314063,21.367201695757327,31.719965411240324
138.68980513504695,-22.08726074901748,44.68273896529199,2.65343976020813,1.471135139465332,2.7204620838165283,5.704437391011254,22.08725989524389,31.66089452020347
138.03500855969617,-21.89275451504764,45.398382280863835,2.674938201904297,1.4838594198226929,2.6984097957611084,5.049640815660467,21.892753661274046,30.945251204631624
138.11520864093046,-22.306388816234563,44.90732241539118,2.679368019104004,1.450681447982788,2.712475299835205,5.129840896894763,22.30638796246097,31.43631107010428
138.1534030587692,-22.105866179141373,45.072250993279475,2.6784000396728516,1.4699923992156982,2.7099416255950928,5.168035314733487,22.10586532536778,31.271382492215984
138.1205088677264,-21.992253132319668,45.227566079910986,2.677786350250244,1.480242371559143,2.7028861045837402,5.135141123690687,21.992252278546076,31.116067405584474
137.55091207208235,-21.977758956309295,45.01054023412841,2.684908628463745,1.4378701448440552,2.7130138874053955,4.565544328046656,21.977758102535702,31.333093251367046
137.61844898259542,-22.095516543841835,45.57841240700703,2.7032477855682373,1.4677014350891113,2.677713632583618,4.6330812385597255,22.095515690068243,30.76522107848843
138.18045060788242,-21.925292702970395,44.890940206666905,2.662416934967041,1.4683421850204468,2.7207188606262207,5.1950828638467215,21.925291849196803,31.452693278828555
138.38356677342026,-21.831870204374297,44.96664943852191,2.6629984378814697,1.482750654220581,2.7199771404266357,5.398199029384557,21.831869350600705,31.376984046973547

Errors:
rotation,[20.402827913354958, 22.130684733413993, 29.35720943320657, 48.84311428818742, 51.7289987911323, 58.935066462231816, 67.43078873662856, 63.34823355182045, 58.25557921518334, 60.71759964229197, 60.68723965937404, 59.37455848712489, 59.118557448461075, 61.53710237183297, 60.01975762720903, 58.296534136330365, 58.48502921165735, 58.63091840714954, 58.293975518182926, 58.85644922476744, 57.99238294077706, 58.78420585891138, 59.18148784086237, 58.257819556944284, 58.44373497360774, 58.22236471497034, 58.54898251831172, 59.452591806458614, 57.88764568156614, 58.87253992946002, 58.54528313231725, 58.243460807821236, 57.876395681949404, 57.4938180071164, 58.57306799187208, 58.60705242695881]
translation,[0.07464079787699607, 0.07834476624640896, 0.0933498947037279, 0.12654502303641735, 0.13873753632126729, 0.14228647111467296, 0.15722021925119734, 0.14983311035278657, 0.11559577703751955, 0.09836846243438924, 0.07211054686824614, 0.054907295897439035, 0.044182514475799906, 0.04266432604463333, 0.03932951867913914, 0.03808801267299611, 0.03558259861923396, 0.031757456139432705, 0.03484738001815124, 0.03436333731169405, 0.03575619163036414, 0.04037354026195761, 0.04024094245416521, 0.03198302252650187, 0.03316671749506561, 0.03502334897993986, 0.042850383079286125, 0.04390422779805814, 0.04790878934460707, 0.04821072559590789, 0.05280155039890033, 0.051425495697341006, 0.04767596580626687, 0.047087165183477886, 0.04892057394991678, 0.05401316735218398]
loss,
[0.20938387513160706, 0.20657086372375488, 0.2057206928730011, 0.1518857330083847, 0.11476762592792511, 0.10692660510540009, 0.0841122418642044, 0.08375078439712524, 0.07063086330890656, 0.0656253919005394, 0.07465769350528717, 0.06712280958890915, 0.06756576895713806, 0.0729876160621643, 0.07039382308721542, 0.06520529091358185, 0.0649428516626358, 0.07253491878509521, 0.0639665350317955, 0.0674854964017868, 0.0688861533999443, 0.06391561031341553, 0.0735476016998291, 0.06698937714099884, 0.0682649165391922, 0.06958562135696411, 0.06611616909503937, 0.07208576053380966, 0.06779786944389343, 0.07059833407402039, 0.06993642449378967, 0.07207758724689484, 0.06705276668071747, 0.07345345616340637, 0.06678212434053421, 0.06947384029626846]

2022-04-19 20:55:43.318418