2022-04-28 21:36:11.698488

reference phi, theta, psi, translation: 164.57178246643477, -4.268868188959204e-07, 11.003265705708584, 0.2046843022108078, 0.7416750192642212, 3.957021951675415

phi,theta,psi,rot_x,rot_y,rot_z,phi_err,theta_err,psi_err
174.68706040079186,1.035587752499106,3.46078983121423,-0.0498787984251976,0.24902896583080292,4.223120212554932,10.115277934357096,1.035588179385925,7.542475874494354
174.6788778341662,1.0217603614816522,3.44954883394427,-0.04896998032927513,0.248205304145813,4.2230353355407715,10.107095367731432,1.0217607883684712,7.553716871764314
173.84051309468217,0.039068911070620375,3.3250022554197916,0.02363860048353672,0.2295103669166565,4.223165035247803,9.268730628247397,0.03906933795743927,7.678263450288792
168.95415478132,-3.9535560204117925,3.4228581622151526,0.3040267527103424,0.1688784658908844,4.225738048553467,4.382372314885231,3.9535555935249738,7.580407543493431
163.89843509729823,-5.31122680317338,4.191275147852509,0.46340709924697876,0.1880815476179123,4.163407802581787,0.6733473691365361,5.311226376286561,6.811990557856075
163.81581712909775,-2.7330961442098136,5.715612434267037,0.30586960911750793,0.33182016015052795,4.093985557556152,0.7559653373370168,2.733095717322995,5.287653271441547
164.2214893846615,-0.805085460306872,8.548333501013213,0.22065286338329315,0.5624799728393555,4.001297950744629,0.350293081773259,0.8050850334200531,2.454932204695371
164.60768194071235,-0.09189118406013881,11.742004452185176,0.22687269747257233,0.7904684543609619,3.934180498123169,0.035899474277584886,0.09189075717331992,0.7387387464765922
164.71521643900505,-0.26293740656137604,11.148740197293392,0.22598733007907867,0.7484734058380127,3.9574148654937744,0.14343397257027846,0.26293697967455715,0.14547449158480852
164.4065055488988,-0.21766649078853104,11.247789039315979,0.2290164977312088,0.7552075386047363,3.951533079147339,0.1652769175359765,0.21766606390171214,0.2445233336073951
164.58566141082824,-0.16768834623383502,11.381083596063363,0.22483384609222412,0.7643707394599915,3.9480953216552734,0.013878944393468373,0.16768791934701613,0.37781789035477864
164.61494926198927,-0.06831081995498302,11.269592710693953,0.21552099287509918,0.7583923935890198,3.9457895755767822,0.043166795554498094,0.06831039306816412,0.266327004985369
164.5228919723558,-0.33056438277900363,11.168900354402332,0.23327507078647614,0.7482853531837463,3.955223798751831,0.048890494078960955,0.33056395589218474,0.16563464869374833
164.57780669328272,-0.19055953629488215,11.451687261513785,0.22776898741722107,0.7677985429763794,3.943686008453369,0.0060242268479555605,0.19055910940806325,0.4484215558052007
164.57048473049247,-0.20245188130574612,11.220815768509953,0.22427183389663696,0.7525144219398499,3.949432373046875,0.0012977359423018697,0.20245145441892723,0.21755006280136868
164.59477288318104,-0.2755877211336118,11.1120561050349,0.2273334115743637,0.7445876002311707,3.9518425464630127,0.022990416746267783,0.2755872942467929,0.10879039932631684
164.5385467659335,-0.22275443706331435,11.362948590043333,0.22905263304710388,0.7623692750930786,3.9485931396484375,0.03323570050127955,0.22275401017649546,0.3596828843347488
164.56176940911152,-0.13614585742933064,11.290377830111948,0.2212529480457306,0.7582452297210693,3.9477548599243164,0.010013057323249086,0.13614543054251174,0.28711212440336453
164.56996563611554,-0.2521508657934319,11.183677468671654,0.22645212709903717,0.7505512833595276,3.9522571563720703,0.001816830319228302,0.252150438906613,0.18041176296306993
164.54622389856058,-0.25275766593665216,11.324908705234593,0.22981061041355133,0.7587704658508301,3.9478652477264404,0.0255585678741852,0.25275723904983327,0.3216429995260093
164.5258835952123,-0.20540155294330326,11.281537004005012,0.2271018773317337,0.7576871514320374,3.9504647254943848,0.0458988712224766,0.20540112605648436,0.2782712982964277
164.5988573363047,-0.21596903341750306,11.239833576480207,0.22522622346878052,0.7544195652008057,3.951200008392334,0.027074869869920803,0.21596860653068417,0.23656787077162278
164.58019725949222,-0.2899874543400685,11.215776796449775,0.23003239929676056,0.7509870529174805,3.949709892272949,0.008414793057454517,0.2899870274532496,0.21251109074119157
164.5532180122707,-0.2716789200520162,11.298706392031132,0.23030585050582886,0.7569456100463867,3.9479446411132812,0.01856445416407837,0.2716784931651973,0.2954406863225483
164.59887099668305,-0.24040036156652803,11.285884419411726,0.22811365127563477,0.7571557760238647,3.949208974838257,0.027088530248278175,0.24039993467970913,0.2826187137031422
164.59582473231322,-0.18531834940456346,11.355324391382306,0.22503961622714996,0.7630399465560913,3.948584794998169,0.024042265878449598,0.18531792251774457,0.3520586856737218
164.5991305438715,-0.17852106022024342,11.298516854281663,0.22352191805839539,0.7579344511032104,3.9476680755615234,0.02734807743672718,0.17852063333342452,0.29525114857307955
164.5965077512302,-0.24894931943566212,11.256037346512416,0.22765955328941345,0.755234956741333,3.9512343406677246,0.02472528479543712,0.24894889254884323,0.2527716408038323
164.60391167629052,-0.2438809989465148,11.248561704465837,0.22720526158809662,0.7543937563896179,3.949366807937622,0.032129209855753516,0.2438805720596959,0.2452959987572534
164.59829726079275,-0.19956550732915948,11.33480821066288,0.22561194002628326,0.7605193257331848,3.9479568004608154,0.0265147943579791,0.1995650804423406,0.33154250495429594
164.57538880631654,-0.21637746718836695,11.212640885847094,0.22462041676044464,0.7511897087097168,3.9495153427124023,0.003606339881770282,0.21637704030154806,0.20937518013850998
164.55051325735934,-0.23014490975223773,11.230785283377232,0.22646118700504303,0.7528826594352722,3.9515674114227295,0.021269209075427398,0.23014448286541883,0.22751957766864805
164.6095397521666,-0.2541681875127929,11.221104344002386,0.22746433317661285,0.7533395886421204,3.95156192779541,0.03775728573182846,0.254167760625974,0.21783863829380223
164.59350246799542,-0.27414393000837894,11.287755037470662,0.23012036085128784,0.7565102577209473,3.9489779472351074,0.021720001560652236,0.27414350312156005,0.284489331762078
164.57690510831227,-0.2293693002553881,11.226261136825745,0.2258148491382599,0.7529040575027466,3.9496514797210693,0.005122641877505885,0.2293688733685692,0.2229954311171607
164.5738998250775,-0.23976327507275816,11.318476374583733,0.2285618633031845,0.7592204213142395,3.9487478733062744,0.002117358642721001,0.23976284818593926,0.3152106688751495

Errors:
rotation,[18.693341988237375, 18.682573027864215, 16.98606341649363, 15.916335451903636, 12.796564303279172, 8.776714326101558, 3.6103103198886832, 0.866528977927497, 0.5518454438296441, 0.6274663150450838, 0.5593847540952631, 0.3778041936080312, 0.545089098664894, 0.6450048920612195, 0.42129925316259775, 0.40736811031937753, 0.6156725950125238, 0.43327061226912533, 0.4343790321889112, 0.5999588064500277, 0.5295712955753886, 0.47961134717222775, 0.5109129112518958, 0.585683633651824, 0.5501071786311295, 0.561418874069916, 0.5011198593432312, 0.5264458181481126, 0.5213057806727028, 0.5576223797546156, 0.4293585603218283, 0.4789332696094943, 0.5097636846516047, 0.5803528364442903, 0.4574869463632358, 0.5570908757038098]
translation,[0.19962134480110283, 0.19947760037858675, 0.19833403171355446, 0.20889636424097713, 0.16220930753443952, 0.08765472702018418, 0.01553104137639938, 0.011914079334344407, 0.0027792688637271468, 0.0015630868134097753, 0.0034410348368334454, 0.0073416689968510696, 0.0010099258901448138, 0.00694542603598336, 0.004394259550461577, 0.003331651988869311, 0.0030946663564632715, 0.005131245493562808, 0.0018678747593066092, 0.004444713807687073, 0.0022535464901869418, 0.0022509888408706047, 0.004082255607575469, 0.0046820401419616076, 0.0035276016310685776, 0.003202056471565129, 0.005149528536342096, 0.0019277990906294562, 0.003942495221918918, 0.004262466255375408, 0.004540798761306419, 0.00210892490354464, 0.001972386225105538, 0.0037612779817539632, 0.00402030179016144, 0.003565626126623478]
loss,
[0.11147131770849228, 0.11570702493190765, 0.11508879065513611, 0.08370713889598846, 0.041749149560928345, 0.023165276274085045, 0.009737259708344936, 0.004178477451205254, 0.0034080613404512405, 0.00452600559219718, 0.0023124543949961662, 0.0026004458777606487, 0.0028325438033789396, 0.002826560055837035, 0.003070260863751173, 0.0028854291886091232, 0.002905598608776927, 0.0032641305588185787, 0.0036926388274878263, 0.003031989559531212, 0.0022791442461311817, 0.0028263735584914684, 0.0021455076057463884, 0.002340588252991438, 0.003005710896104574, 0.002761415671557188, 0.0028899821918457747, 0.0020341910421848297, 0.0027690972201526165, 0.0026193398516625166, 0.003086304059252143, 0.002614410128444433, 0.0027867271564900875, 0.0025196808855980635, 0.0025457260198891163, 0.00278419884853065]

2022-04-28 21:40:39.240647