2022-04-27 06:35:34.111314

reference phi, theta, psi, translation: 16.672973292337613, -0.0, 55.56417970941693, 0.9538894295692444, -3.184936285018921, 2.279534101486206

phi,theta,psi,rot_x,rot_y,rot_z,phi_err,theta_err,psi_err
26.607018987257597,-4.879078348390559,61.415046110949504,1.4386786222457886,-3.2383759021759033,2.121750593185425,9.934045694919984,4.879078348390559,5.850866401532571
26.556615606277486,-4.46416049420897,61.21746239863938,1.4573719501495361,-3.2373714447021484,2.1225194931030273,9.883642313939873,4.46416049420897,5.6532826892224435
25.514485833284454,-1.194432770820864,60.11689352710771,1.5483615398406982,-3.241032123565674,2.1160733699798584,8.841512540946841,1.194432770820864,4.55271381769078
21.405913604110218,2.8258219889329146,58.983129936209785,1.3992646932601929,-3.278660297393799,2.1493008136749268,4.732940311772605,2.8258219889329146,3.4189502267928518
20.38035728513822,3.4333039418444837,56.44257960272101,1.3130890130996704,-3.1951558589935303,2.2855496406555176,3.707383992800608,3.4333039418444837,0.8783998933040778
19.969176482008866,2.7753543139535,54.35136350906528,1.254426121711731,-3.10762619972229,2.4049482345581055,3.296203189671253,2.7753543139535,1.2128162003516536
18.53452256760437,1.779205400352704,54.69780436414667,1.1381617784500122,-3.163480281829834,2.3789095878601074,1.861549275266757,1.779205400352704,0.8663753452702636
17.01357092058405,0.6114229292213751,54.97891787491147,1.0072531700134277,-3.202906608581543,2.355382204055786,0.3405976282464387,0.6114229292213751,0.5852618345054665
16.090394014628664,0.015961495117584306,54.97701566722762,0.930643618106842,-3.2076542377471924,2.3428971767425537,0.5825792777089482,0.015961495117584306,0.5871640421893147
16.267908923610005,-0.1025264005178557,55.22432998688461,0.9335774183273315,-3.2036094665527344,2.3198893070220947,0.40506436872760787,0.1025264005178557,0.33984972253232115
16.343292013932142,-0.1637197797044994,55.336273372286534,0.9363398551940918,-3.198636770248413,2.3037803173065186,0.3296812784054701,0.1637197797044994,0.2279063371303991
16.458660739202827,0.02139261301644541,55.38092573398549,0.9441885948181152,-3.1887528896331787,2.2934417724609375,0.2143125531347856,0.02139261301644541,0.18325397543144106
16.61897893940137,-0.015980887487354056,55.49891383680288,0.9506352543830872,-3.1844308376312256,2.2842602729797363,0.05399435293624322,0.015980887487354056,0.06526587261405581
16.57450587016812,-0.0012250252022013108,55.60192674986501,0.9518683552742004,-3.1867830753326416,2.277097702026367,0.09846742216949167,0.0012250252022013108,0.03774704044807464
16.597276013313653,-0.08055433306288386,55.615641769718394,0.9494268894195557,-3.18654203414917,2.2751617431640625,0.0756972790239594,0.08055433306288386,0.05146206030146061
16.73769445736536,-0.017920778691704862,55.43145205837066,0.9565896391868591,-3.1732282638549805,2.285811185836792,0.06472116502774838,0.017920778691704862,0.13272765104627382
16.67430347167847,0.028271772768803948,55.60245608952569,0.9558831453323364,-3.1811273097991943,2.27449893951416,0.0013301793408579954,0.028271772768803948,0.03827638010875489
16.607102947982007,0.004025640725108646,55.62963341223317,0.9518861174583435,-3.1835269927978516,2.2725303173065186,0.06587034435560568,0.004025640725108646,0.06545370281623519
16.658959451708036,0.03146232356558052,55.594229126670406,0.956194281578064,-3.1800684928894043,2.273016929626465,0.01401384062957689,0.03146232356558052,0.030049417253472654
16.684516312034933,-0.10359326589243224,55.692129643138784,0.9522050619125366,-3.1847481727600098,2.267322063446045,0.011543019697320744,0.10359326589243224,0.12794993372185104
16.66794456556119,0.0020982254997265267,55.5856879751133,0.9545011520385742,-3.179415464401245,2.2736926078796387,0.005028726776423298,0.0020982254997265267,0.021508265696368767
16.68009376454735,0.050084312556754,55.51338017746497,0.9574581384658813,-3.175091505050659,2.2783544063568115,0.007120472209738438,0.050084312556754,0.050799531951966514
16.7809841963249,-0.07354167952836942,55.597982315619326,0.9574448466300964,-3.1792564392089844,2.2743451595306396,0.10801090398728874,0.07354167952836942,0.03380260620239284
16.733266787235898,-0.059489512060137466,55.58176744652972,0.9559299349784851,-3.179070234298706,2.2759275436401367,0.060293494898285616,0.059489512060137466,0.01758773711278394
16.66960259398221,-0.037809554161670776,55.672028396411434,0.9543920159339905,-3.1843819618225098,2.2708330154418945,0.003370698355404045,0.037809554161670776,0.10784868699450101
16.6540485456948,0.059015787081870316,55.43788268147423,0.9552751779556274,-3.1749536991119385,2.28344988822937,0.018924746642813517,0.059015787081870316,0.12629702794270514
16.640820176819776,0.02995188807761275,55.642238526346425,0.9556294083595276,-3.183802366256714,2.2715914249420166,0.032153115517836284,0.02995188807761275,0.07805881692949157
16.6076510706629,-0.036482723949551335,55.52511444245905,0.9500160813331604,-3.1799042224884033,2.2786035537719727,0.06532222167471247,0.036482723949551335,0.03906526695788415
16.58369247460179,0.02758684727132658,55.560248935549595,0.9503200650215149,-3.1813013553619385,2.277221918106079,0.08928081773582264,0.02758684727132658,0.003930773867338644
16.68175350051566,0.000312555527462896,55.51513553608166,0.9540635943412781,-3.1780807971954346,2.2801260948181152,0.00878020817804881,0.000312555527462896,0.04904417333527533
16.641223157980807,-0.027883618552520566,55.52686297088657,0.9521039128303528,-3.1793713569641113,2.278414487838745,0.031750134356805404,0.027883618552520566,0.037316738530364546
16.666882471145254,0.039063195996363674,55.50514638442051,0.9565146565437317,-3.1774468421936035,2.279125928878784,0.006090821192358931,0.039063195996363674,0.05903332499642033
16.763763581880006,0.003974387919703788,55.67271824551761,0.9619635343551636,-3.182297945022583,2.2703402042388916,0.09079028954239377,0.003974387919703788,0.10853853610067432
16.70963945534953,0.00034842214055608986,55.59594350415208,0.9581500291824341,-3.179978847503662,2.273876428604126,0.03666616301191894,0.00034842214055608986,0.031763794735148565
16.758523119239314,0.024719664454485583,55.551291142453124,0.9602581858634949,-3.1768200397491455,2.277052640914917,0.08554982690170121,0.024719664454485583,0.012888566963809467
16.65417148909986,-0.015594898373551786,55.53736438673547,0.9531831741333008,-3.1780638694763184,2.2773947715759277,0.01880180323775349,0.015594898373551786,0.026815322681464693

Errors:
rotation,[20.663990444843115, 20.001085497371285, 14.588659129458485, 10.977712527498372, 8.01908782794917, 7.2843737039764065, 4.507130020889725, 1.5372823919732803, 1.1857048150158471, 0.8474404917777847, 0.7213073952403686, 0.41895914158267206, 0.13524111303765307, 0.13743948781976761, 0.20771367238830385, 0.21536959476572706, 0.06787833221841684, 0.1353496878969495, 0.07552558144863006, 0.243086219311604, 0.02863521797251859, 0.10800431671845895, 0.215355189718051, 0.13737074407120703, 0.14902893951157584, 0.204237561667389, 0.14016382052494059, 0.14087021258214794, 0.12079843887448787, 0.05813693704078704, 0.09695049143969052, 0.10418734218514294, 0.20330321356277187, 0.06877837988762359, 0.12315805831999627, 0.061212024292769965]
translation,[0.09908907901583852, 0.1052458634524358, 0.13774139142286934, 0.1314483461572582, 0.1109673317389106, 0.09375919728654658, 0.08739399861068797, 0.07021177463272643, 0.048615055499031, 0.03292906152409536, 0.020465054170452746, 0.008612745594654747, 0.001507017915582054, 0.0003952217913480993, 0.0022552588638466986, 0.005042160454348021, 0.005383095900226564, 0.005545011637635433, 0.006983103618724229, 0.007440909144005303, 0.0075193856240378665, 0.007594227867454784, 0.006576956009761936, 0.0061896353991075515, 0.005233286898912226, 0.00533390349603291, 0.0049703114568258044, 0.005417052519349319, 0.005023274381695586, 0.005037717656806606, 0.005451693691206572, 0.005522855250803538, 0.00535704854037089, 0.00610327695172419, 0.006299663548714918, 0.006805929348849382]
loss,
[0.15388989448547363, 0.14935193955898285, 0.09470938891172409, 0.04007437080144882, 0.03340742737054825, 0.022430524230003357, 0.014904353767633438, 0.012353713624179363, 0.008872639387845993, 0.005325775593519211, 0.002694242401048541, 0.0047902497462928295, 0.0007358191069215536, 0.0018873469671234488, 0.0019240151159465313, 0.001081713940948248, 0.0013261346612125635, 0.001648373669013381, 0.0010103678796440363, 0.0012606093659996986, 0.0017981266137212515, 0.002118114149197936, 0.001640679663978517, 0.0027095405384898186, 0.0013827851507812738, 0.0018881354480981827, 0.0009937327122315764, 0.0012844610027968884, 0.0015954868867993355, 0.001356161548756063, 0.001743679866194725, 0.0016778316348791122, 0.0018889441853389144, 0.0013084299862384796, 0.0012356499210000038, 0.0017139100236818194]

2022-04-27 06:38:11.306164