2022-04-28 19:58:02.128012

reference phi, theta, psi, translation: 16.672973292337613, -0.0, 55.56417970941693, 0.9538894295692444, -3.184936285018921, 2.279534101486206

phi,theta,psi,rot_x,rot_y,rot_z,phi_err,theta_err,psi_err
26.607018987257597,-4.879078348390559,61.415046110949504,1.4386786222457886,-3.2383759021759033,2.121750593185425,9.934045694919984,4.879078348390559,5.850866401532571
26.1748473052615,-4.715643363948042,61.17891281096382,1.4164612293243408,-3.246769666671753,2.130739212036133,9.501874012923889,4.715643363948042,5.614733101546889
23.786290878920315,-3.9103417422365285,61.09068725745477,1.3078912496566772,-3.334707498550415,2.1129329204559326,7.113317586582703,3.9103417422365285,5.526507548037834
23.670572106454667,-3.226703283425593,61.58002250016199,1.3295989036560059,-3.3302865028381348,2.0962822437286377,6.997598814117055,3.226703283425593,6.0158427907450545
23.775444538518336,-3.5091297594339084,61.26954259106072,1.3286893367767334,-3.325766086578369,2.115950345993042,7.102471246180723,3.5091297594339084,5.7053628816437865
23.31346078834243,-4.015035908335659,61.0080897798218,1.2790470123291016,-3.34273099899292,2.131918430328369,6.640487496004816,4.015035908335659,5.443910070404868
22.956774649506023,-4.819466647654644,60.99377370332146,1.2277311086654663,-3.3647897243499756,2.13572096824646,6.283801357168411,4.819466647654644,5.4295939939045255
20.748741830475566,-6.10421234685604,60.53467570806988,1.0385982990264893,-3.43633770942688,2.1526777744293213,4.075768538137954,6.10421234685604,4.970495998652943
19.222882692536594,-8.785717515839076,59.888553472965015,0.8460567593574524,-3.4667601585388184,2.1844029426574707,2.549909400198981,8.785717515839076,4.324373763548081
18.04304776813964,-10.238464122632783,59.18594557342414,0.724063515663147,-3.4733026027679443,2.226553440093994,1.3700744758020278,10.238464122632783,3.621765864007209
17.425093233171904,-9.954575961975326,59.554782618794,0.7054501175880432,-3.4913978576660156,2.198307514190674,0.7521199408342909,9.954575961975326,3.990602909377067
17.624920662624383,-8.774572736795752,60.222242364865984,0.771156907081604,-3.4985451698303223,2.163768768310547,0.9519473702867707,8.774572736795752,4.658062655449051
17.04053479987997,-9.752085981192772,60.05618680576464,0.704660177230835,-3.5188560485839844,2.1708779335021973,0.3675615075423586,9.752085981192772,4.492007096347706
18.03322424856587,-8.012522831673795,60.70800541863729,0.8389454483985901,-3.5012998580932617,2.1460018157958984,1.3602509562282563,8.012522831673795,5.1438257092203585
17.588785546820432,-8.406241052068705,60.57168850318218,0.7996843457221985,-3.5103743076324463,2.1524593830108643,0.9158122544828196,8.406241052068705,5.007508793765247
17.13740737287826,-9.119119796345714,60.68939998333818,0.7497676014900208,-3.529322862625122,2.14290714263916,0.4644340805406486,9.119119796345714,5.125220273921244
17.313597225160617,-8.916047464180687,61.09119269145335,0.7754116654396057,-3.544341564178467,2.1162924766540527,0.6406239328230043,8.916047464180687,5.5270129820364176
17.300375686474766,-8.271305005123484,61.20378152973184,0.7977733016014099,-3.5349912643432617,2.1218907833099365,0.6274023941371532,8.271305005123484,5.639601820314908
16.794041810470674,-8.816032389588543,61.53102955324549,0.7591356039047241,-3.5692155361175537,2.091590404510498,0.12106851813306108,8.816032389588543,5.966849843828555
16.835762313468404,-8.04881209463595,61.53677374233747,0.7869680523872375,-3.558698892593384,2.0959572792053223,0.1627890211307914,8.04881209463595,5.97259403292054
16.878071920282046,-7.829629703236361,61.81292512067026,0.8009213209152222,-3.5667567253112793,2.0766167640686035,0.2050986279444338,7.829629703236361,6.248745411253324
16.830827501793067,-7.245724173580756,61.87475199303721,0.8197882175445557,-3.5614476203918457,2.078704357147217,0.15785420945545425,7.245724173580756,6.3105722836202744
16.81084749092349,-7.435979311540294,62.27817711636401,0.8219813108444214,-3.5775389671325684,2.0485105514526367,0.13787419858587668,7.435979311540294,6.71399740694708
16.485778297755072,-7.294023725981707,62.21779141391193,0.8047904968261719,-3.5762131214141846,2.0548813343048096,0.18719499458254063,7.294023725981707,6.653611704494999
16.529942300928376,-6.93769969521367,62.20052469569014,0.8210108876228333,-3.56748104095459,2.06008243560791,0.14303099140923692,6.93769969521367,6.636344986273208
16.001104659156383,-7.015981776734118,62.149045559915756,0.7845615744590759,-3.577805995941162,2.0608694553375244,0.67186863318123,7.015981776734118,6.584865850498822
16.465767551034226,-7.181201744790198,62.21064020585093,0.8094058632850647,-3.572918176651001,2.0553770065307617,0.20720574130338676,7.181201744790198,6.6464604964339955
16.58458722938306,-7.318750553489894,62.007244002557115,0.80599045753479,-3.557861566543579,2.0753285884857178,0.08838606295455165,7.318750553489894,6.443064293140182
16.1191081298994,-8.170812809680356,62.04388113726507,0.7504640221595764,-3.583371877670288,2.062098264694214,0.553865162438214,8.170812809680356,6.479701427848134
16.430074689979033,-7.787886689899745,62.08572287612056,0.783198893070221,-3.574225664138794,2.061863660812378,0.2428986023585793,7.787886689899745,6.52154316670363
16.613731646571505,-7.582837364301392,62.132796539880296,0.80131596326828,-3.567512035369873,2.060967445373535,0.059241645766107354,7.582837364301392,6.5686168304633625
16.52206026262618,-7.827550577477917,61.98629581237269,0.7846266031265259,-3.568567991256714,2.0676004886627197,0.1509130297114325,7.827550577477917,6.422116102955755
16.496530723055965,-7.9836688646398475,61.961850565333215,0.7767649292945862,-3.574932813644409,2.065572738647461,0.17644256928164737,7.9836688646398475,6.397670855916282
16.840101191138654,-7.457552713859445,61.886875578813985,0.8130452036857605,-3.55680513381958,2.0781023502349854,0.1671278988010414,7.457552713859445,6.322695869397052
16.84554826700174,-7.294494351305693,61.93028143098942,0.8222368359565735,-3.556391477584839,2.075026035308838,0.1725749746641263,7.294494351305693,6.366101721572484
16.435914501719395,-7.355116702734972,61.972751547248556,0.794697642326355,-3.5679497718811035,2.0701913833618164,0.23705879061821733,7.355116702734972,6.408571837831623

Errors:
rotation,[20.663990444843115, 19.83225047841882, 16.550166876857066, 16.240144888287702, 16.316963887258417, 16.099433474745343, 16.53286199872758, 15.150476883646938, 15.660000679586139, 15.23030446244202, 14.697298812186684, 14.384582762531574, 14.611654585082837, 14.51659949712241, 14.329562100316771, 14.708774150807606, 15.08368437904011, 14.538309219575545, 14.903950751550159, 14.184195148687282, 14.283473742434118, 13.714150666656485, 14.28785091707325, 14.134830425059246, 13.717075672896115, 14.272716260414171, 14.03486798252758, 13.850200909584627, 15.204379399966705, 14.552328458961954, 14.210695840530862, 14.400579710145104, 14.557782289837776, 13.947376482057539, 13.833171047542304, 14.000747331184812]
translation,[0.09908907901583852, 0.10262551761810368, 0.1276376795192684, 0.12254910814399089, 0.12860445657988162, 0.1347909624378838, 0.13905550049249893, 0.15469541515022733, 0.15287092904517507, 0.1576226423734557, 0.1545699798369755, 0.1541305758470033, 0.1631058544749342, 0.16032123954701571, 0.16354683782188317, 0.16533659663914246, 0.16914663133246144, 0.1682789503839004, 0.17485934855184748, 0.1732371352176374, 0.1731030159229059, 0.17327046222278053, 0.17254022759601906, 0.17119493922167628, 0.16945675138173666, 0.17165777537959137, 0.1695207051767733, 0.16589249763066505, 0.17077541037132793, 0.16884391871624693, 0.16611263749365612, 0.16711936719734322, 0.1700732415390167, 0.16772986864790962, 0.1676479601394858, 0.16976417160780954]
loss,
[0.10842292010784149, 0.11242276430130005, 0.10107217729091644, 0.09042125940322876, 0.0986790657043457, 0.08895393460988998, 0.09184183180332184, 0.070920929312706, 0.07790769636631012, 0.06090196222066879, 0.0631493553519249, 0.07183191180229187, 0.07242655754089355, 0.0622192919254303, 0.06814450025558472, 0.057606182992458344, 0.07202814519405365, 0.06120772287249565, 0.06777702271938324, 0.05955342575907707, 0.07748936116695404, 0.06369559466838837, 0.07213817536830902, 0.06238908693194389, 0.07342549413442612, 0.08188952505588531, 0.07217125594615936, 0.07686670124530792, 0.07113444060087204, 0.06224086135625839, 0.06229160726070404, 0.06470026820898056, 0.06491318345069885, 0.06673084944486618, 0.06518374383449554, 0.0694507509469986]

2022-04-28 20:00:33.463379