2022-04-28 20:03:12.466946

reference phi, theta, psi, translation: -33.091320547511735, -0.0, 74.32085247222868, -2.1190009117126465, -3.251617431640625, 1.089412808418274

phi,theta,psi,rot_x,rot_y,rot_z,phi_err,theta_err,psi_err
-22.822884158753556,1.294954214858955,81.82337814338081,-1.5357718467712402,-3.6827800273895264,0.7731812596321106,10.268436388758179,1.294954214858955,7.502525671152128
-22.925432618952126,1.3511218667185163,81.89809358271157,-1.543845772743225,-3.679633378982544,0.7665233016014099,10.16588792855961,1.3511218667185163,7.577241110482888
-25.572885658235354,4.247176253900309,83.45792437403489,-1.7420527935028076,-3.5896036624908447,0.6101775765419006,7.5184348892763815,4.247176253900309,9.137071901806209
-26.39378218891709,8.100614502097658,82.91743784463344,-1.7486701011657715,-3.582897424697876,0.6200603246688843,6.697538358594645,8.100614502097658,8.59658537240476
-27.430210461500458,11.275277729787843,81.03680672837297,-1.744733452796936,-3.553647041320801,0.7279329299926758,5.661110086011277,11.275277729787843,6.715954256144286
-27.601337436060543,12.734077318706827,79.68098002717959,-1.7079335451126099,-3.545994997024536,0.8044584393501282,5.489983111451192,12.734077318706827,5.360127554950907
-27.04280042423004,12.906500427191324,78.53607639774536,-1.649293303489685,-3.5502281188964844,0.8754999041557312,6.048520123281694,12.906500427191324,4.215223925516682
-27.06596501080014,12.320757582388927,78.22540524334734,-1.6638059616088867,-3.5442135334014893,0.8864596486091614,6.025355536711594,12.320757582388927,3.9045527711186594
-26.9434570302995,11.577161325000466,77.36626306840812,-1.6435050964355469,-3.536630392074585,0.9395439624786377,6.147863517212237,11.577161325000466,3.045410596179437
-27.89275087209372,10.078213196228948,77.13159142890481,-1.7087829113006592,-3.503032684326172,0.948832094669342,5.198569675418014,10.078213196228948,2.8107389566761327
-29.096144826485343,8.759556475122162,76.38529763943254,-1.7790279388427734,-3.451751470565796,0.9869169592857361,3.995175721026392,8.759556475122162,2.064445167203857
-28.80721757931005,7.665873668024592,75.15940162682031,-1.7560278177261353,-3.4362287521362305,1.0603482723236084,4.284102968201687,7.665873668024592,0.8385491545916324
-30.527550985939502,6.350061362335811,74.19195997240136,-1.8639353513717651,-3.363585948944092,1.1078218221664429,2.563769561572233,6.350061362335811,0.128892499827316
-31.28903511612588,2.1217582260556753,72.1085883510074,-1.9408754110336304,-3.2720139026641846,1.2214584350585938,1.8022854313858545,2.1217582260556753,2.2122641212212812
-32.6034674558544,0.4772267439279684,74.46312531264005,-2.0678951740264893,-3.2549452781677246,1.0752031803131104,0.48785309165733537,0.4772267439279684,0.14227284041136556
-32.99142561580571,-0.12579799203077938,74.52021886391218,-2.104004383087158,-3.2361748218536377,1.0699825286865234,0.09989493170602515,0.12579799203077938,0.19936639168349757
-32.92918551699397,0.024085981591506392,74.40991130881648,-2.0983762741088867,-3.243687629699707,1.079164743423462,0.16213503051776712,0.024085981591506392,0.08905883658779601
-33.09517960439279,-0.027476254675922903,74.43529229177224,-2.11053729057312,-3.2432188987731934,1.078116536140442,0.003859056881054812,0.027476254675922903,0.11443981954356275
-33.20705468790301,-0.03091494878930733,74.30100394250061,-2.1196649074554443,-3.23734712600708,1.0878325700759888,0.11573414039127528,0.03091494878930733,0.0198485297280655
-33.18372959188742,0.05506422235492975,74.26513861916888,-2.117234468460083,-3.241652727127075,1.0914260149002075,0.09240904437568531,0.05506422235492975,0.05571385305979959
-33.251269917495094,-0.10726851030486283,74.26401163795583,-2.1264679431915283,-3.2407937049865723,1.0912997722625732,0.15994936998335874,0.10726851030486283,0.056840834272847474
-33.296789713218644,-0.08951267729319014,74.2240686916896,-2.1280384063720703,-3.241208791732788,1.094956636428833,0.20546916570690854,0.08951267729319014,0.09678378053908432
-33.3000101474123,-0.06950976388621623,74.18601770782345,-2.1311001777648926,-3.2431461811065674,1.0994030237197876,0.20868959990056624,0.06950976388621623,0.1348347644052268
-33.283959202862775,-0.16342728004163595,74.27659967659616,-2.132388114929199,-3.244948148727417,1.0937585830688477,0.19263865535103974,0.16342728004163595,0.044252795632516495
-33.23293768976278,-0.10940633496988166,74.23493552265909,-2.1279847621917725,-3.2460474967956543,1.0963082313537598,0.14161714225104305,0.10940633496988166,0.08591694956959373
-33.23239468972376,0.05616640147799092,74.22519567290264,-2.125487804412842,-3.2486188411712646,1.0974115133285522,0.14107414221202674,0.05616640147799092,0.09565679932603643
-33.24804948330143,0.001378348611967416,74.20828412451769,-2.127258777618408,-3.246273994445801,1.0979080200195312,0.15672893578969394,0.001378348611967416,0.11256834771099022
-33.28319763677032,-0.01378304104332013,74.21956076683739,-2.1301255226135254,-3.2459685802459717,1.0976066589355469,0.1918770892585826,0.01378304104332013,0.10129170539129007
-33.27214980578782,-0.0025615612753504447,74.18237038680667,-2.128943681716919,-3.245589017868042,1.1002073287963867,0.1808292582760842,0.0025615612753504447,0.13848208542201235
-33.26467757883582,-0.01707992378685757,74.18941914203012,-2.1276566982269287,-3.2451744079589844,1.099417805671692,0.17335703132408753,0.01707992378685757,0.1314333301985613
-33.26713303184245,-0.0022594463047077387,74.25425129763188,-2.128324508666992,-3.2466819286346436,1.096319556236267,0.17581248433071295,0.0022594463047077387,0.06660117459679782
-33.30100052484195,0.008516450674026805,74.23228540926112,-2.1301984786987305,-3.2443296909332275,1.0963380336761475,0.20967997733021804,0.008516450674026805,0.0885670629675559
-33.209349631464136,0.012078811066615514,74.20383084117884,-2.12542724609375,-3.2478249073028564,1.0980830192565918,0.11802908395240053,0.012078811066615514,0.11702163104983754
-33.254527917729185,0.03968351315673152,74.18720616073904,-2.1251299381256104,-3.2460412979125977,1.0988919734954834,0.16320737021744947,0.03968351315673152,0.1336463114896418
-33.23237419915625,0.010541895892736753,74.24758503300195,-2.124713897705078,-3.2461633682250977,1.0955415964126587,0.141053651644512,0.010541895892736753,0.07326743922672563
-33.23109353868687,0.013564107726679112,74.19332601023537,-2.123896360397339,-3.2444539070129395,1.0994418859481812,0.13977299117513553,0.013564107726679112,0.12752646199331252

Errors:
rotation,[19.06591627476926, 19.094250905761015, 20.9026830449829, 23.394738233097065, 23.65234207194341, 23.584187985108926, 23.170244475989698, 22.25066589021918, 20.77043543839214, 18.087521828323094, 14.819177363352411, 12.78852579081791, 9.04272342373536, 6.136307778662811, 1.1073526759966694, 0.42505931542030206, 0.2752798486970695, 0.14577513110054047, 0.16649761890864812, 0.20318711979041465, 0.32405871456106905, 0.391765623539183, 0.41303412819200924, 0.4003187310251922, 0.33694042679051844, 0.2928973430160541, 0.27067563211265155, 0.3069518356931928, 0.321872904973447, 0.3218702853095064, 0.2446731052322185, 0.3067634909718008, 0.24712952606885358, 0.3365371948638228, 0.22486298676397437, 0.28086356089512715]
translation,[0.03326186669987141, 0.03220946821061421, 0.0052454902933138925, 0.003654246559688268, 0.005909946566091229, 0.013882323963811949, 0.01979653541794324, 0.016716151411953817, 0.019694549372839987, 0.01971287456767623, 0.02444287947594681, 0.029174458224433764, 0.029225130355094997, 0.03550226427993852, 0.027765282355397325, 0.025567304620385478, 0.019983411473691426, 0.014268072882827276, 0.01157984658752298, 0.008417861263668058, 0.0042760219798738675, 0.002120202766232815, 0.0022656112605297096, 0.002861005012102069, 0.0021122771361401504, 0.0031658297544892022, 0.002346763690380449, 0.0035317175383262622, 0.0033109116904732616, 0.0020830495824588624, 0.0028052199869774697, 0.0019067980180569322, 0.002677376859931968, 0.0013051151442677877, 0.0002723831027102719, 0.00047280938669480577]
loss,
[0.18215781450271606, 0.18926875293254852, 0.15126189589500427, 0.11802759021520615, 0.09248041361570358, 0.09104510396718979, 0.07771467417478561, 0.08678263425827026, 0.07190611958503723, 0.07410238683223724, 0.07529249042272568, 0.05564473196864128, 0.0626392811536789, 0.021557509899139404, 0.007515703793615103, 0.001009552157483995, 0.0009884361643344164, 0.0014580044662579894, 0.0017181877046823502, 0.0010409748647361994, 0.0022977038752287626, 0.001999434782192111, 0.0011864688713103533, 0.0012537440052255988, 0.0014152948278933764, 0.0023269974626600742, 0.0009487861534580588, 0.0010986749548465014, 0.0013399667805060744, 0.0012656113831326365, 0.001290302025154233, 0.0015990706160664558, 0.0015857720281928778, 0.0016783969476819038, 0.0017060147365555167, 0.0019312873482704163]

2022-04-28 20:05:44.647618