2022-04-27 06:20:05.355697

reference phi, theta, psi, translation: -86.91639066027085, -0.0, 34.793557367935236, -2.296917200088501, -0.12373751401901245, 3.3104169368743896

phi,theta,psi,rot_x,rot_y,rot_z,phi_err,theta_err,psi_err
-76.53055527251121,6.8177051513072,38.18892636661862,-2.336111545562744,-0.9462913274765015,3.345968008041382,10.385835387759641,6.8177051513072,3.395368998683381
-76.3351503905463,6.785874347569357,38.2363278794585,-2.3393850326538086,-0.952265202999115,3.3421132564544678,10.581240269724546,6.785874347569357,3.442770511523264
-76.10348403427781,6.8698551649872,38.60777747218589,-2.357647180557251,-0.9724264144897461,3.3263025283813477,10.812906625993037,6.8698551649872,3.8142201042506514
-75.06049365744936,6.853928365667265,40.028446574264784,-2.4418516159057617,-1.0249003171920776,3.261023998260498,11.855897002821493,6.853928365667265,5.234889206329548
-75.09675513175296,6.569562993661045,42.0480549646621,-2.590076208114624,-1.0183467864990234,3.161067247390747,11.819635528517892,6.569562993661045,7.254497596726864
-77.50704009739124,7.874268349566643,42.42327823690592,-2.660491704940796,-0.9833095669746399,3.114895820617676,9.40935056287961,7.874268349566643,7.629720868970686
-79.11057043902431,9.165341826943305,42.24304320508762,-2.6705973148345947,-0.9800072908401489,3.092562198638916,7.805820221246535,9.165341826943305,7.4494858371523875
-81.418265963329,11.69875450388885,42.00305426331548,-2.6648690700531006,-1.0361052751541138,3.05769681930542,5.498124696941844,11.69875450388885,7.209496895380241
-84.52897316797376,10.060555369688919,39.63229218730946,-2.577934503555298,-0.8174355030059814,3.1661219596862793,2.3874174922970894,10.060555369688919,4.838734819374224
-85.32443748928095,6.9900927725213,38.41551789233379,-2.5378525257110596,-0.6040028929710388,3.219897508621216,1.5919531709898962,6.9900927725213,3.6219605243985526
-86.20670668474985,4.29191381786444,36.30532753316376,-2.4168288707733154,-0.4144999384880066,3.3139848709106445,0.7096839755210027,4.29191381786444,1.5117701652285263
-87.06370418028969,1.3703759816884833,35.10757189993198,-2.345942735671997,-0.20135262608528137,3.346208333969116,0.1473135200188409,1.3703759816884833,0.31401453199674734
-86.74479581775262,0.07621747610145,34.734947514667354,-2.3099029064178467,-0.13816393911838531,3.3447680473327637,0.17159484251823187,0.07621747610145,0.05860985326788182
-86.89921273450827,0.03444867541314295,34.259279480489326,-2.272688388824463,-0.12659935653209686,3.3429770469665527,0.01717792576258148,0.03444867541314295,0.53427788744591
-86.75177627108437,0.3114375005956142,34.58465944726498,-2.2858097553253174,-0.14714562892913818,3.323859214782715,0.1646143891864824,0.3114375005956142,0.20889792067025326
-86.83581491863221,0.22786596473283646,34.73662091101401,-2.292314291000366,-0.1404549777507782,3.315338611602783,0.0805757416386399,0.22786596473283646,0.056936456921228285
-86.84752869305878,0.2138702052158923,34.648590017896296,-2.2852962017059326,-0.13882331550121307,3.317763328552246,0.06886196721207227,0.2138702052158923,0.14496735003893946
-86.78729325476844,0.2562234954330769,34.83380084252495,-2.2968344688415527,-0.1435643434524536,3.310455322265625,0.12909740550240656,0.2562234954330769,0.04024347458971533
-86.70982524920215,0.3282545960791295,34.787895141113296,-2.294368267059326,-0.1515336036682129,3.313028335571289,0.20656541106869497,0.3282545960791295,0.005662226821939953
-86.79276423629362,0.24917167834197335,34.782417329398946,-2.2939696311950684,-0.1437540501356125,3.3117918968200684,0.12362642397722823,0.24917167834197335,0.011140038536289865
-86.84609435333309,0.21229241559569687,34.765570667811104,-2.2925708293914795,-0.13894535601139069,3.312204122543335,0.07029630693776312,0.21229241559569687,0.027986700124131403
-86.84676371187174,0.2743374884074645,34.770655743648184,-2.2932305335998535,-0.1430744230747223,3.3098504543304443,0.06962694839910455,0.2743374884074645,0.022901624287051447
-86.85616888235884,0.3442442389099541,34.90295992296591,-2.301347494125366,-0.14657263457775116,3.3059897422790527,0.060221777912005336,0.3442442389099541,0.10940255503067675
-86.8936939416589,0.21767330553913916,34.7152799849523,-2.289909839630127,-0.13711558282375336,3.3134944438934326,0.02269671861195377,0.21767330553913916,0.07827738298293241
-86.90542820665299,0.14433466908644021,34.698849964903836,-2.289255142211914,-0.1318356990814209,3.3133933544158936,0.010962453617864298,0.14433466908644021,0.0947074030313999
-86.88417948814507,0.2842601947478422,34.70875715429494,-2.2906363010406494,-0.14106135070323944,3.314509391784668,0.03221117212578406,0.2842601947478422,0.08480021364029255
-86.86618876987126,0.25782239153186925,34.66060432064635,-2.286978006362915,-0.14178618788719177,3.3148820400238037,0.050201890399591775,0.25782239153186925,0.13295304728888624
-86.9534171157615,0.22495073671218258,34.699222210213605,-2.288724184036255,-0.1356412023305893,3.3127524852752686,0.03702645549064698,0.22495073671218258,0.09433515772163048
-86.84383356071781,0.2723102666735898,34.78514257487778,-2.294020891189575,-0.14181563258171082,3.312687635421753,0.07255709955303757,0.2723102666735898,0.008414793057454517
-86.84771310816637,0.24857476127618347,34.81410257695863,-2.296358346939087,-0.14131039381027222,3.31030011177063,0.06867755210447513,0.24857476127618347,0.020545209023396183
-86.78553789615175,0.2914273943015729,34.8302354837782,-2.297229290008545,-0.14646276831626892,3.310237407684326,0.13085276411909774,0.2914273943015729,0.03667811584296743
-86.87627695927537,0.18562926571064345,34.6982215875002,-2.2897768020629883,-0.1366553008556366,3.3132615089416504,0.04011370099547662,0.18562926571064345,0.0953357804350361
-86.9145328488166,0.21173940369966077,34.71347681501142,-2.2897889614105225,-0.13725502789020538,3.314511299133301,0.0018578114542435742,0.21173940369966077,0.08008055292381755
-86.80627435047191,0.18842279271924223,34.81727178473352,-2.297593832015991,-0.13970857858657837,3.3108832836151123,0.11011630979893994,0.18842279271924223,0.023714416798284788
-86.85987767507817,0.2608375299581275,34.63217024313159,-2.286015510559082,-0.14120438694953918,3.317371129989624,0.05651298519268266,0.2608375299581275,0.16138712480364603
-86.8798013368871,0.2388448887766054,34.623878393479195,-2.285823345184326,-0.13890434801578522,3.316748857498169,0.03658932338375109,0.2388448887766054,0.16967897445604052

Errors:
rotation,[20.598909537750224, 20.809885128817168, 21.49698189523089, 23.944714574818306, 25.6436961189058, 24.913339781416937, 24.420647885342227, 24.406376096210934, 17.286707681360234, 12.20400646790975, 6.513367958613969, 1.8317040337040715, 0.3064221718875637, 0.5859044886216345, 0.6849498104523499, 0.36537816329270467, 0.427699522466904, 0.42556437552519877, 0.5404822339697644, 0.38393814085549144, 0.3105754226575914, 0.3668660610936205, 0.5138685718526361, 0.31864740713402534, 0.2500045257357044, 0.4012715805139188, 0.44097732922034727, 0.35631234992446004, 0.3532821592840819, 0.3377975224040548, 0.45895827426363806, 0.32107874714115614, 0.2936777680777219, 0.32225351931646695, 0.4787376399544562, 0.445113186616397]
translation,[0.1579505536533441, 0.15805391950546976, 0.16033888569342203, 0.1697445592764053, 0.18050634229301643, 0.18167184536396697, 0.17082845223204757, 0.1551046659528872, 0.13279661521357156, 0.11293374767880504, 0.09141497938245724, 0.06046012312785631, 0.0360832066487049, 0.013204884863053934, 0.00553042050442798, 0.0019719957464410243, 7.38938296569458e-05, 0.0006416855826039125, 0.0016425101333483738, 0.00011504941066586838, 0.0005106738318003679, 0.0019246464673274843, 0.0003408482681619418, 0.0010254891242178488, 0.0016567764227826132, 0.00035789677815945, 0.0013875956655322597, 0.002359078961942984, 0.0008114776384067213, 0.0001633780405629892, 0.000791952981014532, 0.0013082318955399685, 0.0002533253173142569, 0.0012902669150847146, 9.388267263243932e-05, 0.0006070872581860343]
loss,
[0.10466568171977997, 0.09416650235652924, 0.10869377106428146, 0.09648352861404419, 0.1014299988746643, 0.08144151419401169, 0.07217153906822205, 0.04997026175260544, 0.044463664293289185, 0.023992789909243584, 0.01996573619544506, 0.008488988503813744, 0.00368629302829504, 0.0012552825501188636, 0.0015078932046890259, 0.001751345582306385, 0.0018877740949392319, 0.0015764262061566114, 0.0015442766016349196, 0.0023342743515968323, 0.0009622465586289763, 0.0014500891556963325, 0.0016178879886865616, 0.0017441784730181098, 0.0015554283745586872, 0.002306251786649227, 0.0010670137125998735, 0.0013999108923599124, 0.0017450980376452208, 0.0011764621594920754, 0.0013079739874228835, 0.0014510280452668667, 0.0012513231486082077, 0.0017949555767700076, 0.001655404455959797, 0.0012870588107034564]

2022-04-27 06:22:35.418670