2022-04-26 23:20:49.851639

reference phi, theta, psi, translation: 16.672973292337613, -0.0, 55.56417970941693, 0.9538894295692444, -3.184936285018921, 2.279534101486206

phi,theta,psi,rot_x,rot_y,rot_z,phi_err,theta_err,psi_err
26.607018987257597,-4.879078348390559,61.415046110949504,1.4386786222457886,-3.2383759021759033,2.121750593185425,9.934045694919984,4.879078348390559,5.850866401532571
26.86300423206592,-4.9419837387175365,61.4494634341772,1.4567571878433228,-3.2434916496276855,2.10776686668396,10.190030939728306,4.9419837387175365,5.885283724760264
26.363311007482373,-3.846661801098001,62.1992132993695,1.5079290866851807,-3.306126356124878,2.004018545150757,9.69033771514476,3.846661801098001,6.635033589952563
23.54693372964639,0.48208398818991227,60.99417668448249,1.4740197658538818,-3.297189474105835,2.032618522644043,6.873960437308778,0.48208398818991227,5.429996975065556
20.844306422247797,3.76582826109943,57.18245984456264,1.3412590026855469,-3.1829404830932617,2.2335453033447266,4.171333129910185,3.76582826109943,1.6182801351457101
20.05900371487829,2.6998828924688847,55.13013143294638,1.2582571506500244,-3.112374782562256,2.343022346496582,3.386030422540678,2.6998828924688847,0.43404827647055555
18.21988307329856,1.2378540639719189,55.18212283290852,1.092040777206421,-3.165365219116211,2.3338706493377686,1.5469097809609487,1.2378540639719189,0.3820568765084147
16.696884077074532,0.11476248245009953,55.12115997947157,0.9627978801727295,-3.187530279159546,2.326214551925659,0.023910784736919766,0.11476248245009953,0.44301972994536243
16.345095183873028,-0.10713847399036779,55.26214532922439,0.932057797908783,-3.186251401901245,2.3051509857177734,0.327878108464585,0.10713847399036779,0.3020343801925449
16.772400356085488,0.06694299247304565,55.5164469324023,0.9632260203361511,-3.1753997802734375,2.278486728668213,0.09942706374787491,0.06694299247304565,0.0477327770146303
16.721517154316185,0.021953876317122888,55.58678763556968,0.9590450525283813,-3.1773085594177246,2.2725119590759277,0.04854386197857252,0.021953876317122888,0.02260792615274454
16.71124796489907,0.0434412887781468,55.58181525785391,0.9586076736450195,-3.1769065856933594,2.2758071422576904,0.03827467256145667,0.0434412887781468,0.0176355484369779
16.73657601388877,-0.029690792038571813,55.614173279046845,0.9570096731185913,-3.181654214859009,2.2730817794799805,0.0636027215511561,0.029690792038571813,0.04999356962991186
16.824355897554483,0.07692907586573325,55.59955667422302,0.9672513604164124,-3.1773104667663574,2.2744860649108887,0.1513826052168703,0.07692907586573325,0.03537696480608332
16.6448004695586,-0.031112956009143596,55.444361115901984,0.9491488933563232,-3.1730523109436035,2.280803918838501,0.028172822779012563,0.031112956009143596,0.11981859351494961
16.713338002785093,0.015820458259517754,55.58713256012276,0.9587250351905823,-3.1778953075408936,2.2743661403656006,0.04036471044748069,0.015820458259517754,0.022952850705827643
16.755162666167667,-0.11972753766214328,55.59572493809864,0.9544496536254883,-3.1776530742645264,2.2729644775390625,0.08218937383005454,0.11972753766214328,0.03154522868170773
16.628978336346268,0.20418717578035755,55.49322428922426,0.9596091508865356,-3.173527479171753,2.277371883392334,0.0439949559913444,0.20418717578035755,0.07095542019267498
16.745176929601108,0.0770091171202139,55.647965639965484,0.9639431834220886,-3.18031907081604,2.2709670066833496,0.07220363726349532,0.0770091171202139,0.08378593054855088
16.6795815003596,-0.04553376759355044,55.58946848481891,0.9540993571281433,-3.180023431777954,2.2742438316345215,0.006608208021987139,0.04553376759355044,0.025288775401975272
16.719305880572392,-0.0005546610397182302,55.60437195758787,0.9571059346199036,-3.1788489818573,2.272599935531616,0.04633258823477959,0.0005546610397182302,0.04019224817093914
16.699751048978648,0.09820166080864597,55.554368142674214,0.9596333503723145,-3.1757309436798096,2.2754175662994385,0.02677775664103521,0.09820166080864597,0.009811566742719435
16.735406343993404,0.0003778871465239816,55.58316763530957,0.9588746428489685,-3.1777827739715576,2.2737691402435303,0.06243305165579116,0.0003778871465239816,0.018987925892638202
16.64267115808485,0.08021928674744454,55.53083814098352,0.95599365234375,-3.1761605739593506,2.2762176990509033,0.03030213425276429,0.08021928674744454,0.03334156843341418
16.712274200821863,-0.010749946937674164,55.56515984156283,0.9561290144920349,-3.176427125930786,2.2736170291900635,0.039300908484250385,0.010749946937674164,0.0009801321458979828
16.77485239399752,0.003769040131123449,55.64454030009672,0.9613687992095947,-3.178741693496704,2.270193338394165,0.10187910165990743,0.003769040131123449,0.0803605906797884
16.730770353094258,-0.031056631538231263,55.631959091645555,0.9565317034721375,-3.1789863109588623,2.2713608741760254,0.057797060756644925,0.031056631538231263,0.0677793822286219
16.67842378329528,0.051253544851738365,55.56237995457064,0.9559218287467957,-3.176375389099121,2.2750072479248047,0.005450490957667142,0.051253544851738365,0.001799754846295798
16.659256564936932,-0.011855847271141742,55.52564036702514,0.9528830051422119,-3.1761245727539062,2.2768564224243164,0.01371672740068064,0.011855847271141742,0.03853934239179324
16.7610776099889,-0.024019857396325676,55.6126125808215,0.9581525921821594,-3.1790850162506104,2.272908926010132,0.08810431765128612,0.024019857396325676,0.04843287140456454
16.66117072545183,0.051439424444479694,55.50270800688682,0.9550556540489197,-3.1758742332458496,2.278198003768921,0.01180256688578396,0.051439424444479694,0.06147170253011325
16.69465060521594,0.008632011240986849,55.65230964027761,0.9574947953224182,-3.181594133377075,2.2703213691711426,0.02167731287832808,0.008632011240986849,0.08812993086067422
16.755780798287553,-0.007752858103183721,55.573974200686735,0.9587535262107849,-3.17683744430542,2.2752950191497803,0.08280750594994046,0.007752858103183721,0.009794491269801142
16.733616834430862,-0.016863961938852177,55.57796986135119,0.9579244256019592,-3.1773316860198975,2.2749578952789307,0.06064354209324918,0.016863961938852177,0.013790151934259143
16.75454282650049,-0.035374759525921035,55.627679978130544,0.9586906433105469,-3.180208921432495,2.271580696105957,0.08156953416287749,0.035374759525921035,0.06350026871361081
16.72965190961767,-0.0411808527649162,55.66420441471719,0.9572108387947083,-3.1827480792999268,2.2698938846588135,0.05667861728005619,0.0411808527649162,0.10002470530025676

Errors:
rotation,[20.663990444843115, 21.017298403206105, 20.172033106195325, 12.786041400564248, 9.555441526155324, 6.519961591480119, 3.1668207214412822, 0.5816929971323817, 0.7370509626474977, 0.21410283323555085, 0.09310566444843996, 0.09935150977658136, 0.14328708321963976, 0.2636886458886869, 0.17910437230310577, 0.07913801941282608, 0.23346214017390554, 0.31913755196437693, 0.23299868493226011, 0.07743075101751284, 0.08707949744543697, 0.1347909841924006, 0.08179886469495334, 0.14386298943362302, 0.05103098756782253, 0.18600873247081928, 0.1566330745234981, 0.058503790655701306, 0.06411191706361563, 0.16055704645217633, 0.1247136938603769, 0.11843925497998915, 0.10035485532292533, 0.0912976559663605, 0.18044456240240933, 0.19788417534522915]
translation,[0.09908907901583852, 0.10227902357495289, 0.11861955701802263, 0.11323245858719488, 0.0821193011921233, 0.06274968519590818, 0.05042013758747821, 0.030718399892294634, 0.010486013325132326, 0.005899688118211621, 0.008770387496392473, 0.007329379709264394, 0.005499491042574967, 0.005689276729482273, 0.009784422055439279, 0.007335425704809495, 0.009335640490124142, 0.00887214747655296, 0.0060938314387533055, 0.006822758533738593, 0.007965543756822235, 0.008233350859335076, 0.007726068205653469, 0.008308101997467787, 0.009536344990688228, 0.008392664522380855, 0.008693395210213062, 0.00884031789986306, 0.008713108971174499, 0.00735539482640668, 0.007636027305045978, 0.006989621036400884, 0.007638847787260872, 0.007636688255647783, 0.00708917641161122, 0.006385867404723911]
loss,
[0.13862532377243042, 0.14306315779685974, 0.11925332993268967, 0.06934985518455505, 0.03540307655930519, 0.029205968603491783, 0.011620989069342613, 0.007192843593657017, 0.003079822286963463, 0.001335524721071124, 0.002151550492271781, 0.0020395200699567795, 0.0013953156303614378, 0.0013374052941799164, 0.0020177471451461315, 0.001829197397455573, 0.0024701599031686783, 0.0034785321913659573, 0.0018144063651561737, 0.0019423533231019974, 0.0014760855119675398, 0.002399891149252653, 0.0016689463518559933, 0.001919842092320323, 0.0013300830032676458, 0.001419487176463008, 0.0014589348575100303, 0.002069820649921894, 0.0014323596842586994, 0.0014971088385209441, 0.0018449332565069199, 0.0016174933407455683, 0.0012743331026285887, 0.0019986461848020554, 0.0014620448928326368, 0.0017641845624893904]

2022-04-26 23:23:28.531192