2022-04-26 23:18:07.858427

reference phi, theta, psi, translation: 164.57178246643477, -4.268868188959204e-07, 11.003265705708584, 0.2046843022108078, 0.7416750192642212, 3.957021951675415

phi,theta,psi,rot_x,rot_y,rot_z,phi_err,theta_err,psi_err
174.68706040079186,1.035587752499106,3.46078983121423,-0.0498787984251976,0.24902896583080292,4.223120212554932,10.115277934357096,1.035588179385925,7.542475874494354
173.45634227462563,0.5597598696632761,2.6240705269899234,-0.0261811763048172,0.19492113590240479,4.235354900360107,8.884559808190858,0.559760296550095,8.37919517871866
167.98697267408951,-1.6189064721214481,-0.3720712466635654,0.08455102145671844,-0.02746596559882164,4.247533321380615,3.415190207654746,1.618906045234629,11.37533695237215
166.51139226617832,0.17130495940390364,-0.6073258534846947,-0.022626498714089394,-0.03602532297372818,4.223306179046631,1.9396097997435504,0.17130538629072253,11.610591559193278
165.111094203299,0.3399223805499771,1.4575736813815339,-0.0028044474311172962,0.10014946758747101,4.213659286499023,0.5393117368642208,0.339922807436796,9.54569202432705
165.44800011429902,0.36063718155952196,3.7452095804241394,0.04612775146961212,0.2661049962043762,4.177169322967529,0.8762176478642516,0.36063760844634085,7.258056125284444
165.12586107228455,1.0581362037914246,7.4242986608143235,0.06329067796468735,0.5367543697357178,4.114648342132568,0.5540786058497815,1.0581366306782436,3.5789670448942603
165.08391005040232,2.029254663431849,10.207845780630993,0.050474632531404495,0.7408677339553833,4.022070407867432,0.5121275839675548,2.0292550903186677,0.7954199250775904
164.54987121957737,0.3437236038253646,11.193277299550108,0.18820840120315552,0.7614849805831909,3.960540294647217,0.021911246857399647,0.3437240307121835,0.19001159384152366
164.56540306974998,-0.06427395767687814,11.23999920856758,0.21452856063842773,0.7549844980239868,3.9425718784332275,0.006379396684792482,0.06427353079005925,0.2367335028589963
164.45659815627167,-0.041080705655842834,11.14666381978571,0.2149496227502823,0.7507978081703186,3.953298568725586,0.1151843101631016,0.04108027876902394,0.14339811407712588
164.46400208133198,-0.09929408448769175,11.104894651690142,0.21854403614997864,0.7449256181716919,3.954596996307373,0.1077803851027852,0.09929365760087286,0.1016289459815578
164.41660056849207,-0.3048591983798857,11.294220665293725,0.23466862738132477,0.7514210343360901,3.944082736968994,0.15518189794269688,0.3048587714930668,0.2909549595851413
164.54054118117114,-0.1819868679294185,10.972013321387545,0.22043633460998535,0.7344952821731567,3.9546573162078857,0.03124128526363279,0.18198644104259962,0.03125238432103927
164.54379235121607,0.15392169079464066,11.206957314683997,0.2016444057226181,0.7568953633308411,3.9528467655181885,0.02799011521869943,0.15392211768145955,0.20369160897541327
164.4714469875273,0.0935759671988539,11.282681914464636,0.20561087131500244,0.7614181041717529,3.950488567352295,0.10033547890748196,0.0935763940856728,0.2794162087560519
164.57657725923212,0.12852983874547105,11.200728182160946,0.20164532959461212,0.7571118474006653,3.9513888359069824,0.004794792797355285,0.12853026563228995,0.1974624764523618
164.4621032887427,-0.2486041913978894,11.146472574488948,0.22897207736968994,0.7449449300765991,3.952296018600464,0.10967917769207247,0.2486037645110705,0.14320686878036426
164.57405008923922,-0.01676742759804137,11.147246093412452,0.2102198302745819,0.7501644492149353,3.953892707824707,0.00226762280445314,0.016767000711222474,0.14398038770386812
164.51199099044047,-0.14410960099907452,11.181167374151675,0.22063037753105164,0.7491411566734314,3.9487459659576416,0.059791475994302345,0.14410917411225563,0.1779016684430914
164.48137808258048,0.047168402617949974,11.05746923318816,0.20431922376155853,0.7464197874069214,3.955018997192383,0.09040438385429184,0.04716882950476887,0.0542035274795758
164.4465031366784,-0.11214792118430278,11.188292115229645,0.22048386931419373,0.7509641647338867,3.955165386199951,0.12527932975638123,0.11214749429748389,0.1850264095210612
164.58570239196325,0.10354551525007478,11.054685931101378,0.2019183486700058,0.748436450958252,3.9596025943756104,0.013919925528483645,0.10354594213689368,0.05142022539279445
164.49775687621016,0.20725761640388649,11.19516072421374,0.19774045050144196,0.7587429285049438,3.957270860671997,0.07402559022460764,0.20725804329070538,0.19189501850515533
164.51453182081173,0.07670915684182439,10.99672067693642,0.20233431458473206,0.7425658106803894,3.9595224857330322,0.05725064562304283,0.07670958372864328,0.00654502877216423
164.46952087418134,0.06734062090803569,11.194910568535386,0.20727749168872833,0.7539596557617188,3.9497880935668945,0.10226159225342712,0.06734104779485459,0.19164486282680215
164.53950299241728,0.05928079788225077,11.04562056252548,0.20353268086910248,0.7454376220703125,3.9547157287597656,0.032279474017485654,0.05928122476906966,0.0423548568168961
164.48988849828632,-0.16149997695964566,11.15665126389956,0.22305814921855927,0.7482223510742188,3.954472780227661,0.0818939681484494,0.16149955007282676,0.1533855581909762
164.44597038192313,-0.006031082623868572,11.394866917808448,0.21755504608154297,0.7665845155715942,3.945335865020752,0.1258120845116366,0.006030655737049677,0.3916012120998644
164.55194759708505,-0.020677983236967356,11.114131628768938,0.2105555236339569,0.7477073669433594,3.9546029567718506,0.01983486934972234,0.02067755635014846,0.11086592306035392
164.4701219308283,0.09484665700279256,11.220236909977794,0.20634561777114868,0.7576108574867249,3.952545166015625,0.10166053560647015,0.09484708388961145,0.21697120426921046
164.47659695016148,-0.06832832481239128,11.206890720339588,0.21804720163345337,0.7530067563056946,3.954474925994873,0.09518551627328975,0.06832789792557238,0.20362501463100457
164.54238533224705,0.02533645525418069,11.079550381001164,0.20762702822685242,0.7473025321960449,3.9558024406433105,0.029397134187718166,0.02533688214099959,0.07628467529258032
164.51812450031514,0.055077460489314396,11.233616396788204,0.2084045559167862,0.757736325263977,3.952272891998291,0.05365796611962992,0.05507788737613329,0.2303506910796198
164.50996925444616,-0.1469472243341126,10.985689921426848,0.21847398579120636,0.7365727424621582,3.9557507038116455,0.06181321198860701,0.14694679744729372,0.01757578428173545
164.4418586080428,-0.28157653765375457,11.224434914996413,0.23204383254051208,0.7504499554634094,3.95237398147583,0.12992385839197595,0.28157611076693567,0.22116920928782946

Errors:
rotation,[18.693341988237375, 17.823515283459614, 16.409433205261525, 13.72150674522755, 10.424926568628067, 8.494911381595037, 5.191182281422286, 3.336802599363813, 0.5556468714111068, 0.30738643033384805, 0.2996627030092514, 0.30870298868521584, 0.750995629020905, 0.24448011062727168, 0.3856038418755723, 0.47332808174920665, 0.3307875348820071, 0.5014898109835072, 0.16301501121954373, 0.3818023185496494, 0.1917767408386365, 0.4224532335749263, 0.16888609305817176, 0.4731786520204684, 0.14050525812385034, 0.3612475028750839, 0.13391555560345142, 0.3967790764122524, 0.5234439523485507, 0.1513783487602247, 0.41347882376529205, 0.3671384288298667, 0.1310186916212981, 0.339086544575383, 0.22633579371763618, 0.6326691784467411]
translation,[0.19962134480110283, 0.20878982787946576, 0.2173346522158024, 0.19239153302503453, 0.18372131648256484, 0.1547620655188604, 0.11886410323625451, 0.05891792588906153, 0.0063407516555100685, 0.011191450630498423, 0.0014303694435184866, 0.001052838663873068, 0.009252278792691193, 0.002805431061566388, 0.0014206483189953545, 0.002680902922609363, 0.0028100315928787367, 0.0027278568664703684, 0.0012149297640782208, 0.005897860121323539, 0.0011085406233890538, 0.0007309103276895712, 0.0036425719209001173, 0.0030729747993651912, 0.0024999200165156665, 0.004685669333535536, 0.0016277794532273404, 0.0003167512209811818, 0.006124913662333142, 0.0009571337562270799, 0.0013440422990660394, 0.00030207201294008, 7.0968937571080914e-06, 0.0014815463245430038, 0.0014596948766296691, 0.0014540309901223125]
loss,
[0.09932790696620941, 0.11257590353488922, 0.054427191615104675, 0.04504958912730217, 0.0329521968960762, 0.03129194676876068, 0.024228347465395927, 0.00809559877961874, 0.0033776266500353813, 0.004326981958001852, 0.004369452130049467, 0.00328767579048872, 0.0030931332148611546, 0.00449664331972599, 0.003009477164596319, 0.0028359401039779186, 0.0031051919795572758, 0.004509428050369024, 0.003799758618697524, 0.0022588311694562435, 0.004289713688194752, 0.0037382282316684723, 0.0032608788460493088, 0.004513939376920462, 0.0036813300102949142, 0.0030152788385748863, 0.003584073856472969, 0.0034650424495339394, 0.0053039188496768475, 0.003952657803893089, 0.0033967436756938696, 0.003929065074771643, 0.0037412268575280905, 0.0032371121924370527, 0.003036022884771228, 0.0038315989077091217]

2022-04-26 23:20:45.915920