2022-04-26 23:34:14.411393

reference phi, theta, psi, translation: 132.9853677440357, -8.537735924097414e-07, 76.34363348549546, 2.865516185760498, 2.6707684993743896, 0.9517420530319214

phi,theta,psi,rot_x,rot_y,rot_z,phi_err,theta_err,psi_err
143.3552887910292,-3.0579185397180266,69.36864430507845,2.3124754428863525,2.981729030609131,1.6183615922927856,10.369921046993511,3.0579176859444344,6.974989180417012
143.77852829313824,-4.071661788018549,69.96033676268748,2.3456833362579346,2.986572027206421,1.5546869039535522,10.793160549102538,4.071660934244957,6.383296722807984
145.60007144288895,-7.53275592642021,70.37183516961323,2.3708558082580566,2.993352174758911,1.4703840017318726,12.614703698853248,7.5327550726466175,5.971798315882225
146.26164356589638,-9.157307797220389,71.8992430529465,2.3590638637542725,3.06854248046875,1.3257248401641846,13.27627582186068,9.157306943446796,4.444390432548957
147.41064530883258,-10.596010860869669,72.75528432200254,2.326876163482666,3.122164726257324,1.2337244749069214,14.425277564796886,10.596010007096076,3.5883491634929214
146.2672853021508,-9.60414254788614,72.1272894089549,2.367504596710205,3.0603597164154053,1.300563097000122,13.281917558115111,9.604141694112547,4.216344076540565
145.82645123273983,-9.424713707404528,73.14330736875097,2.387255907058716,3.0797431468963623,1.2330126762390137,12.841083488704129,9.424712853630936,3.200326116744492
145.54523868423206,-9.353053936651774,73.52596871700094,2.3991200923919678,3.082059621810913,1.2107324600219727,12.559870940196362,9.353053082878182,2.8176647684945237
145.87224082093562,-10.568206305195348,74.02978396074859,2.4164042472839355,3.099144697189331,1.1478424072265625,12.886873076899917,10.568205451421756,2.313849524746871
145.2325526240289,-9.81050958291861,73.75584556370688,2.4385294914245605,3.065164566040039,1.1883848905563354,12.247184879993199,9.810508729145019,2.587787921788575
144.6430799779001,-10.220236288145895,74.0750612847566,2.4907071590423584,3.045074462890625,1.1467041969299316,11.657712233864402,10.220235434372302,2.268572200738859
143.74272444150904,-10.191338938148654,74.34580998345591,2.543696880340576,3.0066306591033936,1.1271626949310303,10.757356697473341,10.191338084375062,1.9978235020395516
142.4228723466741,-9.06893656242883,74.76137235293781,2.601677179336548,2.9667301177978516,1.1067914962768555,9.437504602638398,9.068935708655237,1.5822611325576474
142.41766774252656,-9.170308322072849,75.39322632286652,2.604067087173462,2.9796416759490967,1.0770691633224487,9.432299998490862,9.170307468299256,0.9504071626289345
141.8542454378922,-10.004727543604965,75.85550718627132,2.6516640186309814,2.965074062347412,1.033880591392517,8.86887769385649,10.004726689831372,0.48812629922413464
141.85070739990215,-10.056971306966147,75.24226548183091,2.6456878185272217,2.9531972408294678,1.0744062662124634,8.86533965586645,10.056970453192555,1.1013680036645468
141.27180788660854,-9.644407469095492,75.31512310970743,2.667637825012207,2.9319772720336914,1.0661226511001587,8.286440142572843,9.6444066153219,1.0285103757880307
141.03661715272833,-9.754521169065288,74.67717661103907,2.671644449234009,2.892223358154297,1.12082040309906,8.051249408692627,9.754520315291696,1.6664568744563866
141.30696970045577,-10.276655098788446,75.35333801811366,2.6687633991241455,2.917278528213501,1.0617517232894897,8.321601956420068,10.276654245014853,0.9902954673817987
140.93935525894733,-9.880621452618165,74.98476051993225,2.6722044944763184,2.901730537414551,1.0950477123260498,7.953987514911631,9.880620598844573,1.358872965563208
140.47018956485917,-10.340417996810192,75.29217367409619,2.705587148666382,2.8785018920898438,1.0689157247543335,7.48482182082347,10.3404171430366,1.051459811399269
140.07552757423747,-10.708445285020419,75.59377433727644,2.7308034896850586,2.8579604625701904,1.0393224954605103,7.09015983020177,10.708444431246827,0.7498591482190164
140.19125829953418,-10.221868365933618,74.94357447923709,2.703998327255249,2.8497793674468994,1.1025867462158203,7.205890555498485,10.221867512160026,1.400059006258374
139.79517562956514,-10.853216745331565,74.89928070246954,2.735123872756958,2.816572904586792,1.0986297130584717,6.8098078855294375,10.853215891557973,1.44435278302592
139.8146826498347,-11.298166446929025,74.69642408412017,2.7371773719787598,2.810689926147461,1.0990568399429321,6.829314905799009,11.298165593155433,1.6472094013752923
139.23149377774232,-10.565411474641706,74.37645021207258,2.7514445781707764,2.7803142070770264,1.1356399059295654,6.2461260337066165,10.565410620868114,1.9671832734228758
139.1190278828689,-10.195473331091126,74.9609026691614,2.7540481090545654,2.7979393005371094,1.0908889770507812,6.133660138833193,10.195472477317534,1.3827308163340604
139.34826269179285,-10.044421936493233,75.54307384306743,2.742708444595337,2.832174777984619,1.0451263189315796,6.362894947757155,10.04442108271964,0.800559642428027
139.25395143973333,-10.04266585831634,75.6482450959073,2.7473368644714355,2.830315351486206,1.0378984212875366,6.268583695697629,10.042665004542748,0.6953883895881603
138.98506055248828,-10.253974468708552,75.58589229897424,2.7645187377929688,2.8079638481140137,1.0403327941894531,5.999692808452579,10.25397361493496,0.7577411865212156
139.01448500743268,-10.19133329185234,75.23667838708984,2.7553226947784424,2.803126096725464,1.0676159858703613,6.029117263396984,10.191332438078748,1.1069550984056207
138.95661964478433,-10.351703238554336,75.36443024532575,2.757556676864624,2.8004844188690186,1.0565401315689087,5.971251900748626,10.351702384780744,0.9792032401697099
138.7802641604146,-10.367430236917004,75.50441497236517,2.765087127685547,2.7931041717529297,1.0447126626968384,5.79489641637889,10.367429383143412,0.8392185131302909
138.80982521914243,-10.018352627533318,75.48915632975935,2.7549972534179688,2.8027734756469727,1.0514476299285889,5.824457475106726,10.018351773759726,0.8544771557361059
138.6849420403579,-9.698901287749987,75.74754238606094,2.756176471710205,2.8078665733337402,1.035173773765564,5.699574296322197,9.698900433976394,0.596091099434517
138.34466201590786,-9.81681202049936,75.9220468891656,2.7812790870666504,2.786262035369873,1.0192869901657104,5.359294271872159,9.816811166725767,0.42158659632985973

Errors:
rotation,[20.402827913354958, 21.24811820615548, 26.11925708738209, 26.877973197856434, 28.609636735385884, 27.102403328768226, 25.466122459079557, 24.73058879156907, 25.768928053068542, 24.645481530926794, 24.146519868975563, 22.946518283887954, 20.088701443851285, 19.553014629419053, 19.361730682911997, 20.02367811272355, 18.959357133682772, 19.47222659844071, 19.58855166881672, 19.19348107931941, 18.87669877525934, 18.54846340966761, 18.827817073916883, 19.10737656011333, 19.774689900329733, 18.778719927997606, 17.711863432484787, 17.207875672904823, 17.006637089828537, 17.011407609908755, 17.32740479988135, 17.30215752569908, 17.00154431265259, 16.697286404602558, 15.994565829733109, 15.597692034927785]
translation,[0.07464079787699607, 0.07239325051238055, 0.06070974556006625, 0.060164477725607846, 0.05351811306295229, 0.05082453701126877, 0.055939579926558736, 0.057971453746544555, 0.06292159006946019, 0.06202617018542522, 0.06655715859551314, 0.06529849018926903, 0.06706570695114955, 0.07003042108611357, 0.07884618784571185, 0.07683734667569109, 0.07367312677806215, 0.06263199624068605, 0.06278471616168346, 0.0627502319896962, 0.061371029317850656, 0.05609715658868897, 0.049134181377445074, 0.04575381306457604, 0.04318621393147204, 0.04198688970686959, 0.04358384573832552, 0.04759056707175713, 0.04756915846103826, 0.0443486217294744, 0.04184579221138662, 0.03865103751010768, 0.03563420710822918, 0.03717431194853038, 0.03731159513809512, 0.03553009012977881]
loss,
[0.11921687424182892, 0.11903291940689087, 0.10725139081478119, 0.08631955087184906, 0.09039877355098724, 0.085566446185112, 0.07986965775489807, 0.0952245444059372, 0.09803138673305511, 0.08895009756088257, 0.08099302649497986, 0.0947486013174057, 0.07816396653652191, 0.08082634210586548, 0.07970958203077316, 0.08825941383838654, 0.08440878987312317, 0.08679880201816559, 0.07404825091362, 0.08071781694889069, 0.0760369822382927, 0.0730094164609909, 0.08584537357091904, 0.07614116370677948, 0.0827145129442215, 0.08340772241353989, 0.07266160100698471, 0.07894923537969589, 0.08571400493383408, 0.08520427346229553, 0.0746421068906784, 0.07404911518096924, 0.07821258157491684, 0.07585840672254562, 0.08375989645719528, 0.083651602268219]

2022-04-26 23:36:52.400011