2022-04-28 01:18:20.467024

reference phi, theta, psi, translation: -86.91639066027085, -0.0, 34.793557367935236, -2.296917200088501, -0.12373751401901245, 3.3104169368743896

phi,theta,psi,rot_x,rot_y,rot_z,phi_err,theta_err,psi_err
-76.53055527251121,6.8177051513072,38.18892636661862,-2.336111545562744,-0.9462913274765015,3.345968008041382,10.385835387759641,6.8177051513072,3.395368998683381
-76.32832703156546,5.733219944298532,39.43670289023698,-2.43571400642395,-0.9093659520149231,3.2734415531158447,10.588063628705385,5.733219944298532,4.643145522301744
-77.0011962874601,2.4162999295594516,43.225760577585305,-2.744295597076416,-0.7670420408248901,3.037370204925537,9.915194372810745,2.4162999295594516,8.43220320965007
-79.19626882254046,3.0353210018312757,45.690314811273936,-2.893068790435791,-0.7053399085998535,2.9032020568847656,7.720121837730389,3.0353210018312757,10.8967574433387
-82.10935133374007,4.661102025606479,46.42141484493751,-2.955970287322998,-0.6344425678253174,2.8364627361297607,4.807039326530784,4.661102025606479,11.627857477002273
-81.92955343402865,4.384185002043424,45.338167333141,-2.894680976867676,-0.6302297115325928,2.889960527420044,4.986837226242201,4.384185002043424,10.544609965205765
-82.34972618120032,4.458004818615469,45.00340268644575,-2.8782498836517334,-0.6141839027404785,2.9052627086639404,4.566664479070525,4.458004818615469,10.209845318510517
-81.9587866436763,4.403994115576147,44.02923329569434,-2.8228774070739746,-0.6242441534996033,2.9477267265319824,4.957604016594544,4.403994115576147,9.235675927759104
-82.50036600334495,4.164820531635667,43.23574631415187,-2.7866480350494385,-0.5880115032196045,2.975959300994873,4.416024656925899,4.164820531635667,8.442188946216632
-82.97196324477765,3.9239721638886578,41.48158298056334,-2.673475980758667,-0.5362114906311035,3.071202516555786,3.9444274154931946,3.9239721638886578,6.688025612628103
-84.09162932522868,2.8012248333196057,40.022207196457984,-2.60880708694458,-0.4349776804447174,3.11040997505188,2.8247613350421688,2.8012248333196057,5.228649828522748
-85.86017703720925,0.7323485355909992,38.67183098622227,-2.541511297225952,-0.22195428609848022,3.164699077606201,1.0562136230615948,0.7323485355909992,3.8782736182870323
-87.04171097116225,-0.49615289610980823,36.61553764979281,-2.408306121826172,-0.09821267426013947,3.236938953399658,0.1253203108913965,0.49615289610980823,1.8219802818575772
-87.22480785224278,-0.44984310810411976,34.60231207117488,-2.2785868644714355,-0.08582544326782227,3.306809425354004,0.30841719197192674,0.44984310810411976,0.19124529676035706
-86.95565741780925,-0.09873028256575046,34.577644842987375,-2.2756402492523193,-0.11679969727993011,3.307251453399658,0.03926675753839959,0.09873028256575046,0.21591252494786062
-86.9694953810677,-0.07884510603532882,34.82095325669616,-2.2902770042419434,-0.11765535175800323,3.2996511459350586,0.05310472079685269,0.07884510603532882,0.02739588876092114
-86.93841802034414,-0.1281142708171031,34.865947127853616,-2.2952401638031006,-0.1158505529165268,3.300239086151123,0.0220273600732952,0.1281142708171031,0.07238975991838004
-87.0500779528955,-0.09260019463401982,34.84193218273185,-2.2938039302825928,-0.11494241654872894,3.3014845848083496,0.13368729262465706,0.09260019463401982,0.04837481479661676
-87.02857651738832,-0.061004788949979176,34.79234159426297,-2.2907612323760986,-0.11703108251094818,3.3036980628967285,0.11218585711746698,0.061004788949979176,0.0012157736722642198
-87.03189598932494,-0.03823448053338598,34.86811912800968,-2.2934205532073975,-0.11772874742746353,3.2970523834228516,0.11550532905408772,0.03823448053338598,0.07456176007444526
-87.00861870463353,-0.053346355625490983,34.80812957652946,-2.290464162826538,-0.11812125891447067,3.3015429973602295,0.09222804436268461,0.053346355625490983,0.014572208594223923
-86.99849636428357,-0.032426579150310955,34.794906330296314,-2.2906322479248047,-0.12054931372404099,3.3017899990081787,0.08210570401271866,0.032426579150310955,0.0013489623610780654
-87.06084233102744,-0.1682135224925186,34.82835718175645,-2.291210174560547,-0.10889610648155212,3.300175189971924,0.14445167075659526,0.1682135224925186,0.03479981382121622
-86.9288625856953,-0.1086358578148958,34.81594672803454,-2.2915256023406982,-0.11729943007230759,3.299988269805908,0.012471925424449637,0.1086358578148958,0.0223893600993037
-86.99431628851153,-0.0732487190532727,34.833100748135024,-2.293769598007202,-0.11714271456003189,3.2981996536254883,0.07792562824067772,0.0732487190532727,0.0395433801997882
-86.95856707839567,-0.06451778655405248,34.84464035273776,-2.2933576107025146,-0.11972891539335251,3.301147699356079,0.04217641812482498,0.06451778655405248,0.05108298480252671
-86.96647643745456,-0.07359290753167183,34.78403266913765,-2.2902417182922363,-0.11842308193445206,3.3051257133483887,0.050085777183710434,0.07359290753167183,0.009524698797584108
-86.9388824732077,-0.16880705256146572,34.76204970529397,-2.2876644134521484,-0.11325979232788086,3.3028430938720703,0.022491812936848987,0.16880705256146572,0.031507662641267586
-86.96720043750658,-0.05228047850615878,34.82773904963656,-2.2911243438720703,-0.11971602588891983,3.299729824066162,0.05080977723572744,0.05228047850615878,0.03418168170132674
-86.9294977932881,-0.05737810490316983,34.8018116515472,-2.2908692359924316,-0.12013883143663406,3.3035268783569336,0.01310713301725741,0.05737810490316983,0.008254283611961455
-86.98813496731266,-0.10048691690700287,34.75128191206744,-2.288203001022339,-0.11633829772472382,3.304373264312744,0.07174430704181134,0.10048691690700287,0.04227545586779513
-86.97605236267091,-0.1069829125514356,34.84130722042279,-2.292579412460327,-0.11581206321716309,3.300300121307373,0.05966170240006363,0.1069829125514356,0.0477498524875557
-86.95566424799843,-0.03434235144665699,34.7973003116004,-2.2902746200561523,-0.12134967744350433,3.301546096801758,0.039273587727578274,0.03434235144665699,0.003742943665166365
-86.98100424981916,-0.13465567269002754,34.83037208756161,-2.2917211055755615,-0.11336798220872879,3.300436496734619,0.06461358954831553,0.13465567269002754,0.03681471962637062
-86.98327870281278,-0.04003790168332535,34.80123791565691,-2.2900240421295166,-0.1196490228176117,3.3008933067321777,0.06688804254193315,0.04003790168332535,0.007680547721676589
-87.01439021448219,-0.0905116422237894,34.78819225434219,-2.2887635231018066,-0.11584904789924622,3.3008971214294434,0.09799955421134143,0.0905116422237894,0.005365113593043702

Errors:
rotation,[20.598909537750224, 20.96442909530566, 20.763697512020265, 21.652200282900367, 21.095998829139536, 19.91563219349139, 19.23451461619651, 18.597274059929795, 17.023034134778197, 14.556425192009955, 10.854635996884522, 5.666835776939626, 2.4434534888587818, 0.9495055968364036, 0.35390956505201066, 0.15934571559310265, 0.22253139080877835, 0.27466230205529363, 0.17440641973971038, 0.22830156966191897, 0.1601466085823995, 0.11588124552410768, 0.3474650070703301, 0.14349714333864916, 0.1907177274937386, 0.15777718948140418, 0.13320338351296637, 0.2228065281395823, 0.13727193744321295, 0.0787395215323887, 0.21450667981660934, 0.21439446743905494, 0.07735888283940162, 0.2360839818647137, 0.11460649194693509, 0.19387631002817454]
translation,[0.1579505536533441, 0.1491903563688135, 0.13361958037706945, 0.1277091495039384, 0.11444692126569223, 0.10749884620333283, 0.10433914965199165, 0.09772212619986664, 0.08803350069208804, 0.07585074470922049, 0.05172923277505692, 0.033826690105567714, 0.004631029708687784, 0.01437486269955901, 0.014900170933359824, 0.012807168498696342, 0.009546238759585712, 0.009369458073253512, 0.009225805179384317, 0.013145248231229978, 0.011133229408033962, 0.010762530499398792, 0.012091823086270992, 0.011829005933895687, 0.012021703795621619, 0.009760899930930655, 0.008308067430050414, 0.011799469985674271, 0.01219870492997277, 0.009213268541241604, 0.010147607013569981, 0.011015219730020398, 0.011142516446597917, 0.011462333076543096, 0.011872384209631548, 0.012698660730120714]
loss,
[0.0670609325170517, 0.06771036237478256, 0.04413828253746033, 0.0361250638961792, 0.03371230140328407, 0.0342864990234375, 0.029348311945796013, 0.029377473518252373, 0.031053591519594193, 0.02855350635945797, 0.02266450971364975, 0.013718171045184135, 0.006154799368232489, 0.0023412229493260384, 0.0028743089642375708, 0.001924566924571991, 0.0017987129976972938, 0.002462660660967231, 0.001462178654037416, 0.0014725917717441916, 0.002111376030370593, 0.0025776722468435764, 0.001567480037920177, 0.0026189200580120087, 0.0024702083319425583, 0.0013424763455986977, 0.0017187283374369144, 0.0024097382556647062, 0.0018112476682290435, 0.002311327261850238, 0.0021029640920460224, 0.0022905822843313217, 0.0024824331048876047, 0.002026602625846863, 0.0018556404393166304, 0.002479656133800745]

2022-04-28 01:22:51.158459