2022-04-27 14:42:07.946198

reference phi, theta, psi, translation: -139.02455270626928, -8.537736090602699e-07, 56.38966954231551, -2.2014424800872803, 2.5346622467041016, 2.231398344039917

phi,theta,psi,rot_x,rot_y,rot_z,phi_err,theta_err,psi_err
-129.04008655489625,6.852725648450977,53.065809209147574,-2.6847352981567383,1.8050535917282104,2.604990243911743,9.984466151373027,6.852726502224586,3.3238603331679357
-128.91043590407108,6.64138863708536,53.02674394218969,-2.684542417526245,1.803263783454895,2.608656883239746,10.114116802198197,6.641389490858969,3.36292560012582
-127.13770128612929,3.358804444074421,52.689281370772285,-2.6888208389282227,1.782172441482544,2.6251308917999268,11.88685142013999,3.35880529784803,3.7003881715432243
-126.43966961333233,4.201020467821633,51.88405670914114,-2.7325735092163086,1.7173590660095215,2.619518280029297,12.584883092936948,4.201021321595242,4.505612833174368
-125.66108268946424,4.235638388050554,52.45156688199374,-2.8063910007476807,1.7208225727081299,2.5364091396331787,13.363470016805039,4.235639241824163,3.9381026603217677
-126.14996030949706,3.839281039733285,53.6932645372508,-2.8117942810058594,1.7848247289657593,2.4619393348693848,12.874592396772215,3.839281893506894,2.6964050050647117
-127.12716913442912,4.127687070031741,54.78337297406859,-2.808804750442505,1.8670158386230469,2.3881325721740723,11.897383571840152,4.12768792380535,1.6062965682469184
-128.7389435143904,4.211121277611605,56.433515941692406,-2.792929172515869,2.001568555831909,2.2800612449645996,10.285609191878876,4.211122131385214,0.04384639937689627
-132.53381027762782,3.942736470935196,57.83866343888245,-2.66792368888855,2.2439498901367188,2.1700994968414307,6.490742428641454,3.9427373247088053,1.4489938965669396
-136.0301021514873,2.055633292572371,57.97476178828412,-2.4609992504119873,2.4304072856903076,2.167954206466675,2.994450554781963,2.05563414634598,1.5850922459686103
-139.63835448622166,-0.3360962831733512,57.268178718646304,-2.194422960281372,2.6004698276519775,2.188187599182129,0.6138017799523823,0.3360954293997422,0.8785091763307946
-138.95006266318111,0.015173252295469187,56.184295999256975,-2.1947975158691406,2.5202009677886963,2.238452911376953,0.07449004308816143,0.015174106069078248,0.20537354305853484
-139.3379627665245,-0.15033763754833726,56.19341771689353,-2.171527624130249,2.537825107574463,2.2355661392211914,0.31341006025522233,0.1503367837747282,0.1962518254219816
-139.03986599038845,0.0025279442732486766,56.192639075328145,-2.1909537315368652,2.524425506591797,2.2385919094085693,0.015313284119173431,0.002528798046857737,0.19703046698736415
-139.1581375460564,-0.03276553490334848,56.28897206338201,-2.186981439590454,2.531958818435669,2.2334823608398438,0.13358483978711888,0.03276468112973942,0.10069747893349756
-139.0768446345549,0.00024122440764151446,56.28271561010228,-2.1915805339813232,2.5280051231384277,2.2330739498138428,0.052291928285626454,0.00024207818125057472,0.10695393221323002
-139.070943351112,-0.1703530900835968,56.205100755468834,-2.184985637664795,2.529477834701538,2.2377939224243164,0.04639064484271671,0.17035223630998775,0.18456878684667544
-139.0802597291399,0.009137052445937134,56.26021696697625,-2.1923587322235107,2.527588129043579,2.234998941421509,0.055707022870620904,0.009137906219546195,0.1294525753392577
-139.15759113092278,-0.0775287295146145,56.26328372191359,-2.1859569549560547,2.532876968383789,2.234525203704834,0.13303842465350613,0.07752787574100543,0.12638582040192148
-139.06818395468733,0.02476023040852226,56.244992475316295,-2.192039728164673,2.526244640350342,2.235992908477783,0.04363124841805188,0.02476108418213132,0.1446770669992148
-139.12118622264663,-0.06818071951567473,56.18569277294225,-2.1858344078063965,2.527621269226074,2.238156318664551,0.09663351637735218,0.06817986574206567,0.2039767693732628
-139.08587414463764,-0.051709501260330804,56.17977441402643,-2.1878912448883057,2.5260818004608154,2.239074230194092,0.0613214383683669,0.05170864748672174,0.20989512828907664
-139.10538116490721,-0.013807407014572054,56.275957137918546,-2.190584182739258,2.530349016189575,2.2337005138397217,0.08082845863793864,0.013806553240962994,0.1137124043969635
-139.1648584521997,-0.014641244889951938,56.32421925459386,-2.1894545555114746,2.532454013824463,2.2304301261901855,0.14030574593041933,0.014640391116342877,0.06545028772165296
-139.1387534691919,-0.06909383217299303,56.17741799876278,-2.1843535900115967,2.528744697570801,2.239488363265991,0.11420076292262138,0.06909297839938397,0.2122515435527319
-139.15767309319284,-0.03381320971557413,56.26363206156126,-2.186514377593994,2.5314064025878906,2.2341718673706055,0.1331203869235651,0.03381235594196507,0.12603748075424903
-139.12240199631887,-0.07509175207317183,56.30690472504788,-2.188739776611328,2.532620906829834,2.231144666671753,0.09784929004959508,0.07509089829956277,0.08276481726763052
-139.13266094045224,-0.02899809982025688,56.26307540114391,-2.1891143321990967,2.5309574604034424,2.234616756439209,0.10810823418296422,0.02899724604664782,0.1265941411716014
-139.11830388281686,-0.012713976721011997,56.22688222873201,-2.188338041305542,2.5278396606445312,2.237161636352539,0.09375117654758469,0.012713122947402936,0.1627873135835003
-139.1111868257017,-0.03991381814171159,56.247857739673115,-2.1888175010681152,2.5286307334899902,2.2353858947753906,0.08663411943243204,0.03991296436810253,0.141811802642394
-139.16429837668775,-0.039721715968968105,56.325974613210555,-2.188340425491333,2.534104585647583,2.230652093887329,0.13974567041847763,0.039720862195359044,0.06369492910495467
-139.1592303763236,-0.07906054042239816,56.26873421287126,-2.1862289905548096,2.5333268642425537,2.2334868907928467,0.13467767005431597,0.0790596866487891,0.12093532944425078
-139.13677271433258,-0.049771962002362266,56.25781615548299,-2.187905788421631,2.5314908027648926,2.2349789142608643,0.11222000806330357,0.049771108228753205,0.13185338683251757
-139.08958976754613,-0.0701701355118684,56.28053677975704,-2.190068244934082,2.531032085418701,2.234421730041504,0.06503706127685405,0.07016928173825934,0.10913276255846682
-139.05772010487885,-0.07521023641821392,56.2536019287651,-2.1903648376464844,2.5293872356414795,2.235713481903076,0.03316739860957796,0.07520938264460486,0.1360676135504093
-139.1372235068178,-0.09953120035374778,56.19394705655421,-2.1839988231658936,2.531050443649292,2.238565683364868,0.1126708005485284,0.09953034658013872,0.19572248576130136

Errors:
rotation,[20.161052986765547, 20.118431893182986, 18.946044889531244, 21.291517247706558, 21.53721191895097, 19.41027929534382, 17.63136806389242, 14.540577722640986, 11.882473649917198, 6.635176947096554, 1.8284063856829191, 0.2950376922157745, 0.6599986694519322, 0.21487254915339532, 0.26704699985035585, 0.15948793868010705, 0.4013116679993799, 0.19429750442942478, 0.33695212079643305, 0.213069399599398, 0.3687901514926807, 0.3229252141441653, 0.20834741627586514, 0.22039642476841517, 0.3955452848747373, 0.2929702236197792, 0.2557050056167884, 0.26369962140121345, 0.26925161307848794, 0.2683588864429286, 0.24316146171879133, 0.33467268614735585, 0.29384450312457433, 0.2443391055735802, 0.24444439480459212, 0.40792363288996847]
translation,[0.12242333873291766, 0.12382223539249981, 0.12786235424241532, 0.12557124591686808, 0.1246420318764967, 0.11048088598976058, 0.10146222291469797, 0.09263264335355359, 0.07526363906533629, 0.05095662900134368, 0.014374821759790102, 0.008788731525803506, 0.01194435551394779, 0.008157849931727412, 0.008424999349929685, 0.008635351759608056, 0.00867418514664653, 0.007404410210195778, 0.00782473891195501, 0.007869726113594488, 0.00917850416730115, 0.008516476318823685, 0.007356648534174504, 0.008461492500571488, 0.00853540554276222, 0.00864367663410448, 0.008349148161210351, 0.007265182786352575, 0.008233318348337626, 0.008462436241314819, 0.007905245571719455, 0.00797021156532729, 0.007385852609576915, 0.006807498409327373, 0.006962821950899034, 0.007791545592335858]
loss,
[0.13951709866523743, 0.13608108460903168, 0.11183486878871918, 0.09601002931594849, 0.08125793933868408, 0.07728442549705505, 0.07603807747364044, 0.06475691497325897, 0.05220882222056389, 0.019599169492721558, 0.005061886738985777, 0.001519327866844833, 0.0013101042713969946, 0.001255255425348878, 0.0011621459852904081, 0.0008605672046542168, 0.001195821794681251, 0.0008808171260170639, 0.0012689207214862108, 0.0012552259722724557, 0.001440001418814063, 0.0006767694721929729, 0.0011707439552992582, 0.0010006217053160071, 0.0012310107704252005, 0.0009331616456620395, 0.0013973340392112732, 0.0009853886440396309, 0.0011843850370496511, 0.0012363679707050323, 0.0007313531823456287, 0.001207820838317275, 0.00111913972068578, 0.000824165006633848, 0.0010487980907782912, 0.0010240999981760979]

2022-04-27 14:46:49.257685