2022-04-21 04:37:03.510275

reference phi, theta, psi, translation: 16.672973292337613, -0.0, 55.56417970941693, 0.9538894295692444, -3.184936285018921, 2.279534101486206

phi,theta,psi,rot_x,rot_y,rot_z,phi_err,theta_err,psi_err
26.607018987257597,-4.879078348390559,61.415046110949504,1.4386786222457886,-3.2383759021759033,2.121750593185425,9.934045694919984,4.879078348390559,5.850866401532571
26.477621053431704,-4.735252305328006,61.89167037161133,1.4623479843139648,-3.266310930252075,2.078505039215088,9.804647761094092,4.735252305328006,6.3274906621944
26.473509279551358,-3.747079029514441,62.66227963452885,1.5554509162902832,-3.311934232711792,1.9720507860183716,9.800535987213745,3.747079029514441,7.098099925111917
25.21209457570777,-2.3520484569962163,61.506434042044276,1.4984973669052124,-3.291001081466675,2.0114424228668213,8.539121283370157,2.3520484569962163,5.942254332627343
21.653458442651697,1.0533690227658352,60.04215076702026,1.350853681564331,-3.303415536880493,2.0652313232421875,4.980485150314085,1.0533690227658352,4.477971057603327
18.870455176647692,2.5900629644915165,56.87241365247367,1.1961305141448975,-3.2151286602020264,2.249168634414673,2.197481884310079,2.5900629644915165,1.3082339430567345
18.099191923117143,1.2976471355665642,54.9057972847519,1.0855793952941895,-3.1573615074157715,2.350409984588623,1.4262186307795304,1.2976471355665642,0.6583824246650352
16.673540198038722,0.11483944308102796,55.33196010782567,0.9607308506965637,-3.2007932662963867,2.3122334480285645,0.0005669057011097323,0.11483944308102796,0.23221960159126098
16.235446742032227,-0.2589280906388696,55.5375385565593,0.9212555885314941,-3.2003185749053955,2.284677743911743,0.43752655030538534,0.2589280906388696,0.026641152857635575
16.793956433106047,0.027406540915721176,55.63969769597518,0.9636704921722412,-3.1806366443634033,2.2743008136749268,0.12098314076843408,0.027406540915721176,0.07551798655824626
16.667020782475944,0.07345543851992177,55.46750862699916,0.9567137360572815,-3.1734752655029297,2.279432535171509,0.005952509861668176,0.07345543851992177,0.096671082417771
16.695808322280257,0.10266665166840555,55.50114730866147,0.9613849520683289,-3.174787998199463,2.2788143157958984,0.022835029942644525,0.10266665166840555,0.06303240075546057
16.7754500355499,0.050148060106599245,55.56440852075413,0.9610646367073059,-3.1766576766967773,2.276348114013672,0.10247674321228573,0.050148060106599245,0.00022881133719465652
16.640321573010365,0.0430363152897115,55.615737392366775,0.9541774988174438,-3.181033134460449,2.2729413509368896,0.032651719327247974,0.0430363152897115,0.05155768294984142
16.757131468195922,0.12602040585722862,55.53785616035571,0.9632224440574646,-3.174959659576416,2.2785630226135254,0.08415817585830965,0.12602040585722862,0.026323549061224583
16.67540654722943,0.13159854068577442,55.458219569727945,0.9606619477272034,-3.173670530319214,2.2815699577331543,0.0024332548918160057,0.13159854068577442,0.10596013968898887
16.752582562208694,0.023112358504037037,55.56820610593266,0.9606053829193115,-3.1781718730926514,2.275829553604126,0.07960926987108152,0.023112358504037037,0.00402639651572656
16.642039365586623,0.10048245910722362,55.55414957662077,0.9564405083656311,-3.177896499633789,2.2762136459350586,0.030933926750989826,0.10048245910722362,0.010030132796160274
16.73842358005926,0.044129649640214916,55.468714155387666,0.9580516815185547,-3.1725070476531982,2.281798839569092,0.06545028772164585,0.044129649640214916,0.09546555402926771
16.711333342263696,0.029252938595037307,55.58301737114783,0.9585610032081604,-3.179347038269043,2.2748379707336426,0.03836004992608366,0.029252938595037307,0.018837661730898958
16.700147199950507,0.0431691376844192,55.56556282272386,0.9586133360862732,-3.1780097484588623,2.2759346961975098,0.02717390761289451,0.0431691376844192,0.0013831133069288626
16.798836603268022,0.022188662778634367,55.626419808228675,0.962840735912323,-3.1770920753479004,2.2733030319213867,0.12586331093040926,0.022188662778634367,0.06224009881174197
16.69738780352582,0.08307397303719981,55.587849729985614,0.9589104652404785,-3.1771061420440674,2.274306058883667,0.024414511188208365,0.08307397303719981,0.023670020568680172
16.69355948249603,0.0029334346292358066,55.66419416943343,0.9569626450538635,-3.1826024055480957,2.269813060760498,0.02058619015841856,0.0029334346292358066,0.10001446001649583
16.7412154198825,0.04929061220219164,55.526852725602815,0.9597135782241821,-3.176051139831543,2.278162956237793,0.06824212754488812,0.04929061220219164,0.037326983814118364
16.729370164314407,0.05541453786010393,55.53701263199321,0.9604475498199463,-3.1773855686187744,2.277871608734131,0.056396871976794216,0.05541453786010393,0.027167077423726482
16.691793878595583,0.037437975115752045,55.5299775371481,0.9579069018363953,-3.1781818866729736,2.279165267944336,0.018820586257970007,0.037437975115752045,0.034202172268834374
16.660048866880654,0.0006114548441724617,55.51313429065485,0.9549130201339722,-3.1778643131256104,2.2799432277679443,0.012924425456958488,0.0006114548441724617,0.05104541876208657
16.71620838978379,0.0023971352957013214,55.55946346379504,0.9571593999862671,-3.1790080070495605,2.278076648712158,0.04323509744617837,0.0023971352957013214,0.004716245621892767
16.7181430408662,0.023537181455305284,55.52997070695893,0.9573350548744202,-3.1772913932800293,2.278898000717163,0.04516974852858624,0.023537181455305284,0.034209002458005955
16.709647993085994,0.03907549402805188,55.53776395280191,0.9579546451568604,-3.177523374557495,2.2784759998321533,0.03667470074838164,0.03907549402805188,0.026415756615023156
16.707076426863484,0.010633787949181968,55.66240807496548,0.9581418037414551,-3.1826014518737793,2.271167278289795,0.034103134525871326,0.010633787949181968,0.0982283655485432
16.704930039916807,0.08251705088603403,55.47253906132288,0.9591511487960815,-3.1739590167999268,2.281459093093872,0.0319567475791942,0.08251705088603403,0.09164064809405659
16.725207164015284,0.07060437137389593,55.55413591624243,0.960335373878479,-3.1769955158233643,2.2772741317749023,0.05223387167767157,0.07060437137389593,0.010043793174503435
16.704860030477814,0.030486825731034787,55.62468152508491,0.9596253037452698,-3.181295871734619,2.2730112075805664,0.03188673814020149,0.030486825731034787,0.06050181566797619
16.7045441342287,0.04540408690075153,55.491612364580135,0.9573682546615601,-3.175170421600342,2.280801296234131,0.03157084189108872,0.04540408690075153,0.0725673448367985

Errors:
rotation,[20.663990444843115, 20.8673907286165, 20.645714941840104, 16.833424072993715, 10.511825230683247, 6.09577879185833, 3.3822481910111297, 0.34762595037339866, 0.7230957938018905, 0.22390766824240152, 0.17607903079936094, 0.18853408236651065, 0.15285361465607963, 0.1272457175668009, 0.23650213077676285, 0.2399919352665793, 0.10674802489084512, 0.14144651865437372, 0.2050454913911285, 0.08645065025201992, 0.07172615860424257, 0.2102920725207856, 0.13115850479408836, 0.12353408480415021, 0.15485972356119812, 0.13897848726062462, 0.09046073364255643, 0.06458129906321752, 0.05034847836377246, 0.10291593244189748, 0.10216595139145668, 0.14296528802359648, 0.20611444655928482, 0.13288203622607092, 0.12287537953921246, 0.14954227362863876]
translation,[0.09908907901583852, 0.10740130184524865, 0.12547073576374324, 0.10675502907867518, 0.09228480818977758, 0.07088772173907465, 0.05198776704361752, 0.03267536777744873, 0.007497542180651351, 0.004026371278997409, 0.008435844299363282, 0.0066370252347658365, 0.006633866878448025, 0.006742090661721711, 0.006204544272512713, 0.006129795714781672, 0.005841380042044264, 0.006833498944830652, 0.007539676351472124, 0.005961215994206626, 0.006384866474757445, 0.007587758487723306, 0.007948432740565892, 0.006605672183987998, 0.006408070570356195, 0.005344762940848291, 0.004589398055306226, 0.00511078091267958, 0.004731062227452121, 0.005579570100319842, 0.005487946743581773, 0.005562004741402227, 0.006325468197773354, 0.006017433992829169, 0.005199889001438862, 0.006167280458945434]
loss,
[0.207466721534729, 0.17389200627803802, 0.14876139163970947, 0.1196461170911789, 0.07360191643238068, 0.0419824942946434, 0.014743834733963013, 0.005759596358984709, 0.004077543970197439, 0.0019240360707044601, 0.003516712924465537, 0.0035731305833905935, 0.0012791291810572147, 0.0013619151432067156, 0.0019267029128968716, 0.002521734219044447, 0.0019172362517565489, 0.001179252751171589, 0.0024077314883470535, 0.00169430673122406, 0.001814866322092712, 0.002257789019495249, 0.0012473459355533123, 0.0018532577669247985, 0.0014705087523907423, 0.0016808896325528622, 0.0017499418463557959, 0.0021655817981809378, 0.002518320456147194, 0.0014445881824940443, 0.002400984987616539, 0.0013483406510204077, 0.00236158212646842, 0.0012181877391412854, 0.0012242983793839812, 0.002247323514893651]

2022-04-21 04:39:39.345573