2022-04-21 04:45:06.458879

reference phi, theta, psi, translation: 175.36684180812657, -0.0, 39.4597479484966, 0.2069414258003235, 2.553555727005005, 3.112318754196167

phi,theta,psi,rot_x,rot_y,rot_z,phi_err,theta_err,psi_err
-174.60268024378553,2.426304892454245,32.24175771288345,-0.3459881842136383,2.1274664402008057,3.6064906120300293,10.030477948087878,2.426304892454245,7.217990235613151
-173.78225158106196,1.5987996046151511,33.179774912357985,-0.34717199206352234,2.1948909759521484,3.5542256832122803,10.850906610811478,1.5987996046151511,6.279973036138614
-174.36934732135956,1.2652009615192816,34.45911715522556,-0.3183075487613678,2.2669928073883057,3.4994289875030518,10.263810870513908,1.2652009615192816,5.000630793271036
-174.8775133956085,1.2350404732179503,35.494519191886134,-0.2995658814907074,2.3329861164093018,3.444225311279297,9.75564479626496,1.2350404732179503,3.9652287566104647
-175.7808059133427,0.9170480679978036,36.74544784780646,-0.2543594241142273,2.4070115089416504,3.3830020427703857,8.852352278530702,0.9170480679978036,2.7143001006901386
-176.64278944697665,-0.17567240908723866,38.8514888670557,-0.16496042907238007,2.528911828994751,3.2819600105285645,7.990368744896784,0.17567240908723866,0.6082590814408988
-177.56192800358525,-0.5822439461779604,38.99900729274964,-0.10316599905490875,2.5314855575561523,3.273073196411133,7.071230188288155,0.5822439461779604,0.4607406557469602
-177.27097560532107,-0.8713825435786711,37.98379188018104,-0.08179976046085358,2.482700824737549,3.3177244663238525,7.362182586552365,0.8713825435786711,1.4759560683155613
-177.6679461998822,-1.3348797789675002,38.625938945188956,-0.03536886349320412,2.513206958770752,3.283477306365967,6.965211991991225,1.3348797789675002,0.8338090033076426
-179.86823699948846,-3.234719105865922,40.0033661196325,0.14096489548683167,2.5682125091552734,3.1789779663085938,4.764921192384975,3.234719105865922,0.543618171135904
178.25972744995045,-5.796072991904145,39.31790199490836,0.3910684287548065,2.4980971813201904,3.1679677963256836,2.892885641823881,5.796072991904145,0.1418459535882377
178.3231252658265,-6.038205324192812,39.49096191300356,0.4065370559692383,2.517838954925537,3.1640946865081787,2.956283457699925,6.038205324192812,0.03121396450696068
177.6125533657134,-5.706939388644006,39.16222490825084,0.42108839750289917,2.496603012084961,3.1866707801818848,2.2457115575868443,5.706939388644006,0.29752304024575693
175.65726145163552,-7.116683462658579,40.062983425802955,0.5674161911010742,2.515881299972534,3.1139655113220215,0.29041964350895455,7.116683462658579,0.603235477306356
171.73979279279635,-7.611991605881687,41.44783160077972,0.7761563062667847,2.5441012382507324,2.995128631591797,3.627049015330215,7.611991605881687,1.9880836522831231
172.01279545392177,-4.564722158347137,40.160057489381764,0.5994936227798462,2.527827262878418,3.0622849464416504,3.3540463542047974,4.564722158347137,0.700309540885165
173.74002735161292,-2.0259482666525352,39.253865556344905,0.38931798934936523,2.518728017807007,3.1250393390655518,1.6268144565136424,2.0259482666525352,0.20588239215169324
174.94059702278275,-0.5644130412722568,39.52958663275998,0.2598772943019867,2.55729603767395,3.117736577987671,0.4262447853438118,0.5644130412722568,0.06983868426338091
175.43159200145828,0.07339793466309567,39.44012481501115,0.2015300691127777,2.554652690887451,3.115706205368042,0.06475019333171872,0.07339793466309567,0.019623133485445976
175.47622045749515,0.15084855653516288,39.4084088316002,0.19500377774238586,2.550372838973999,3.111617088317871,0.10937864936857977,0.15084855653516288,0.05133911689640058
175.28740670807932,-0.024328564235613123,39.62213228091907,0.21391767263412476,2.557525157928467,3.100348472595215,0.07943510004724885,0.024328564235613123,0.1623843324224694
175.43820362457487,0.04517511768370817,39.41124677520034,0.2021114081144333,2.5479230880737305,3.112905502319336,0.0713618164483023,0.04517511768370817,0.048501173296259026
175.3571292791268,0.06188418763614386,39.43620428642757,0.20464080572128296,2.5486514568328857,3.1103267669677734,0.009712528999756387,0.06188418763614386,0.023543662069030802
175.4006102633831,0.09268919809731226,39.43612232415752,0.20077155530452728,2.5492584705352783,3.1109373569488525,0.033768455256534935,0.09268919809731226,0.023625624339075557
175.27231199001358,0.018549149729755948,39.53919670892219,0.21040305495262146,2.5527961254119873,3.1046555042266846,0.09452981811298855,0.018549149729755948,0.07944876042559201
175.4445010589896,0.007532209522831242,39.455216117982296,0.20360131561756134,2.5493903160095215,3.1093039512634277,0.07765925086303582,0.007532209522831242,0.004531830514302726
175.33834625890927,0.04783054938015977,39.51808459419768,0.20589634776115417,2.5528461933135986,3.1048169136047363,0.02849554921729691,0.04783054938015977,0.058336645701082546
175.37817992214877,0.08597623649284324,39.51566329213691,0.20259062945842743,2.553044080734253,3.10587215423584,0.011338114022208856,0.08597623649284324,0.055915343640307924
175.3555583356177,0.10096594074964331,39.489349988359436,0.20207947492599487,2.5516860485076904,3.109628200531006,0.011283472508864634,0.10096594074964331,0.02960203986283716
175.3463785613732,0.06616591247469393,39.457056853963614,0.20418542623519897,2.550313711166382,3.1103568077087402,0.020463246753365638,0.06616591247469393,0.0026910945329845504
175.42357335937268,0.05781173670504807,39.51706348091676,0.20221810042858124,2.5540201663970947,3.107361078262329,0.056731551246116396,0.05781173670504807,0.057315532420162185
175.3540966751353,0.02426577958794601,39.52300574549467,0.20679524540901184,2.552884340286255,3.1062912940979004,0.012745132991256014,0.02426577958794601,0.06325779699807299
175.3389336551779,0.06096486513283295,39.55647025733315,0.20604504644870758,2.5552291870117188,3.103848934173584,0.027908152948668885,0.06096486513283295,0.0967223088365543
175.43247992605038,0.10863791869495298,39.449984193078066,0.1995631456375122,2.550368547439575,3.110978603363037,0.06563811792381102,0.10863791869495298,0.009763755418532583
175.35245742973453,0.040437146959656056,39.498580989022706,0.2052239030599594,2.552112340927124,3.1070713996887207,0.014384378392037434,0.040437146959656056,0.038833040526107254
175.35987501517315,-0.00033966766445487685,39.58384224043198,0.20881915092468262,2.556051731109619,3.103829860687256,0.006966792953420509,0.00033966766445487685,0.12409429193537846

Errors:
rotation,[19.674773076155276, 18.729679251565244, 16.529642625304227, 14.955914026093375, 12.483700447218645, 8.774300235424922, 8.114214790213076, 9.709521198446597, 9.133900774266369, 8.543258469386801, 8.830804587316264, 9.025702746399698, 8.250173986476607, 8.010338583473889, 13.227124273495026, 8.6190780534371, 3.858645115317871, 1.0604965108794495, 0.15777126148026038, 0.31156632280014324, 0.2661479967053314, 0.1650381074282695, 0.09514037870493106, 0.15008327769292273, 0.19252772826833653, 0.08972329090016978, 0.13466274429853922, 0.15322969415536003, 0.14185145312134512, 0.08932025376104412, 0.17185882037132666, 0.10026870957727502, 0.18559532691805614, 0.1840397920372966, 0.09365456587780074, 0.13140075255325384]
translation,[0.170370405351016, 0.16060052764765942, 0.15056691874430772, 0.1396327244020119, 0.12857139408812834, 0.11542015737935252, 0.10796171172030355, 0.11348095047885476, 0.10392659980311514, 0.058062717982191536, 0.022196226495387883, 0.032893878820055455, 0.03890958647040321, 0.012186773179795551, 0.025424740375131094, 0.015298607048900514, 0.0014175376109264448, 0.00961127718957755, 0.0030364999903920165, 0.003153034750432937, 0.006348541920793593, 0.0033575154771554594, 0.00476139560101263, 0.00410024584928248, 0.006215996774600718, 0.005136337195842167, 0.00629279962204965, 0.005520939076968823, 0.0035085199948063917, 0.003708911913100188, 0.003771873769733425, 0.00508507168342387, 0.005519686382013056, 0.003425631011507946, 0.005052955708470641, 0.004869312074612608]
loss,
[0.13020548224449158, 0.1181563138961792, 0.10222131013870239, 0.10199518501758575, 0.10788920521736145, 0.0987393781542778, 0.10123807191848755, 0.09462027996778488, 0.10770678520202637, 0.0963573306798935, 0.10033315420150757, 0.08999735116958618, 0.08693744242191315, 0.0954839438199997, 0.06122346967458725, 0.022679364308714867, 0.014292985200881958, 0.0032416051253676414, 0.001766770612448454, 0.0019364356994628906, 0.002796134678646922, 0.003353719599545002, 0.002332449657842517, 0.0012613623403012753, 0.001997973769903183, 0.0013636475196108222, 0.0022046288941055536, 0.0010655471123754978, 0.002338595688343048, 0.001644430449232459, 0.00167844258248806, 0.0022408338263630867, 0.001908309175632894, 0.002428040374070406, 0.001746014109812677, 0.001256464864127338]

2022-04-21 04:47:45.464500