2022-04-19 17:40:26.092013

reference phi, theta, psi, translation: -86.91639066027085, -0.0, 34.793557367935236, -2.296917200088501, -0.12373751401901245, 3.3104169368743896

phi,theta,psi,rot_x,rot_y,rot_z,phi_err,theta_err,psi_err
-76.53055527251121,6.8177051513072,38.18892636661862,-2.336111545562744,-0.9462913274765015,3.345968008041382,10.385835387759641,6.8177051513072,3.395368998683381
-76.0208319151315,6.461844153687244,38.41259457136902,-2.352189064025879,-0.9566943645477295,3.331865072250366,10.895558745139354,6.461844153687244,3.619037203433784
-77.48933624706257,5.126500130595308,41.33440264923332,-2.6341679096221924,-0.9133299589157104,3.1276426315307617,9.427054413208282,5.126500130595308,6.540845281298083
-80.15564402354961,7.412924950109034,39.710241721212235,-2.5504462718963623,-0.8681648969650269,3.1956076622009277,6.760746636721237,7.412924950109034,4.916684353276999
-83.22421579120457,7.018638613051121,37.53871967839008,-2.4544315338134766,-0.7097427248954773,3.2730937004089355,3.692174869066278,7.018638613051121,2.7451623104548446
-84.91762459212583,3.7056588570835314,35.799077326977,-2.368919849395752,-0.42981046438217163,3.3299708366394043,1.9987660681450166,3.7056588570835314,1.005519959041763
-87.08332731377513,-0.23598288038038945,34.618977732749705,-2.28877329826355,-0.10302610695362091,3.32383131980896,0.16693665350427978,0.23598288038038945,0.17457963518553044
-86.89644650789441,0.09542698749486697,34.8194847660246,-2.295565366744995,-0.1310233175754547,3.308304786682129,0.019944152376439206,0.09542698749486697,0.025927398089365283
-86.89189760190719,0.011243811624780296,34.887236827496544,-2.296727418899536,-0.12679323554039001,3.3030617237091064,0.024493058363660225,0.011243811624780296,0.09367945956130797
-86.90380262163052,0.05556403807545768,34.860370278396296,-2.2954702377319336,-0.1276582032442093,3.3029868602752686,0.012588038640330979,0.05556403807545768,0.06681291046105997
-86.94181945455081,0.008115399061270446,34.866213505231244,-2.29707932472229,-0.12452614307403564,3.3040988445281982,0.025428794279960698,0.008115399061270446,0.07265613729600773
-86.82591114433569,0.09750692865852012,34.80212242515443,-2.29371976852417,-0.13419711589813232,3.3085668087005615,0.0904795159351579,0.09750692865852012,0.008565057219193761
-86.8694809210512,0.10116256534465014,34.799158123054646,-2.2934999465942383,-0.1321282684803009,3.3087995052337646,0.04690973921964314,0.10116256534465014,0.005600755119409939
-86.90121397993508,0.06323692218215554,34.79448627366236,-2.2931909561157227,-0.12846574187278748,3.308286666870117,0.015176680335770243,0.06323692218215554,0.0009289057271217871
-86.87758152540684,0.11336206001853531,34.80648691603407,-2.2925260066986084,-0.13255009055137634,3.3062047958374023,0.038809134864010275,0.11336206001853531,0.012929548098831845
-86.91714198107955,0.06708997062988473,34.837871635270275,-2.2949271202087402,-0.12843137979507446,3.3039662837982178,0.0007513208087033263,0.06708997062988473,0.0443142673350394
-86.88321643147209,0.054660074036449714,34.79690416062854,-2.292057514190674,-0.12895280122756958,3.306391716003418,0.033174228798756644,0.054660074036449714,0.0033467926933070657
-86.82747525765562,0.14253763827571858,34.78494791448643,-2.292595863342285,-0.13696911931037903,3.308811902999878,0.08891540261522834,0.14253763827571858,0.008609453448805482
-86.89003979045295,0.05627472896116083,34.77900906500311,-2.2922780513763428,-0.1293659806251526,3.3094308376312256,0.0263508698179038,0.05627472896116083,0.014548302932126944
-86.88398141265914,0.11629539815690411,34.78227731052096,-2.2919106483459473,-0.13257475197315216,3.309325933456421,0.03240924761171016,0.11629539815690411,0.01128005741427529
-86.86527352452248,0.11158422725338321,34.75924249754509,-2.291682004928589,-0.13297638297080994,3.311018705368042,0.0511171357483704,0.11158422725338321,0.03431487039014769
-86.842877334234,0.13656285536803983,34.795456160524495,-2.293273448944092,-0.13544628024101257,3.309450149536133,0.07351332603684568,0.13656285536803983,0.0018987925892588464
-86.81589808701246,0.15080023818151636,34.77014347946043,-2.291754722595215,-0.13742943108081818,3.309422492980957,0.10049257325839278,0.15080023818151636,0.0234138884748063
-86.90965609374922,0.010499561406747746,34.83506101242682,-2.295532464981079,-0.12576116621494293,3.3067352771759033,0.006734566521629404,0.010499561406747746,0.04150364449158417
-86.82705861611625,0.14980575366390622,34.73930517535782,-2.290144920349121,-0.136947900056839,3.311556100845337,0.08933204415460239,0.14980575366390622,0.054252192577415315
-86.84355352296184,0.11088218607905737,34.83391695574084,-2.2957754135131836,-0.13430698215961456,3.307476758956909,0.07283713730900843,0.11088218607905737,0.04035958780560378
-86.88329156355297,0.10403633679953264,34.811647123952014,-2.2942919731140137,-0.13181500136852264,3.307729721069336,0.033099096717876364,0.10403633679953264,0.01808975601677787
-86.87685069516564,0.08088196142701393,34.858703712238814,-2.2964541912078857,-0.13089752197265625,3.3054394721984863,0.039539965105205965,0.08088196142701393,0.06514634430357802
-86.86973363805049,0.10844355777439577,34.817439124368185,-2.2933099269866943,-0.13320094347000122,3.306514263153076,0.04665702222035861,0.10844355777439577,0.02388175643294943
-86.83311699391005,0.18710265534948797,34.79313731130128,-2.2928342819213867,-0.1385541409254074,3.3086354732513428,0.08327366636079603,0.18710265534948797,0.00042005663395627835
-86.81979812502853,0.16112852774920824,34.7849786503377,-2.293259859085083,-0.13829152286052704,3.310415744781494,0.0965925352423227,0.16112852774920824,0.008578717597536922
-86.85337533498831,0.05643738013523046,34.78492400882434,-2.2923402786254883,-0.13029427826404572,3.308647632598877,0.06301532528253517,0.05643738013523046,0.008633359110895356
-86.93904639774779,0.01377185954019659,34.80270299123388,-2.2927513122558594,-0.12460775673389435,3.306692600250244,0.022655737476938498,0.01377185954019659,0.009145623298643102
-86.8917814886913,0.08819387140683753,34.79815408524665,-2.2923364639282227,-0.13075228035449982,3.3071017265319824,0.024609171579555777,0.08819387140683753,0.004596717311414977
-86.88835956391712,0.08271849098718363,34.790657952632564,-2.2918081283569336,-0.13011999428272247,3.30708646774292,0.028031096353728913,0.08271849098718363,0.0028994153026715708
-86.86421484520112,0.12808978356996337,34.81863099237835,-2.2933664321899414,-0.13446108996868134,3.3069188594818115,0.0521758150697309,0.12808978356996337,0.02507362444311667

Errors:
rotation,[20.598909537750224, 20.976440102260383, 21.09439982510167, 19.09035594010727, 13.455975792572243, 6.70994488427031, 0.5774991690701996, 0.14129853796067146, 0.1294163295497485, 0.13496498717684863, 0.10620033063723887, 0.1965515018128718, 0.1536730596837032, 0.07934250824504757, 0.16510074298137745, 0.11215555877362746, 0.09118109552851342, 0.2400624943397524, 0.09717390171119157, 0.15998470318288954, 0.1970162333919013, 0.21197497399414436, 0.2747066999147154, 0.058737772419961316, 0.29338999039592395, 0.22407891119366957, 0.15522518953418687, 0.1855682708357979, 0.1789823364277038, 0.2707963783442403, 0.2662997805890679, 0.128086064528661, 0.04557322031577819, 0.11739976029780828, 0.11364900264358412, 0.20533922308281094]
translation,[0.1579505536533441, 0.1580694347875733, 0.15875903990767437, 0.14863127644008056, 0.12111285439052288, 0.07803456513164253, 0.005819520352906338, 0.002274430031454777, 0.006051207893437827, 0.006802528566042021, 0.0050700735019333365, 0.0030060262701416818, 0.0030084492201183366, 0.0037241284409148534, 0.00568041747038972, 0.006283731996538755, 0.005910524740414758, 0.0033512425985700034, 0.0032750041138811525, 0.0034659381237007736, 0.0021917804485989123, 0.002492726980059423, 0.0033126045508584667, 0.00374964324159599, 0.0024910894722376398, 0.0027264943797282726, 0.0034463062633971475, 0.004124252169094511, 0.004958287540138606, 0.003306249367048153, 0.0016105608198246912, 0.0038531428175350158, 0.005405121466806051, 0.005110424143808245, 0.005444246323191848, 0.004551937382347049]
loss,
[0.23662810027599335, 0.2296900600194931, 0.11995363235473633, 0.08956766128540039, 0.06483899056911469, 0.03699124976992607, 0.0029882497619837523, 0.0019584286492317915, 0.0020324543584138155, 0.002355871256440878, 0.0024642066564410925, 0.002092197770252824, 0.0021767145954072475, 0.0018567921360954642, 0.002335216850042343, 0.0024499744176864624, 0.0021566576324403286, 0.0026522192638367414, 0.0020562277641147375, 0.002276183571666479, 0.0018666385440155864, 0.0020108786411583424, 0.002140376716852188, 0.0018609194085001945, 0.0019792350940406322, 0.0021929913200438023, 0.00204917648807168, 0.0018400236731395125, 0.0021822552662342787, 0.0025306972675025463, 0.001992403995245695, 0.0018450189381837845, 0.002169883344322443, 0.001936894841492176, 0.0019227280281484127, 0.0018570719985291362]

2022-04-19 17:49:31.925919