2022-04-19 17:58:44.460011

reference phi, theta, psi, translation: 175.36684180812657, -0.0, 39.4597479484966, 0.2069414258003235, 2.553555727005005, 3.112318754196167

phi,theta,psi,rot_x,rot_y,rot_z,phi_err,theta_err,psi_err
-174.60268024378553,2.426304892454245,32.24175771288345,-0.3459881842136383,2.1274664402008057,3.6064906120300293,10.030477948087878,2.426304892454245,7.217990235613151
-174.7358006307091,2.1875354213870866,32.409121253210856,-0.3288450539112091,2.138108730316162,3.603261947631836,9.897357561164313,2.1875354213870866,7.050626695285743
-174.84333512900176,1.1189525763493526,33.01521857977945,-0.2635401487350464,2.1824421882629395,3.5893683433532715,9.789823062871676,1.1189525763493526,6.4445293687171485
-174.77388576552107,0.12902215842037618,33.690679892464104,-0.20963527262210846,2.2404966354370117,3.561718463897705,9.85927242635239,0.12902215842037618,5.769068056032495
-174.70148576031895,0.33584219857533537,34.07986407137143,-0.22680498659610748,2.259690523147583,3.5421128273010254,9.931672431554489,0.33584219857533537,5.379883877125167
-174.88743083028336,0.8334646555150858,34.25585755571515,-0.2503589689731598,2.2674221992492676,3.532949209213257,9.74572736159007,0.8334646555150858,5.203890392781446
-174.61550733904681,0.5071619224028141,34.1889968339299,-0.2394675761461258,2.263516902923584,3.5333454608917236,10.017650852826591,0.5071619224028141,5.2707511145667
-174.73103315866842,0.22809024921976317,34.15101415195546,-0.2180793285369873,2.262941598892212,3.534674644470215,9.902125033205039,0.22809024921976317,5.308733796541141
-174.82363686343544,0.4227152650442091,34.079597693993804,-0.22585037350654602,2.2549798488616943,3.5379574298858643,9.809521328437995,0.4227152650442091,5.380150254502794
-174.70940877975616,0.4794067101625329,33.99287819719674,-0.233084037899971,2.249037742614746,3.539907693862915,9.923749412117274,0.4794067101625329,5.4668697512998605
-174.78077059620446,-0.24322012865999892,34.74450977950537,-0.1916908621788025,2.300133228302002,3.5098798274993896,9.852387595668972,0.24322012865999892,4.7152381689912275
-174.55291548549283,0.1001293836367297,34.19371307955179,-0.21661579608917236,2.2617621421813965,3.5364701747894287,10.080242706380602,0.1001293836367297,5.266034868944807
-174.62482371707472,-0.1095075375295368,34.16149507723684,-0.20440557599067688,2.2595131397247314,3.538278818130493,10.008334474798744,0.1095075375295368,5.298252871259756
-174.4697374417804,-0.12668402134392254,34.08173554320402,-0.208527073264122,2.2522332668304443,3.5407612323760986,10.163420750092996,0.12668402134392254,5.37801240529258
-174.5061423500566,-0.923785117039223,34.599504863426006,-0.16385619342327118,2.287693738937378,3.5202476978302,10.127015841816842,0.923785117039223,4.860243085070593
-174.4658442339535,-1.0672061496817826,34.2202449493827,-0.15356728434562683,2.2671148777008057,3.536736488342285,10.16731395791993,1.0672061496817826,5.2395029991138955
-174.37664196339313,-1.767137117168521,34.274579104230156,-0.11441516131162643,2.2793896198272705,3.5343739986419678,10.256516228480336,1.767137117168521,5.1851688442664425
-174.5354711823526,-1.67033984455928,34.17912038039006,-0.11181559413671494,2.2735648155212402,3.5375466346740723,10.097687009520826,1.67033984455928,5.280627568106539
-174.35583720718128,-1.7291021365696575,34.06572899488409,-0.11536252498626709,2.2666518688201904,3.5416088104248047,10.277320984692153,1.7291021365696575,5.394018953612509
-174.12240866210692,-1.6059013004690248,34.19597045707248,-0.13083289563655853,2.2709364891052246,3.535963773727417,10.510749529766485,1.6059013004690248,5.263777491424122
-174.2142747064436,-1.3148899113401369,34.09343907234683,-0.1461496353149414,2.261871337890625,3.538867473602295,10.41888348542983,1.3148899113401369,5.366308876149766
-174.30119569382117,-1.4087789544758071,34.23309595030609,-0.13791979849338531,2.271514654159546,3.534874200820923,10.331962498052235,1.4087789544758071,5.226651998190512
-174.41132566399847,-1.5009520943198378,34.32824731563353,-0.12869033217430115,2.279841423034668,3.531282424926758,10.221832527874994,1.5009520943198378,5.131500632863066
-174.40068422927158,-1.4923552088789933,34.486854553444985,-0.1313531994819641,2.2906570434570312,3.5252671241760254,10.23247396260183,1.4923552088789933,4.972893395051614
-174.31493803443124,-1.4060475447861784,34.39113969751101,-0.13947853446006775,2.281891345977783,3.529291868209839,10.31822015744217,1.4060475447861784,5.068608250985591
-174.30721992066913,-1.5106294009656585,34.45922643825228,-0.1342492401599884,2.2869155406951904,3.526214838027954,10.325938271204336,1.5106294009656585,5.000521510244319
-174.34137086651918,-1.4476640299515777,34.43703856873349,-0.13708828389644623,2.286041259765625,3.527634859085083,10.291787325354221,1.4476640299515777,5.022709379763107
-174.40666747498452,-1.4639443575862934,34.33692507097403,-0.1316661238670349,2.279970645904541,3.5311098098754883,10.226490716888918,1.4639443575862934,5.122822877522566
-174.37654634074477,-1.358500347259578,34.26458312237984,-0.13843904435634613,2.2743706703186035,3.5351476669311523,10.256611851128696,1.358500347259578,5.195164826116759
-174.38904558692587,-1.3056134085091535,34.31013365395466,-0.14098215103149414,2.277129650115967,3.532442331314087,10.244112604947532,1.3056134085091535,5.149614294541941
-174.38385464315667,-1.4222527753446816,34.515507197013186,-0.13533473014831543,2.289055109024048,3.524045944213867,10.249303548716739,1.4222527753446816,4.944240751483413
-174.38953736054611,-1.293321343734048,34.51268974398055,-0.14392317831516266,2.2887532711029053,3.522557020187378,10.243620831327348,1.293321343734048,4.947058204516047
-174.38405954883177,-1.2148584212362794,34.42541358676613,-0.14732487499713898,2.2818477153778076,3.5269219875335693,10.249098643041634,1.2148584212362794,5.0343343617304654
-174.43005404270264,-1.1836331115161665,34.31759905071748,-0.14698642492294312,2.275959014892578,3.5313351154327393,10.203104149170827,1.1836331115161665,5.142148897779116
-174.3569436978268,-2.007066739750611,34.804267104553816,-0.10457522422075272,2.31048321723938,3.511331796646118,10.276214494046599,2.007066739750611,4.655480843942783
-174.38882702087244,-1.8916208097572083,34.647012244198024,-0.10780170559883118,2.2994916439056396,3.5183603763580322,10.244331171001022,1.8916208097572083,4.812735704298575

Errors:
rotation,[19.674773076155276, 19.13551967783714, 17.353305007938175, 15.757362640805262, 15.64739850725499, 15.783082409886601, 15.795563889796105, 15.438949078965942, 15.612386847984999, 15.870025873579667, 14.810845893320199, 15.44640695896214, 15.416094883588036, 15.668117176729499, 15.911044043926658, 16.474023106715606, 17.2088221899153, 17.048654422186644, 17.40044207487432, 17.380428321659632, 17.100082272919735, 16.967393450718554, 16.854285255057896, 16.697722566532438, 16.792875953213937, 16.837089182414314, 16.762160735068907, 16.813257951997777, 16.810277024505034, 16.699340307998625, 16.615797075544833, 16.484000379577445, 16.49829142600838, 16.528886158466108, 16.938762077739995, 16.948687685056804]
translation,[0.170370405351016, 0.17162558675927198, 0.17791766910072138, 0.18189983703200951, 0.17650768660815874, 0.17429780353957014, 0.1718919465430968, 0.17153557820514553, 0.17042865477495095, 0.16928132017514486, 0.1696585569389315, 0.17233541991333823, 0.17203643859447304, 0.17042187722677227, 0.17036320992742837, 0.17266680962026015, 0.17606827051781693, 0.17551304947766244, 0.17529627748598386, 0.17331044360708603, 0.17137098237302428, 0.17293305378728707, 0.1741290327933962, 0.17504183495899817, 0.1739137951875387, 0.17389157956922574, 0.1746987401906246, 0.17414626397051247, 0.17472380106394336, 0.1740280334969313, 0.17327227009384583, 0.1721452973815838, 0.1721689626051237, 0.1726697089735021, 0.17347812820798847, 0.17340952495113893]
loss,
[0.1190834641456604, 0.12017061561346054, 0.1209307312965393, 0.11469631642103195, 0.1091158390045166, 0.1128682941198349, 0.11540739983320236, 0.1189078614115715, 0.11504363268613815, 0.11868410557508469, 0.10947331041097641, 0.11519402265548706, 0.11247878521680832, 0.11117168515920639, 0.1110624298453331, 0.11703487485647202, 0.11837242543697357, 0.115169458091259, 0.11482598632574081, 0.11904852092266083, 0.11756615340709686, 0.12096228450536728, 0.11162148416042328, 0.11150681972503662, 0.11141704022884369, 0.11091383546590805, 0.11328452825546265, 0.11636685580015182, 0.11090421676635742, 0.1133078932762146, 0.11443217098712921, 0.11557042598724365, 0.11750572919845581, 0.1158221960067749, 0.10663404315710068, 0.11028512567281723]

2022-04-19 18:07:50.439714