2022-04-19 13:15:38.768039

reference phi, theta, psi, translation: 132.9853677440357, -8.537735924097414e-07, 76.34363348549546, 2.865516185760498, 2.6707684993743896, 0.9517420530319214

phi,theta,psi,rot_x,rot_y,rot_z,phi_err,theta_err,psi_err
143.3552887910292,-3.0579185397180266,69.36864430507845,2.3124754428863525,2.981729030609131,1.6183615922927856,10.369921046993511,3.0579176859444344,6.974989180417012
141.77746045124292,-4.830075673629043,68.83326675717616,2.395921468734741,2.90024995803833,1.623052716255188,8.792092707207217,4.830074819855451,7.510366728319298
139.2392392122611,-8.214044298067279,67.29949996772561,2.5277678966522217,2.7305760383605957,1.6641656160354614,6.253871468225412,8.214043444293686,9.04413351776985
139.71746173718873,-8.275869185254942,67.37517163354018,2.5204577445983887,2.741342067718506,1.6734495162963867,6.732093993153029,8.27586833148135,8.968461851955283
139.8346541229678,-8.520076056657247,67.09757908529252,2.5270256996154785,2.724841594696045,1.6984838247299194,6.849286378932106,8.520075202883655,9.246054400202937
139.48552217335344,-8.650083790040373,66.27455495068432,2.5421464443206787,2.6741952896118164,1.7540096044540405,6.500154429317746,8.65008293626678,10.06907853481114
138.75586672469933,-8.334287338262905,65.87907333736224,2.5705292224884033,2.629883289337158,1.779982089996338,5.770498980663632,8.334286484489313,10.464560148133216
137.78559737196397,-8.326369484541418,65.59990301541632,2.6103322505950928,2.567931652069092,1.801109790802002,4.800229627928275,8.326368630767826,10.743730470079143
137.11036487061654,-8.360721968902439,64.88079337884069,2.63177490234375,2.5041141510009766,1.8437519073486328,4.124997126580837,8.360721115128847,11.462840106654767
136.93133195209217,-7.542585095837247,64.87891507681894,2.6189160346984863,2.5064847469329834,1.855597734451294,3.9459642080564663,7.542584242063655,11.464718408676518
136.73907578733463,-6.555002616544158,64.22393408636057,2.5881459712982178,2.502199172973633,1.8993817567825317,3.7537080432989285,6.555001762770566,12.119699399134888
136.92010312109664,-6.7445678450233695,64.08748056712206,2.586940288543701,2.4962172508239746,1.9043986797332764,3.934735377060946,6.744566991249777,12.256152918373402
136.6339181948731,-6.573154613661443,63.83732488877033,2.5882976055145264,2.480837345123291,1.9241914749145508,3.648550450837405,6.573153759887851,12.506308596725127
136.29844662359878,-6.693947568953248,63.96298670912023,2.606753349304199,2.4652843475341797,1.916540265083313,3.3130788795630792,6.6939467151796554,12.38064677637523
136.11821159178047,-6.813260820225486,63.81777005717659,2.6170740127563477,2.447228193283081,1.9236563444137573,3.132843847744766,6.813259966451894,12.525863428318871
135.99596486601558,-6.989183735979852,63.954230406604275,2.6301729679107666,2.4411799907684326,1.9151190519332886,3.0105971219798846,6.98918288220626,12.389403078891185
135.95094025900687,-7.0992581362640115,63.79644620658781,2.636399507522583,2.426905393600464,1.9225586652755737,2.9655725149711714,7.099257282490419,12.54718727890765
135.68848340995996,-7.717531615580094,63.53846313144726,2.655033588409424,2.389920234680176,1.93860924243927,2.7031156659242583,7.717530761806501,12.805170354048201
135.5675754012724,-7.639071105727801,63.425805991277066,2.6578757762908936,2.3768794536590576,1.9464446306228638,2.582207657236694,7.639070251954209,12.917827494218393
135.33957002639903,-7.565957455827317,63.3419790795935,2.6649749279022217,2.362797737121582,1.955496072769165,2.3542022823633317,7.565956602053725,13.00165440590196
135.03197928731666,-7.738797662667275,63.498479204046,2.689267873764038,2.350637674331665,1.944052815437317,2.04661154328096,7.7387968088936825,12.84515428144946
134.79575036468262,-7.914485336442333,63.449841426966344,2.699988603591919,2.332514762878418,1.9487121105194092,1.8103826206469193,7.91448448266874,12.893792058529115
134.7113428869196,-8.134148422441415,63.509188940664586,2.7117273807525635,2.3230767250061035,1.9427372217178345,1.7259751428838968,8.134147568667823,12.834444544830873
134.45631728368966,-8.086815260747317,63.59364422975179,2.723283529281616,2.314293146133423,1.9378982782363892,1.470949539653958,8.086814406973724,12.749989255743671
134.51645026914244,-8.000937407113836,63.52818369674639,2.7191574573516846,2.316866636276245,1.9415950775146484,1.53108252510674,8.000936553340244,12.81544978874907
134.49717547530466,-7.971211989110824,63.44243750190605,2.7182130813598633,2.3149707317352295,1.9475343227386475,1.5118077312689593,7.9712111353372315,12.90119598358941
134.5340448364444,-8.062173922816168,63.348583872520905,2.716916561126709,2.3106038570404053,1.9529508352279663,1.5486770924086954,8.062173069042576,12.995049612974555
134.51214724996532,-8.181285849906384,63.38349979955801,2.721100091934204,2.309084415435791,1.9521981477737427,1.5267795059296247,8.181284996132792,12.96013368593745
134.6657855251556,-8.314949274437021,63.15832212300103,2.714946746826172,2.3073511123657227,1.9648157358169556,1.6804177811198997,8.314948420663429,13.185311362494431
134.5302199305092,-8.156502483134346,63.21372861754817,2.71590256690979,2.305560350418091,1.9643977880477905,1.5448521864734914,8.156501629360754,13.129904867947289
134.6760581296673,-8.37972822555548,63.19513001243823,2.716160297393799,2.3048534393310547,1.9631297588348389,1.6906903856315978,8.379727371781888,13.148503473057232
134.5806677077189,-8.213698785554184,63.265542432591886,2.7164597511291504,2.3071980476379395,1.960958480834961,1.5952999636832033,8.213697931780592,13.078091052903574
134.58487510424763,-8.201681570215902,63.188163219484814,2.7147862911224365,2.305609703063965,1.965785264968872,1.5995073602119305,8.20168071644231,13.155470266010646
134.4934325316395,-8.216915727660353,63.24801616718163,2.719508409500122,2.303131103515625,1.9630568027496338,1.5080647876038142,8.216914873886761,13.095617318313828
134.48586468203914,-8.372924489033466,63.57139147343589,2.731452465057373,2.309490442276001,1.9415055513381958,1.5004969380034368,8.372923635259873,12.772242012059571
134.32065606639486,-8.41859741181869,63.62757660954841,2.738847017288208,2.301468849182129,1.9388630390167236,1.3352883223591618,8.418596558045097,12.716056875947046

Errors:
rotation,[20.402827913354958, 21.132534255381966, 23.51204843028895, 23.97642417658966, 24.615415982018696, 25.219315900395667, 24.56934561328616, 23.87032872877524, 23.94855834836445, 22.95326685879664, 22.42840920520438, 22.935455286684125, 22.728012807450384, 22.387672371117965, 22.471967242515532, 22.389183083077327, 22.61201707636924, 23.22581678177896, 23.139105403409296, 22.921813290319015, 22.630562633624102, 22.618659161844775, 22.69456725638259, 22.30775320237135, 22.347468867196056, 22.3842148501956, 22.605899774425826, 22.668198187999867, 23.180677564277758, 22.831258683781535, 23.21892123047072, 22.88708894836737, 22.956658342664888, 22.820596979804403, 22.64566258532288, 22.469941756351304]
translation,[0.07464079787699607, 0.06596635226146397, 0.045033893819971915, 0.0515291485596725, 0.054879884719325034, 0.0542570752929894, 0.054485218238800925, 0.04957003401868665, 0.042720360500509535, 0.041269633926880545, 0.03914765223285155, 0.03705187706886548, 0.03782073639555161, 0.03653829505750572, 0.035621133310307584, 0.036407265210334216, 0.035405725201979266, 0.0332440851524165, 0.031198777995629534, 0.03198188945625802, 0.035442187026944794, 0.03434061188611359, 0.03388999961997019, 0.034295501917716464, 0.034763328895992096, 0.03589232769058892, 0.035139983498464034, 0.036712547236449566, 0.03769227489500793, 0.03711320633948034, 0.036272539705795914, 0.03675438960370325, 0.03706631422440676, 0.037498726592638754, 0.038763280562200464, 0.03792892898760769]
loss,
[0.1581188440322876, 0.12982657551765442, 0.1255868673324585, 0.10723710060119629, 0.10863129794597626, 0.09616255760192871, 0.09970464557409286, 0.0904388278722763, 0.09695248305797577, 0.10195156186819077, 0.10240485519170761, 0.10639979690313339, 0.10858993232250214, 0.10229536145925522, 0.088470958173275, 0.10225975513458252, 0.10083122551441193, 0.10516160726547241, 0.0993625819683075, 0.10611306875944138, 0.08529515564441681, 0.09718533605337143, 0.09273014962673187, 0.08691948652267456, 0.0849287137389183, 0.09060907363891602, 0.10220906138420105, 0.08617718517780304, 0.09563638269901276, 0.08991539478302002, 0.09421555697917938, 0.0875144824385643, 0.09936224669218063, 0.09868939965963364, 0.08449536561965942, 0.08602283895015717]

2022-04-19 13:18:15.210437