2022-04-19 13:02:21.162531

reference phi, theta, psi, translation: 16.672973292337613, -0.0, 55.56417970941693, 0.9538894295692444, -3.184936285018921, 2.279534101486206

phi,theta,psi,rot_x,rot_y,rot_z,phi_err,theta_err,psi_err
26.607018987257597,-4.879078348390559,61.415046110949504,1.4386786222457886,-3.2383759021759033,2.121750593185425,9.934045694919984,4.879078348390559,5.850866401532571
25.821127176072174,-5.028924393641791,60.87909482715694,1.3873207569122314,-3.2555532455444336,2.1416215896606445,9.148153883734562,5.028924393641791,5.314915117740007
23.41482762581459,-5.144129497679393,59.45560827204542,1.2203618288040161,-3.308971643447876,2.210197687149048,6.741854333476976,5.144129497679393,3.8914285626284837
19.893142816168286,-6.763091020373498,57.64196082097525,0.918262779712677,-3.413651466369629,2.291746139526367,3.2201695238306733,6.763091020373498,2.0777811115583162
16.435834246996645,-2.755966993812584,58.41432544250946,0.9018809795379639,-3.4567434787750244,2.2496068477630615,0.2371390453409674,2.755966993812584,2.850145733092525
15.138303210369324,-2.14785863855404,59.2809808255357,0.8730148673057556,-3.481355905532837,2.1975009441375732,1.5346700819682884,2.14785863855404,3.7168011161187664
15.450639223377545,-2.1569809417965518,60.13297179241392,0.8986457586288452,-3.491274356842041,2.1408023834228516,1.222334068960068,2.1569809417965518,4.5687920829969855
15.612084404789135,-1.7024387085538553,60.74536655339726,0.9321557283401489,-3.497619390487671,2.0997564792633057,1.0608888875484777,1.7024387085538553,5.181186843980328
15.519128945279848,-1.5131512852143851,60.559790313648016,0.9315181970596313,-3.479922294616699,2.1093952655792236,1.153844347057765,1.5131512852143851,4.995610604231082
15.760933009823932,-1.7263039184956022,60.75009987449208,0.9320377111434937,-3.476637363433838,2.0931193828582764,0.9120402825136811,1.7263039184956022,5.185920165075146
15.58306122345846,-1.9525907762331856,60.46218691040853,0.909538209438324,-3.4666759967803955,2.1057353019714355,1.089912068879153,1.9525907762331856,4.8980072009916
15.471037583333787,-1.4916458002675135,60.97380223018834,0.9260414242744446,-3.477499008178711,2.0724658966064453,1.2019357090038252,1.4916458002675135,5.409622520771407
15.457329393669571,-1.7174780510366447,60.758828856251355,0.9147790670394897,-3.473022699356079,2.0803794860839844,1.2156438986680413,1.7174780510366447,5.194649146834422
15.374878765103762,-2.0971386424648917,60.71588062675032,0.8957319259643555,-3.469413995742798,2.083388566970825,1.2980945272338502,2.0971386424648917,5.151700917333386
15.279158786527912,-1.6954216494836534,60.978276004094695,0.9073929786682129,-3.4752752780914307,2.0610435009002686,1.3938145058097007,1.6954216494836534,5.414096294677762
15.258635775619316,-1.9043332846246463,60.85061976850716,0.8932386040687561,-3.472679853439331,2.065824508666992,1.4143375167182963,1.9043332846246463,5.286440059090225
15.204371630210856,-1.9342519476723024,60.32343844760889,0.8858242034912109,-3.4493396282196045,2.0951268672943115,1.4686016621267566,1.9342519476723024,4.75925873819196
15.56495780706334,-1.9025699648378653,60.624294620169614,0.9050700068473816,-3.4490346908569336,2.0768024921417236,1.1080154852742723,1.9025699648378653,5.060114910752681
15.106761396782204,-1.526029277714292,60.83130399353436,0.8991124629974365,-3.4536292552948,2.0564444065093994,1.5662118955554085,1.526029277714292,5.267124284117429
14.945545026707808,-1.7361368441939848,61.045034273042404,0.8843558430671692,-3.4635133743286133,2.0397887229919434,1.7274282656298041,1.7361368441939848,5.480854563625471
15.1497881734587,-1.694842094992446,60.97040762617085,0.8939599394798279,-3.458895683288574,2.04709529876709,1.5231851188789118,1.694842094992446,5.406227916753913
15.304102637376799,-1.3760667885411466,61.06742363314171,0.9152926802635193,-3.45643949508667,2.043255090713501,1.3688706549608138,1.3760667885411466,5.503243923724774
15.149238343230515,-1.5443089955668823,61.02596438487973,0.8989244103431702,-3.4573798179626465,2.042728900909424,1.523734949107098,1.5443089955668823,5.461784675462795
15.220053744545206,-1.7972956835901768,60.75675247874367,0.8905443549156189,-3.448622703552246,2.0588252544403076,1.4529195477924066,1.7972956835901768,5.192572769326738
15.044572524389238,-1.6453869820492693,60.78125919748568,0.8856567144393921,-3.448446750640869,2.055047035217285,1.6284007679483743,1.6453869820492693,5.217079488068748
15.018136277206704,-1.676236848371923,60.85148037234258,0.8831385970115662,-3.4475107192993164,2.0514628887176514,1.6548370151309086,1.676236848371923,5.287300662925645
14.843437113710703,-1.5902223437663427,60.95301796454399,0.8780078291893005,-3.454198122024536,2.040947675704956,1.8295361786269098,1.5902223437663427,5.388838255127055
15.151579390568536,-1.5463637414781806,61.0977633334349,0.8987685441970825,-3.448712110519409,2.0373928546905518,1.521393901769077,1.5463637414781806,5.5335836240179646
15.114805652077187,-1.728245158058966,61.07583842619916,0.8909673094749451,-3.449826240539551,2.034484624862671,1.5581676402604252,1.728245158058966,5.511658716782229
15.074483630312017,-1.594749833651438,60.956057398724646,0.8914855718612671,-3.4447481632232666,2.04231858253479,1.598489662025596,1.594749833651438,5.391877689307712
15.33379859234072,-1.7501935853454116,61.08158944548031,0.9010841250419617,-3.446417808532715,2.0379371643066406,1.3391746999968923,1.7501935853454116,5.517409736063378
15.358981499810557,-1.6582165690208843,61.244571419455156,0.9066250920295715,-3.451822280883789,2.0266120433807373,1.3139917925270552,1.6582165690208843,5.680391710038222
15.388487917025014,-1.573971471073164,60.983665023349836,0.9074473977088928,-3.44197154045105,2.0409629344940186,1.2844853753125989,1.573971471073164,5.419485313932903
15.228292660231535,-1.5265859206390855,60.82586033276586,0.8978462219238281,-3.4403953552246094,2.047394037246704,1.4446806321060777,1.5265859206390855,5.26168062334893
15.291220900602154,-1.3088454280288868,60.928538566558665,0.9100124835968018,-3.4406487941741943,2.0433969497680664,1.3817523917354588,1.3088454280288868,5.364358857141731
15.326270016328074,-1.384897035175236,60.95649453083153,0.9103935956954956,-3.4415793418884277,2.0420851707458496,1.3467032760095385,1.384897035175236,5.392314821414594

Errors:
rotation,[20.663990444843115, 19.49199339511636, 15.777412393784854, 12.061041655762487, 5.843251772246076, 7.399329836641095, 7.948107093753605, 7.944514440082661, 7.662606236503232, 7.824264366084429, 7.940510046103938, 8.103204030042747, 8.127771096539108, 8.546934087032128, 8.503332449971115, 8.605110860433168, 8.16211234799102, 8.07070036086482, 8.35936545738713, 8.94441967344926, 8.624255130625272, 8.248181367226735, 8.529828620136776, 8.44278800070932, 8.490867238066391, 8.618374526428477, 8.808596777520307, 8.601341267265223, 8.79807151510162, 8.585117184984746, 8.606778021405681, 8.65260007158616, 8.277942160318666, 8.232947176094093, 8.054956676906077, 8.123915132599368]
translation,[0.09908907901583852, 0.10527402567170796, 0.13102804822320646, 0.18174702427614964, 0.19062382467949845, 0.1773155415405805, 0.16167398070552697, 0.15351365241979842, 0.14345299887702634, 0.13262550172152832, 0.12569966245801378, 0.12166140029974937, 0.11937547079555877, 0.11370853851811447, 0.10998217099047558, 0.107108862876931, 0.10072120535006501, 0.09538305560090699, 0.08772071645252755, 0.08454218710920447, 0.08636101439449995, 0.0870777911653251, 0.0839995275508496, 0.08285086893696025, 0.0797580403003213, 0.07663986611917561, 0.07591993585887646, 0.07403493014509799, 0.0718275750079771, 0.0715655726548885, 0.0728857817056312, 0.07304005379686096, 0.07205996665221015, 0.07182987297914156, 0.07273004617287082, 0.07294188652403477]
loss,
[0.14158236980438232, 0.159293532371521, 0.13297489285469055, 0.09642355144023895, 0.09418736398220062, 0.07654009759426117, 0.06641679257154465, 0.07202960550785065, 0.07337505370378494, 0.06495220959186554, 0.054813578724861145, 0.059554435312747955, 0.062430694699287415, 0.07043454051017761, 0.06309859454631805, 0.06658806651830673, 0.061410918831825256, 0.05611409991979599, 0.0581798255443573, 0.060507308691740036, 0.0698927491903305, 0.056603219360113144, 0.05907781049609184, 0.060352206230163574, 0.04911115765571594, 0.0544121228158474, 0.05244703218340874, 0.061025284230709076, 0.053703319281339645, 0.056405942887067795, 0.0689157247543335, 0.05630690976977348, 0.06226242333650589, 0.0433613657951355, 0.051194172352552414, 0.058426178991794586]

2022-04-19 13:04:56.298479