2022-04-19 12:59:37.587588

reference phi, theta, psi, translation: 164.57178246643477, -4.268868188959204e-07, 11.003265705708584, 0.2046843022108078, 0.7416750192642212, 3.957021951675415

phi,theta,psi,rot_x,rot_y,rot_z,phi_err,theta_err,psi_err
174.68706040079186,1.035587752499106,3.46078983121423,-0.0498787984251976,0.24902896583080292,4.223120212554932,10.115277934357096,1.035588179385925,7.542475874494354
173.94572532865703,0.7342226307641964,4.394222693095213,-0.023303084075450897,0.32812783122062683,4.231459140777588,9.373942862222265,0.7342230576510153,6.609043012613371
170.1907878513075,-1.619093287068489,8.108575186396527,0.20572565495967865,0.5801732540130615,4.224819660186768,5.619005384872736,1.61909286018167,2.894690519312057
166.02086174036634,-4.783312498368988,11.782965096637744,0.5405853390693665,0.7609725594520569,4.155346393585205,1.4490792739315737,4.783312071482169,0.7796993909291601
163.16761851648522,-4.106295700333,13.459114009526383,0.5606241226196289,0.8456113934516907,4.079258441925049,1.4041639499495489,4.106295273446181,2.455848303817799
164.02199321938377,-3.025575539151025,11.461137682004145,0.4398663640022278,0.7277157306671143,4.035763740539551,0.5497892470509953,3.0255751122642063,0.45787197629556076
164.58451393904767,-0.7457315535081741,10.33963428066639,0.24638731777668,0.685547411441803,3.9893746376037598,0.012731472612898642,0.7457311266213552,0.663631425042194
164.72919100604688,0.09522975979788414,11.72753811152309,0.2127588391304016,0.7887338399887085,3.9359278678894043,0.15740853961210632,0.09523018668470304,0.7242724058145065
164.54069144533287,-0.3975261941370342,11.015414050921098,0.23530325293540955,0.7368287444114685,3.9608798027038574,0.03109102110190065,0.3975257672502153,0.0121483452125144
164.55465235199637,-0.03899458787022493,11.186886803807914,0.2149280607700348,0.753637433052063,3.9577584266662598,0.017130114438401733,0.03899416098340604,0.18362109809933003
164.7522633850632,-0.32749166066422114,11.085590829548394,0.22955507040023804,0.7431554198265076,3.9547314643859863,0.18048091862843307,0.32749123377740225,0.08232512383981039
164.51837038712526,-0.40119768827327357,11.153832957093284,0.2372359037399292,0.7436730861663818,3.9501216411590576,0.05341207930950986,0.4011972613864547,0.15056725138470028
164.59440405296584,-0.11381354419062582,11.274782800689517,0.21994581818580627,0.7580041289329529,3.950788974761963,0.02262158653107349,0.11381311730380693,0.2715170949809327
164.60012775149033,-0.04264710170458297,11.318175846260253,0.21467523276805878,0.7603901028633118,3.9471094608306885,0.028345285055564773,0.042646674817764074,0.3149101405516692
164.60025069489538,-0.3203616472232511,10.988806195235668,0.22941869497299194,0.7355539202690125,3.9593722820281982,0.02846822846061059,0.3203612203364322,0.014459510472915937
164.59026495832882,-0.20378372993429852,11.255006841721391,0.2243531048297882,0.7549427151679993,3.948371171951294,0.018482491894047826,0.20378330304747963,0.25174113601280723
164.58086661803088,-0.17767253268324756,11.325792360958463,0.22651687264442444,0.7596835494041443,3.9454846382141113,0.009084151596113088,0.17767210579642867,0.3225266552498791
164.62515356460926,-0.3651348642451707,11.086897957000804,0.2319047451019287,0.7424689531326294,3.9610097408294678,0.05337109817449459,0.3651344373583518,0.08363225129222052
164.4918282720106,-0.27235031006377936,11.094715108505884,0.2285102903842926,0.744152307510376,3.960963726043701,0.07995419442417528,0.27234988317696046,0.0914494027973003
164.62242148894126,-0.09944490595987214,11.135894319011891,0.2167689949274063,0.7496763467788696,3.956486940383911,0.05063902250648766,0.09944447907305325,0.13262861330330722
164.5985158268462,-0.1316616310361664,11.130720450715607,0.21827782690525055,0.7476844787597656,3.9528839588165283,0.026733360411441254,0.1316612041493475,0.12745474500702336
164.5746238251295,-0.25639874006248625,10.855702883785044,0.22151440382003784,0.7288821935653687,3.959969997406006,0.0028413586947237945,0.25639831317566736,0.14756282192353964
164.69553183381706,-0.2002689833641702,11.265227366040667,0.22451971471309662,0.757702648639679,3.954012393951416,0.12374936738228826,0.2002685564773513,0.26196166033208357
164.58335280688877,-0.36815003081117653,11.180570586372944,0.23562303185462952,0.7468341588973999,3.9523258209228516,0.011570340453999961,0.36814960392435764,0.17730488066436045
164.70824964605163,-0.11702124479182797,11.2112159376315,0.21748191118240356,0.754138708114624,3.9506173133850098,0.13646717961685795,0.11702081790500908,0.20795023192291673
164.61374714869532,-0.21001234790271614,10.904975868457516,0.21841683983802795,0.7333323955535889,3.960376262664795,0.04196468226055572,0.21001192101589725,0.09828983725106788
164.60525039336784,-0.3162986887757354,11.100406363631798,0.23064681887626648,0.7447144389152527,3.958768367767334,0.03346792693307066,0.3162982618889165,0.09714065792321414
164.66289718996273,-0.2458862131876049,11.067011861232313,0.22534684836864471,0.743985652923584,3.9590001106262207,0.09111472352796568,0.245885786300786,0.06374615552372909
164.6397428486764,-0.26570149237551327,11.053377096101675,0.22607074677944183,0.7429264187812805,3.9620189666748047,0.06796038224163681,0.2657010654886944,0.050111390393091426
164.59142609048772,-0.3756242231568965,11.018607164358079,0.23261010646820068,0.7371042966842651,3.9618937969207764,0.019643624052946507,0.3756237962700776,0.015341458649494655
164.61997628121838,-0.3096212539802273,11.184649916854735,0.2320544719696045,0.7494124174118042,3.955458164215088,0.04819381478361606,0.3096208270934084,0.18138421114615078
164.57541612707323,-0.2786186867045781,11.177052185176743,0.230002760887146,0.7484224438667297,3.955545425415039,0.003633660638456604,0.27861825981775923,0.17378647946815917
164.62292692293983,-0.35210338354394066,11.118707001739201,0.23328448832035065,0.7440681457519531,3.958756446838379,0.051144456505056723,0.35210295665712177,0.11544129603061748
164.58601658066507,-0.3657408450258818,11.159904995265425,0.2355857789516449,0.7461140751838684,3.954057216644287,0.014234114230305295,0.3657404181390629,0.15663928955684092
164.5686542397949,-0.24000270285898695,11.200385818928797,0.22746312618255615,0.7516146302223206,3.952423334121704,0.003128226639859122,0.24000227597216806,0.1971201132202136
164.58764216568756,-0.2162494749698023,11.159586537695374,0.22501984238624573,0.7491082549095154,3.9541242122650146,0.015859699252786186,0.2162490480829834,0.1563208319867897

Errors:
rotation,[18.693341988237375, 16.71720893248665, 10.132788764366463, 7.012090736342903, 7.966307527213528, 4.033236335610763, 1.422094024276448, 0.9769111321113159, 0.4407651335646304, 0.23974537352113778, 0.5902972762456458, 0.6051765920806649, 0.4079517988158131, 0.38590210042499806, 0.36328895926995874, 0.47400693095433466, 0.5092829126424209, 0.5021377868250669, 0.44375348039843604, 0.28271211488284814, 0.2858493095678121, 0.4068024937939308, 0.5859795841917231, 0.5570248250427181, 0.46143822944478374, 0.3502664405275209, 0.4469068467452013, 0.40074666535248077, 0.3837728381234226, 0.41060887897251874, 0.5391988530231753, 0.456038399924375, 0.518688709192796, 0.5366138219262091, 0.4402506158322408, 0.3884295793225593]
translation,[0.19962134480110283, 0.21309745485045628, 0.23830024153321716, 0.22776947627869326, 0.17240621411033086, 0.09324275596658183, 0.024212262881537328, 0.011316023777389717, 0.00456843943030627, 0.0034733356906739843, 0.0006355743172843376, 0.004617817476535002, 0.0022729916647090675, 0.005715673448040803, 0.0025172619125424234, 0.004975932842762099, 0.006793177941095685, 0.005532853069414756, 0.005604090079863511, 0.0015863535364957215, 0.002237133524222834, 0.001450950188782052, 0.0010834458679225278, 0.001965357355032893, 0.003300612423637439, 0.0024876465701435535, 0.003675249498435562, 0.003468690138697106, 0.006276445409536535, 0.005457857209861139, 0.0013786973622931242, 0.0011628827977858691, 0.003695959642105784, 0.00040249778264911384, 0.0014497287936574565, 0.00038512525259104535]
loss,
[0.10805632919073105, 0.1162385568022728, 0.09426514804363251, 0.053216151893138885, 0.0515252947807312, 0.027609240263700485, 0.006066182628273964, 0.006782710552215576, 0.003171873977407813, 0.0031116872560232878, 0.0033296304754912853, 0.0027433540672063828, 0.0028042979538440704, 0.004389156587421894, 0.0031090823467820883, 0.002231768099591136, 0.0043661040253937244, 0.0021348888985812664, 0.004513888619840145, 0.002465715166181326, 0.002817795379087329, 0.0040104868821799755, 0.0026994789950549603, 0.0026035462506115437, 0.0041990433819592, 0.0039016115479171276, 0.0016155603807419538, 0.003769008442759514, 0.0035192728973925114, 0.004309396259486675, 0.0030055369716137648, 0.0028422456234693527, 0.003279902972280979, 0.002543496433645487, 0.003275863826274872, 0.0027509075589478016]

2022-04-19 13:02:17.429732