2022-04-19 22:11:48.319074

reference phi, theta, psi, translation: -33.091320547511735, -0.0, 74.32085247222868, -2.1190009117126465, -3.251617431640625, 1.089412808418274

phi,theta,psi,rot_x,rot_y,rot_z,phi_err,theta_err,psi_err
-22.822884158753556,1.294954214858955,81.82337814338081,-1.5357718467712402,-3.6827800273895264,0.7731812596321106,10.268436388758179,1.294954214858955,7.502525671152128
-22.822499960612742,1.2998860826553984,81.82680689834415,-1.5357004404067993,-3.6828927993774414,0.7728652358055115,10.268820586898993,1.2998860826553984,7.505954426115466
-24.096688825751546,1.8813825468080974,83.17666401420294,-1.6425734758377075,-3.652775287628174,0.6536726951599121,8.99463172176019,1.8813825468080974,8.855811541974262
-27.427971866999986,4.329369143466393,85.41654942042776,-1.9074921607971191,-3.578233480453491,0.44265300035476685,5.663348680511749,4.329369143466393,11.095696948199077
-27.63764501414104,7.266852431406704,83.96402090096532,-1.8761037588119507,-3.5888257026672363,0.5390467047691345,5.453675533370696,7.266852431406704,9.643168428736644
-28.014939541250666,9.290963998655913,81.91525784809582,-1.8460094928741455,-3.588573455810547,0.6815786957740784,5.0763810062610695,9.290963998655913,7.59440537586714
-27.971472217372703,9.310993093427196,81.09140043040888,-1.8232004642486572,-3.5800249576568604,0.739463746547699,5.119848330139032,9.310993093427196,6.770547958180202
-27.959671358034214,9.402995730873421,80.57390431775369,-1.8117434978485107,-3.5765018463134766,0.7702406048774719,5.131649189477521,9.402995730873421,6.2530518455250075
-28.191303563356858,9.703515875637557,79.83361426456186,-1.812317967414856,-3.5641231536865234,0.8073260188102722,4.9000169841548775,9.703515875637557,5.51276179233318
-28.398234389546147,9.090022492562792,79.06155017135113,-1.81817626953125,-3.5459883213043213,0.8515489101409912,4.693086157965588,9.090022492562792,4.74069769912245
-28.714449950002937,9.04712781731816,77.72685607544976,-1.815636157989502,-3.525085926055908,0.9251818656921387,4.376870597508798,9.04712781731816,3.4060036032210803
-29.336506013567263,8.802858313287372,75.87806047091071,-1.8222804069519043,-3.4852590560913086,1.0358679294586182,3.7548145339444723,8.802858313287372,1.5572079986820313
-30.284652383580923,7.93791643451798,74.38330772199927,-1.858924150466919,-3.4406681060791016,1.1228375434875488,2.806668163930812,7.93791643451798,0.06245524977059347
-31.067938477597984,6.695509810596534,73.16830586111321,-1.9079456329345703,-3.3971126079559326,1.1925289630889893,2.023382069913751,6.695509810596534,1.1525466111154685
-32.764513071199545,2.5271081119491807,70.80549071020651,-2.0350282192230225,-3.2634005546569824,1.330127477645874,0.3268074763121902,2.5271081119491807,3.5153617620221667
-33.0852929055692,0.8096307882082459,73.53370732133055,-2.1178009510040283,-3.2737181186676025,1.1565290689468384,0.006027641942537798,0.8096307882082459,0.7871451508981266
-33.673621495012,-0.4952912274321161,74.5100555424272,-2.17901873588562,-3.248504161834717,1.0841901302337646,0.582300947500265,0.4952912274321161,0.18920307019851634
-33.29594618485614,0.18173793325999496,74.006137845842,-2.133450746536255,-3.2576117515563965,1.1161856651306152,0.20462563734440664,0.18173793325999496,0.31471462638667447
-33.38886749341958,-0.09973619451378907,74.2008801994574,-2.142451047897339,-3.248288154602051,1.1010547876358032,0.2975469459078468,0.09973619451378907,0.1199722727712782
-33.36958586939264,0.02069546667498905,74.21778491765319,-2.137556314468384,-3.246208667755127,1.0993924140930176,0.2782653218809017,0.02069546667498905,0.10306755457548888
-33.32695865878259,-0.040590472776647256,74.30687107499766,-2.1336240768432617,-3.243941307067871,1.090715765953064,0.23563811127085188,0.040590472776647256,0.013981397231020765
-33.244958822701996,0.0421439725532559,74.2506039766151,-2.122617244720459,-3.2424256801605225,1.0937219858169556,0.15363827519026074,0.0421439725532559,0.07024849561358337
-33.22038721716288,-0.02946861983921893,74.37313757032513,-2.1212239265441895,-3.241760015487671,1.0853760242462158,0.1290666696511451,0.02946861983921893,0.05228509809644777
-33.100886227444335,0.0053216429392333635,74.34928654974344,-2.1134862899780273,-3.244232177734375,1.085719347000122,0.00956567993259938,0.0053216429392333635,0.028434077514759792
-33.14091796616978,0.03415753341725065,74.33839922820644,-2.1150498390197754,-3.2422707080841064,1.086897850036621,0.049597418658045456,0.03415753341725065,0.017546755977761563
-33.1601586090617,-0.022261102227034858,74.39349153405176,-2.115856170654297,-3.2399938106536865,1.0826350450515747,0.06883806154996819,0.022261102227034858,0.07263906182308233
-33.18487023347881,0.03848717380171032,74.35319341794869,-2.115947961807251,-3.2403979301452637,1.0847386121749878,0.09354968596707636,0.03848717380171032,0.03234094572000856
-33.16697513785338,0.04216587702299695,74.25989303388631,-2.115074634552002,-3.239314079284668,1.091308832168579,0.07565459034164235,0.04216587702299695,0.0609594383423655
-33.20927449938327,-0.06100309647908525,74.4392879524367,-2.120435953140259,-3.240607261657715,1.07886803150177,0.11795395187153446,0.06100309647908525,0.11843548020802075
-33.15276492928517,-0.05164268219535853,74.348063945882,-2.116485118865967,-3.240037441253662,1.0850811004638672,0.06144438177343403,0.05164268219535853,0.027211473653323992
-33.18636262981246,0.04649894190691034,74.28687228110786,-2.1160056591033936,-3.238678216934204,1.0897209644317627,0.09504208230072209,0.04649894190691034,0.033980191120818404
-33.12515388956539,-0.02413994713511089,74.32924677471863,-2.1137654781341553,-3.2419369220733643,1.085983395576477,0.03383334205365429,0.02413994713511089,0.008394302489946881
-33.08716437740178,-0.032016742311142744,74.38966662811656,-2.1129953861236572,-3.2435646057128906,1.0830949544906616,0.004156170109958168,0.032016742311142744,0.06881415588787831
-33.0930827363176,-0.046130882528442156,74.39866198725346,-2.114295721054077,-3.2433202266693115,1.0816826820373535,0.0017621888058627633,0.046130882528442156,0.07780951502478217
-33.051640563528544,-0.09642418370414975,74.38015900479189,-2.1119401454925537,-3.243375539779663,1.0832276344299316,0.03967998398319139,0.09642418370414975,0.0593065325632125
-33.161364137450214,-0.007649038718289424,74.34318719081462,-2.1156318187713623,-3.240842819213867,1.0851584672927856,0.07004358993847859,0.007649038718289424,0.022334718585938163

Errors:
rotation,[19.06591627476926, 19.074661095669857, 19.73182581054255, 21.08841477217722, 22.363696393514044, 21.961750380784125, 21.20138938174643, 20.78769676587595, 20.116294652125614, 18.52380634965083, 16.830002018048038, 14.114880845913875, 10.807039848219386, 9.871438491625753, 6.369277350283538, 1.6028035810489103, 1.2667952451308975, 0.7010781969910761, 0.5172554131929141, 0.40202834313137964, 0.2902099812785199, 0.26603074335710003, 0.2108203875868118, 0.04332140038659253, 0.10130170805305766, 0.16373822560008539, 0.16437780548879524, 0.1787799057070048, 0.29739252855864046, 0.14029853762211655, 0.17552121532845083, 0.06636759167871206, 0.10498706830897922, 0.1257025863590871, 0.19541070025055363, 0.10002734724270618]
translation,[0.03326186669987141, 0.033276965043489426, 0.026962038836179758, 0.047868772041375074, 0.0542114447206723, 0.06156692999380109, 0.05389795512998674, 0.05140091532252722, 0.047994132703964354, 0.0437861684137868, 0.040569280865804025, 0.035904181383683564, 0.03760054667620416, 0.04351894781943333, 0.0383134804269023, 0.03579497733888193, 0.027980525614817786, 0.019737180527074294, 0.01285344743046224, 0.008138427904167855, 0.0018807630645873985, 0.004336727836402154, 0.007866639607871484, 0.009853930644173836, 0.010295496302499707, 0.012857502107853414, 0.01191609925327608, 0.011470887279253716, 0.010962306057365367, 0.011831444990002105, 0.011924068108186248, 0.011487299457822786, 0.011358422507952604, 0.011252151709406633, 0.012029829763281263, 0.011610492441929132]
loss,
[0.24278506636619568, 0.25100329518318176, 0.20906274020671844, 0.16300052404403687, 0.15969011187553406, 0.13261482119560242, 0.1283482164144516, 0.13619288802146912, 0.13722099363803864, 0.1394168734550476, 0.10775591433048248, 0.10752468556165695, 0.09222827851772308, 0.0779700055718422, 0.029435209929943085, 0.015427958220243454, 0.009122122079133987, 0.004763308446854353, 0.0024068853817880154, 0.0017612669616937637, 0.002279017586261034, 0.0017152841901406646, 0.0014379750937223434, 0.0019370513036847115, 0.0014652200043201447, 0.0014095227234065533, 0.0013325405307114124, 0.0019332037772983313, 0.0020189450588077307, 0.00294858543202281, 0.002273667138069868, 0.0018871806096285582, 0.0029112824704498053, 0.0017812870210036635, 0.002980800112709403, 0.001461436739191413]

2022-04-19 22:14:21.920532