2022-04-26 23:52:47.071735

reference phi, theta, psi, translation: 132.9853677440357, -8.537735924097414e-07, 76.34363348549546, 2.865516185760498, 2.6707684993743896, 0.9517420530319214

phi,theta,psi,rot_x,rot_y,rot_z,phi_err,theta_err,psi_err
143.3552887910292,-3.0579185397180266,69.36864430507845,2.3124754428863525,2.981729030609131,1.6183615922927856,10.369921046993511,3.0579176859444344,6.974989180417012
144.01569978187777,-3.8348753888059792,70.19278859071052,2.3222901821136475,2.998077630996704,1.5544099807739258,11.030332037842072,3.834874535032387,6.150844894784939
144.8567965970298,-4.870484391382324,70.5355889549643,2.3243517875671387,3.0231714248657227,1.491397738456726,11.871428852994114,4.870483537608732,5.808044530531163
145.489313095308,-7.100225737754921,71.05168487883962,2.3295295238494873,3.045041561126709,1.4154255390167236,12.503945351272307,7.100224883981329,5.291948606655836
148.56740614666595,-9.506646566347099,76.10510961930028,2.198326349258423,3.3063535690307617,0.9809404015541077,15.582038402630246,9.506645712573507,0.2385238661951803
146.6422626875845,-6.828082525503258,76.78806023440985,2.273144245147705,3.238144636154175,0.9847415089607239,13.656894943548792,6.828081671729666,0.4444267489143954
147.6198949842451,-6.660282730260019,79.46809669112862,2.2295970916748047,3.337057113647461,0.7184829115867615,14.634527240209394,6.660281876486427,3.1244632056331625
145.20046439530816,-3.8936418221019884,79.11423142041943,2.3243558406829834,3.2409892082214355,0.7983784675598145,12.21509665127246,3.893640968328396,2.7705979349239698
142.00720069416548,-1.3964629083196585,80.7297624044242,2.485532760620117,3.161142110824585,0.6670068502426147,9.021832950129777,1.396462054546066,4.386128918928748
138.79552280302042,1.3301204059394485,80.83267969483796,2.6474690437316895,3.027621269226074,0.6626297831535339,5.810155058984719,1.330121259713041,4.489046209342504
135.37639840640372,2.4245167523686133,79.54908224411747,2.7965340614318848,2.8641610145568848,0.7435328960418701,2.391030662368024,2.4245176061422056,3.205448758622012
133.51183872526028,0.6890105346152806,76.8234679350672,2.8598525524139404,2.7294821739196777,0.9286474585533142,0.5264709812245769,0.689011388388873,0.47983444957174015
133.23055787486084,-0.28902542493517663,75.4736791211001,2.860351324081421,2.6803529262542725,1.0101416110992432,0.24519013082513652,0.2890245711615842,0.8699543643953547
132.88194501962337,0.05349486007978827,76.32978186185868,2.878831624984741,2.6719236373901367,0.9554218649864197,0.1034227244123258,0.05349571385338068,0.013851623636782051
133.01600797265237,-0.05316223304628283,76.10090222277155,2.863781452178955,2.667541265487671,0.969797670841217,0.030640228616675813,0.05316137927269042,0.24273126272390755
133.09701401620873,-0.0632108134788553,76.2369595910382,2.857163190841675,2.6706929206848145,0.9598551392555237,0.11164627217303291,0.06320995970526289,0.10667389445725917
132.9703823089967,-0.03281959763880592,76.29084978358961,2.860460042953491,2.662254810333252,0.9536682367324829,0.01498543503899441,0.03281874386521351,0.052783701905852354
132.87269694348717,-0.014337815526422258,76.34009544750539,2.8636209964752197,2.6564064025878906,0.9507134556770325,0.1126708005485284,0.01433696175282985,0.0035380379900686876
132.87578418899201,0.040319070482836034,76.35542239200291,2.860750198364258,2.6557700634002686,0.948246419429779,0.10958355504368456,0.04031992425642844,0.011788906507447905
132.7891637299379,0.08649037218214013,76.4076050372618,2.863771915435791,2.6525180339813232,0.944382905960083,0.19620401409778765,0.08649122595573254,0.06397155176634328
132.8912067561379,-0.0034416217393511907,76.29041265148273,2.8584766387939453,2.654193639755249,0.9529843330383301,0.09416098789779426,0.003440767965758781,0.05322083401273403
132.91985256951693,0.04184493186202021,76.33432393765673,2.8565268516540527,2.6552860736846924,0.9498415589332581,0.0655151745187652,0.041845785635612615,0.009309547838725507
132.83108743106345,-0.07499123042321804,76.28398544347374,2.860713005065918,2.6512041091918945,0.9538891911506653,0.1542803129722472,0.07499037664962563,0.05964804202172047
132.93487898569097,0.04871335859757691,76.30373152036425,2.856590986251831,2.6583380699157715,0.9519254565238953,0.0504887583447271,0.04871421237116932,0.03990196513120736
132.927447739874,0.022987670731683823,76.36656243053919,2.857936143875122,2.65853214263916,0.947623610496521,0.0579200041617014,0.022988524505276234,0.022928945043730664
132.87837966087662,-0.0008283861510838824,76.43423594483568,2.8624062538146973,2.6559367179870605,0.9435455203056335,0.10698808315908082,0.0008275323774914726,0.09060245934021793
132.8586813953103,-0.014772936979907612,76.33334722060542,2.861607074737549,2.6540708541870117,0.9501354694366455,0.12668634872539997,0.014772083206315203,0.010286264890041252
132.91641015417525,0.03509407760595038,76.38525665829752,2.8583991527557373,2.658548355102539,0.9462887048721313,0.06895758986044598,0.03509493137954279,0.04162317280206196
132.89026419003244,-0.04000488043160785,76.3415297872311,2.859023332595825,2.654391288757324,0.9489507675170898,0.0951035540032592,0.040004026658015446,0.0021036982643636293
132.89829649249637,0.00910884738906113,76.4174678304233,2.8596198558807373,2.6562163829803467,0.9432255029678345,0.08707125153932793,0.00910970116265354,0.07383434492784602
132.96203581783095,0.06969645711048514,76.3537148447104,2.854762315750122,2.658825159072876,0.9482792615890503,0.023331926204747333,0.06969731088407755,0.01008135921493647
132.83622373331931,0.0823106176753827,76.40092511225353,2.8606748580932617,2.6539433002471924,0.9442359209060669,0.14914401071638395,0.0823114714489751,0.05729162675807231
132.90374698345406,0.057778227911064045,76.38984654541977,2.858363151550293,2.6575722694396973,0.9457504749298096,0.08162076058164303,0.05777908168465645,0.04621305992431246
132.87958177417056,0.06572366465482324,76.33463812635856,2.8585052490234375,2.655834197998047,0.9497342109680176,0.10578596986513844,0.06572451842841565,0.008995359136903858
132.94226925037293,0.029568795402728654,76.32657167294877,2.8568782806396484,2.6580348014831543,0.9496378302574158,0.04309849366276808,0.029569649176321065,0.01706181254668593
132.8874774728511,0.07561503758108472,76.34537518373382,2.8584706783294678,2.6559953689575195,0.948858916759491,0.09789027118461036,0.07561589135467713,0.0017416982383622326

Errors:
rotation,[20.402827913354958, 21.0160514676594, 22.549956921134008, 24.896118841909473, 25.327207981398935, 20.929403364192854, 24.419272322328982, 18.879335554524825, 14.804423923604592, 11.629322528040264, 8.020997027132243, 1.69531681918519, 1.4041690663820754, 0.17077006190248853, 0.3265328706132738, 0.28153012633555496, 0.10058788081006027, 0.13054580029142693, 0.1616923858075609, 0.3466667918198635, 0.15082258987628705, 0.11667050799310333, 0.2889187316435933, 0.1391049358471038, 0.1038374737107083, 0.19841807487679022, 0.15174469682175643, 0.14567569404205072, 0.13721127892563828, 0.17001529762982748, 0.10311059630376135, 0.28874710892343136, 0.18561290219061194, 0.18050584743045794, 0.08972995538577508, 0.1752478607776497]
translation,[0.07464079787699607, 0.0673697815452865, 0.06355592227248241, 0.055729948942966345, 0.05871909421803423, 0.0459388167370518, 0.046035672184491006, 0.03630876801045346, 0.04509368601344654, 0.04497966092232275, 0.04034038334227841, 0.02980886676266703, 0.016869057663288167, 0.011107890891027594, 0.0009336015078833526, 0.004057513872404606, 0.008776935877619962, 0.011094553494243264, 0.014142780499504681, 0.015048663932191175, 0.01568227526290933, 0.017092445296382763, 0.01584975650372833, 0.014533909626665675, 0.01446578887192107, 0.013959816439164108, 0.014209129240257745, 0.014440304767074252, 0.016117695209923788, 0.01583495956900194, 0.01637454273558614, 0.016349074872564096, 0.015238697379825084, 0.01534721984456855, 0.015071827425862772, 0.015472148240813333]
loss,
[0.1403915286064148, 0.13966134190559387, 0.14353075623512268, 0.12660935521125793, 0.08261821419000626, 0.08938950300216675, 0.08119945973157883, 0.09064698219299316, 0.05434282869100571, 0.03706224262714386, 0.01499326154589653, 0.010769231244921684, 0.006884684786200523, 0.004219669383019209, 0.001937169348821044, 0.0028454724233597517, 0.0015457686968147755, 0.001308952341787517, 0.0010276713874191046, 0.0018528567161411047, 0.0016470984555780888, 0.0017602950101718307, 0.002089514397084713, 0.0014098214451223612, 0.0012906251940876245, 0.0016689429758116603, 0.0015533992554992437, 0.0011475482024252415, 0.0011034810449928045, 0.0011613679816946387, 0.0012759440578520298, 0.0021112849935889244, 0.0009909758809953928, 0.0015402722638100386, 0.0015686328988522291, 0.0012122651096433401]

2022-04-26 23:55:19.627890