2022-04-26 23:36:56.072550

reference phi, theta, psi, translation: 164.57178246643477, -4.268868188959204e-07, 11.003265705708584, 0.2046843022108078, 0.7416750192642212, 3.957021951675415

phi,theta,psi,rot_x,rot_y,rot_z,phi_err,theta_err,psi_err
174.68706040079186,1.035587752499106,3.46078983121423,-0.0498787984251976,0.24902896583080292,4.223120212554932,10.115277934357096,1.035588179385925,7.542475874494354
174.4271717028729,1.0118733040538916,3.4011787149027093,-0.044470302760601044,0.24551843106746674,4.222202777862549,9.855389236438128,1.0118737309407106,7.602086990805875
171.9531542420892,0.7841200908240024,2.030146305069587,-0.020264707505702972,0.16210919618606567,4.236420154571533,7.381371775654429,0.7841205177108213,8.973119400638996
167.5832811733851,0.13484341554917,0.2230924144672902,-0.004548700526356697,0.028154609724879265,4.2665114402771,3.0114987069503343,0.1348438424359889,10.780173291241294
165.06798204925786,0.6722672017411552,-0.11346902554692269,-0.053512223064899445,-0.01561841368675232,4.241458892822266,0.4961995828230954,0.6722676286279741,11.116734731255507
165.567719670071,1.0405751845687692,0.9250706826244778,-0.0649462416768074,0.07250544428825378,4.232277870178223,0.9959372036362311,1.0405756114555882,10.078195023084106
165.37345542969751,0.03898419923212872,1.166217875069477,0.019069302827119827,0.0694780945777893,4.215721130371094,0.801672963262746,0.03898462611894762,9.837047830639108
165.3688518821969,-0.3853897667149216,1.2196788329202244,0.04586843028664589,0.06522078812122345,4.19975471496582,0.7970694157621381,0.3853893398281027,9.783586872788359
165.17255224545076,-0.584132804668037,2.0531687383275847,0.07735015451908112,0.12300581485033035,4.171833515167236,0.6007697790159909,0.5841323777812181,8.950096967380999
165.0576957843678,0.15093041085067374,2.8595645639579734,0.04139993339776993,0.1881548911333084,4.131917953491211,0.48591331793303993,0.15093083773749263,8.143701141750611
165.05923940712023,1.0697905935256817,5.078601244628144,0.010875290259718895,0.36351755261421204,4.106630802154541,0.48745694068546186,1.0697910204125007,5.9246644610804395
164.85279010926743,0.6357904652464584,7.664382371461211,0.10027123242616653,0.5328400731086731,4.057155132293701,0.28100764283266244,0.6357908921332773,3.338883334247373
164.39243535920858,0.3112087000947206,11.63038293944789,0.2002582848072052,0.793280303478241,3.967175245285034,0.1793471072261923,0.3112091269815395,0.6271172337393054
164.54696155899094,0.09520674358669859,11.014575645200479,0.2014196813106537,0.7460368275642395,3.965593099594116,0.024820907443825035,0.09520717047351748,0.011309939491894738
164.53156631260174,0.20887988505404106,11.335703819217798,0.19906601309776306,0.7674663066864014,3.9513297080993652,0.04021615383302901,0.20888031194085996,0.33243811350921426
164.39531769903832,0.12078055963745,11.146630522613506,0.20349444448947906,0.7527413964271545,3.9534261226654053,0.17646476739645323,0.1207809865242689,0.14336481690492242
164.4187862290265,-0.05684108963353269,11.432550779006702,0.21929143369197845,0.7681875824928284,3.943403482437134,0.15299623740827428,0.056840662746713795,0.42928507329811794
164.42938668261834,-0.16149949893350707,11.238227628251607,0.22194959223270416,0.7523578405380249,3.9477896690368652,0.1423957838164256,0.16149907204668817,0.2349619225430235
164.53065106725296,-0.1182180385870871,11.237538632919083,0.21837235987186432,0.7570103406906128,3.9575743675231934,0.04113139918180764,0.1182176117002682,0.2342729272104993
164.5038084238148,0.13111732949928245,11.436103331148754,0.20666731894016266,0.7706867456436157,3.941476821899414,0.06797404261996576,0.13111775638610135,0.43283762544017
164.49098132855352,-0.34753046959721756,11.280098395411079,0.23573096096515656,0.7525085210800171,3.9460291862487793,0.08080113788125232,0.34753004271039867,0.27683268970249486
164.477703440807,-0.20334841978217366,11.326419884588459,0.2268444448709488,0.7573620080947876,3.9416542053222656,0.09407902562776371,0.20334799289535477,0.3231541788798751
164.43968660788673,-0.4380977055037434,11.244359430578987,0.2436676323413849,0.7478101253509521,3.948559522628784,0.13209585854804118,0.4380972786169245,0.24109372487040304
164.41930532340342,-0.2373335593431175,11.25891285615299,0.2295965999364853,0.753680944442749,3.951643228530884,0.15247714303134785,0.2373331324562986,0.2556471504444069
164.41634102130362,-0.22339219054821113,11.328030955458935,0.2285492718219757,0.7584393620491028,3.948007822036743,0.15544144513114588,0.22339176366139224,0.32476524975035126
164.44672170273185,-0.45246709127302087,11.338183177886513,0.24581655859947205,0.7542555332183838,3.9449210166931152,0.12506076370291908,0.452466664386202,0.33491747217792955
164.3218931654607,-0.2530584132959283,11.372570619036589,0.23503945767879486,0.7596027851104736,3.945895195007324,0.24988930097407547,0.2530579864091094,0.36930491332800486
164.47270374233457,-0.16023396699817416,11.312261756212669,0.22477343678474426,0.758389949798584,3.9495818614959717,0.09907872410019536,0.16023354011135527,0.30899605050408496
164.49461498919197,-0.15723363628391734,11.238460708457035,0.2219870239496231,0.753772497177124,3.9513864517211914,0.07716747724279571,0.15723320939709845,0.2351950027484513
164.4890961963426,-0.03281409442913233,11.37341500117273,0.21565130352973938,0.7650460600852966,3.9480319023132324,0.08268627009218221,0.032813667542313435,0.370149295464147
164.42153196507283,-0.06444189415481544,11.367839005489062,0.220037043094635,0.7629213929176331,3.9428017139434814,0.1502505013619384,0.06444146726799654,0.3645732997804778
164.52987242568759,-0.12474059818176579,11.266392767067801,0.21908806264400482,0.75554358959198,3.9458165168762207,0.041910040747183075,0.1247401712949469,0.26312706135921715
164.57075793805927,-0.1671929112931964,11.272799484509273,0.2218596190214157,0.7564724683761597,3.9509236812591553,0.0010245283754954926,0.16719248440637752,0.26953377880068885
164.48247091284767,-0.018588302081438295,11.302229062095567,0.21452699601650238,0.7591502070426941,3.948899745941162,0.08931155358709475,0.018587875194619397,0.2989633563869827
164.40849996413644,-0.08279525756700883,11.378818534579858,0.22133871912956238,0.7633399963378906,3.9481074810028076,0.16328250229832975,0.08279483068018993,0.3755528288712746
164.44325196663348,-0.22600673258119983,11.240883718065096,0.22792498767375946,0.7523608803749084,3.953427314758301,0.12853049980128617,0.22600630569438093,0.2376180123565117

Errors:
rotation,[18.693341988237375, 18.469349958184715, 17.138611694004247, 13.926515840627617, 12.285201942706577, 12.114707838175924, 10.677705420020802, 10.9660456283786, 10.134999124178208, 8.780545297421144, 7.481912422178402, 4.255681869213313, 1.1176734679470373, 0.13133801740923726, 0.5815345792831033, 0.44061057082564453, 0.639121973453106, 0.5388567784061373, 0.3936219380925752, 0.6319294244462371, 0.7051638702941458, 0.6205811974029936, 0.8112868620353687, 0.6454574259320534, 0.7035984585428894, 0.9124449002670506, 0.8722522007111897, 0.5683083147156356, 0.46959568938834545, 0.4856492330986426, 0.5792652684104127, 0.42977727340134714, 0.43775079158256186, 0.40686278516869684, 0.6216301618497944, 0.5921548178521788]
translation,[0.19962134480110283, 0.19844001291011715, 0.20844015353882295, 0.2354778578865444, 0.21069629868059803, 0.20226820020086222, 0.185207836657586, 0.1693826538387393, 0.14323432559724125, 0.10527801616837618, 0.09157407407580731, 0.06209484363100781, 0.01953480263567986, 0.00905295880503143, 0.0010373059808177487, 0.0015373957884046163, 0.007619001327539898, 0.0061634098012284255, 0.004109135423861154, 0.00969769173123236, 0.007078144404113473, 0.010968023560754325, 0.00499971839245994, 0.0017078801857373094, 0.004439095329411558, 0.007234144610776205, 0.00591725184781744, 0.0031175694410343624, 0.0023690297968288476, 0.0038771267598471937, 0.009170335790531503, 0.007658549114949231, 0.0023238407164516417, 0.004202024951851513, 0.0038182036714990986, 0.0002996786108377947]
loss,
[0.11012531816959381, 0.10876376926898956, 0.10152876377105713, 0.05009887367486954, 0.03617499768733978, 0.030908947810530663, 0.03773551061749458, 0.030747540295124054, 0.03538646548986435, 0.022005220875144005, 0.01975177600979805, 0.013290151953697205, 0.004246143624186516, 0.003790786489844322, 0.002056712983176112, 0.0029979757964611053, 0.0036762168165296316, 0.0031941435299813747, 0.003776352386921644, 0.003878918942064047, 0.003419388784095645, 0.0033429651521146297, 0.0027020005509257317, 0.004845969378948212, 0.0033255494199693203, 0.0024784307461231947, 0.002535453764721751, 0.0021327254362404346, 0.0017524812137708068, 0.0031720870174467564, 0.0038916291669011116, 0.0029120182152837515, 0.003051014384254813, 0.0029094666242599487, 0.0024012073408812284, 0.0030654235742986202]

2022-04-26 23:39:35.118211