2022-04-19 22:29:08.616728

reference phi, theta, psi, translation: -139.02455270626928, -8.537736090602699e-07, 56.38966954231551, -2.2014424800872803, 2.5346622467041016, 2.231398344039917

phi,theta,psi,rot_x,rot_y,rot_z,phi_err,theta_err,psi_err
-129.04008655489625,6.852725648450977,53.065809209147574,-2.6847352981567383,1.8050535917282104,2.604990243911743,9.984466151373027,6.852726502224586,3.3238603331679357
-129.1587269407794,6.411540231780155,52.82355264457098,-2.6743319034576416,1.8102370500564575,2.6023378372192383,9.865825765489888,6.411541085553764,3.5661168977445286
-130.3117858160826,5.907359477158102,51.03510859153816,-2.6302340030670166,1.7818289995193481,2.6297407150268555,8.712766890186685,5.907360330931711,5.354560950777348
-129.63215467290965,6.136512875104272,49.31734675113122,-2.587557792663574,1.7184560298919678,2.705402374267578,9.392398033359626,6.1365137288778815,7.072322791184291
-129.90532125857513,3.873779745552033,49.21729814016887,-2.506840467453003,1.840928077697754,2.663402557373047,9.119231447694148,3.873780599325642,7.172371402146638
-132.8678338487981,2.5594515643652334,52.299106814435305,-2.4347052574157715,2.12436842918396,2.490405559539795,6.156718857471162,2.5594524181388425,4.090562727880204
-136.94857134955726,0.6691857947285287,55.72070373953153,-2.3033316135406494,2.4235458374023438,2.27719783782959,2.0759813567120204,0.6691866485021377,0.6689658027839798
-139.76019140063633,-0.519209530339276,56.71735811303062,-2.1554622650146484,2.5808286666870117,2.2077817916870117,0.7356386943670543,0.5192086765656669,0.3276885707151109
-138.86356514753209,0.1770482091335392,56.11876033417071,-2.203479528427124,2.5108749866485596,2.2451415061950684,0.16098755873719028,0.17704906290714825,0.2709092081448006
-138.9386152661322,0.039978454933222676,56.233183078241346,-2.199300527572632,2.5227255821228027,2.2395217418670654,0.08593744013708715,0.03997930870683174,0.15648646407416322
-139.08573754085424,-0.056155933533249235,56.29438157320466,-2.19167160987854,2.531205415725708,2.2344932556152344,0.06118483458496371,0.056155079759640174,0.09528796911084925
-138.93000922777796,0.06868186340809891,56.2053603026573,-2.200648784637451,2.5201613903045654,2.241179943084717,0.0945434784913175,0.06868271718170797,0.18430923965821222
-138.99489602489308,-0.055629497492122995,56.26962896765253,-2.194972038269043,2.5269618034362793,2.2353808879852295,0.029656681376195593,0.055628643718513934,0.1200405746629798
-139.04254342454308,-0.06106375869842896,56.27741879840093,-2.1930949687957764,2.528695583343506,2.234952688217163,0.017990718273807715,0.0610629049248199,0.11225074391457923
-139.00751821447926,0.0644547994444263,56.26066775946148,-2.1975903511047363,2.5239052772521973,2.235265016555786,0.017034491790013817,0.06445565321803536,0.12900178285403285
-138.99723194958924,0.06253760366807844,56.22436188892827,-2.1967339515686035,2.5232059955596924,2.2392706871032715,0.02732075668004086,0.0625384574416875,0.16530765338723796
-139.01505874332295,-0.08737570395935945,56.30192893223752,-2.194035530090332,2.530107021331787,2.2333407402038574,0.009493962946322654,0.08737485018575039,0.0877406100779865
-138.99183610014492,0.06984875852919396,56.250743494597444,-2.1989905834198,2.523484230041504,2.2369539737701416,0.03271660612435312,0.06984961230280302,0.1389260477180656
-139.15908011216186,-0.07949784916766052,56.2705476280959,-2.1858274936676025,2.533639669418335,2.234774112701416,0.13452740589258383,0.07949699539405146,0.11912191421961182
-138.92388937828164,-0.024659927180137094,56.22912936096894,-2.1982109546661377,2.522838830947876,2.237173080444336,0.10066332798763256,0.024659073406528034,0.160540181346569
-139.02560455540146,0.015579893313615149,56.25309649476652,-2.1946098804473877,2.5261995792388916,2.236182689666748,0.0010518491321818146,0.01558074708722421,0.13657304754899258
-138.994049081436,0.03206692879825698,56.13331205219742,-2.193998336791992,2.52091121673584,2.2448229789733887,0.030503624833272625,0.032067782571866044,0.2563574901180914
-139.00892523344828,-0.04240111485178973,56.2861033839306,-2.1948795318603516,2.526919364929199,2.2339723110198975,0.01562747282099508,0.04240026107818067,0.10356615838490768
-138.9705395703128,0.06756324975663726,56.2415978712988,-2.1979565620422363,2.5229835510253906,2.2370641231536865,0.05401313595646684,0.06756410353024632,0.1480716710167087
-139.0517915006793,0.005875704618906567,56.27440668497696,-2.1942641735076904,2.527740716934204,2.235456943511963,0.027238794410010314,0.005876558392515627,0.1152628573385499
-138.9723017591187,0.009023171068365407,56.19134475448043,-2.1960885524749756,2.52278208732605,2.241163492202759,0.05225094715058276,0.009024024841974468,0.19832478783507668
-138.95224832371554,0.0018346073913308603,56.18636896167008,-2.1956653594970703,2.5219781398773193,2.2410411834716797,0.07230438255373883,0.0018354611649399207,0.20330058064543266
-138.9525761727957,0.017285534404481804,56.263034420008886,-2.198350667953491,2.52362322807312,2.2367889881134033,0.07197653347358823,0.017286388178090865,0.12663512230662377
-139.02044093238894,-0.019242225371744765,56.207043944287705,-2.193098545074463,2.5258660316467285,2.2409439086914062,0.004111773880339342,0.019241371598135704,0.18262559802780487
-139.0394698394166,0.015550823209585122,56.26673979763362,-2.19521427154541,2.5277037620544434,2.236531972885132,0.014917133147321238,0.015551676983194183,0.12292974468189044
-139.0070810823724,-0.051242638883474655,56.18999920721394,-2.192505121231079,2.525979518890381,2.241621732711792,0.017471623896881283,0.051241785109865594,0.1996703351015725
-139.02105564941422,-0.011347064482592957,56.20766890659676,-2.1929845809936523,2.525949716567993,2.240063428878784,0.0034970568550534153,0.011346210708983897,0.1820006357187509
-139.0033927802206,-0.025016367235443218,56.27231323199635,-2.1952738761901855,2.5267045497894287,2.235776662826538,0.02115992604868211,0.025015513461834157,0.11735631031915972
-138.97171436285007,0.006111795055916309,56.187164678708385,-2.1951727867126465,2.5228164196014404,2.2409112453460693,0.05283834341921079,0.006112648829525369,0.20250486360712472
-139.01086500717258,0.06114093452668674,56.24681613582469,-2.196493148803711,2.52410888671875,2.237642765045166,0.01368769909669254,0.0611417883002958,0.142853406490822
-138.98538840156843,0.0838272521494011,56.26410334461399,-2.199064016342163,2.523545980453491,2.2373459339141846,0.0391643047008472,0.08382810592301015,0.12556619770151656

Errors:
rotation,[20.161052986765547, 19.84348374878818, 19.974688171895743, 22.601234553421797, 20.165383449166427, 12.80673400349021, 3.414133807998138, 1.5825359416478322, 0.6089458297891391, 0.2824032129180821, 0.21262788345545314, 0.3475354353312377, 0.20532589975768933, 0.19130436711320686, 0.21049192786208204, 0.25516686750896633, 0.18460942321005955, 0.24149226614522173, 0.3331463155062471, 0.2858625827407296, 0.1532056437683986, 0.31892889752323006, 0.16159389228408344, 0.2696489105034219, 0.14837821014107586, 0.2595997598276339, 0.2774404243641114, 0.21589804395830287, 0.20597874350627993, 0.15339855481240586, 0.2683837441083194, 0.19684390328278822, 0.163531749829676, 0.2614558558558609, 0.21768289388781034, 0.2485586083253739]
translation,[0.12242333873291766, 0.11630060093063754, 0.0930172736884769, 0.08806378826707562, 0.06362120700670726, 0.04843611410457971, 0.01418207456846865, 0.008568202737913921, 0.006147464721518503, 0.0041542606130358095, 0.005786013704084603, 0.0041007172720792795, 0.006161091445443745, 0.006333208952825409, 0.006714553193950756, 0.00539397320300683, 0.005828383359965272, 0.0052755411812714925, 0.007276631083779961, 0.005984119903662766, 0.00639166586972717, 0.005231209776637158, 0.007020320032023797, 0.006092890323623479, 0.006015723677863072, 0.00495849502065937, 0.0057611359756171154, 0.005629580086847774, 0.0047769555176016, 0.0049238365262063155, 0.0046516344807079335, 0.005276512093195684, 0.005938159157013345, 0.005576838385816352, 0.005864572104158583, 0.004978923640355681]
loss,
[0.18141433596611023, 0.17040221393108368, 0.14089804887771606, 0.11573560535907745, 0.10214757919311523, 0.05683735013008118, 0.012439848855137825, 0.003581693395972252, 0.0016336925327777863, 0.0013555397745221853, 0.001199695747345686, 0.0012850225903093815, 0.0013002565829083323, 0.001291497959755361, 0.0016687966417521238, 0.001648882171139121, 0.0016636112704873085, 0.0011293248971924186, 0.0012535681016743183, 0.0009451887453906238, 0.001086685573682189, 0.0014502512058243155, 0.0010532832238823175, 0.0011645540362223983, 0.0011771410936489701, 0.0014010684099048376, 0.001025428413413465, 0.001259705051779747, 0.0015092575922608376, 0.0009233333985321224, 0.0014176414115354419, 0.0010707317851483822, 0.0012753740884363651, 0.0012786714360117912, 0.0011636585695669055, 0.0015356851508840919]

2022-04-19 22:33:58.463968