2022-04-21 02:47:25.083175

reference phi, theta, psi, translation: -33.091320547511735, -0.0, 74.32085247222868, -2.1190009117126465, -3.251617431640625, 1.089412808418274

phi,theta,psi,rot_x,rot_y,rot_z,phi_err,theta_err,psi_err
-22.822884158753556,1.294954214858955,81.82337814338081,-1.5357718467712402,-3.6827800273895264,0.7731812596321106,10.268436388758179,1.294954214858955,7.502525671152128
-23.91428008622989,2.471233623097263,81.62145726094772,-1.5785185098648071,-3.671220541000366,0.7630797028541565,9.177040461281845,2.471233623097263,7.300604788719042
-28.083302904653323,6.883335806800172,81.79197293357709,-1.7742195129394531,-3.589186429977417,0.671545147895813,5.008017642858412,6.883335806800172,7.471120461348406
-30.71471865976536,7.831811450817053,81.02697808615731,-1.9512954950332642,-3.5130598545074463,0.6494702100753784,2.376601887746375,7.831811450817053,6.706125613928634
-32.05484617115147,3.9909458269727707,79.70492667040965,-2.0812180042266846,-3.4077234268188477,0.7363079786300659,1.0364743763602675,3.9909458269727707,5.3840741981809686
-32.536453054812824,1.125032005027306,75.95139621202914,-2.1004741191864014,-3.3199117183685303,0.9894839525222778,0.5548674926989108,1.125032005027306,1.6305437398004585
-32.87932855114746,-0.19247811511860824,73.8086839071261,-2.106031894683838,-3.255509853363037,1.1275486946105957,0.2119919963642758,0.19247811511860824,0.5121685651025842
-33.036129203923444,-0.07686481769362186,74.16437966853286,-2.113912582397461,-3.248098373413086,1.0993025302886963,0.05519134358829092,0.07686481769362186,0.15647280369582006
-33.21539776397418,-0.04436363408716415,74.43044968765071,-2.1223058700561523,-3.2428271770477295,1.0812524557113647,0.12407721646244596,0.04436363408716415,0.10959721542202772
-33.16824896813358,-0.007571067521541259,74.2986406970478,-2.1170785427093506,-3.2409467697143555,1.089314579963684,0.07692842062184724,0.007571067521541259,0.022211775180878135
-33.16598817551831,-0.06836601039249214,74.30771801845474,-2.118602752685547,-3.2403197288513184,1.0872912406921387,0.07466762800657278,0.06836601039249214,0.013134453773943733
-33.23869212413851,-0.02458649488609342,74.28354597898206,-2.122636318206787,-3.2379355430603027,1.0909136533737183,0.14737157662677447,0.02458649488609342,0.03730649324661783
-33.2370084825081,-0.025293479400498028,74.34578949288839,-2.1225008964538574,-3.240983724594116,1.0852984189987183,0.14568793499636712,0.025293479400498028,0.024937020659706377
-33.203168310265276,-0.014187001020986018,74.32413096303029,-2.119168996810913,-3.23934268951416,1.0864580869674683,0.11184776275354125,0.014187001020986018,0.0032784908016054715
-33.24990729475567,-0.016468667557143397,74.29879779139871,-2.1202964782714844,-3.2364041805267334,1.0880528688430786,0.1585867472439375,0.016468667557143397,0.02205468082996731
-33.22144589648423,-0.04359321052588234,74.33081088803856,-2.1209933757781982,-3.2388360500335693,1.0870001316070557,0.1301253489724914,0.04359321052588234,0.009958415809876442
-33.19684013999926,0.002427882764669415,74.36337723000118,-2.1193268299102783,-3.239769220352173,1.084481120109558,0.10551959248752496,0.002427882764669415,0.042524757772497424
-33.167091251069266,-0.052942961811872635,74.27551367651813,-2.116976022720337,-3.238884925842285,1.090000033378601,0.0757707035575308,0.052942961811872635,0.04533879571054911
-33.11520913413385,-0.06562247320036149,74.29665311199932,-2.1140189170837402,-3.2416880130767822,1.0894609689712524,0.023888586622113905,0.06562247320036149,0.024199360229360423
-33.23429689740761,-0.07554060965633456,74.30715111275363,-2.1216747760772705,-3.2377400398254395,1.0880835056304932,0.14297634989587493,0.07554060965633456,0.013701359475049912
-33.21973834919173,-0.035237842902674586,74.34656813445378,-2.1204802989959717,-3.2398626804351807,1.0852075815200806,0.12841780167999417,0.035237842902674586,0.025715662225096025
-33.17652374231306,-0.016629708245364763,74.32837251050486,-2.117006540298462,-3.2411861419677734,1.0866588354110718,0.08520319480132343,0.016629708245364763,0.007520038276183527
-33.18160881815013,-0.033428474447326134,74.29912564047886,-2.1184539794921875,-3.2410895824432373,1.0888699293136597,0.09028827063839628,0.033428474447326134,0.02172683174981671
-33.25485576680935,-0.005524991155627189,74.39190009997515,-2.122971773147583,-3.238166332244873,1.0818705558776855,0.16353521929761428,0.005524991155627189,0.07104762774646645
-33.1810692332057,-0.041923465283389846,74.32006700047413,-2.1163806915283203,-3.2383289337158203,1.0867161750793457,0.08974868569396222,0.041923465283389846,0.0007854717545541234
-33.14093845673729,-0.02031566645670907,74.3505706253074,-2.114720344543457,-3.241509199142456,1.0847842693328857,0.04961790922555309,0.02031566645670907,0.0297181530787185
-33.24170765265707,-0.016844201355275115,74.28790363967254,-2.122649908065796,-3.2379086017608643,1.0897408723831177,0.1503871051453345,0.016844201355275115,0.032948832556144225
-33.1860586863944,0.014608733756604651,74.33825579423387,-2.1177875995635986,-3.2420825958251953,1.08621084690094,0.09473813888266136,0.014608733756604651,0.0174033220051939
-33.11457051144645,-0.039951459172802795,74.33931447355522,-2.1157989501953125,-3.2430455684661865,1.087091326713562,0.02324996393471679,0.039951459172802795,0.01846200132654019
-33.212245631672225,0.02806835665662037,74.39799945890397,-2.119549512863159,-3.241651773452759,1.0820311307907104,0.12092508416048986,0.02806835665662037,0.07714698667528808
-33.25789520099,-0.0509341443486462,74.27269280839091,-2.122983455657959,-3.236483573913574,1.0898274183273315,0.16657465347826417,0.0509341443486462,0.048159663837765265
-33.184299912683116,-0.03336266975588807,74.36080224868408,-2.118422746658325,-3.2398242950439453,1.0841879844665527,0.09297936517138083,0.03336266975588807,0.03994977645540132
-33.255238257402866,-0.05906927845030551,74.36005775806456,-2.1222174167633057,-3.237023115158081,1.0846147537231445,0.16391770989113041,0.05906927845030551,0.03920528583587668
-33.165650081154396,-0.02826482868082278,74.33293507687043,-2.117650270462036,-3.2402455806732178,1.086355447769165,0.07432953364266126,0.02826482868082278,0.012082604641747707
-33.18664266756843,-0.07177555969257213,74.32941752944787,-2.119629144668579,-3.24074125289917,1.0875259637832642,0.09532212005669294,0.07177555969257213,0.008565057219186656
-33.18890687527829,0.004334488134099524,74.34447126637858,-2.1183600425720215,-3.240696907043457,1.0862681865692139,0.09758632776655674,0.004334488134099524,0.02361879414989687

Errors:
rotation,[19.06591627476926, 18.94887887309815, 19.36247391100699, 16.914538952492062, 10.411494401514007, 3.310443237526675, 0.9166386765854683, 0.28852896497773284, 0.2780380659716378, 0.10671126332426663, 0.15616809217300864, 0.20926456475948574, 0.19591843505657153, 0.12931325457613274, 0.19711009563104823, 0.18367697530825017, 0.15047223302469181, 0.17405246107995254, 0.11371042005183582, 0.23221831902725942, 0.1893713068077648, 0.10935294132287172, 0.14544357683553913, 0.2401078381997079, 0.1324576227319062, 0.09965172876098066, 0.20018013905675383, 0.1267501946444599, 0.08166342443405977, 0.2261404274923983, 0.2656684616646756, 0.16629181138267024, 0.2621922741773126, 0.11467696696523175, 0.17566273696845172, 0.12553961005055314]
translation,[0.03326186669987141, 0.037270137389501024, 0.02856150009094449, 0.03961480987025556, 0.029190782459597386, 0.02015274744095663, 0.006826022945399579, 0.002824708561744771, 0.007546374871702177, 0.009641248403355895, 0.009891407795805662, 0.008703850728713824, 0.007839527591436024, 0.01060547265960654, 0.011946473301451377, 0.009905167979900042, 0.010712345596977535, 0.011170905890171667, 0.010613818977462053, 0.010135329505192914, 0.009832897560481335, 0.010204767297922857, 0.008922313415729022, 0.010783964241301902, 0.012821704431107861, 0.011653798339914978, 0.009036276491075412, 0.009191924294176701, 0.009224317961179729, 0.00973773728915539, 0.009983834633651156, 0.011223535441025057, 0.011363517028443404, 0.010705861577108955, 0.008947469652916595, 0.009991816510662943]
loss,
[0.21591603755950928, 0.2112704962491989, 0.15932747721672058, 0.1109488233923912, 0.06930418312549591, 0.021952804177999496, 0.0038045994006097317, 0.0016871211118996143, 0.0022006211802363396, 0.0014755739830434322, 0.0019589571747928858, 0.002267957665026188, 0.0032862923108041286, 0.001731937751173973, 0.001970585435628891, 0.0021704952232539654, 0.0018280952936038375, 0.0011241185711696744, 0.0025267621967941523, 0.001742734108120203, 0.0017603442538529634, 0.00215440196916461, 0.0016836849972605705, 0.0016026226803660393, 0.0018963817274197936, 0.0020155913662165403, 0.0024755203630775213, 0.002111242152750492, 0.0016662885900586843, 0.0015398518880829215, 0.0018245255341753364, 0.0013167776633054018, 0.0023555723018944263, 0.002711344975978136, 0.0020751450210809708, 0.0016633181367069483]

2022-04-21 02:52:06.109075