2022-04-21 02:52:10.057054

reference phi, theta, psi, translation: 175.36684180812657, -0.0, 39.4597479484966, 0.2069414258003235, 2.553555727005005, 3.112318754196167

phi,theta,psi,rot_x,rot_y,rot_z,phi_err,theta_err,psi_err
-174.60268024378553,2.426304892454245,32.24175771288345,-0.3459881842136383,2.1274664402008057,3.6064906120300293,10.030477948087878,2.426304892454245,7.217990235613151
-173.7726073539539,1.3514204395290814,33.350621849162096,-0.3324233591556549,2.2051918506622314,3.547666549682617,10.860550837919504,1.3514204395290814,6.109126099334503
-174.5513718627404,1.3442427317008068,35.29306959250578,-0.33390894532203674,2.31207537651062,3.4538280963897705,10.081786329133024,1.3442427317008068,4.166678355990818
-175.35264867503128,1.1835647934684157,36.26272764331039,-0.28732791543006897,2.3704118728637695,3.4055824279785156,9.28050951684213,1.1835647934684157,3.197020305186207
-176.25378285298774,-0.05532257468292757,38.99598151894732,-0.19687120616436005,2.5312511920928955,3.263657808303833,8.379375338885666,0.05532257468292757,0.46376642954928116
-177.79512432222785,-0.02150009944383302,38.30970460171195,-0.12539862096309662,2.4898014068603516,3.2726385593414307,6.838033869645585,0.02150009944383302,1.1500433467846491
-179.41629704248703,-1.0614219043165491,38.537293335045945,0.010444767773151398,2.504085063934326,3.234221935272217,5.216861149386432,1.0614219043165491,0.9224546134506539
175.36686912888325,-0.18711644962917423,39.98315217478385,0.23007957637310028,2.589456558227539,3.088716983795166,2.7320756686322056e-05,0.18711644962917423,0.5234042262872478
175.3076787095359,0.5507695649281832,38.954238817834785,0.17802390456199646,2.531738758087158,3.1431405544281006,0.05916309859065905,0.5507695649281832,0.5055091306618138
175.29818474658958,-0.11256313508131612,39.59425144872708,0.2170303612947464,2.558821201324463,3.1057138442993164,0.0686570615369817,0.11256313508131612,0.13450350023047974
175.32834686196438,0.03141313917543594,39.58758859919173,0.20918281376361847,2.556300640106201,3.1029412746429443,0.038494946162188626,0.03141313917543594,0.12784065069513417
175.41063698108468,0.07711863019062941,39.50287376291606,0.20081211626529694,2.5533556938171387,3.1081507205963135,0.04379517295811297,0.07711863019062941,0.043125814419461506
175.3563779583181,0.007624082905081317,39.582790391299795,0.20746052265167236,2.5565528869628906,3.1035730838775635,0.010463849808473924,0.007624082905081317,0.12304244280319665
175.37040716687332,0.06195871621211976,39.45063306104922,0.20536549389362335,2.549807071685791,3.110755443572998,0.0035653587467550096,0.06195871621211976,0.009114887447381648
175.3489057313661,-0.10947652056758962,39.594913977076565,0.213732048869133,2.5551860332489014,3.1013131141662598,0.017936076760463493,0.10947652056758962,0.13516602857996673
175.47137102318445,0.12087363682245339,39.50548631027359,0.19673916697502136,2.5538337230682373,3.1075944900512695,0.10452921505788026,0.12087363682245339,0.045738361776990644
175.3722513179492,-0.055272941849768414,39.46363774122892,0.21018242835998535,2.549636125564575,3.1100659370422363,0.005409509822641212,0.055272941849768414,0.0038897927323233716
175.3435781838135,0.05104819611291696,39.48070638396479,0.20724131166934967,2.5513763427734375,3.108783721923828,0.02326362431307416,0.05104819611291696,0.020958435468187986
175.4709065703209,0.06439964854770362,39.53482880294796,0.20065274834632874,2.5555572509765625,3.106229782104492,0.10406476219432648,0.06439964854770362,0.07508085445136459
175.3951461120471,0.07979500814935905,39.41571713401211,0.2016162872314453,2.5475544929504395,3.1126484870910645,0.02830430392052108,0.07979500814935905,0.044030814484486314
175.37779743155528,-0.03407559003794577,39.49705102664863,0.2090047001838684,2.5508553981781006,3.1085376739501953,0.010955623428714034,0.03407559003794577,0.03730307815202849
175.36428731737698,-0.00702859561214249,39.54879653980064,0.20835429430007935,2.5537688732147217,3.105374574661255,0.0025544907495884672,0.00702859561214249,0.08904859130404219
175.37954595998278,0.019506230749770325,39.47326489286406,0.20633162558078766,2.5493721961975098,3.108504056930542,0.01270415185621232,0.019506230749770325,0.013516944367459871
175.44850354984322,0.07207432465416469,39.52367851912792,0.20009683072566986,2.5543203353881836,3.107182502746582,0.0816617417166583,0.07207432465416469,0.0639305706313209
175.3440562970554,0.08324346151488306,39.41998941733796,0.20333194732666016,2.54830265045166,3.111431360244751,0.022785511071163,0.08324346151488306,0.0397585311586397
175.38393094142992,0.013801404600031634,39.54777201142514,0.2064105123281479,2.554065465927124,3.1053848266601562,0.01708913330335804,0.013801404600031634,0.08802406292853959
175.34584580661794,0.005739896437228492,39.49788089463278,0.20859721302986145,2.5515189170837402,3.1074042320251465,0.02099600150862102,0.005739896437228492,0.038132946136180124
175.35008052390336,-0.036541836494413914,39.51253506549705,0.21156129240989685,2.551154136657715,3.1051058769226074,0.01676128422320744,0.036541836494413914,0.0527871170004488
175.39984528219605,0.08661558148479646,39.57341254156937,0.20218288898468018,2.555368661880493,3.103806495666504,0.03300347406948845,0.08661558148479646,0.11366459307276955
175.4251443028818,0.05894176000135924,39.491108762070716,0.2015361189842224,2.5520029067993164,3.1081206798553467,0.05830249475522464,0.05894176000135924,0.031360813574117685
175.36868595920248,0.09624847105897531,39.47689172331333,0.20237547159194946,2.551830768585205,3.109957218170166,0.001844151075914624,0.09624847105897531,0.017143774816730684
175.39011909281797,0.04238277956460127,39.53846246358641,0.20446884632110596,2.5543580055236816,3.106390953063965,0.02327728469140311,0.04238277956460127,0.07871451508981409
175.38520135661557,0.007772204818521536,39.53173472725395,0.20692144334316254,2.5536577701568604,3.1047751903533936,0.01835954848900201,0.007772204818521536,0.07198677875734916
175.3748467898338,0.04687392737695673,39.455212702887714,0.20496781170368195,2.549248695373535,3.1098906993865967,0.008004981707244951,0.04687392737695673,0.0045352456088849635
175.3776335070152,0.006299489001663385,39.5612650501305,0.2076941877603531,2.5550291538238525,3.104841709136963,0.010791698888624524,0.006299489001663385,0.10151710163390248
175.3746418841587,-0.027606467858576646,39.550217219148,0.21008996665477753,2.5544018745422363,3.1043331623077393,0.0078000760321401685,0.027606467858576646,0.09046927065140409

Errors:
rotation,[19.674773076155276, 18.321097376783086, 15.592707416824648, 13.661094615496753, 8.898464343117874, 8.009577315874068, 7.200737667153635, 0.7105479966731083, 1.115441794180656, 0.31572369684877755, 0.19774873603275875, 0.1640396175682039, 0.1411303755167519, 0.07463896240625642, 0.26257862590801984, 0.2711412136573243, 0.064572244404733, 0.0952702558941791, 0.2435452651933947, 0.15213012655436645, 0.0823342916186883, 0.09863167766577315, 0.04572732697344252, 0.2176666370021439, 0.14578750374468574, 0.11891460083192926, 0.06486884408202964, 0.10609023771807016, 0.23328364862705447, 0.14860506833070158, 0.11523639695162062, 0.14437457934581846, 0.0981185320648727, 0.05941415469308665, 0.11860828952419039, 0.1258758145421209]
translation,[0.170370405351016, 0.15925472617268444, 0.13853737509964326, 0.1281260869088685, 0.10377784016752045, 0.08287153603982933, 0.05919421825233684, 0.005998180154302979, 0.008763025782267064, 0.0012247849334379168, 0.005377350120465252, 0.00365422190825182, 0.004819300051246422, 0.0036618183023113815, 0.00710098504083323, 0.003981389044838579, 0.004054064066602692, 0.0040943820325214375, 0.0037478125938346096, 0.0038141368437969447, 0.004523223639784746, 0.005150907756145351, 0.005626523690800411, 0.0038252364636095493, 0.004195083300336577, 0.005054981052216689, 0.004998845211016345, 0.006849002749539146, 0.005659702935689737, 0.004498748181899437, 0.003147944550882187, 0.004192389668722818, 0.005757606731441101, 0.0047035061526141675, 0.004796391787087906, 0.005462285805702294]
loss,
[0.12980102002620697, 0.11972342431545258, 0.10469090938568115, 0.10439224541187286, 0.10509952157735825, 0.10008041560649872, 0.09492822736501694, 0.018192902207374573, 0.007729310542345047, 0.002254841849207878, 0.0019489768892526627, 0.0016644105780869722, 0.0018240332137793303, 0.001611337880603969, 0.0025607775896787643, 0.0015727905556559563, 0.001551977125927806, 0.002158507239073515, 0.0020423871465027332, 0.002106824889779091, 0.0024781899992376566, 0.002903540385887027, 0.002205038908869028, 0.0013808510266244411, 0.0020687084179371595, 0.0015726378187537193, 0.0017132855718955398, 0.0020515411160886288, 0.002165076555684209, 0.002260588575154543, 0.0019044398795813322, 0.0020216749981045723, 0.0018311914755031466, 0.002138646086677909, 0.0018497410928830504, 0.0017789816483855247]

2022-04-21 02:56:42.902951