2022-04-27 02:01:58.733951

reference phi, theta, psi, translation: -33.091320547511735, -0.0, 74.32085247222868, -2.1190009117126465, -3.251617431640625, 1.089412808418274

phi,theta,psi,rot_x,rot_y,rot_z,phi_err,theta_err,psi_err
-22.822884158753556,1.294954214858955,81.82337814338081,-1.5357718467712402,-3.6827800273895264,0.7731812596321106,10.268436388758179,1.294954214858955,7.502525671152128
-23.608794752959195,1.8203337113107714,82.03646638510686,-1.5763481855392456,-3.674058437347412,0.7528536319732666,9.48252579455254,1.8203337113107714,7.715613912878183
-28.124649454793996,5.914343224611005,83.03065506031558,-1.7773675918579102,-3.61482572555542,0.6904811263084412,4.966671092717739,5.914343224611005,8.709802588086902
-31.435809051200287,6.161185335730397,82.24356455093081,-1.9739134311676025,-3.497971773147583,0.7266423106193542,1.6555114963114477,6.161185335730397,7.9227120787021335
-35.41507043146054,6.629859111524343,81.57236186119367,-2.200220823287964,-3.344773769378662,0.755761444568634,2.323749883948807,6.629859111524343,7.25150938896499
-39.97476128738849,9.60823466344893,81.8316699930332,-2.4468021392822266,-3.20656681060791,0.6787257790565491,6.883440739876754,9.60823466344893,7.5108175208045225
-42.113850176936836,14.554977401196945,81.20918704264575,-2.5718040466308594,-3.106220006942749,0.6594971418380737,9.022529629425101,14.554977401196945,6.888334570417072
-40.671283488378876,11.74878852439681,80.27840984369143,-2.5069780349731445,-3.132059097290039,0.7311182022094727,7.579962940867141,11.74878852439681,5.957557371462755
-42.268656414475174,12.330726482862433,79.53121446924871,-2.572688579559326,-3.0433902740478516,0.7943302989006042,9.177335866963439,12.330726482862433,5.21036199702003
-42.802534735854636,12.830329039303525,77.61230697287948,-2.54227876663208,-3.024858236312866,0.9221965074539185,9.7112141883429,12.830329039303525,3.2914545006508007
-44.03933514547679,12.962653491031416,75.98125096889126,-2.558638572692871,-2.988335609436035,1.010062336921692,10.948014597965056,12.962653491031416,1.6603984966625802
-46.44964401677718,12.337535986609474,73.90212772516105,-2.630628824234009,-2.8751161098480225,1.1483079195022583,13.358323469265443,12.337535986609474,0.4187247470676283
-45.75089517411736,9.80235451381088,72.92713871170923,-2.6090078353881836,-2.859105348587036,1.2343602180480957,12.659574626605625,9.80235451381088,1.3937137605194465
-47.72628491982801,9.194124405923384,71.71501236046375,-2.6769704818725586,-2.7649173736572266,1.3110203742980957,14.634964372316276,9.194124405923384,2.605840111764934
-49.37065979269775,9.04098810689918,71.3176797658766,-2.7507495880126953,-2.678030252456665,1.3328418731689453,16.279339245186016,9.04098810689918,3.003172706352075
-49.066958846347724,8.04646883407133,71.71101669979929,-2.7696945667266846,-2.6608693599700928,1.31434965133667,15.975638298835989,8.04646883407133,2.609835772429392
-50.010549480184984,7.722049408772703,70.8487941095444,-2.7896463871002197,-2.601257085800171,1.3697112798690796,16.91922893267325,7.722049408772703,3.4720583626842796
-49.97378940207197,7.642308174685827,70.49686178237032,-2.778787136077881,-2.5955166816711426,1.3914293050765991,16.882468854560237,7.642308174685827,3.8239906898583627
-49.17152904254062,7.524848847910674,70.64022062285972,-2.7439558506011963,-2.631269931793213,1.3836281299591064,16.080208495028884,7.524848847910674,3.6806318493689645
-48.155343743109874,6.896448052558822,71.07873925814205,-2.7160308361053467,-2.661389112472534,1.3646546602249146,15.06402319559814,6.896448052558822,3.242113214086629
-49.857088789913135,7.416859318157531,70.54405155934593,-2.7765328884124756,-2.5848124027252197,1.3876807689666748,16.7657682424014,7.416859318157531,3.7768009128827487
-50.54789753766281,7.411606641284678,71.119474506352,-2.819518804550171,-2.562901735305786,1.3469682931900024,17.456576990151078,7.411606641284678,3.2013779658766737
-50.347352938347484,7.736320257333367,71.11836118551729,-2.7978098392486572,-2.582782030105591,1.3482582569122314,17.25603239083575,7.736320257333367,3.2024912867113926
-49.42608677781241,7.599147394563229,70.96920351442255,-2.752117395401001,-2.620009183883667,1.3565289974212646,16.334766230300673,7.599147394563229,3.351648957806134
-48.90234445716124,7.389328766683776,71.0491850296034,-2.72875714302063,-2.6366093158721924,1.3537431955337524,15.811023909649506,7.389328766683776,3.2716674426252865
-49.61980801814689,7.570085725431619,70.80836621984709,-2.747286319732666,-2.5957837104797363,1.3641363382339478,16.528487470635156,7.570085725431619,3.512486252381592
-49.36100190521135,7.300918862132204,70.71800281712783,-2.7380259037017822,-2.5949490070343018,1.3704829216003418,16.269681357699618,7.300918862132204,3.6028496551008544
-49.43129479705454,7.198739097477643,71.14219854572063,-2.746525764465332,-2.5893895626068115,1.3453227281570435,16.339974249542806,7.198739097477643,3.178653926508048
-50.03210214211096,7.365951672841163,71.0876116738739,-2.7697036266326904,-2.5657615661621094,1.3410987854003906,16.940781594599223,7.365951672841163,3.2332407983547853
-49.81020637145017,7.266953402962339,71.1758713783288,-2.7585604190826416,-2.577768564224243,1.336763620376587,16.718885823938436,7.266953402962339,3.1449810938998866
-50.00639331007503,7.552133326298956,71.02639951853223,-2.7600831985473633,-2.5686936378479004,1.3431428670883179,16.915072762563298,7.552133326298956,3.2944529536964495
-49.61264997989672,7.463659891569546,71.28690976366569,-2.744518280029297,-2.58595609664917,1.3290040493011475,16.521329432384988,7.463659891569546,3.0339427085629893
-50.032645142149974,7.486438069650582,71.42761849075713,-2.7659482955932617,-2.5702977180480957,1.3155131340026855,16.94132459463824,7.486438069650582,2.8932339814715533
-50.38805403561159,7.6824193011771165,71.50488842083747,-2.7840654850006104,-2.556382894515991,1.309061884880066,17.296733488099854,7.6824193011771165,2.815964051391205
-49.95590796682488,7.426868598767163,71.41220958398958,-2.7656748294830322,-2.572737455368042,1.3174710273742676,16.864587419313146,7.426868598767163,2.9086428882391004
-50.18843834202338,7.647437026755624,71.40417045133647,-2.7717766761779785,-2.566372871398926,1.3174697160720825,17.097117794511647,7.647437026755624,2.9166820208922104

Errors:
rotation,[19.06591627476926, 19.018473418741493, 19.590816905415647, 15.739408910743979, 16.20511838443814, 24.00249292413021, 30.465841601039116, 25.286308836726704, 26.7184243468459, 25.832997728297226, 25.571066585659054, 26.114584202942545, 23.85564290093595, 26.434928890004592, 28.32350005843727, 26.63194290533671, 28.113336704130234, 28.348767719104426, 27.285689192308524, 25.20258446224359, 27.95942847344168, 28.06956159731243, 28.19484393488051, 27.285562582670035, 26.472020118958568, 27.611059448448366, 27.173449874932675, 26.717367273528495, 27.53997406579517, 27.130820320800662, 27.761659042558705, 27.018932032517522, 27.320996645760374, 27.795116840668175, 27.20009890631941, 27.661236842159482]
translation,[0.03326186669987141, 0.03708529571113939, 0.0557726051150782, 0.05055567283946427, 0.04313885596496281, 0.05905193294088473, 0.05515479181826688, 0.046770807967595474, 0.03235613875919263, 0.02638194109135128, 0.030521766176425658, 0.03151935982628373, 0.03151181466044761, 0.034546027270852875, 0.032728373173344316, 0.02829814079109827, 0.021619985983489798, 0.017875848753471146, 0.014523225264981399, 0.00893261019341729, 0.008183802458836986, 0.010216708883995729, 0.008215402349759593, 0.0035666718470839243, 0.002426376137820263, 0.012852863955964189, 0.0175558290061808, 0.023856200846275932, 0.0245174006410096, 0.02594694479369153, 0.02859492873824898, 0.03290423787259167, 0.03269491885672693, 0.031159361516122086, 0.03067088287677855, 0.03053628483650428]
loss,
[0.1638769507408142, 0.158429816365242, 0.13897812366485596, 0.13220547139644623, 0.1303955316543579, 0.11181961745023727, 0.09667772054672241, 0.09372101724147797, 0.10115458816289902, 0.1000915989279747, 0.0934041291475296, 0.08997911214828491, 0.09914527833461761, 0.08559038490056992, 0.09615062922239304, 0.09209796041250229, 0.09102806448936462, 0.08409133553504944, 0.08711250871419907, 0.08894610404968262, 0.08781968057155609, 0.0872465968132019, 0.08009979128837585, 0.08122482895851135, 0.083430215716362, 0.08419033139944077, 0.07999561727046967, 0.08328023552894592, 0.08022411912679672, 0.08315908163785934, 0.09006522595882416, 0.08585363626480103, 0.08703036606311798, 0.08830045163631439, 0.08471876382827759, 0.08358588814735413]

2022-04-27 02:06:24.349071