2022-04-27 01:57:27.367046

reference phi, theta, psi, translation: -86.91639066027085, -0.0, 34.793557367935236, -2.296917200088501, -0.12373751401901245, 3.3104169368743896

phi,theta,psi,rot_x,rot_y,rot_z,phi_err,theta_err,psi_err
-76.53055527251121,6.8177051513072,38.18892636661862,-2.336111545562744,-0.9462913274765015,3.345968008041382,10.385835387759641,6.8177051513072,3.395368998683381
-75.52714584192297,6.108365680275122,38.67280087308441,-2.362257957458496,-0.9514912366867065,3.3326456546783447,11.389244818347876,6.108365680275122,3.8792435051491765
-74.12942276036073,5.120650248740947,39.477250308244756,-2.39520001411438,-0.9712098240852356,3.309353828430176,12.786967899910124,5.120650248740947,4.68369294030952
-73.74726001592018,5.477833599213182,39.69102156888782,-2.3872690200805664,-0.9991036653518677,3.3153719902038574,13.169130644350673,5.477833599213182,4.897464200952584
-73.13257714156488,5.6716251844323375,39.63318694209073,-2.37288761138916,-1.0435409545898438,3.306382656097412,13.78381351870597,5.6716251844323375,4.839629574155495
-71.79800598906857,5.8666178508978675,40.06962919986538,-2.3569936752319336,-1.1223796606063843,3.2911617755889893,15.118384671202278,5.8666178508978675,5.276071831930146
-71.1567605090311,6.304371516144475,40.11586616545178,-2.3362374305725098,-1.172993540763855,3.2789993286132812,15.759630151239747,6.304371516144475,5.322308797516541
-70.86520022393077,6.633090305779573,39.753818328116914,-2.301114559173584,-1.1914647817611694,3.287405014038086,16.05119043634008,6.633090305779573,4.960260960181678
-69.70443006505461,7.368999475043413,39.48985200726343,-2.241905927658081,-1.2699581384658813,3.286609411239624,17.21196059521624,7.368999475043413,4.696294639328194
-70.20405840284104,8.989012353453074,39.492181101770406,-2.2205169200897217,-1.3377872705459595,3.268836259841919,16.712332257429807,8.989012353453074,4.69862373383517
-68.88721842143009,8.760360677647673,39.54633425660485,-2.1989388465881348,-1.3689829111099243,3.270798683166504,18.029172238840758,8.760360677647673,4.752776888669615
-70.3346926009067,8.677249993878462,39.19298125008341,-2.2138242721557617,-1.3010810613632202,3.282184362411499,16.581698059364143,8.677249993878462,4.399423882148177
-69.82646505495522,8.58012142491794,39.30870514519094,-2.216982364654541,-1.3176980018615723,3.268836259841919,17.089925605315628,8.58012142491794,4.515147777255706
-69.09958266310413,8.856683188720117,39.491750799852696,-2.194368839263916,-1.3637607097625732,3.2620279788970947,17.81680799716672,8.856683188720117,4.69819343191746
-70.92785354918729,8.626731731220218,38.804633769349415,-2.208340883255005,-1.272236943244934,3.296327590942383,15.98853711108356,8.626731731220218,4.011076401414179
-70.60839194132745,9.098495406441668,38.726086593894266,-2.183824300765991,-1.3096880912780762,3.2942147254943848,16.307998718943395,9.098495406441668,3.93252922595903
-70.1383110018905,9.242280465925312,38.75866659623523,-2.172001838684082,-1.3367035388946533,3.2839579582214355,16.77807965838035,9.242280465925312,3.965109228299994
-68.99825680676699,9.13726464664144,38.95226147807007,-2.154468059539795,-1.3726445436477661,3.277233123779297,17.91813385350386,9.13726464664144,4.158704110134835
-69.37481196589896,9.372657139889686,38.344504415533166,-2.1257946491241455,-1.3644150495529175,3.2951717376708984,17.541578694371893,9.372657139889686,3.55094704759793
-70.19004285466417,9.160946220401708,37.89634838333195,-2.1257636547088623,-1.3143483400344849,3.3157663345336914,16.72634780560668,9.160946220401708,3.1027910153967113
-69.90286072082182,9.286230352377023,37.35222477819747,-2.074530839920044,-1.3242557048797607,3.335362434387207,17.01352993944903,9.286230352377023,2.558667410262231
-69.39062385382755,9.313388680036432,37.30978198269501,-2.0536341667175293,-1.3413302898406982,3.3361475467681885,17.5257668064433,9.313388680036432,2.5162246147597713
-68.22858327976576,9.1733327555056,37.55298794356624,-2.043217182159424,-1.3706445693969727,3.3187735080718994,18.68780738050509,9.1733327555056,2.7594305756310007
-68.1435269340316,9.005755098455586,37.37735645924853,-2.036377191543579,-1.3569774627685547,3.3295698165893555,18.77286372623925,9.005755098455586,2.5837990913132955
-68.61435236408808,9.016171982283193,37.086998287442114,-2.0333361625671387,-1.3339123725891113,3.338526964187622,18.302038296182772,9.016171982283193,2.293440919506878
-69.35393207760623,9.442724634464163,36.70573371287742,-2.020015239715576,-1.3322502374649048,3.3450562953948975,17.56245858266462,9.442724634464163,1.912176344942182
-69.71992776428137,9.375001630760249,36.66636791759605,-2.0298521518707275,-1.3167669773101807,3.345442771911621,17.196462895989484,9.375001630760249,1.8728105496608123
-69.77514984372092,9.239414219451557,36.815108947151415,-2.040982961654663,-1.3107844591140747,3.3394381999969482,17.141240816549924,9.239414219451557,2.0215515792161796
-70.07141612915939,9.088044381913265,36.652987577012,-2.0390076637268066,-1.2881332635879517,3.349961519241333,16.84497453111146,9.088044381913265,1.8594302090767627
-69.79286052423876,8.881219506217526,36.4159014656371,-2.0211079120635986,-1.2804008722305298,3.3622350692749023,17.123530136032088,8.881219506217526,1.6223440977018626
-69.83147158361685,9.010982803205973,36.276070417854015,-2.007502794265747,-1.2845975160598755,3.3677878379821777,17.084919076654003,9.010982803205973,1.4825130499187793
-69.31867464111063,9.175404990741479,36.177449316428195,-1.9836920499801636,-1.3045654296875,3.370244264602661,17.597716019160217,9.175404990741479,1.383891948492959
-68.88305883622556,9.302916249609918,36.30234615559105,-1.9763327836990356,-1.3281461000442505,3.3621609210968018,18.03333182404529,9.302916249609918,1.508788787655817
-69.07476858584947,9.058718471941285,36.079367799946816,-1.9727786779403687,-1.3045285940170288,3.3746683597564697,17.84162207442138,9.058718471941285,1.28581043201158
-69.41568381789232,9.190489174592464,36.13249984150035,-1.9833900928497314,-1.3026906251907349,3.3723158836364746,17.500706842378534,9.190489174592464,1.3389424735651119
-69.52194107081021,9.250764598409237,36.242114132395294,-1.9896568059921265,-1.3047817945480347,3.3697409629821777,17.394449589460635,9.250764598409237,1.4485567644600579

Errors:
rotation,[20.598909537750224, 21.376854003772173, 22.59131108896059, 23.544428444516438, 24.2950682772938, 26.261074354030292, 27.386310464900763, 27.644541702301332, 29.277254709587847, 30.39996834471805, 31.542309805158048, 29.658371935390782, 30.185194807489275, 31.3716846178043, 28.626345243717957, 29.339023351344093, 29.985469352605655, 31.214102610280136, 30.46518288185951, 28.9900850414051, 28.858427702088285, 29.355380101239504, 30.62057071164169, 30.362417916008134, 29.611651197972844, 28.917359562070963, 28.444275076410545, 28.40220661521766, 27.792449122101488, 27.627093739951476, 27.578414929778756, 28.157012958394652, 28.845036861311026, 28.186150978374243, 28.03013849053611, 28.09377095232993]
translation,[0.1579505536533441, 0.1631678967870922, 0.16792512691559125, 0.17469483281529286, 0.1702684792195983, 0.16969262085282732, 0.1624085213774471, 0.15476987984485113, 0.14508201557641076, 0.14088032750345558, 0.14110918223406177, 0.13619210416948757, 0.13259895486568585, 0.13011186899726468, 0.13554029851806781, 0.13255005702103517, 0.12684519028522256, 0.12412595814564398, 0.1208330969289042, 0.12106201388907412, 0.11398560642511768, 0.10969964216324168, 0.1001736683015011, 0.10097170238033648, 0.09919079491056948, 0.09740040314632648, 0.09757097947856064, 0.09629343884540553, 0.09671340094981051, 0.09548333891885452, 0.09467447538852358, 0.09142756847650801, 0.08882130811327649, 0.08979786787127342, 0.09238342175632219, 0.09395827701982196]
loss,
[0.11840234696865082, 0.11593984067440033, 0.10734732449054718, 0.10053713619709015, 0.10068832337856293, 0.10185360908508301, 0.09875456988811493, 0.10451480001211166, 0.1052509993314743, 0.11196591705083847, 0.10126297175884247, 0.10339544713497162, 0.09104498475790024, 0.09766940772533417, 0.10019102692604065, 0.0993502140045166, 0.10684468597173691, 0.10638654232025146, 0.10461579263210297, 0.10413613170385361, 0.1016746386885643, 0.10610471665859222, 0.10618995875120163, 0.09590010344982147, 0.09867367148399353, 0.09993918985128403, 0.11231573671102524, 0.10142048448324203, 0.10389429330825806, 0.09549465775489807, 0.09984563291072845, 0.10002981126308441, 0.10160433501005173, 0.09732674062252045, 0.10181595385074615, 0.09857700765132904]

2022-04-27 02:01:55.164374