2022-04-27 02:52:05.396692

reference phi, theta, psi, translation: 164.57178246643477, -4.268868188959204e-07, 11.003265705708584, 0.2046843022108078, 0.7416750192642212, 3.957021951675415

phi,theta,psi,rot_x,rot_y,rot_z,phi_err,theta_err,psi_err
174.68706040079186,1.035587752499106,3.46078983121423,-0.0498787984251976,0.24902896583080292,4.223120212554932,10.115277934357096,1.035588179385925,7.542475874494354
174.3820514732158,0.9300718344733154,3.6384801906798736,-0.04608678072690964,0.2647438049316406,4.226500988006592,9.810269006781027,0.9300722613601343,7.364785515028711
173.5903232653846,-0.19299242066049613,4.957213415151385,0.03289178013801575,0.3573821485042572,4.235667705535889,9.018540798949829,0.19299199377367723,6.046052290557199
172.23595139448443,-2.173915331766178,6.937796239065363,0.18209201097488403,0.4771926999092102,4.214383125305176,7.664168928049662,2.1739149048793593,4.065469466643221
170.69195981184635,-4.250173400364419,8.338524603862409,0.36167246103286743,0.556951105594635,4.178175926208496,6.120177345411577,4.2501729734776,2.6647411018461753
167.53340713206566,-5.297667526885654,9.907586395849002,0.49934664368629456,0.6523492336273193,4.127135276794434,2.961624665630893,5.297667099998835,1.095679309859582
163.8067193171233,-5.85934345827119,12.101398761027493,0.652951717376709,0.7583107352256775,4.0649895668029785,0.7650631493114588,5.859343031384371,1.0981330553189093
164.2998862959549,-5.480714944097094,11.274035748749046,0.593833327293396,0.6704745888710022,4.057847023010254,0.27189617047986303,5.4807145172102745,0.2707700430404625
164.20685911945932,-3.310339074425887,11.837069586374353,0.4542958736419678,0.7473607659339905,4.006744861602783,0.36492334697544493,3.3103386475390684,0.8338038806657693
164.7055039100053,-0.8789493793186485,11.075274682580735,0.26484987139701843,0.7367294430732727,3.972646474838257,0.13372144357052207,0.8789489524318296,0.07200897687215146
164.6151678280427,0.0973879398195537,11.027185881955615,0.2010861039161682,0.7451334595680237,3.9564449787139893,0.04338536160793183,0.09738836670637259,0.023920176247031577
164.4758183085961,-0.08938967353190579,11.330202955614999,0.2211826592683792,0.7629716396331787,3.9515111446380615,0.09596415783866519,0.08938924664508689,0.3269372499064147
164.61079650697388,-0.3119344038192575,11.463950012394896,0.2352781444787979,0.7675650119781494,3.9443700313568115,0.03901404053911506,0.31193397693243863,0.46068430668631244
164.68889288994382,-0.3749249495793206,11.432559316743165,0.23775286972522736,0.7643078565597534,3.944417715072632,0.11711042350904677,0.3749245226925017,0.42929361103458064
164.50384940494982,-0.21505793743931031,11.29139552829828,0.226369708776474,0.7553455829620361,3.942995071411133,0.06793306148495049,0.21505751055249142,0.28812982258969555
164.50501053710872,-0.3637349056258105,11.33716377215289,0.2375054955482483,0.7573301196098328,3.944457769393921,0.0667719293260518,0.3637344787389916,0.33389806644430564
164.5437786908377,-0.3073049447728832,11.190742445594386,0.23104989528656006,0.75108802318573,3.9542267322540283,0.0280037755970568,0.30730451788606433,0.1874767398858026
164.56473371121132,-0.28912678401762903,11.08662133433942,0.22921103239059448,0.7437831163406372,3.9616539478302,0.007048755223451053,0.28912635713081014,0.08335562863083545
164.5670832962858,-0.2755420653945231,11.272337592966652,0.22965241968631744,0.7569156885147095,3.952294111251831,0.004699170148967369,0.2755416385077042,0.2690718872580682
164.61538639409613,-0.39799153384996283,11.403034970282137,0.23980572819709778,0.7618721127510071,3.944101333618164,0.04360392766136556,0.39799110696314394,0.39976926457355333
164.61184835610607,-0.40940846642265877,11.236209307351869,0.23755094408988953,0.7501069903373718,3.9539427757263184,0.04006588967129687,0.4094080395358399,0.2329436016432851
164.53593763367056,-0.3315786233017279,11.36911283576927,0.23579417169094086,0.7620144486427307,3.9515767097473145,0.03584483276421224,0.331578196414909,0.36584713006068625
164.67422164360661,-0.2759710796432896,11.080754201842378,0.22505350410938263,0.7431204319000244,3.9557974338531494,0.10243917717184559,0.2759706527564707,0.07748849613379427
164.4522678163379,-0.24020446226188255,11.352234584556522,0.2305898219347,0.7610514163970947,3.9499566555023193,0.11951465009687468,0.24020403537506366,0.3489688788479377
164.570184202169,-0.31570382751787507,11.26143234218308,0.23235087096691132,0.7531492710113525,3.949542284011841,0.0015982642657661472,0.3157034006310562,0.25816663647449545
164.51966812306756,-0.2759981060187607,11.492945019195247,0.23447638750076294,0.7689090967178345,3.9447968006134033,0.052114343367207994,0.2759976791319418,0.48967931348666305
164.5900873734104,-0.22150124730258666,11.225160622595727,0.22473439574241638,0.752958357334137,3.9505245685577393,0.018304906975629365,0.22150082041576777,0.2218949168871429
164.54603265326384,-0.2939896134486233,11.192765035362356,0.2303362339735031,0.7513753175735474,3.9556832313537598,0.02574981317093261,0.2939891865618044,0.18949932965377236
164.64437371693367,-0.29597796832705436,11.227436783136634,0.22971296310424805,0.752772867679596,3.953162908554077,0.07259125049890258,0.29597754144023547,0.22417107742804987
164.5616601260848,-0.3547181132544994,11.2425229634659,0.23403266072273254,0.7517901062965393,3.947801113128662,0.010122340349965953,0.35471768636768053,0.2392572577573162
164.62201167759105,-0.25980995275210866,11.28718642422226,0.22804869711399078,0.7561374306678772,3.9508121013641357,0.0502292111562781,0.25980952586528977,0.2839207185136754
164.57041642860077,-0.32846269619563184,11.270718838133359,0.23416028916835785,0.7538585066795349,3.9499011039733887,0.001366037834003464,0.32846226930881295,0.26745313242477486
164.5046280465152,-0.3580531533206971,11.19677947904703,0.23598416149616241,0.7485672831535339,3.9506049156188965,0.06715441991957505,0.3580527264338782,0.19351377333844688
164.5769460894473,-0.3804880067819361,11.085320183302532,0.2330590784549713,0.7400329113006592,3.950059652328491,0.005163623012521157,0.3804875798951172,0.0820544775939478
164.54077340760293,-0.33919119048155594,11.462253564159795,0.23860476911067963,0.766331672668457,3.9461257457733154,0.031009058831841685,0.33919076359473704,0.45898785845121104
164.64259786774946,-0.32377114285016173,11.273853041188747,0.23290520906448364,0.7542915940284729,3.949655294418335,0.07081540131468955,0.32377071596334284,0.27058733548016356

Errors:
rotation,[18.693341988237375, 18.105126783169872, 15.257585083280706, 13.903553299572241, 13.035091420735352, 9.35497107548931, 7.722539236014739, 6.0233807307306, 4.509065875180283, 1.0846793728745032, 0.16469390456133598, 0.5122906543901669, 0.8116323241578661, 0.9213285572361292, 0.5711203946271375, 0.764404474509349, 0.5227850333689237, 0.37953074098509665, 0.5493126959147397, 0.8413642991980628, 0.6824175308504219, 0.7332701592398074, 0.45589832606211056, 0.708687564319876, 0.5754683013713178, 0.8177913359858129, 0.4617006442785401, 0.5092383293865094, 0.5927398693671879, 0.6040972844749627, 0.5939594555352432, 0.5972814395675913, 0.6187209196919001, 0.4677056805015862, 0.8291876808777898, 0.665173452758196]
translation,[0.19962134480110283, 0.20390638427465024, 0.21971628240226515, 0.21409141041367175, 0.19949227865460273, 0.17697663219164905, 0.15522049757897527, 0.12438510445313522, 0.06996086073197194, 0.017924782682957385, 0.00010963088833459977, 0.0005597339331888662, 0.005887692100451147, 0.006315361180286416, 0.010059351662803806, 0.0076099364996427, 0.0004249328735879132, 0.006253049786231202, 0.0004601813098705776, 0.006965481605935686, 0.0003416017288691009, 0.0001517140186422239, 0.0001501003049622085, 0.0019194875548871337, 0.003709752521351639, 0.005259781652674711, 0.0032142797651557586, 0.0018661979325562683, 0.00038058214339198315, 0.005573874459607886, 0.002150584445558046, 0.0031204088345937464, 0.0033105468698915175, 0.005593347376566804, 0.004206395847448086, 0.0033531397853172606]
loss,
[0.0992312952876091, 0.09642305225133896, 0.08883082121610641, 0.08431757986545563, 0.08064042776823044, 0.06021152064204216, 0.04278956353664398, 0.03627350926399231, 0.01571619138121605, 0.008890568278729916, 0.003805464133620262, 0.0038579225074499846, 0.002505555981770158, 0.002609314164146781, 0.0030652517452836037, 0.0017896357458084822, 0.0024673761799931526, 0.0030193496495485306, 0.002597165759652853, 0.0033859717659652233, 0.002372720977291465, 0.0028621102683246136, 0.0020846081897616386, 0.002775477943941951, 0.0018449038034304976, 0.0023127864114940166, 0.0020334075670689344, 0.0017933197086676955, 0.0033343899995088577, 0.0025224301498383284, 0.0033074719831347466, 0.002768987324088812, 0.0028851849492639303, 0.0031351852230727673, 0.0014904604759067297, 0.0034384550526738167]

2022-04-27 02:54:33.481034