2022-04-20 19:41:04.868148

reference phi, theta, psi, translation: -86.91639066027085, -0.0, 34.793557367935236, -2.296917200088501, -0.12373751401901245, 3.3104169368743896

phi,theta,psi,rot_x,rot_y,rot_z,phi_err,theta_err,psi_err
-76.53055527251121,6.8177051513072,38.18892636661862,-2.336111545562744,-0.9462913274765015,3.345968008041382,10.385835387759641,6.8177051513072,3.395368998683381
-75.03622599532831,5.707858294607043,37.990676710864406,-2.346895217895508,-0.9694697260856628,3.3299074172973633,11.88016466494254,5.707858294607043,3.19711934292917
-74.52185810931299,4.645562547208248,38.79412893840593,-2.453165292739868,-0.956032395362854,3.243358612060547,12.394532550957862,4.645562547208248,4.000571570470697
-76.43408568067395,5.4538441022459665,39.58173171197844,-2.5153558254241943,-0.904152512550354,3.1971311569213867,10.482304979596904,5.4538441022459665,4.788174344043206
-78.12147025474725,6.588883862668781,39.787740462629785,-2.529989242553711,-0.9093599319458008,3.1658084392547607,8.794920405523598,6.588883862668781,4.994183094694549
-79.76249833492369,6.783092904453928,40.418723583439316,-2.581242799758911,-0.8373660445213318,3.124385118484497,7.153892325347158,6.783092904453928,5.6251662155040805
-80.25682644591419,5.418035529556775,41.25631651154715,-2.6298084259033203,-0.7475517988204956,3.0831644535064697,6.659564214356664,5.418035529556775,6.462759143611912
-82.21465236017416,5.718626649497024,41.676864919123176,-2.666062116622925,-0.6807486414909363,3.042245864868164,4.701738300096693,5.718626649497024,6.88330755118794
-82.82571523426934,3.795173344178054,40.50675106146244,-2.623910665512085,-0.5310643911361694,3.0934970378875732,4.090675426001511,3.795173344178054,5.713193693527202
-84.43966844457584,1.4508112875459618,38.97647449867776,-2.548518180847168,-0.3300879895687103,3.14048433303833,2.4767222156950055,1.4508112875459618,4.182917130742524
-87.29513147993723,-0.3952933966611844,36.54737919206526,-2.3950436115264893,-0.09073864668607712,3.2285401821136475,0.3787408196663762,0.3952933966611844,1.7538218241300214
-86.8606904675894,-0.05965886448351457,34.30888714443113,-2.2588305473327637,-0.12132725119590759,3.3249526023864746,0.05570019268145643,0.05965886448351457,0.4846702235041036
-87.06438036901751,-0.0951422334186667,34.96462628588738,-2.300874948501587,-0.11370856314897537,3.2960779666900635,0.14798970874666395,0.0951422334186667,0.17106891795214096
-86.99239700535475,-0.06485972028867923,34.79055208470043,-2.289707660675049,-0.11668661236763,3.3004682064056396,0.07600634508389703,0.06485972028867923,0.0030052832348061997
-86.91792062264493,-0.02261488884193498,34.79839997205677,-2.291917562484741,-0.12355996668338776,3.3037407398223877,0.0015299623740787638,0.02261488884193498,0.004842604121535032
-86.96668817331883,-0.0604256430496945,34.694270323065346,-2.2846221923828125,-0.118241086602211,3.3057963848114014,0.05029751304797969,0.0604256430496945,0.09928704486988948
-86.99432311870069,-0.08171742915141338,34.90846847053153,-2.2981512546539307,-0.11638838052749634,3.299330711364746,0.0779324584298422,0.08171742915141338,0.11491110259629522
-87.03812512184798,0.04668754656413387,34.82597003064153,-2.293299913406372,-0.12297995388507843,3.30413556098938,0.12173446157713386,0.04668754656413387,0.032412662706292394
-86.99032745803623,-0.0744219841805661,34.824364936186576,-2.2921760082244873,-0.1166594922542572,3.3024742603302,0.0739367977653842,0.0744219841805661,0.030807568251340456
-86.91296873549668,-0.11182002544508855,34.83449752182029,-2.291886806488037,-0.11751337349414825,3.299455165863037,0.003421924774173135,0.11182002544508855,0.04094015388505312
-86.90228631963477,-0.09964044481884209,34.84823303224119,-2.2942323684692383,-0.11931821703910828,3.298086643218994,0.014104340636080792,0.09964044481884209,0.05467566430595383
-86.95834168215306,-0.08943732867076457,34.84747146614873,-2.2952287197113037,-0.11790669709444046,3.301225185394287,0.04195102188221256,0.08943732867076457,0.053914098213496686
-86.93923764304455,-0.040654224937905416,34.860305391599184,-2.295562744140625,-0.12154654413461685,3.302659749984741,0.02284698277370012,0.040654224937905416,0.06674802366394772
-86.93238013311785,0.030176638296371214,34.83004423848144,-2.2925219535827637,-0.12563055753707886,3.301568031311035,0.015989472846996478,0.030176638296371214,0.03648687054620581
-86.92967537820653,-0.01662065177756583,34.851784730609594,-2.2947781085968018,-0.12296093255281448,3.303065538406372,0.013284717935675872,0.01662065177756583,0.058227362674358574
-86.86614095854706,-0.11752035169989603,34.82201193601751,-2.2932116985321045,-0.11960630863904953,3.302616596221924,0.050249701723785734,0.11752035169989603,0.028454568082274534
-86.92094639644725,-0.04805432068100057,34.844121258360836,-2.2945680618286133,-0.12112179398536682,3.302171230316162,0.004555736176399705,0.04805432068100057,0.05056389042560028
-86.93427209551794,-0.018462613244387666,34.7604924221632,-2.2883822917938232,-0.12231023609638214,3.304485321044922,0.01788143524709085,0.018462613244387666,0.03306494577203267
-87.02280500753965,-0.04511015252925055,34.82560461552094,-2.291919708251953,-0.11842672526836395,3.2992444038391113,0.10641434726879595,0.04511015252925055,0.032047247585701655
-86.976578287237,0.0016314099532238257,34.85650439132607,-2.2946889400482178,-0.12173795700073242,3.3003363609313965,0.06018762696615454,0.0016314099532238257,0.06294702339083358
-87.0073961007721,-0.012507288688810661,34.902287149332665,-2.2985920906066895,-0.12019643932580948,3.301318883895874,0.09100544050124881,0.012507288688810661,0.10872978139742884
-86.93617771829638,-0.08106641059116468,34.771338762565186,-2.2904162406921387,-0.11895545572042465,3.30635404586792,0.01978705802552838,0.08106641059116468,0.022218605370049715
-86.87713073292161,-0.0681304328329783,34.82866112517451,-2.292839527130127,-0.12140221893787384,3.301779270172119,0.03925992734923511,0.0681304328329783,0.035103757239276945
-86.92621247229732,-0.058552294566513154,34.87367548689949,-2.296520948410034,-0.12014232575893402,3.300854444503784,0.009821812026473253,0.058552294566513154,0.08011811896425058
-86.98625666529091,-0.0616367352760644,34.822971577595894,-2.2929527759552,-0.11771363019943237,3.3020896911621094,0.06986600502006013,0.0616367352760644,0.029414209660657775
-87.02119308289552,-0.06187196917600878,34.82096691707449,-2.2929766178131104,-0.11639631539583206,3.302262544631958,0.10480242262467243,0.06187196917600878,0.027409549139257194

Errors:
rotation,[20.598909537750224, 20.785142302478754, 21.040666668636806, 20.724323425886077, 20.377987362886927, 19.562151445305165, 18.54035888752535, 17.30367250078166, 13.599042463706766, 8.110450633983492, 2.527856040457582, 0.6000292806690746, 0.4142008601174716, 0.14387134860738246, 0.028987455337548776, 0.21001020096756368, 0.2745609901775508, 0.20083467084756013, 0.17916635019729077, 0.15618210410431482, 0.16842044976087672, 0.1853024487664738, 0.13024923137555325, 0.0826529816895735, 0.08813273238760028, 0.1962246215059563, 0.10317394728300056, 0.06940899426351119, 0.18357174738374815, 0.12476606031021195, 0.21224251058748833, 0.12307207398674277, 0.14249411742149037, 0.14849222555723698, 0.1609169499567823, 0.19408394093993842]
translation,[0.1579505536533441, 0.15648049554414012, 0.14635758213498917, 0.1361429480691605, 0.12219801380477602, 0.10720155766873063, 0.08962702813948109, 0.07089086427237579, 0.05991752020472507, 0.026770207069617413, 0.010191269810729153, 0.009643370144229557, 0.009800084329815384, 0.012488877130623521, 0.008336788799897299, 0.0109585591444894, 0.008613654199066012, 0.0072426338703968085, 0.009435619148123742, 0.012054475044481094, 0.01178631460904267, 0.008683759909155597, 0.00720747751743378, 0.009712268352391362, 0.007278974232528768, 0.008641826018762622, 0.008188653232677368, 0.009776284334866325, 0.012181924774703923, 0.009607064634757023, 0.006619057583509225, 0.007183777589863993, 0.009487660386469976, 0.008184328654773587, 0.009277886439268634, 0.009160712524032277]
loss,
[0.09415825456380844, 0.061797402799129486, 0.05089212581515312, 0.0448305681347847, 0.03992782160639763, 0.0323827899992466, 0.03438328951597214, 0.03185787796974182, 0.026787742972373962, 0.018092704936861992, 0.00650158803910017, 0.003379065077751875, 0.002138746902346611, 0.0022579054348170757, 0.0019438540330156684, 0.0017451051389798522, 0.0013692383654415607, 0.001700695836916566, 0.0020038799848407507, 0.0017600590363144875, 0.0023224749602377415, 0.002356605837121606, 0.001624672906473279, 0.001857378869317472, 0.0022629222366958857, 0.0022255147341638803, 0.002147640800103545, 0.001923321164213121, 0.0021195842418819666, 0.002167578786611557, 0.0017127031460404396, 0.001710823504254222, 0.0018400581320747733, 0.001891973428428173, 0.0016601992538198829, 0.001981772016733885]

2022-04-20 19:50:11.187871