2022-04-21 04:16:09.288958

reference phi, theta, psi, translation: -139.02455270626928, -8.537736090602699e-07, 56.38966954231551, -2.2014424800872803, 2.5346622467041016, 2.231398344039917

phi,theta,psi,rot_x,rot_y,rot_z,phi_err,theta_err,psi_err
-129.04008655489625,6.852725648450977,53.065809209147574,-2.6847352981567383,1.8050535917282104,2.604990243911743,9.984466151373027,6.852726502224586,3.3238603331679357
-130.21848543202023,5.401074217593015,53.198868124368595,-2.640423059463501,1.8997782468795776,2.57222318649292,8.806067274249045,5.401075071366624,3.190801417946915
-134.21682353063233,3.528502862546904,55.73905304273677,-2.5812361240386963,2.2625765800476074,2.3235068321228027,4.8077291756369505,3.5285037163205133,0.6506164995787387
-136.091396269099,0.4729909558851038,57.18412982581471,-2.4056079387664795,2.4942872524261475,2.2232465744018555,2.9331564371702825,0.47299180965871285,0.7944602834991983
-139.6465916943607,0.09585320002646114,56.89005944619439,-2.2109060287475586,2.6020185947418213,2.236020565032959,0.6220389880914183,0.0958540538000702,0.500389903878883
-139.70109660393737,-0.5350527764213249,56.60255287836647,-2.162733316421509,2.581416606903076,2.2222933769226074,0.6765438976680969,0.5350519226477158,0.21288333605095744
-139.0991656927625,-0.05420186503840671,56.21302719000064,-2.1854443550109863,2.5251047611236572,2.2349047660827637,0.07461298649323567,0.05420101126479765,0.1766423523148717
-139.12946441192068,-0.04358849772077599,56.315790801158066,-2.190112590789795,2.5346293449401855,2.2333409786224365,0.10491170565140351,0.04358764394716693,0.07387874115744353
-139.14582954517203,-0.13044137265626354,56.31946202783695,-2.187535524368286,2.538205623626709,2.233530044555664,0.12127683890275875,0.13044051888265448,0.070207514478561
-139.0645639544272,-0.03292039185207539,56.37852608868463,-2.1945643424987793,2.5330140590667725,2.2310731410980225,0.04001124815792423,0.03291953807846633,0.011143453630879208
-139.04235217924634,-0.11279094625605078,56.30026578117462,-2.1902992725372314,2.5308005809783936,2.2328038215637207,0.017799472977060304,0.11279009248244172,0.08940376114088622
-139.11406916553148,0.014626799598003495,56.277931062588685,-2.192023992538452,2.5303537845611572,2.234987735748291,0.08951645926219953,0.014627653371612556,0.11173847972682438
-139.15334275325904,-0.08041144307917503,56.35114044520746,-2.1896021366119385,2.5363526344299316,2.231060743331909,0.1287900469897636,0.08041058930556597,0.03852909710804653
-139.14447716771636,-0.10234031303413682,56.333299991095394,-2.1875381469726562,2.536322832107544,2.2315664291381836,0.11992446144708424,0.10233945926052776,0.056369551220115
-139.1140418447748,-0.03360602868765329,56.28604532732266,-2.189666748046875,2.5324339866638184,2.2353734970092773,0.08948913850551321,0.03360517491404423,0.10362421499284835
-139.1032638062645,0.010748700351996461,56.285410119729846,-2.1917500495910645,2.5303115844726562,2.235440492630005,0.07871109999521764,0.010749554125605522,0.10425942258566323
-139.1049986743137,-0.04891730955360941,56.27378513776249,-2.189390182495117,2.531564235687256,2.235203266143799,0.0804459680444154,0.04891645578000035,0.11588440455302162
-139.0485539910127,-0.014023948586764597,56.353701766146216,-2.1952896118164062,2.5307812690734863,2.230686664581299,0.024001284743434326,0.014023094813155536,0.035967776169293586
-139.17177060363974,-0.06497865895735387,56.25429860806044,-2.186082124710083,2.533590793609619,2.2368345260620117,0.1472178973704672,0.06497780518374481,0.13537093425507152
-139.16756320711102,-0.03410428938039923,56.31356074439405,-2.188126564025879,2.53440260887146,2.2334237098693848,0.14301050084173994,0.03410343560679017,0.07610879792145653
-139.1577687158412,-0.07296325553780508,56.26042528774594,-2.186375856399536,2.533893585205078,2.236473321914673,0.1332160095719246,0.07296240176419602,0.12924425456957067
-139.06049316168188,0.024061710384435477,56.317102197478704,-2.195117473602295,2.5290050506591797,2.2335643768310547,0.03594045541260016,0.024062564158044537,0.0725673448368056
-139.22781913596887,-0.04943694227473694,56.333914708120695,-2.185724973678589,2.5381550788879395,2.2309670448303223,0.20326642969959607,0.04943608850112788,0.05575483419481486
-139.15709935730254,-0.045678249664969105,56.24879347558941,-2.186713695526123,2.5327587127685547,2.2376036643981934,0.13254665103326602,0.045677395891360044,0.14087606672610065
-139.08245905005265,-0.0748325984704195,56.32304104696203,-2.191817283630371,2.5330443382263184,2.2324600219726562,0.05790634378337245,0.07483174469681043,0.06662849535347704
-139.10165188162037,0.01858466706108457,56.29059423330989,-2.192594289779663,2.5300207138061523,2.2347683906555176,0.07709917535109412,0.01858552083469363,0.09907530900562023
-139.12466961912332,-0.029040522434942616,56.33038008522521,-2.1912851333618164,2.5335822105407715,2.232470750808716,0.10011691285404822,0.029039668661333555,0.05928945709030131
-139.17205747158488,-0.00525159668545221,56.282203345914525,-2.1882920265197754,2.5329554080963135,2.235006093978882,0.14750476531560253,0.00525074291184315,0.10746619640098487
-139.15224992299184,-0.07951135254562759,56.32868961340563,-2.1886110305786133,2.53550386428833,2.230625867843628,0.1276972167225665,0.07951049877201853,0.06097992890988024
-139.10857769343878,-0.042492344851040746,56.30721208356053,-2.190422773361206,2.5324723720550537,2.233220338821411,0.08402498716949935,0.042491491077431685,0.08245745875498045
-139.09965746638275,-0.04374455898335862,56.26581430700108,-2.1898269653320312,2.530606508255005,2.236255168914795,0.07510476011347578,0.04374370520974956,0.12385523531442999
-139.12665037398264,-0.028230549068232358,56.295624667633604,-2.1895627975463867,2.532609462738037,2.2344629764556885,0.10209766771336604,0.028229695294623297,0.09404487468190581
-139.15969482918715,-0.0727945850772262,56.288394912397145,-2.1867787837982178,2.5345168113708496,2.23439359664917,0.13514212291786976,0.07279373130361715,0.10127462991836467
-139.10461618372017,-0.04252736217509347,56.34059804822355,-2.1916065216064453,2.533329963684082,2.2314159870147705,0.08006347745089215,0.042526508401484406,0.049071494091961654
-139.1109409388916,-0.051107521134843376,56.30957532901335,-2.1905367374420166,2.5330276489257812,2.233456611633301,0.08638823262231199,0.051106667361234315,0.08009421330216071
-139.11846780735695,-0.06262526838715281,56.321944801600246,-2.190507173538208,2.533914566040039,2.2322311401367188,0.0939151010876742,0.06262441461354375,0.06772474071526347

Errors:
rotation,[20.161052986765547, 17.397943763562584, 8.986849391536202, 4.200608530328194, 1.2182829457703717, 1.42447915636677, 0.305456350072905, 0.22237809075601397, 0.32192487226397426, 0.08407423986726976, 0.21999332660038823, 0.21588259236063645, 0.2477297334033761, 0.27863347192772703, 0.2267185284124058, 0.1937200767064864, 0.24524682837743736, 0.07399215572588344, 0.3475666368092835, 0.25322273436998666, 0.33542266590569125, 0.1325703644074503, 0.30845735239553884, 0.3191001136507267, 0.1993665838336599, 0.19476000519140796, 0.1884460386056831, 0.26022170462843053, 0.2681876444044653, 0.2089739370019115, 0.24270370063765534, 0.22437223768989514, 0.3092104841398516, 0.17166147994433822, 0.21758911328570701, 0.2242642564164814]
translation,[0.12242333873291766, 0.11583666295328232, 0.11383390399454107, 0.0860599130890023, 0.05034070572716054, 0.0036839692723287243, 0.012780938738103487, 0.005119592500981263, 0.00416281387401618, 0.00496941751170521, 0.007725448903871168, 0.005855048624184178, 0.00557624427864134, 0.006436946382537556, 0.0056156437607945975, 0.005779333663536335, 0.006407737941405145, 0.0061924721908006575, 0.006024428915632818, 0.006296499442080439, 0.005875001555327941, 0.005806920910726099, 0.00659926774553643, 0.005777538571900109, 0.00567807870529613, 0.005875587169444252, 0.005623348247322468, 0.006239178084601171, 0.006891109807021678, 0.006375334409646882, 0.006188085660197018, 0.006067326679514373, 0.006418773560579183, 0.006191993876502266, 0.005832805913106753, 0.005970454792229241]
loss,
[0.12796546518802643, 0.10882169008255005, 0.04587236046791077, 0.025186538696289062, 0.012343266978859901, 0.0018480084836483002, 0.0013080995995551348, 0.0010568051366135478, 0.0011552966898307204, 0.001157664693892002, 0.0013934739399701357, 0.0009475215338170528, 0.0010232797358185053, 0.0010441307676956058, 0.0009591080015525222, 0.0010922504588961601, 0.001013795379549265, 0.0007635221700184047, 0.000913489144295454, 0.0009700554655864835, 0.0009014600655063987, 0.0008024283451959491, 0.0011190199293196201, 0.0010133445030078292, 0.0010344928596168756, 0.000884399691130966, 0.0011589395580813289, 0.0010256015229970217, 0.0011747495736926794, 0.001380440779030323, 0.0009979887399822474, 0.0008048905292525887, 0.0009500347077846527, 0.000883112836163491, 0.0009933550609275699, 0.001072286511771381]

2022-04-21 04:26:21.082924