2022-04-28 15:35:38.624849

reference phi, theta, psi, translation: -86.91639066027085, -0.0, 34.793557367935236, -2.296917200088501, -0.12373751401901245, 3.3104169368743896

phi,theta,psi,rot_x,rot_y,rot_z,phi_err,theta_err,psi_err
-76.53055527251121,6.8177051513072,38.18892636661862,-2.336111545562744,-0.9462913274765015,3.345968008041382,10.385835387759641,6.8177051513072,3.395368998683381
-76.24276525183271,5.353869198851357,39.35418737487405,-2.450429677963257,-0.9119899272918701,3.270650625228882,10.673625408438141,5.353869198851357,4.5606300069388155
-79.02026850800758,6.771908819995953,39.63359675344093,-2.546762704849243,-0.8966277241706848,3.1921567916870117,7.896122152263274,6.771908819995953,4.840039385505698
-81.85168927749051,8.234702354762995,37.31289313386195,-2.424300193786621,-0.8197840452194214,3.286165475845337,5.064701382780342,8.234702354762995,2.519335765926712
-83.22192084764345,5.839876389197135,35.280741101053906,-2.33022403717041,-0.6085271239280701,3.359886884689331,3.6944698126274034,5.839876389197135,0.4871837331186697
-85.08139203785522,2.650240312043937,33.93246517398797,-2.2617743015289307,-0.35016998648643494,3.389408588409424,1.8349986224156254,2.650240312043937,0.8610921939472647
-86.5865676554401,0.39539822646369926,34.65912899978563,-2.2936954498291016,-0.16316725313663483,3.3322651386260986,0.3298230048307431,0.39539822646369926,0.13442836814960657
-87.18390184930357,-0.42049430960665396,34.8872470727803,-2.2969446182250977,-0.09027014672756195,3.3020167350769043,0.2675111890327173,0.42049430960665396,0.09368970484506178
-86.84211235304696,0.2006751263087859,34.90169292287488,-2.2970144748687744,-0.13956868648529053,3.3028244972229004,0.07427830722389217,0.2006751263087859,0.10813555493964344
-86.734687137781,0.2185496735060812,34.82157480391063,-2.2925796508789062,-0.14499559998512268,3.30605149269104,0.18170352248985466,0.2185496735060812,0.028017435975392857
-86.73226242062564,0.237927448215477,34.94046107660387,-2.3003427982330322,-0.14711539447307587,3.3013875484466553,0.18412823964520442,0.237927448215477,0.14690370866863134
-86.79431468923521,0.1727426048889808,34.885580506622816,-2.297030210494995,-0.14049050211906433,3.3040060997009277,0.12207597103564183,0.1727426048889808,0.09202313868757983
-86.83118405037494,0.1592161990789952,34.89621852625511,-2.296719789505005,-0.13724930584430695,3.3029770851135254,0.08520660989590567,0.1592161990789952,0.10266115831987577
-86.83311699391005,0.120232684885865,34.9331186232461,-2.2981667518615723,-0.13508906960487366,3.2999377250671387,0.08327366636079603,0.120232684885865,0.13956125531086627
-86.77353725378003,0.28909672179394835,34.78554214094422,-2.2908403873443604,-0.14661142230033875,3.305996894836426,0.1428534064908149,0.28909672179394835,0.00801522699101298
-86.76821653641659,0.14585710987596479,34.88676554444381,-2.295423984527588,-0.1394747495651245,3.3031036853790283,0.1481741238542611,0.14585710987596479,0.09320817650857549
-86.92343258530514,0.17873639193787408,34.92398324523121,-2.298424482345581,-0.13508440554141998,3.299758195877075,0.007041925034286578,0.17873639193787408,0.130425877295977
-86.77356457453672,0.14011634019747196,34.90494750801439,-2.2968883514404297,-0.13761161267757416,3.302332639694214,0.14282608573412858,0.14011634019747196,0.11139014007915193
-86.81467548315102,0.1987935998257079,34.92073207518629,-2.2988836765289307,-0.14114271104335785,3.301877021789551,0.10171517711982858,0.1987935998257079,0.12717470725105073
-86.8630810337989,0.1227303776137462,34.901925149306656,-2.297494411468506,-0.13357506692409515,3.30051326751709,0.05330962647194326,0.1227303776137462,0.10836778137142034
-86.86851103418905,0.11820885721868758,34.93377090631184,-2.299010992050171,-0.13382208347320557,3.300959825515747,0.04787962608179441,0.11820885721868758,0.14021353837660655
-86.77524480107253,0.1322591607730576,34.88365097818229,-2.2963695526123047,-0.1371496170759201,3.3033535480499268,0.14114585919831768,0.1322591607730576,0.09009361024705242
-86.77431589534541,0.3043459703188216,34.85462608930432,-2.2949788570404053,-0.14775803685188293,3.304760694503784,0.14207476492543947,0.3043459703188216,0.06106872136908237
-86.85347778782587,0.10799278239543582,34.972286343041546,-2.3012759685516357,-0.13384784758090973,3.2981743812561035,0.06291287244498278,0.10799278239543582,0.17872897510630992
-86.82104804964665,0.1587072454752829,34.88778665772473,-2.296532154083252,-0.13820597529411316,3.303004741668701,0.09534261062420057,0.1587072454752829,0.09422928978949585
-86.78261457518698,0.20350900826662238,34.92671532089922,-2.2992539405822754,-0.14265283942222595,3.302386522293091,0.1337760850838663,0.20350900826662238,0.13315795296398392
-86.87856507264732,0.18028950134628685,34.863788788075894,-2.2950005531311035,-0.13661165535449982,3.302593946456909,0.037825587623530055,0.18028950134628685,0.07023142014065797
-86.83202416364286,0.1545318523390247,34.85783969330881,-2.293921709060669,-0.13665780425071716,3.302300214767456,0.08436649662799311,0.1545318523390247,0.06428232537357559
-86.85571808987363,0.11928950635524281,34.90666871568523,-2.2976906299591064,-0.1349177360534668,3.3014938831329346,0.060672570397215964,0.11928950635524281,0.11311134774999232
-86.8547003916873,0.05001027345761944,34.87574161912341,-2.295757532119751,-0.13064506649971008,3.303269863128662,0.06169026858354698,0.05001027345761944,0.08218425118817407
-86.88560016749243,0.13854107108917912,34.90972181024423,-2.2975072860717773,-0.13370108604431152,3.300891399383545,0.030790492778422163,0.13854107108917912,0.11616444230899248
-86.77269031032296,0.23344334497102986,34.88226103468619,-2.2954814434051514,-0.1429787576198578,3.3018181324005127,0.14370034994789194,0.23344334497102986,0.08870366675095198
-86.76077846041045,0.27776706790144035,34.93102175517091,-2.297682762145996,-0.1473580300807953,3.299600601196289,0.15561219986039987,0.27776706790144035,0.13746438723567422
-86.74043132687298,0.23651529454120704,34.95105811510114,-2.2991318702697754,-0.14543163776397705,3.2996435165405273,0.17595933339786995,0.23651529454120704,0.1575007471659049
-86.7737284990768,0.24141812096711862,34.9194309241494,-2.298260450363159,-0.14441512525081635,3.3014471530914307,0.14266216119405328,0.24141812096711862,0.12587355621416663
-86.79647302901294,0.1986476754496356,34.87438924166775,-2.2954514026641846,-0.14096477627754211,3.303525447845459,0.11991763125790555,0.1986476754496356,0.08083187373251377

Errors:
rotation,[20.598909537750224, 20.588124614228313, 19.508070357764925, 15.818739503470049, 10.021529934943208, 5.346331128406828, 0.859649599444049, 0.7816952034844331, 0.38308898847232153, 0.42827063197132875, 0.5689593965293127, 0.38684171461220246, 0.34708396729477664, 0.3430676065575273, 0.43996535527577624, 0.3872394102388014, 0.3162041942681376, 0.3943325660107525, 0.4276834841965872, 0.28440778545710976, 0.30630202167708853, 0.3634986302184277, 0.5074894566133434, 0.3496346299467285, 0.34827914588897935, 0.4704430463144726, 0.2883465091104749, 0.30318067434059337, 0.2930734245024511, 0.1938847932293405, 0.28549600617659376, 0.4658473616698738, 0.5708436549975144, 0.5699753751049819, 0.5099538383753386, 0.3993971804400549]
translation,[0.1579505536533441, 0.15617179074469068, 0.14975699428712907, 0.1339834840257188, 0.10276630016646937, 0.058655068659834164, 0.017531821840314876, 0.007769841609282402, 0.005659375702453673, 0.005346743998887682, 0.004668917660858085, 0.00464880050351546, 0.005782069747631624, 0.0075224603922929845, 0.006323268215809641, 0.006340862548765536, 0.007522636414235784, 0.006202287791728267, 0.0053147456047177855, 0.007484903106795393, 0.006244308262688847, 0.005676364119056032, 0.0049391435057639654, 0.007232666947418309, 0.005833697731447707, 0.004632212534501079, 0.007098908324933539, 0.007953638266492646, 0.0065236768273218, 0.0063105334302751, 0.007163187427711826, 0.0072400748631142875, 0.007644724892545085, 0.006851900351980689, 0.005907111535483622, 0.005927177070551792]
loss,
[0.15581470727920532, 0.10995899885892868, 0.059935979545116425, 0.043996911495923996, 0.031004492193460464, 0.017290953546762466, 0.0058152093552052975, 0.0022512187715619802, 0.0013092266162857413, 0.0018561426550149918, 0.0019836777355521917, 0.0017514526844024658, 0.0013099992647767067, 0.0019405563361942768, 0.0015691503649577498, 0.0017517319647595286, 0.001618158770725131, 0.0016164006665349007, 0.001217711134813726, 0.0020303865894675255, 0.0012788830790668726, 0.0016559348441660404, 0.0015216892352327704, 0.00196674931794405, 0.0014853216707706451, 0.0014082620618864894, 0.001526916166767478, 0.0016836512368172407, 0.0014868354192003608, 0.0016009786631911993, 0.0013795498525723815, 0.0017700338503345847, 0.001792994560673833, 0.0013639796525239944, 0.0014239537995308638, 0.001732832519337535]

2022-04-28 15:40:12.486607