2022-04-26 22:59:10.227411

reference phi, theta, psi, translation: 164.57178246643477, -4.268868188959204e-07, 11.003265705708584, 0.2046843022108078, 0.7416750192642212, 3.957021951675415

phi,theta,psi,rot_x,rot_y,rot_z,phi_err,theta_err,psi_err
174.68706040079186,1.035587752499106,3.46078983121423,-0.0498787984251976,0.24902896583080292,4.223120212554932,10.115277934357096,1.035588179385925,7.542475874494354
173.4026160066143,0.8459107432334386,3.3256590207971706,-0.03595159947872162,0.2524222135543823,4.216264724731445,8.830833540179526,0.8459111701202575,7.677606684911414
167.9225230090813,0.6860966473780574,0.6636582655511979,-0.04551776126027107,0.08889475464820862,4.20818567276001,3.3507405426465198,0.6860970742648763,10.339607440157385
165.41725060265563,0.35551444327020926,2.4155271358262747,0.007672403939068317,0.17257282137870789,4.17707633972168,0.8454681362208589,0.35551487015702815,8.587738569882308
165.64063876965008,1.1641183346677468,5.717517630158647,0.013096705079078674,0.4209408462047577,4.1065592765808105,1.0688563032153127,1.1641187615545658,5.285748075549937
164.74266013909016,0.7155636579356522,10.554140640418872,0.14763283729553223,0.7298896312713623,3.983264446258545,0.17087767265539355,0.7155640848224711,0.44912506528971186
164.38688924560253,0.05297136894611061,11.400705022001517,0.21502526104450226,0.7689801454544067,3.9444491863250732,0.1848932208322367,0.052971795832929505,0.3974393162929335
164.54137446424988,-0.23463619232350452,11.245202958941483,0.22819028794765472,0.753246009349823,3.950040340423584,0.030408002184884708,0.23463576543668563,0.2419372532328996
164.63020790459507,0.2068362243122492,10.985338166684594,0.19276747107505798,0.7466833591461182,3.9653680324554443,0.05842543816029888,0.2068366511990681,0.017927539023990136
164.51327506600444,0.30668557582365746,11.232940208060372,0.19176413118839264,0.7615598440170288,3.958360433578491,0.058507400430329426,0.30668600271047636,0.22967450235178788
164.6006331854889,0.3069853098633628,11.128717497741501,0.1888016015291214,0.7577235102653503,3.961132526397705,0.028850719054133833,0.3069857367501817,0.12545179203291745
164.4565025336233,-0.13164856282479073,11.21843630135785,0.22142691910266876,0.7522934079170227,3.953683614730835,0.1152799328114611,0.13164813593797184,0.21517059564926555
164.4416946835027,-0.059877551041212465,11.343912852826508,0.21881446242332458,0.7610620260238647,3.9431378841400146,0.13008778293206547,0.05987712415439357,0.34064714711792377
164.55870948436336,0.14140355249983036,11.187954874639376,0.2014836221933365,0.7554711103439331,3.952120780944824,0.013072982071406614,0.14140397938664925,0.18468916893079168
164.46557302484106,-0.18766509073347956,11.170108444111778,0.22410933673381805,0.7489023208618164,3.9532294273376465,0.10620944159370538,0.18766466384666067,0.16684273840319364
164.45717189216197,-0.010075072933435953,11.311542878802525,0.21357659995555878,0.7601553797721863,3.947744131088257,0.11461057427280252,0.010074646046617057,0.3082771730939413
164.65485122712047,-0.0803633812652167,11.222650528075746,0.2161509096622467,0.7552880644798279,3.9506680965423584,0.08306876068570546,0.0803629543783978,0.2193848223671626
164.52447657624327,0.07104624677371757,11.159445665043743,0.20526032149791718,0.7527079582214355,3.9544851779937744,0.04730589019149534,0.07104667366053646,0.1561799593351587
164.4745888745455,-0.021102731888034524,11.316363284809261,0.21475134789943695,0.7599294185638428,3.9481606483459473,0.09719359188926546,0.021102305001215627,0.3130975791006776
164.54392895499947,-0.0004283805714630901,11.259028115595235,0.21302971243858337,0.7584304213523865,3.948244571685791,0.02785351143529624,0.00042795368464419416,0.25576240988665155
164.43683158881365,-0.18146284969059945,11.293955995463389,0.22686421871185303,0.7553859353065491,3.945673942565918,0.13495087762112234,0.18146242280378055,0.2906902897548047
164.54925650255208,0.20330026967261175,11.234688736487895,0.19717372953891754,0.7601960301399231,3.9510691165924072,0.022525963882685573,0.20330069655943064,0.23142303077931103
164.39216215164177,-0.056393447817680256,11.305531458559267,0.21925826370716095,0.7591392993927002,3.9483723640441895,0.17962031479299867,0.05639302093086136,0.30226575285068336
164.61580986582467,-0.014977537907485008,11.13428239436777,0.21026358008384705,0.7501547932624817,3.9551773071289062,0.044027399389904076,0.014977111020666112,0.13101668865918548
164.40959279440364,0.04925483748741329,11.272259045791197,0.21223017573356628,0.7594689130783081,3.9506309032440186,0.16218967203113266,0.04925526437423219,0.2689933400826128
164.50238774446746,-0.03546501670972708,11.27310769679557,0.2169978767633438,0.7574424147605896,3.9493467807769775,0.06939472196731344,0.035464589822908184,0.26984199108698625
164.52327446294933,0.013771409338429528,11.238996024533234,0.21093305945396423,0.7570748329162598,3.9510669708251953,0.04850800348543771,0.013771836225248423,0.23573031882465045
164.59212276978306,0.11864662163898251,11.187349549124182,0.20236779749393463,0.7568274736404419,3.9563519954681396,0.0203403033482914,0.11864704852580141,0.18408384341559803
164.52677151980438,0.046846782895134706,11.305475963272261,0.210662841796875,0.76169353723526,3.9506068229675293,0.045010946630384296,0.0468472097819536,0.3022102575636776
164.47080494974531,0.03475053755561225,11.22346758945521,0.20935802161693573,0.7566071152687073,3.9497265815734863,0.1009775166894542,0.03475096444243114,0.22020188374662553
164.47357800654834,-0.11292319326268477,11.323892714595553,0.2231217920780182,0.7605772018432617,3.951068878173828,0.098204459886432,0.11292276637586587,0.3206270088869694
164.4549589108709,-0.024447398829578398,11.271817644816084,0.21459046006202698,0.757972002029419,3.9512975215911865,0.11682355556388302,0.0244469719427595,0.26855193910749975
164.49610397043102,0.0961874704266878,11.319747643543002,0.2085263729095459,0.7634764909744263,3.9519121646881104,0.07567849600374643,0.09618789731350669,0.3164819378344177
164.46392011906192,0.2239277564643317,11.175866293582098,0.19769713282585144,0.7567398548126221,3.957415819168091,0.10786234737284417,0.22392818335115058,0.1726005878735144
164.51468208497346,0.07134681296199312,11.16177390577707,0.2064882069826126,0.7537016868591309,3.9594786167144775,0.05710038146131069,0.07134723984881201,0.15850820006848565
164.45265030693142,0.172801068101735,11.283071235247327,0.20204013586044312,0.7624198794364929,3.9500906467437744,0.11913215950335143,0.1728014949885539,0.27980552953874316

Errors:
rotation,[18.693341988237375, 17.354351395211197, 14.376445057068782, 9.788721576260196, 7.518723140319816, 1.3355668227675765, 0.6353043329580996, 0.5069810208544699, 0.28318962838335715, 0.5948679054925936, 0.461288247837233, 0.4620986643986985, 0.5306120542043828, 0.3391661303888476, 0.4607168438435597, 0.4329623934133609, 0.38281653743126587, 0.2745325231871905, 0.4313934759911587, 0.284043875006592, 0.6071035901797076, 0.4572496912214272, 0.5382790885745434, 0.19002119906975568, 0.48043827648797766, 0.3747013028772079, 0.2980101585353366, 0.32307119528969086, 0.3940684139760155, 0.3559303648785109, 0.5317542351492672, 0.40982246661414223, 0.4883483311516708, 0.5043911185975092, 0.28695582137860837, 0.5717391840306485]
translation,[0.19962134480110283, 0.1928381576699456, 0.17824169242089916, 0.14951781747737414, 0.09696894234712694, 0.021145765152152052, 0.006672949797742689, 0.0034410975873218064, 0.008529371948182707, 0.00438397753299391, 0.006241759106347722, 0.0004230856179336939, 0.00925974071613389, 0.002408147656452364, 0.0013519122773564263, 0.00519610440979168, 0.0031070939834307865, 0.0004150578217512191, 0.004767844109569985, 0.005059657564885356, 0.007397033850788937, 0.002764140874575105, 0.004466389700276352, 4.5929053390736385e-05, 0.002565980582867944, 0.0039528336169176725, 0.0026570742621414567, 0.0020412733200450006, 0.0022518688822614763, 0.004141792757590856, 0.0013390445925587358, 0.002069120082026643, 0.0007456251135851133, 0.002836805677527643, 0.0047321621774756295, 0.0030623177344084596]
loss,
[0.09952139854431152, 0.10410988330841064, 0.0599631741642952, 0.03943803161382675, 0.028554406017065048, 0.006906274706125259, 0.0045084175653755665, 0.004604542627930641, 0.004438816569745541, 0.005599205382168293, 0.005457596387714148, 0.003946851007640362, 0.0030720678623765707, 0.004874940030276775, 0.004127309657633305, 0.004335351753979921, 0.004772180691361427, 0.0031725489534437656, 0.0037060771137475967, 0.004480288363993168, 0.004087449982762337, 0.0034726921003311872, 0.005247931461781263, 0.0042624929919838905, 0.003651335369795561, 0.005357473623007536, 0.00259321928024292, 0.0052901944145560265, 0.0037653630133718252, 0.005328844767063856, 0.004986276384443045, 0.00394787359982729, 0.0034738655667752028, 0.0045999824069440365, 0.003362833522260189, 0.0037186506669968367]

2022-04-26 23:01:47.678029