2022-04-27 00:55:50.111375

reference phi, theta, psi, translation: -33.091320547511735, -0.0, 74.32085247222868, -2.1190009117126465, -3.251617431640625, 1.089412808418274

phi,theta,psi,rot_x,rot_y,rot_z,phi_err,theta_err,psi_err
-22.822884158753556,1.294954214858955,81.82337814338081,-1.5357718467712402,-3.6827800273895264,0.7731812596321106,10.268436388758179,1.294954214858955,7.502525671152128
-23.986972082019044,2.3730620420732462,82.85242810411326,-1.6145190000534058,-3.675902843475342,0.6720500588417053,9.104348465492691,2.3730620420732462,8.531575631884579
-28.747794933530937,5.816507300989957,83.7251213743658,-1.9348102807998657,-3.5642995834350586,0.5269466042518616,4.343525613980798,5.816507300989957,9.404268902137119
-30.347227161661994,6.047036289765751,81.61885495887394,-1.9965577125549316,-3.4991061687469482,0.6798031330108643,2.744093385849741,6.047036289765751,7.2980024866452595
-31.68794889950589,5.460526110643308,79.93285008301298,-2.0537266731262207,-3.4345765113830566,0.7903127074241638,1.4033716480058445,5.460526110643308,5.6119976107843
-32.48118999423825,3.6996871585473374,78.61070304461693,-2.1031696796417236,-3.3822782039642334,0.8588535785675049,0.6101305532734855,3.6996871585473374,4.2898505723882465
-32.52397429919921,0.20114091422081978,74.52293044901268,-2.1067605018615723,-3.2937939167022705,1.078713059425354,0.5673462483125249,0.20114091422081978,0.20207797678399686
-33.36771439756005,0.3171894502632342,74.18988359489369,-2.1343276500701904,-3.2576136589050293,1.1044992208480835,0.27639385004831496,0.3171894502632342,0.1309688773349933
-33.66034702236008,0.05771113229713653,73.82591647440205,-2.150447368621826,-3.2305185794830322,1.1258842945098877,0.5690264748483429,0.05771113229713653,0.4949359978266301
-33.34078296166269,-0.060551481513785387,74.04227637674053,-2.131493091583252,-3.241793155670166,1.1088941097259521,0.24946241415095471,0.060551481513785387,0.2785760954881482
-33.35894784976034,0.010348095374171935,74.18511612285302,-2.131152868270874,-3.2395217418670654,1.0980217456817627,0.26762730224860576,0.010348095374171935,0.13573634937566226
-33.27486139088831,0.1895784125389586,74.16668144228315,-2.1216373443603516,-3.2410075664520264,1.0987883806228638,0.1835408433765764,0.1895784125389586,0.15417102994553034
-33.24674150207537,0.04744168058384193,74.23305039044816,-2.12311053276062,-3.2420244216918945,1.0945154428482056,0.15542095456363825,0.04744168058384193,0.08780208178052362
-33.22139808516004,0.04787333436848916,74.16317755523893,-2.120758056640625,-3.2429747581481934,1.0991116762161255,0.13007753764830454,0.04787333436848916,0.15767491698974823
-33.20572280101486,-0.016369275826944373,74.18638653803863,-2.1221346855163574,-3.242743968963623,1.0982725620269775,0.11440225350312261,0.016369275826944373,0.1344659341900467
-33.15509743888673,0.027023568984169775,74.22314661615164,-2.1165294647216797,-3.2424304485321045,1.0951768159866333,0.06377689137499232,0.027023568984169775,0.09770585607704163
-33.207286914334794,0.06381877650818367,74.17697453736236,-2.1188244819641113,-3.2408649921417236,1.0965571403503418,0.11596636682305927,0.06381877650818367,0.1438779348663246
-33.18496585612719,-0.011616002490802803,74.30774533921142,-2.1210875511169434,-3.2427616119384766,1.0894849300384521,0.09364530861545717,0.011616002490802803,0.01310713301725741
-33.16418842067201,0.02400337149022627,74.23578246611616,-2.117938995361328,-3.2433922290802,1.0949920415878296,0.07286787316027699,0.02400337149022627,0.0850700061125167
-33.22915376496259,0.06135998405323052,74.21685601192607,-2.121527910232544,-3.242995023727417,1.0964843034744263,0.1378332174508543,0.06135998405323052,0.10399646030261067
-33.21029902775877,0.08017632803611599,74.15983076254562,-2.1212053298950195,-3.2447798252105713,1.1001120805740356,0.11897848024703706,0.08017632803611599,0.1610217096830553
-33.2515875212915,0.03259727819738673,74.09329105965136,-2.1249186992645264,-3.243401288986206,1.1044926643371582,0.16026697377976262,0.03259727819738673,0.227561412577316
-33.23629814283442,-0.04407019377156328,74.24806997643302,-2.1268653869628906,-3.2460479736328125,1.095106840133667,0.14497759532268617,0.04407019377156328,0.0727824957956642
-33.28588531620871,0.06107651038361116,74.12702536396205,-2.125943183898926,-3.2430102825164795,1.1027562618255615,0.1945647686969778,0.06107651038361116,0.19382710826663185
-33.267918503596995,0.015796606235617915,74.17879819787075,-2.1263256072998047,-3.2439842224121094,1.099872350692749,0.17659795608525997,0.015796606235617915,0.14205427435793183
-33.25734537076182,-0.0556351646020746,74.24533107057584,-2.1280739307403564,-3.243870496749878,1.094502329826355,0.1660248232500834,0.0556351646020746,0.0755214016528356
-33.286851787976275,0.014816547191505575,74.1491756674404,-2.1281840801239014,-3.2428958415985107,1.1016387939453125,0.19553124046453974,0.014816547191505575,0.17167680478827663
-33.27224201334162,-0.018383725303464795,74.11725136325977,-2.1260290145874023,-3.242337703704834,1.1043446063995361,0.18092146582988278,0.018383725303464795,0.20360110896891115
-33.273741239864435,-0.05708498691370139,74.16822506503557,-2.127023696899414,-3.2413887977600098,1.1003316640853882,0.1824206923527001,0.05708498691370139,0.1526274071931084
-33.22342665134353,-0.020380886155856138,74.18831265138458,-2.1251516342163086,-3.244598388671875,1.0990667343139648,0.132106103831795,0.020380886155856138,0.13253982084410154
-33.22444434952987,-0.027136907517249075,74.14594498796299,-2.1233763694763184,-3.2426767349243164,1.1019437313079834,0.13312380201813312,0.027136907517249075,0.17490748426568814
-33.27461208898361,0.013545560910044139,74.14680559179841,-2.1250829696655273,-3.2413382530212402,1.100999355316162,0.1832915414718741,0.013545560910044139,0.17404688043026795
-33.2299938782305,0.009157999877310075,74.1651651402874,-2.1244821548461914,-3.24448823928833,1.1002888679504395,0.13867333071876686,0.009157999877310075,0.15568733194128015
-33.266292918574536,-0.022039655658539978,74.16008347954492,-2.1270761489868164,-3.2446300983428955,1.1008119583129883,0.1749723710628004,0.022039655658539978,0.16076899268375655
-33.28297907071688,0.06326557134057145,74.1126887968942,-2.1263346672058105,-3.2424867153167725,1.1032874584197998,0.19165852320514176,0.06326557134057145,0.20816367533447533
-33.231537500982924,0.013172917187608177,74.2132701626118,-2.1245737075805664,-3.245269775390625,1.0973596572875977,0.1402169534711888,0.013172917187608177,0.10758230961687332

Errors:
rotation,[19.06591627476926, 20.008986139450517, 19.564301817107875, 16.089132162260753, 12.475895369433452, 8.59966828420907, 0.9705651393173416, 0.7245521776465425, 1.1216736049721097, 0.5885899911528882, 0.41371174699843993, 0.5272902858610653, 0.2906647169280038, 0.33562578900654194, 0.2652374635201137, 0.18850631643620372, 0.32366307819756757, 0.11836844412351738, 0.18194125076301995, 0.3031896618066955, 0.3601765179662083, 0.42042566455446534, 0.26183028488991367, 0.44946838734722083, 0.3344488366788097, 0.2971813895049936, 0.38202459244432196, 0.4029063001022587, 0.3921330864595099, 0.2850268108317527, 0.3351681938010703, 0.37088398281218615, 0.3035186625373571, 0.35778101940509693, 0.4630877698801885, 0.26097218027567026]
translation,[0.03326186669987141, 0.039569288908891664, 0.05854030548798406, 0.054469969645601246, 0.04792765533399024, 0.04327377602645477, 0.024871493608906725, 0.016996462376280164, 0.009698834000971601, 0.0039833617653251, 0.000996821041715279, 0.00461550391853649, 0.004184165296463149, 0.003406758394172371, 0.003096396586873773, 0.007142865723159808, 0.006820288347148207, 0.0060212193176125695, 0.0056766933850882495, 0.003701137514536157, 0.0014448042578356635, 0.0005995880075513327, 0.0011957357560063997, 0.00034981658493915546, 0.0005472485643371883, 8.325896900540641e-05, 0.001134497413245228, 0.0002888805131870953, 0.001047006005144624, 0.0002027676129099376, 0.0014938350551707558, 0.0019292232709924306, 9.462515179414765e-05, 0.0017191682449748669, 0.00028047979460055217, 2.6479180644578548e-05]
loss,
[0.15951687097549438, 0.14685416221618652, 0.09879964590072632, 0.07929595559835434, 0.06635606288909912, 0.06666099280118942, 0.014121441170573235, 0.004201013129204512, 0.00251182122156024, 0.0013034226140007377, 0.0013011127011850476, 0.0012476368574425578, 0.0011219660518690944, 0.0012445366010069847, 0.0009107347577810287, 0.0013897366588935256, 0.0012975515564903617, 0.0010112753370776772, 0.0011275431606918573, 0.0009549362002871931, 0.001049893326126039, 0.0014103282010182738, 0.0013275803066790104, 0.0006930689560249448, 0.0014048907905817032, 0.001173929194919765, 0.001152653363533318, 0.0015323868719860911, 0.001161676598712802, 0.0011264708591625094, 0.0011704631615430117, 0.0010581426322460175, 0.0009211805881932378, 0.0015598689205944538, 0.0011531820055097342, 0.0009959829039871693]

2022-04-27 01:00:15.605384