2022-04-27 01:00:19.113269

reference phi, theta, psi, translation: 175.36684180812657, -0.0, 39.4597479484966, 0.2069414258003235, 2.553555727005005, 3.112318754196167

phi,theta,psi,rot_x,rot_y,rot_z,phi_err,theta_err,psi_err
-174.60268024378553,2.426304892454245,32.24175771288345,-0.3459881842136383,2.1274664402008057,3.6064906120300293,10.030477948087878,2.426304892454245,7.217990235613151
-175.14066692395076,2.659011420076198,32.88201281549128,-0.3251926600933075,2.17520809173584,3.588083505630493,9.492491267922674,2.659011420076198,6.577735133005319
-175.45462339933957,2.3665715477805835,32.872734003503815,-0.2914997935295105,2.17287015914917,3.5863938331604004,9.178534792533867,2.3665715477805835,6.587013944992783
-175.21047145726828,2.2031845775933347,32.62239732513909,-0.30232369899749756,2.155165433883667,3.593062400817871,9.422686734605122,2.2031845775933347,6.8373506233575085
-175.6143268825128,2.1551974245699967,32.764110090038514,-0.2813301980495453,2.170109510421753,3.585139751434326,9.018831309360621,2.1551974245699967,6.695637858458085
-176.04529815876228,1.8925034387351938,33.036689279435386,-0.2432258576154709,2.1903610229492188,3.5729503631591797,8.587860033111156,1.8925034387351938,6.423058669061213
-176.23893402173212,1.289529499020639,32.504627788375146,-0.1878059208393097,2.1616814136505127,3.5969326496124268,8.394224170141342,1.289529499020639,6.955120160121453
-175.7886196497532,1.8441042710969842,32.700039500529215,-0.2446047067642212,2.172184705734253,3.5898196697235107,8.844538542120233,1.8441042710969842,6.759708447967384
-175.22073040140165,2.0821908276698564,32.62314181575862,-0.29131537675857544,2.160660982131958,3.592696189880371,9.412427790471781,2.0821908276698564,6.836606132737977
-175.46536045671482,1.8248746649061465,32.810377791476185,-0.2592798173427582,2.1752593517303467,3.587898015975952,9.167797735158615,1.8248746649061465,6.649370157020414
-175.48198513715465,1.7372145556513285,32.794029733697755,-0.2544187903404236,2.1754322052001953,3.5878443717956543,9.15117305471881,1.7372145556513285,6.665718214798844
-175.4009790935983,1.9536186700016707,32.87450643759343,-0.27097564935684204,2.177957057952881,3.583594799041748,9.23217909827514,1.9536186700016707,6.585241510903167
-175.45645389003712,1.7735083374048632,32.84806677531631,-0.2564243674278259,2.17657208442688,3.583770990371704,9.17670430183631,1.7735083374048632,6.611681173180287
-175.41724860420126,1.817722601489096,32.70075667039206,-0.26589271426200867,2.1672677993774414,3.58843994140625,9.215909587672172,1.817722601489096,6.7589912781045385
-175.69072937856856,1.8650598154873452,32.856211775901556,-0.25309839844703674,2.178180456161499,3.5831925868988037,8.9424288133049,1.8650598154873452,6.603536172595042
-175.63614250672182,1.4684421978230358,32.71782189803334,-0.22855842113494873,2.1729018688201904,3.5906882286071777,8.99701568515161,1.4684421978230358,6.741926050463256
-175.7098812290013,1.5453765150679408,32.632075703193,-0.23255033791065216,2.164620876312256,3.5949156284332275,8.923276962872137,1.5453765150679408,6.827672245303596
-175.92747739557956,1.3883027420586287,32.629060174674436,-0.2108636498451233,2.167659044265747,3.594895601272583,8.705680796293905,1.3883027420586287,6.830687773822163
-176.50311207844987,0.9043363753819301,32.76092380679071,-0.14871573448181152,2.183624744415283,3.5889077186584473,8.130046113423532,0.9043363753819301,6.698824141705892
-176.25521719271345,1.040195232073951,32.98802076650446,-0.16609732806682587,2.1946210861206055,3.5835509300231934,8.37794099915999,1.040195232073951,6.4717271819921365
-175.67604447185303,1.3967648322452348,32.79254416755328,-0.21949975192546844,2.177877187728882,3.5890607833862305,8.957113720020402,1.3967648322452348,6.667203780943318
-175.68314786858986,1.2166905662129797,32.86812704090864,-0.2080458402633667,2.18393874168396,3.586824417114258,8.95001032328355,1.2166905662129797,6.591620907587959
-175.61707261855915,1.5334737125448317,32.70058591566281,-0.23536056280136108,2.170492172241211,3.5909674167633057,9.016085573314285,1.5334737125448317,6.759162032833785
-175.8324694642247,1.564811018621808,32.66096398828757,-0.22640329599380493,2.168013334274292,3.591639757156372,8.800688727648776,1.564811018621808,6.798783960209029
-175.70709451181992,1.614344883230194,32.726567955265544,-0.23659148812294006,2.1716952323913574,3.5887868404388428,8.926063680053517,1.614344883230194,6.7331799932310545
-175.5923473337637,1.6498373384466813,32.7167837092795,-0.24441072344779968,2.170168161392212,3.5898966789245605,9.040810858109694,1.6498373384466813,6.742964239217102
-175.76465934614478,1.5302040635368381,32.79534796020757,-0.22792282700538635,2.177126169204712,3.5876376628875732,8.868498845728652,1.5302040635368381,6.664399988289027
-175.82860357715444,1.6440210436615006,32.77544820406074,-0.23246347904205322,2.1747143268585205,3.5891473293304443,8.804554614718995,1.6440210436615006,6.684299744435862
-175.6181381280697,1.7497474367501593,32.71652074699645,-0.2502695620059967,2.170774221420288,3.5887291431427,9.015020063803718,1.7497474367501593,6.743227201500147
-175.35819478863732,1.8320468952194162,32.74889242856773,-0.2686172425746918,2.169696807861328,3.5886969566345215,9.274963403236143,1.8320468952194162,6.71085551992887
-175.40597879207073,1.870663546683978,32.84468924677174,-0.26873528957366943,2.1763975620269775,3.5841312408447266,9.227179399802708,1.870663546683978,6.615058701724855
-175.57114642658,1.8138527676476481,32.97971867156831,-0.2559581696987152,2.1856601238250732,3.5798704624176025,9.062011765293448,1.8138527676476481,6.480029276928292
-175.55793684072518,1.7158910919822539,33.0239543917279,-0.25008121132850647,2.1892380714416504,3.578728437423706,9.07522135114823,1.7158910919822539,6.435793556768701
-175.59577608872706,1.6941925440928713,32.99563984252361,-0.24882279336452484,2.187731981277466,3.5802083015441895,9.037382103146342,1.6941925440928713,6.46410810597299
-175.65508945147945,1.5857591201250623,32.999970182457396,-0.23731176555156708,2.189992904663086,3.5789873600006104,8.978068740393951,1.5857591201250623,6.459777766039203
-175.67574394352957,1.6059675510386042,32.98013189801309,-0.2363155633211136,2.1882333755493164,3.5803370475769043,8.957414248343866,1.6059675510386042,6.479616050483507

Errors:
rotation,[19.674773076155276, 18.72923782100419, 18.132120285307234, 18.463221935555964, 17.869666592388704, 16.903422140907562, 16.638873829283433, 17.4483512611846, 18.331224750879613, 17.642042557085176, 17.554105825168982, 17.771039279179977, 17.56189381242146, 17.792623467265805, 17.41102480138729, 17.207383933437903, 17.296325723243676, 16.924671312174695, 15.733206630511354, 15.889863413226077, 17.021082333208955, 16.75832179708449, 17.308721318692903, 17.164283706479615, 17.273588556514767, 17.433612435773476, 17.063102897554515, 17.132875402816357, 17.507994702054024, 17.81786581838443, 17.712901648211542, 17.355893809869386, 17.226905999899184, 17.195682753212203, 17.023605626558215, 17.042997849865976]
translation,[0.170370405351016, 0.17738917092715756, 0.17226950906845495, 0.16961337760447126, 0.16907938115652144, 0.16682478318526783, 0.1695927861117239, 0.17184905856108745, 0.17134501922565448, 0.17267795150421072, 0.17242460117349712, 0.17114156167528272, 0.16966085987298296, 0.16942469007222893, 0.16979940384351, 0.17205846664231395, 0.17161807953245223, 0.17202279791745578, 0.1725114994473076, 0.1743185081931653, 0.17276061966104272, 0.1734140596008631, 0.17142728083774106, 0.17023004867391833, 0.17025507449486899, 0.17086172544036682, 0.17160494506562962, 0.171893919923515, 0.17052232747250073, 0.1710712270903656, 0.17064719540371875, 0.1710250583535391, 0.17156092618424168, 0.1719623537659194, 0.1714342369615638, 0.17161119738562647]
loss,
[0.09218800067901611, 0.09578783810138702, 0.09242653846740723, 0.09051734209060669, 0.10004829615354538, 0.09025117009878159, 0.08927798271179199, 0.0882345661520958, 0.09375270456075668, 0.09265570342540741, 0.0914883241057396, 0.09037159383296967, 0.09042440354824066, 0.09077610820531845, 0.09245221316814423, 0.08794846385717392, 0.09477274864912033, 0.09346137940883636, 0.09340935945510864, 0.09296675771474838, 0.09052498638629913, 0.08822131156921387, 0.09533663094043732, 0.0949627161026001, 0.0893285870552063, 0.09367136657238007, 0.09377538412809372, 0.09248780459165573, 0.09935744106769562, 0.08958093822002411, 0.09798818826675415, 0.09009228646755219, 0.09649032354354858, 0.08877956122159958, 0.08992626518011093, 0.09463765472173691]

2022-04-27 01:04:41.563461