2022-04-27 00:51:23.684968

reference phi, theta, psi, translation: -86.91639066027085, -0.0, 34.793557367935236, -2.296917200088501, -0.12373751401901245, 3.3104169368743896

phi,theta,psi,rot_x,rot_y,rot_z,phi_err,theta_err,psi_err
-76.53055527251121,6.8177051513072,38.18892636661862,-2.336111545562744,-0.9462913274765015,3.345968008041382,10.385835387759641,6.8177051513072,3.395368998683381
-75.78603050203397,5.864555534576162,38.77775014477624,-2.3862102031707764,-0.9392375349998474,3.3109867572784424,11.130360158236883,5.864555534576162,3.984192776841006
-76.95116515178975,5.038055643501053,40.52942045931771,-2.5877392292022705,-0.900543749332428,3.155806541442871,9.965225508481097,5.038055643501053,5.735863091382477
-80.56371367551203,7.986485744803056,38.77373057844969,-2.497239112854004,-0.867717981338501,3.212327003479004,6.352676984758816,7.986485744803056,3.980173210514451
-82.92011527878809,7.715385266396927,37.00573611179189,-2.412776470184326,-0.7484387755393982,3.276228427886963,3.9962753814827607,7.715385266396927,2.2121787438566543
-84.04790928435142,5.290395397971489,35.26292796769851,-2.3210484981536865,-0.5547716021537781,3.3374710083007812,2.86848137591943,5.290395397971489,0.46937059976327333
-86.07135965615687,1.5456334424167255,33.6867183827455,-2.233950138092041,-0.24612176418304443,3.3706929683685303,0.8450310041139772,1.5456334424167255,1.1068389851897393
-87.11800418419129,-0.170797569540047,35.23042992762759,-2.315030813217163,-0.10730704665184021,3.2875986099243164,0.20161352392044307,0.170797569540047,0.43687255969235395
-86.65103781101585,0.22880373289077163,34.77423476277327,-2.2896153926849365,-0.1485634744167328,3.3085973262786865,0.26535284925499525,0.22880373289077163,0.019322605161967488
-86.92839130264257,-0.02058493412645255,34.82712433261126,-2.293839931488037,-0.12354160845279694,3.304560661315918,0.012000642371717163,0.02058493412645255,0.0335669646760266
-86.81160872821368,0.2592263976674435,34.78820932981512,-2.289930582046509,-0.14365887641906738,3.3071413040161133,0.1047819320571648,0.2592263976674435,0.005348038120118304
-86.81783786073673,0.2508856937963823,34.75866193146564,-2.2888851165771484,-0.14255157113075256,3.308098077774048,0.09855279953411866,0.2508856937963823,0.03489543646959703
-86.89161073396204,0.16437852364956404,34.83287193679783,-2.293297290802002,-0.13514111936092377,3.305816173553467,0.024779926308809763,0.16437852364956404,0.039314568862593546
-86.78023766935581,0.24010280226459826,34.76497302625873,-2.2896721363067627,-0.1435181051492691,3.308070421218872,0.1361529909150363,0.24010280226459826,0.028584341676506142
-86.90008699872203,0.12877233177157255,34.86322529746936,-2.294454574584961,-0.13297268748283386,3.302873134613037,0.016303661548818127,0.12877233177157255,0.06966792953412693
-86.86642099630303,0.2589329256218404,34.79879612302864,-2.290506362915039,-0.14153362810611725,3.305917739868164,0.04996966396781488,0.2589329256218404,0.005238755093401437
-86.87008197769816,0.09044775323051484,34.757104648334874,-2.2888917922973633,-0.13300049304962158,3.309401273727417,0.046308682572686166,0.09044775323051484,0.036452719600362116
-86.91132949009587,0.18221946138442552,34.802289764789094,-2.2918033599853516,-0.13568851351737976,3.306140422821045,0.005061170174982976,0.18221946138442552,0.008732396853858404
-86.83120454094245,0.17344307122006794,34.92549613213237,-2.298957347869873,-0.13814914226531982,3.300931453704834,0.08518611932839804,0.17344307122006794,0.13193876419713746
-86.84167522094008,0.23171293697611145,34.81785576590755,-2.2927751541137695,-0.141102135181427,3.306121349334717,0.07471543933077385,0.23171293697611145,0.024298397972316366
-86.87466503463125,0.11816278716115754,34.76692304526677,-2.290524959564209,-0.13279365003108978,3.3080904483795166,0.04172562563960014,0.11816278716115754,0.026634322668463994
-86.85310895761069,0.2096124114848234,34.878477109886006,-2.2955434322357178,-0.14010488986968994,3.3032679557800293,0.06328170266016286,0.2096124114848234,0.08491974195077034
-86.86997952486061,0.14774170287750615,34.92708073601981,-2.298037528991699,-0.13483673334121704,3.300105094909668,0.04641113541023856,0.14774170287750615,0.13352336808457466
-86.90129594220512,0.1782349130876063,34.81861733200001,-2.291815757751465,-0.13569505512714386,3.3044281005859375,0.015094718065725488,0.1782349130876063,0.02505996406477351
-86.83018684275612,0.15300295576899725,34.84620105096311,-2.2939469814300537,-0.136729896068573,3.303800106048584,0.08620381751472905,0.15300295576899725,0.05264368302787403
-86.79670525544472,0.2827381364400886,34.81190667114048,-2.292027711868286,-0.14652591943740845,3.3060038089752197,0.11968540482612866,0.2827381364400886,0.018349303205241085
-86.87803231789206,0.11544249543845513,34.85839976882075,-2.294766426086426,-0.1322946697473526,3.302323341369629,0.03835834237878544,0.11544249543845513,0.06484240088551729
-86.82748891803396,0.30633763451022167,34.83006472904895,-2.2920234203338623,-0.1459696888923645,3.3040430545806885,0.08890174223688518,0.30633763451022167,0.036507361113713444
-86.8349065034726,0.21021007108851666,34.826454974072604,-2.292525291442871,-0.1401744782924652,3.303835153579712,0.08148415679825405,0.21021007108851666,0.03289760613736803
-86.78553789615175,0.2068047596354421,34.82118889822252,-2.2929415702819824,-0.14162328839302063,3.3050293922424316,0.13085276411909774,0.2068047596354421,0.027631530287287376
-86.82462706877173,0.22413279903092165,34.84771052276968,-2.2940075397491455,-0.1415090411901474,3.3035314083099365,0.09176359149911661,0.22413279903092165,0.05415315483444516
-86.8770214498949,0.1488629141988547,34.86955688282997,-2.295808792114258,-0.13513237237930298,3.3023693561553955,0.03936921037595198,0.1488629141988547,0.07599951489473256
-86.77781295220046,0.17833477865011418,34.90268330030453,-2.2974510192871094,-0.1411084234714508,3.3028109073638916,0.13857770807038605,0.17833477865011418,0.10912593236929524
-86.76694612123097,0.19106793718104684,34.864461561709135,-2.2943930625915527,-0.14215394854545593,3.304311513900757,0.14944453903987664,0.19106793718104684,0.07090419377389878
-86.8338341637729,0.1862818730142633,34.86233054268809,-2.2946865558624268,-0.13891921937465668,3.303126573562622,0.0825564964979435,0.1862818730142633,0.06877317475285594
-86.78790114160456,0.19403516471146554,34.826417408032164,-2.292487621307373,-0.1405303031206131,3.3052303791046143,0.1284895186662851,0.19403516471146554,0.03286004009692789

Errors:
rotation,[20.598909537750224, 20.97910846965405, 20.739144243364628, 18.31933594007632, 13.923839391736342, 8.628247373654192, 3.497503431720442, 0.809283653152844, 0.5134791873077343, 0.0661525411741963, 0.3693563678447266, 0.384333929800098, 0.22847301882096735, 0.4048401348561407, 0.2147439228545176, 0.3141413446830567, 0.17320915540356313, 0.1960130284132669, 0.39056795474560346, 0.33072677427920166, 0.18652273546922166, 0.3578138560957566, 0.32767620637231937, 0.2183895952181053, 0.29185045631160034, 0.42077284447145835, 0.21864323870275787, 0.4317467378608203, 0.3245918340241387, 0.3652890540418272, 0.3700495453644834, 0.2642316394695392, 0.42603841908979545, 0.4114166699948223, 0.33761154426506274, 0.35538472347467853]
translation,[0.1579505536533441, 0.15680614200671705, 0.148163937009131, 0.1291815193493031, 0.10593816881076101, 0.071766506203371, 0.020127762679550187, 0.008792836998127385, 0.004812179290591523, 0.0065685960484902495, 0.00600730386694881, 0.0058550912925792176, 0.005474111636640799, 0.00539590268910306, 0.007303010469159155, 0.006760181217313921, 0.005107057761891021, 0.006040227124473496, 0.006152024235182019, 0.0053163842441330544, 0.00526235052834334, 0.00611603881781253, 0.007467460190716757, 0.007439299290840751, 0.006705553193118163, 0.00564478283003389, 0.00759878375526668, 0.007277594171341661, 0.007368453135203623, 0.0060999808886110785, 0.0067263999560776, 0.006872142786090052, 0.005367732393128932, 0.0058435477266129965, 0.006761817383746482, 0.006231828714503784]
loss,
[0.12248797714710236, 0.10719205439090729, 0.06681796163320541, 0.049198172986507416, 0.04163820296525955, 0.018678132444620132, 0.005702821072191, 0.002064304891973734, 0.0017120339907705784, 0.0014022812247276306, 0.0017111231572926044, 0.001190186245366931, 0.001044791773892939, 0.0012058151187375188, 0.0012109297094866633, 0.0015708280261605978, 0.001614949433133006, 0.0010937745682895184, 0.0013478852342814207, 0.0009515238925814629, 0.0013450620463117957, 0.0010718932608142495, 0.0014504174469038844, 0.00124866992700845, 0.0015948608051985502, 0.0015009595081210136, 0.0011719688773155212, 0.0012866687029600143, 0.0012121421750634909, 0.0011862539686262608, 0.0008866186253726482, 0.001125982846133411, 0.0015666959807276726, 0.002063543302938342, 0.001266598585061729, 0.001195311895571649]

2022-04-27 00:55:46.573313