2022-04-27 00:42:25.343146

reference phi, theta, psi, translation: 164.57178246643477, -4.268868188959204e-07, 11.003265705708584, 0.2046843022108078, 0.7416750192642212, 3.957021951675415

phi,theta,psi,rot_x,rot_y,rot_z,phi_err,theta_err,psi_err
174.68706040079186,1.035587752499106,3.46078983121423,-0.0498787984251976,0.24902896583080292,4.223120212554932,10.115277934357096,1.035588179385925,7.542475874494354
173.9103176279997,0.25861151922872516,4.032516792105671,0.011964298784732819,0.2974397540092468,4.225678443908691,9.33853516156492,0.25861194611554406,6.970748913602913
170.83908208656842,-3.2608006890267385,7.323360417712583,0.3177929222583771,0.5281124114990234,4.17212438583374,6.267299620133656,3.2608002621399197,3.679905287996001
166.25881187067125,-8.312825305675556,11.759156764738371,0.7777052521705627,0.7318359613418579,4.063370704650879,1.6870294042364833,8.312824878788737,0.7558910590297874
164.32689286393312,-6.643215168317726,11.866636621517692,0.6868391633033752,0.6887021064758301,4.061397552490234,0.24488960250164382,6.643214741430906,0.8633709158091083
164.31341007051154,-2.4692317341339716,11.32359304004572,0.3840971291065216,0.7254692316055298,4.021891117095947,0.2583723959232316,2.469231307247153,0.32032733433713645
164.55870948436336,0.031158809697791372,11.02065707488273,0.20503203570842743,0.7439612150192261,3.9472033977508545,0.013072982071406614,0.03115923658461027,0.01739136917414541
164.50949114120425,-0.4699997059197661,11.36581726949474,0.24626991152763367,0.7577570080757141,3.9506289958953857,0.06229132523051817,0.4699992790329472,0.3625515637861554
164.6196757528949,-0.4101365334907568,10.914203454026202,0.23255407810211182,0.7294591069221497,3.961165428161621,0.04789328646012336,0.4101361066039379,0.0890622516823818
164.6624463974775,-0.2651016606335111,11.203508069153141,0.22743310034275055,0.7510585188865662,3.953569173812866,0.09066393104274084,0.2651012337466922,0.20024236344455737
164.5254464631054,-0.4126236949232632,11.135073842537844,0.23693889379501343,0.7424476742744446,3.9479377269744873,0.04633600332937249,0.4126232680364443,0.1318081368292603
164.5516197480049,-0.3279783677315607,11.117323034658627,0.2316974550485611,0.7445921301841736,3.958496332168579,0.02016271842987294,0.3279779408447418,0.11405732895004306
164.57545710820824,-0.4079954705831074,11.123237978479859,0.23709052801132202,0.7438976764678955,3.9528331756591797,0.003674641773471876,0.40799504369628853,0.11997227277127465
164.59870707214296,-0.4225045390606323,11.146192536732979,0.23814472556114197,0.7446427941322327,3.955902576446533,0.026924605708188665,0.4225041121738134,0.14292683102439518
164.68546413498046,-0.44599526576743337,11.069031035905699,0.23571765422821045,0.7380950450897217,3.953260660171509,0.11368166854569495,0.4459948388806145,0.06576533019711484
164.69297734306747,-0.3888582163934126,11.186138898093798,0.23419645428657532,0.748185932636261,3.9579713344573975,0.12119487663269979,0.3888577895065937,0.18287319238521427
164.5681078246613,-0.1857693053511623,10.83451905207425,0.21642765402793884,0.7292563319206238,3.9644832611083984,0.003674641773471876,0.1857688784643434,0.16874665363433472
164.6509033777802,-0.3672327787407653,11.214480768054766,0.2354925125837326,0.7505671977996826,3.9551913738250732,0.0791209113454272,0.3672323518539464,0.2112150623461826
164.49804374415532,-0.44226173067221114,11.075811706204227,0.23839347064495087,0.7385822534561157,3.9561514854431152,0.07373872227944389,0.44226130378539225,0.07254600049564353
164.54570480418366,-0.39630293041272147,11.064237096881996,0.23542247712612152,0.7400403022766113,3.9572339057922363,0.026077662251111633,0.39630250352590257,0.060971391173412215
164.59658971350026,-0.4430591944569064,11.24016057178672,0.24142003059387207,0.7509403228759766,3.954643487930298,0.024807247065496085,0.4430587675700875,0.2368948660781367
164.58816126006445,-0.2828460905610438,11.122972454875875,0.22807469964027405,0.7448750734329224,3.952524185180664,0.016378793629684196,0.2828456636742249,0.11970674916729074
164.5779706178228,-0.32254418662980616,11.159105009358887,0.2305503934621811,0.7464063167572021,3.9503629207611084,0.006188151388045071,0.32254375974298727,0.1558393036503034
164.54713914390936,-0.4396854241497957,11.017737169012548,0.23712818324565887,0.7360687851905823,3.959658622741699,0.024643322525406575,0.43968499726297683,0.014471463303964427
164.5016910651721,-0.38317014777407316,11.203899097483124,0.2378469854593277,0.749032199382782,3.952218770980835,0.07009140126265834,0.38316972088725426,0.20063339177453976
164.56894110774005,-0.36293669203174705,11.22977441538007,0.23537848889827728,0.7508454322814941,3.9552536010742188,0.0028413586947237945,0.36293626514492816,0.22650870967148684
164.47225294984935,-0.3761598957420302,11.130355889368657,0.23580725491046906,0.7446564435958862,3.95440673828125,0.0995295165854202,0.3761594688552113,0.12709018366007285
164.513739518868,-0.3353886282162986,11.241310604888222,0.23460911214351654,0.7522797584533691,3.952974557876587,0.05804294756677564,0.3353882013294797,0.23804489917963778
164.59672631728367,-0.2926458135366512,11.163551462508567,0.22937552630901337,0.7484539151191711,3.955726385116577,0.024943850848899274,0.2926453866498323,0.1602857567999827
164.54381967197273,-0.3699308479756251,11.205017540959712,0.23660118877887726,0.7491061687469482,3.9546282291412354,0.02796279446204153,0.3699304210888062,0.2017518352511285
164.57741054231087,-0.3537772015608817,11.128615898677596,0.23350466787815094,0.744876503944397,3.9565436840057373,0.005628075876103367,0.3537767746740628,0.1253501929690124
164.50887642417896,-0.3006037147799406,11.155832494972804,0.23159871995449066,0.747767448425293,3.957563638687134,0.0629060422558041,0.3006032878931217,0.1525667892642204
164.59433575107414,-0.28008084214509626,11.013772244199355,0.22570157051086426,0.7392212152481079,3.9596190452575684,0.022553284639371896,0.28008041525827737,0.010506538490771433
164.55850457868826,-0.3403954304128569,11.204846786230464,0.23407238721847534,0.750005841255188,3.9522931575775146,0.013277887746511396,0.340395003526038,0.20158108052187984
164.58372163710396,-0.380037154482754,11.040115430054449,0.233712837100029,0.7380125522613525,3.959151268005371,0.011939170669194255,0.3800367275959351,0.0368497243458652
164.56134593738298,-0.4250516713373604,11.114053081593484,0.23844313621520996,0.7429186701774597,3.956965684890747,0.010436529051787602,0.4250512444505415,0.11078737588490029

Errors:
rotation,[18.693341988237375, 16.567896021283374, 13.208005170269576, 10.755745342055008, 7.7514752597416585, 3.047931037507521, 0.061623587830162294, 0.8948421680496208, 0.5470916447464431, 0.5560075282339905, 0.5907674081950771, 0.4621979882246578, 0.531641958241035, 0.5923555489063972, 0.6254418376234243, 0.6929258585245077, 0.35819017387215, 0.6575683255455562, 0.5885460265604796, 0.4833515569504264, 0.7047608807137202, 0.41893120647119986, 0.48457121478133575, 0.47879978309234783, 0.6538945139244523, 0.5922863335111388, 0.6027791691007043, 0.6314760480758932, 0.4778749942987143, 0.5996450508019762, 0.4847550435191786, 0.5160761194131462, 0.3131402383884207, 0.5552539717944293, 0.42882562261099455, 0.5462751493872293]
translation,[0.19962134480110283, 0.2050216930318296, 0.1862775228357041, 0.17022692888828672, 0.145114470678112, 0.07367856840701759, 0.009197638407798081, 0.0009534695222273015, 0.0033504371345474127, 0.00043120473053370745, 0.007004042453260695, 0.0034459657558834067, 0.0019247886737696618, 0.0012861307351856865, 0.002653141108971191, 0.003740024509118811, 0.0056746918611843, 0.0015310943551254397, 0.00043032098889383974, 0.0015852680854928636, 0.0014137347304901127, 0.002567821564229966, 0.004263734146649156, 0.0033380319580817996, 0.0015316964937488464, 0.0016372635185755158, 0.00031621310612273135, 0.0003753587496237998, 0.0013105122703445105, 0.0007719655851268215, 0.0016869083515977934, 0.0031125482598435283, 0.0032201394560695817, 0.0014986648026296123, 0.002995907818883481, 0.002028758175977252]
loss,
[0.09414171427488327, 0.10253577679395676, 0.07952270656824112, 0.051835715770721436, 0.037268877029418945, 0.017079003155231476, 0.0036149087827652693, 0.0033865715377032757, 0.003297062125056982, 0.002860510256141424, 0.002749411389231682, 0.0021869961638003588, 0.0027868980541825294, 0.0032547423616051674, 0.0029666610062122345, 0.003962043672800064, 0.0032029463909566402, 0.0030489712953567505, 0.003037679474800825, 0.0018771616742014885, 0.0030449177138507366, 0.0032999003306031227, 0.0026281082537025213, 0.0020369039848446846, 0.0026363288052380085, 0.0024113759864121675, 0.003708294127136469, 0.003295480040833354, 0.0030598535668104887, 0.0032595086377114058, 0.003055234206840396, 0.0026292770635336637, 0.0026516192592680454, 0.0033969839569181204, 0.0027393484488129616, 0.0030415947549045086]

2022-04-27 00:46:48.039770