2022-04-27 06:49:53.895150

reference phi, theta, psi, translation: 16.672973292337613, -0.0, 55.56417970941693, 0.9538894295692444, -3.184936285018921, 2.279534101486206

phi,theta,psi,rot_x,rot_y,rot_z,phi_err,theta_err,psi_err
26.607018987257597,-4.879078348390559,61.415046110949504,1.4386786222457886,-3.2383759021759033,2.121750593185425,9.934045694919984,4.879078348390559,5.850866401532571
26.047947513124544,-5.403594380549183,59.810716637183546,1.3649433851242065,-3.227172374725342,2.198101043701172,9.374974220786932,5.403594380549183,4.246536927766613
23.478073469981613,-4.515368491152529,54.84421971428964,1.2076866626739502,-3.158830404281616,2.407489776611328,6.805100177644,4.515368491152529,0.7199599951272901
21.60937810929573,0.32119375634310593,53.69441542412594,1.280967354774475,-3.0903613567352295,2.4574666023254395,4.936404816958117,0.32119375634310593,1.8697642852909908
17.405825269523298,2.6367673560066827,54.75241855675009,1.1193219423294067,-3.197930335998535,2.3892569541931152,0.7328519771856854,2.6367673560066827,0.8117611526668469
17.17962477213811,0.7097307915939818,54.35821760389739,1.0253888368606567,-3.1837174892425537,2.40273380279541,0.506651479800496,0.7097307915939818,1.2059621055195464
16.872828042546768,-0.1633587569473289,54.708626798886556,0.967065691947937,-3.197908639907837,2.366258144378662,0.19985475020915544,0.1633587569473289,0.8555529105303776
16.973815804519994,-0.08911760304547574,55.17960590819937,0.9727007746696472,-3.1920523643493652,2.323092222213745,0.3008425121823812,0.08911760304547574,0.384573801217563
16.74120175950416,-0.06497526900254583,55.175825398493764,0.9567278027534485,-3.1798949241638184,2.3095345497131348,0.06822846716654851,0.06497526900254583,0.3883543109231695
16.602386702360114,-0.14465979262510842,55.416391491250785,0.9452081918716431,-3.181718349456787,2.288235664367676,0.07058658997749845,0.14465979262510842,0.1477882181661485
16.666185791849912,-0.12089233733269661,55.3808335264317,0.9489508867263794,-3.1764540672302246,2.2885169982910156,0.006787500487700271,0.12089233733269661,0.18334618298523253
16.727314277374234,-0.12222327432674673,55.44025958730539,0.9524441361427307,-3.1777241230010986,2.285477638244629,0.05434098503662099,0.12222327432674673,0.12392012211154224
16.683758161037062,-0.127264184619987,55.43338841700036,0.9503475427627563,-3.1786983013153076,2.2841458320617676,0.01078486869944939,0.127264184619987,0.13079129241657483
16.664305782280866,-0.07183544388314096,55.4740826840753,0.9505332112312317,-3.176164388656616,2.2805891036987305,0.008667510056746153,0.07183544388314096,0.09009702534163466
16.700821681131046,-0.19274334971232918,55.38931662138086,0.9461798667907715,-3.1726367473602295,2.2851386070251465,0.027848388793433543,0.19274334971232918,0.17486308803607642
16.68584649137579,-0.186092307922668,55.46031985289772,0.9461310505867004,-3.1752216815948486,2.2811474800109863,0.01287319903817874,0.186092307922668,0.10385985651921459
16.67243883003506,-0.12213632648157913,55.45906309809044,0.9483775496482849,-3.1756083965301514,2.2816903591156006,0.0005344623025536066,0.12213632648157913,0.10511661132649408
16.69995253955916,-0.17451853872435968,55.48266481676742,0.9478992819786072,-3.176253080368042,2.2802088260650635,0.026979247221547098,0.17451853872435968,0.0815148926495155
16.600416192784564,-0.06575382055845387,55.49738728952338,0.9470326900482178,-3.1770505905151367,2.2779507637023926,0.07255709955304823,0.06575382055845387,0.06679241989355233
16.600989928674846,-0.0991475487332763,55.520452838350515,0.9458033442497253,-3.1789207458496094,2.2771542072296143,0.07198336366276692,0.0991475487332763,0.04372687106641848
16.69057127473415,-0.19987978115234223,55.506754893970054,0.9461184144020081,-3.1781294345855713,2.2780418395996094,0.01759798239653776,0.19987978115234223,0.05742481544687905
16.635839261367543,-0.10449987356388804,55.43052998283271,0.9465270638465881,-3.1743783950805664,2.282026529312134,0.037134030970069176,0.10449987356388804,0.13364972658422403
16.606554825301114,-0.1320987928486794,55.494778157260434,0.9442901611328125,-3.1788382530212402,2.2780988216400146,0.0664184670364989,0.1320987928486794,0.06940155215649924
16.579882936592213,-0.09159021332385663,55.454182927928464,0.943421483039856,-3.1763362884521484,2.2801973819732666,0.09309035574539948,0.09159021332385663,0.10999678148846925
16.628513883482707,-0.13853957239174347,55.548613708298475,0.9457973837852478,-3.178230047225952,2.2745890617370605,0.04445940885490529,0.13853957239174347,0.015566001118457962
16.663214659560957,-0.10354624543369019,55.46137511712449,0.947807788848877,-3.1737611293792725,2.279961585998535,0.009758632776655674,0.10354624543369019,0.10280459229244343
16.660139366887158,-0.19177001521601061,55.47612491063713,0.9445730447769165,-3.1764261722564697,2.2804172039031982,0.012833925450454586,0.19177001521601061,0.08805479877980105
16.67487550002146,-0.07402381499548359,55.46026521138436,0.9495386481285095,-3.1740286350250244,2.2801430225372314,0.0019022076838481894,0.07402381499548359,0.10391449803257302
16.681528104273053,-0.06465769707807824,55.484816326355975,0.9511584639549255,-3.1747045516967773,2.2791144847869873,0.008554811935439943,0.06465769707807824,0.07936338306095791
16.67154578280108,-0.22555829226190469,55.509801158339876,0.9442065954208374,-3.178617477416992,2.278749704360962,0.0014275095365334778,0.22555829226190469,0.05437855107705758
16.651739941755334,-0.09359267030809262,55.52249164981776,0.9486492872238159,-3.1775619983673096,2.277953624725342,0.021233350582278376,0.09359267030809262,0.04168805959917421
16.62928569485892,-0.14310935041784653,55.475329193598824,0.9444156289100647,-3.1770966053009033,2.28029465675354,0.04368759747869433,0.14310935041784653,0.08885051581810899
16.712928191434894,-0.08882656063759882,55.546889085533046,0.9527780413627625,-3.1778998374938965,2.2765228748321533,0.03995489909728178,0.08882656063759882,0.01729062388388769
16.662618725555873,-0.13242974166549076,55.44598670092445,0.94692063331604,-3.1757540702819824,2.2818877696990967,0.010354566781739294,0.13242974166549076,0.11819300849248293
16.633322336658395,-0.1258534854866252,55.54481953821453,0.9470285773277283,-3.179521322250366,2.276477336883545,0.0396509556792175,0.1258534854866252,0.019360171202400522
16.644501648782413,-0.17213247104492035,55.40083915051066,0.9434008598327637,-3.1738317012786865,2.2833895683288574,0.028471643555199933,0.17213247104492035,0.16334055890627042

Errors:
rotation,[20.663990444843115, 19.025105529102728, 12.04042866392382, 7.127362858592213, 4.181380485859215, 2.4223443769140243, 1.218766417686862, 0.7745339164454199, 0.5215580470922638, 0.3630346007687554, 0.3110260208056294, 0.30048438147490997, 0.26884034573601123, 0.17059997928152176, 0.39545482654183917, 0.30282536348006134, 0.22778740011062681, 0.2830126785954223, 0.20510334000505442, 0.2148577834624617, 0.27490257899575904, 0.2752836311181812, 0.26791881204167756, 0.29467735055772537, 0.19856498236510672, 0.21610947050278928, 0.29265873944626625, 0.17984052071190482, 0.15257589207447608, 0.28136435287549577, 0.1565140804895452, 0.2756474637146499, 0.14607208361876828, 0.260977316939713, 0.18486461236824323, 0.3639446735063907]
translation,[0.09908907901583852, 0.1052173732429793, 0.12010271686930629, 0.1198171481818413, 0.11473520190040887, 0.08719713819383568, 0.06289279479364751, 0.034839972783071715, 0.013745629543023163, 0.00034390061072819833, 0.0027696083029278284, 0.0026690486185030338, 0.0031510165193440187, 0.007123361497739289, 0.008351373363949754, 0.008588555619676974, 0.007446523841342589, 0.0078902450985181, 0.008743866589388638, 0.008006647024438429, 0.008055238667275866, 0.008662360340571773, 0.007892504640381937, 0.008883666652451438, 0.010005347013331445, 0.010019047119247837, 0.008417824986259426, 0.00929673942035425, 0.008963493989528004, 0.00771794880192278, 0.007957421611591187, 0.007994829942132853, 0.007524784606197876, 0.007562733184202308, 0.007626901145039611, 0.009054674485867942]
loss,
[0.11858969181776047, 0.09814860671758652, 0.06290588527917862, 0.04495479166507721, 0.017090093344449997, 0.011776721104979515, 0.00955748837441206, 0.005977294407784939, 0.0021057825069874525, 0.0014937957748770714, 0.001835577073507011, 0.001737082377076149, 0.0014890594175085425, 0.0014563434524461627, 0.0012934179976582527, 0.0018445265013724566, 0.0013982098316773772, 0.0013097086921334267, 0.0012723696418106556, 0.0016824331833049655, 0.0017323901411145926, 0.0016859000315889716, 0.0018084223847836256, 0.001544959843158722, 0.0015232411678880453, 0.0015986254438757896, 0.0014707514783367515, 0.0016239318065345287, 0.001534176990389824, 0.0014704917557537556, 0.001695826998911798, 0.0017850392032414675, 0.0013115181354805827, 0.0016811590176075697, 0.0016000047326087952, 0.001722649671137333]

2022-04-27 06:54:16.690196