2022-04-20 16:16:23.738716

reference phi, theta, psi, translation: 132.9853677440357, -8.537735924097414e-07, 76.34363348549546, 2.865516185760498, 2.6707684993743896, 0.9517420530319214

phi,theta,psi,rot_x,rot_y,rot_z,phi_err,theta_err,psi_err
143.3552887910292,-3.0579185397180266,69.36864430507845,2.3124754428863525,2.981729030609131,1.6183615922927856,10.369921046993511,3.0579176859444344,6.974989180417012
142.89739290907156,-2.9075819424400504,68.62481621389654,2.330092430114746,2.960186243057251,1.656472086906433,9.912025165035857,2.907581088666458,7.7188172715989225
137.9803397255794,-1.332190686641122,63.41492549992924,2.5119595527648926,2.743736743927002,1.9010666608810425,4.994971981543699,1.3321898328675295,12.92870798556622
132.02707854310458,4.390440595181998,63.00551030070033,2.6629409790039062,2.6094887256622314,1.8852577209472656,0.9582892009311195,4.39044144895559,13.33812318479513
129.4785573788544,4.127507212281288,67.02068481561652,2.89398193359375,2.5139572620391846,1.634447455406189,3.506810365181309,4.12750806605488,9.32294866987894
128.39278952725414,1.2623892504162617,71.67519918779175,3.1026601791381836,2.4747445583343506,1.318692684173584,4.592578216781561,1.2623901041898542,4.668434297703712
128.95830186977452,0.13674859594017624,74.0317852061754,3.122262477874756,2.5130670070648193,1.1526771783828735,4.027065874261183,0.13674944971376865,2.31184827932006
129.65753565586542,0.4368839022406562,73.9350970482847,3.067762613296509,2.546604633331299,1.1502752304077148,3.3278320881702825,0.43688475601424864,2.4085364372107563
130.57302689145723,0.6473239515868521,74.46783814316736,3.0196263790130615,2.599243402481079,1.1083203554153442,2.412340852578467,0.6473248053604445,1.8757953423281037
131.06660368163904,0.48259763419992674,74.9876223691945,2.9907991886138916,2.615370512008667,1.0679872035980225,1.9187640623966615,0.4825984879735192,1.3560111163009623
131.5613552643581,0.09154387746484362,75.25031144467319,2.961082696914673,2.6240293979644775,1.042407751083374,1.4240124796776001,0.09154473123843603,1.0933220408222724
132.0324470717922,-0.006637386341486583,75.61716090499456,2.9287021160125732,2.6371843814849854,1.0102756023406982,0.9529206722434935,0.006636532567894173,0.7264725805008965
132.51162582320362,0.19210445704457121,75.81131586234135,2.8925907611846924,2.6545846462249756,0.992703914642334,0.473741920832083,0.19210531081816362,0.532317623154114
132.65322930507634,0.027577142348917113,76.13834531980156,2.8823680877685547,2.656519889831543,0.9666102528572083,0.3321384389593618,0.027577996122509524,0.20528816569390074
132.74415278330753,0.05865045349514764,76.21829268403656,2.876774549484253,2.65864896774292,0.9603173732757568,0.24121496072817195,0.05865130726874005,0.12534080145890414
132.9290460041398,0.053127607574950934,76.1765329074511,2.863986015319824,2.6646482944488525,0.963265061378479,0.05632173989590683,0.05312846134854334,0.16710057804435507
132.98565461198083,-0.0031288437198528658,76.22711728844422,2.8589601516723633,2.663555383682251,0.9588826894760132,0.0002868679451353273,0.003127989946260456,0.11651619705124006
133.17647643701267,-0.008500392223891996,76.24421325193676,2.845550298690796,2.668440580368042,0.9567632675170898,0.1911086929769681,0.008499538450299587,0.09942023355870333
133.17944073911244,0.14978002258231654,76.30530929406252,2.84206485748291,2.670257806777954,0.9506738781929016,0.1940729950767377,0.14978087635590895,0.03832419143293464
133.0939677518389,0.12197006944668766,76.24582517658088,2.8470194339752197,2.6656460762023926,0.9554368853569031,0.10860000780320433,0.12197092322028007,0.09780830891457981
133.00774344375668,0.10138270162089975,76.2569788754955,2.8517065048217773,2.662207841873169,0.9547110795974731,0.022375699720981856,0.10138355539449216,0.08665460999995389
133.13035899973673,0.06726487627728332,76.24692483703726,2.845763921737671,2.6665446758270264,0.9554311037063599,0.14499125570102933,0.06726573005087573,0.09670864845820404
133.14391009505005,0.08485946425974768,76.30113604847965,2.844749927520752,2.667060613632202,0.9517773985862732,0.1585423510143471,0.08486031803334008,0.0424974370158111
133.13362383016,0.08615227562369294,76.3312571827194,2.84521746635437,2.667450428009033,0.9493592381477356,0.14825608612429164,0.08615312939728535,0.01237630277606172
133.1392928871711,0.10052664186382314,76.26195808340044,2.8437094688415527,2.6667375564575195,0.9537472128868103,0.15392514313541028,0.10052749563741555,0.08167540209501567
133.11229997957122,0.07736418371257081,76.31931801205022,2.846940040588379,2.6657118797302246,0.9499738216400146,0.12693223553552002,0.07736503748616322,0.024315473445241764
133.04231786133528,0.0631123384372973,76.2854539341453,2.8495965003967285,2.662259578704834,0.9530864953994751,0.05695011729957855,0.06311319221088971,0.058179551350164616
133.1045408846741,0.1191552077232513,76.29457223668726,2.846705436706543,2.665799379348755,0.9520567059516907,0.11917314063839513,0.11915606149684371,0.04906124880820073
133.10985477184835,0.05845453759453472,76.270898801024,2.846318244934082,2.6659252643585205,0.9530718922615051,0.12448702781264842,0.05845539136812713,0.07273468447145603
133.086017411645,0.033990054634927276,76.2424510631309,2.847801923751831,2.664424419403076,0.9558786749839783,0.1006496676093036,0.033990908408519684,0.10118242236455899
133.0606910702026,0.03355243793924711,76.25821513973528,2.8494975566864014,2.663299322128296,0.9544392824172974,0.07532332616690951,0.033553291712839516,0.08541834576017493
133.0721248068732,0.06895887550605004,76.21285585345723,2.8482558727264404,2.6638917922973633,0.9580570459365845,0.08675706283750628,0.06895972927964245,0.13077763203823167
133.03275559649725,0.11828053242683503,76.32261016323017,2.850296974182129,2.664685010910034,0.9490058422088623,0.0473878524615543,0.11828138620042744,0.021023322265293132
133.1182012630141,0.11475784411489322,76.27514034849858,2.8458945751190186,2.666887044906616,0.9533650279045105,0.13283351897840134,0.11475869788848563,0.06849313699687798
133.10749152639553,0.06431121777565546,76.2414675158904,2.845993757247925,2.66522479057312,0.9554700255393982,0.12212378235983579,0.06431207154924787,0.10216596960505342
133.11824224414914,0.057630595697716315,76.25553770558064,2.845568895339966,2.6656720638275146,0.9545729160308838,0.13287450011344504,0.05763144947130872,0.08809577991482342

Errors:
rotation,[20.402827913354958, 20.538423525301237, 19.255869799977447, 18.68685383468184, 16.95726710111513, 10.523402618675128, 6.475663603295011, 6.173253281395287, 4.935461000267015, 3.757373666671143, 2.6088792517383084, 1.686029785312284, 1.1981648548043606, 0.5650046007757721, 0.42520706945581616, 0.2765507792888052, 0.11993105494263584, 0.299028464985971, 0.3821780628655813, 0.3283792399380642, 0.21041386511542792, 0.3089656342101091, 0.2859001060634983, 0.24678551829763873, 0.3361280408678415, 0.228612746466925, 0.17824286086063287, 0.28739045094343957, 0.2556771036522316, 0.23582299838238227, 0.19429496363992396, 0.2864944241553804, 0.18669256092727488, 0.31608535386376496, 0.2886018235141371, 0.2786017294995772]
translation,[0.07464079787699607, 0.08420012494529949, 0.14644054220324065, 0.146775194401072, 0.13618809210874527, 0.15095324792514386, 0.13932590986490379, 0.11850910796490588, 0.1043981070714528, 0.08294927757228532, 0.06034452921145661, 0.037371342435978505, 0.01848366197210627, 0.006132422234473189, 0.0020405093352477977, 0.002401322662747951, 0.007742723159519294, 0.01452243824412136, 0.017229285314980913, 0.01565281513117256, 0.014780594175133999, 0.01594754847546387, 0.017191360791358967, 0.01717361062760059, 0.017675727282708387, 0.016961792426357647, 0.016630172578741664, 0.016576617250157355, 0.016526680142996852, 0.015803606804356995, 0.015689467773397858, 0.01531588317560928, 0.015490591811683885, 0.016118662818222163, 0.016651785161792887, 0.016869413208143058]
loss,
[0.2171856015920639, 0.2009771317243576, 0.11469791829586029, 0.06019750237464905, 0.04339215159416199, 0.02216479741036892, 0.01885860785841942, 0.015115689486265182, 0.010463891550898552, 0.009535588324069977, 0.006041749380528927, 0.004085922613739967, 0.002610770519822836, 0.0019167311256751418, 0.002023718785494566, 0.0015326673164963722, 0.00146760162897408, 0.0018596274312585592, 0.0014430973678827286, 0.001592383487150073, 0.0017780158668756485, 0.0015804863069206476, 0.0018462640000507236, 0.0012966212816536427, 0.0013016600860282779, 0.0011960554402321577, 0.0013515128521248698, 0.001471913419663906, 0.0013961924705654383, 0.0011635456467047334, 0.001548025757074356, 0.0012309638550505042, 0.001641412265598774, 0.0013566967099905014, 0.0017266410868614912, 0.0016213863855227828]

2022-04-20 16:25:24.646082