2022-04-20 15:22:53.597809

reference phi, theta, psi, translation: 164.57178246643477, -4.268868188959204e-07, 11.003265705708584, 0.2046843022108078, 0.7416750192642212, 3.957021951675415

phi,theta,psi,rot_x,rot_y,rot_z,phi_err,theta_err,psi_err
174.68706040079186,1.035587752499106,3.46078983121423,-0.0498787984251976,0.24902896583080292,4.223120212554932,10.115277934357096,1.035588179385925,7.542475874494354
173.1673979519774,-0.4401511709560936,5.312629992575815,0.09339466691017151,0.39351749420166016,4.220916271209717,8.595615485542623,0.4401507440692747,5.690635713132769
168.22280544575173,-3.7938788807828665,11.088597820330492,0.449154794216156,0.7624085545539856,4.194015979766846,3.651022979316963,3.7938784538960477,0.0853321146219077
164.50320736716785,-3.660103790483637,12.363160638326354,0.4950254559516907,0.81002277135849,4.1618170738220215,0.06857509926692273,3.6601033635968183,1.3598949326177703
164.38937543446042,-3.339291054050185,11.681837315786535,0.4539564847946167,0.755195677280426,4.109682559967041,0.18240703197434982,3.339290627163366,0.6785716100779506
164.2726475015449,-2.5395212222207983,11.941137763663253,0.4023788273334503,0.7742832899093628,4.042874336242676,0.29913496488987334,2.5395207953339796,0.9378720579546691
164.58225997662157,-0.5324652825974723,11.147982900069168,0.24758215248584747,0.7481970191001892,3.981947183609009,0.010477510186802874,0.5324648557106534,0.1447171943605845
164.61121997870242,-0.5932533650389529,11.272232578808163,0.2499465048313141,0.7489070296287537,3.951829433441162,0.039437512267653574,0.593252938152134,0.2689668730995791
164.5911802036776,-0.47049993903697607,11.133218592404539,0.2407602220773697,0.7434401512145996,3.960049867630005,0.01939773724282645,0.4704995121501572,0.12995288669595517
164.52145763263013,-0.5084238387604695,11.25695429940849,0.24680814146995544,0.7500170469284058,3.9531800746917725,0.05032483380463759,0.5084234118736506,0.2536885936999056
164.66859356773054,-0.5441131606852911,11.114878680709408,0.24556691944599152,0.7404654026031494,3.959843397140503,0.09681110129577064,0.5441127337984722,0.11161297500082412
164.59750495884904,-0.5051006715619776,11.185869959395228,0.24511830508708954,0.7464196681976318,3.9607489109039307,0.02572249241427471,0.5051002446751587,0.18260425368664457
164.56631831509875,-0.4363139184450452,11.133448257515381,0.23883056640625,0.744101345539093,3.960061550140381,0.005464151336013856,0.4363134915582263,0.13018255180679716
164.63160126318576,-0.46018990360697565,11.158931693308698,0.24078024923801422,0.7450980544090271,3.955343008041382,0.05981879675098867,0.46018947672015675,0.15566598760011452
164.59908956273648,-0.5785180812673321,11.128667125096372,0.24846351146697998,0.7414516806602478,3.9596962928771973,0.02730709630171191,0.5785176543805132,0.1254014193877886
164.5086578581255,-0.45267433587172295,11.25925692693243,0.24363389611244202,0.7515348196029663,3.961813449859619,0.06312460830926625,0.45267390898490406,0.2559912212238462
164.5230285761392,-0.512562509543535,11.099281089966038,0.24438993632793427,0.739630937576294,3.9567646980285645,0.04875389029555777,0.5125620826567161,0.09601538425745382
164.58832518460454,-0.5038575944713163,11.265101861314669,0.2462097555398941,0.7524164319038391,3.959674596786499,0.016542718169773707,0.5038571675844974,0.2618361556060851
164.57384518356412,-0.49326089391868727,11.201406078436069,0.24451696872711182,0.7475409507751465,3.9560298919677734,0.002062717129348357,0.4932604670318684,0.19814037272748486
164.52632072731916,-0.43563068386076065,11.24607124673972,0.2414703071117401,0.7509258389472961,3.9535012245178223,0.045461739115609134,0.43563025697394175,0.24280554103113694
164.53898389804039,-0.5794462960398507,11.179440190065307,0.24978822469711304,0.7441418170928955,3.9552247524261475,0.032798568394383665,0.5794458691530318,0.17617448435672323
164.53137506730496,-0.3842498632795475,11.165219736213341,0.23672929406166077,0.7479572296142578,3.962198495864868,0.040407399129804844,0.3842494363927286,0.16195403050475754
164.55241204994863,-0.40039759120236396,11.264377861262648,0.2393217384815216,0.7527020573616028,3.954993963241577,0.01937041648614013,0.40039716431554506,0.26111215555406453
164.58594827877337,-0.46252705520872966,11.173641359459968,0.24168972671031952,0.7470794320106506,3.959530830383301,0.0141658123386037,0.46252662832191077,0.17037565375138364
164.59682193993203,-0.4423647225903812,11.109935331297612,0.23942051827907562,0.7428778409957886,3.962291717529297,0.02503947349725877,0.4423642957035623,0.10666962558902782
164.49337189476302,-0.4501212531089233,11.195935096910889,0.24215036630630493,0.7477912306785583,3.9572012424468994,0.07841057167175336,0.4501208262221044,0.19266939120230475
164.52569234991552,-0.4271844496444908,11.137828116320652,0.23910565674304962,0.7439308762550354,3.957559823989868,0.04609011651925243,0.4271840227576719,0.13456241061206775
164.6124357523747,-0.4281106025983633,11.14451572529174,0.23779691755771637,0.7453398108482361,3.961134910583496,0.0406532859399249,0.4281101757115444,0.14125001958315586
164.59870707214296,-0.42783756118119876,11.186627256619454,0.2384525090456009,0.748274564743042,3.958064079284668,0.026924605708188665,0.42783713429437986,0.18336155091087036
164.58245122191832,-0.5258477893628388,11.084662777594918,0.2440723031759262,0.7382624745368958,3.9577198028564453,0.010668755483550285,0.5258473624760199,0.08139707188633416
164.6146897148008,-0.4385303690012438,11.228039547330887,0.240136981010437,0.7503812909126282,3.9555091857910156,0.04290724836602067,0.4385299421144249,0.2247738416223033
164.58163159921793,-0.46006419995955045,11.192333025897353,0.24168838560581207,0.7472653985023499,3.9562816619873047,0.009849132783159575,0.46006377307273155,0.18906732018876937
164.5364294072908,-0.46356869682733143,11.201195196345445,0.24246102571487427,0.7487338185310364,3.956904172897339,0.03535305914397213,0.46356826994051253,0.19792949063686116
164.54862812514844,-0.44825680661153866,11.203237422907279,0.24051609635353088,0.7481884360313416,3.95748233795166,0.023154341286328872,0.44825637972471977,0.19997171719869478
164.49958736690775,-0.4473603895344925,11.139837899483927,0.2405688464641571,0.7440378665924072,3.955962657928467,0.07219509952702197,0.4473599626476736,0.13657219377534346
164.58597559953006,-0.40704016586807823,11.18358269979692,0.23765631020069122,0.7475735545158386,3.958160638809204,0.014193133095290023,0.40703973898125934,0.18031699408833646

Errors:
rotation,[18.693341988237375, 14.726401942744667, 7.530233547834918, 5.088573395481511, 4.200269269215667, 3.776527818178522, 0.6876595602580408, 0.9016573235193667, 0.6198501360889388, 0.8124368393781938, 0.752536810095067, 0.713426990776078, 0.5719601947010373, 0.6756742610712599, 0.7312261700700137, 0.7717897385180166, 0.6573313572097277, 0.7822360413603562, 0.6934635568887015, 0.7238975371206878, 0.7884189219041386, 0.5866108660272911, 0.6808797363557497, 0.647068094411898, 0.5740733947898489, 0.7212007890961625, 0.6078365498889922, 0.6100134812346252, 0.6381232909134389, 0.6179131898459044, 0.7062110321027488, 0.6589802260446604, 0.6968508197213459, 0.6713824382097434, 0.6561272559500391, 0.6015498661648858]
translation,[0.19962134480110283, 0.2091202358900306, 0.2552188291735469, 0.23758383709187836, 0.17195184258781637, 0.1048421125398944, 0.028058094850873516, 0.0012044776412825087, 0.0052882837993832865, 0.00013300130591620274, 0.004828463357450907, 0.00678606002129456, 0.005306943335674497, 0.0009778117534651187, 0.00504248234894078, 0.008688899909788717, 0.001583242585852851, 0.006911791688709812, 0.0023284893642356863, 0.00029385650670565866, 0.0012331903814439826, 0.007992004504401073, 0.001960798424525123, 0.005506578101471149, 0.007304621873418071, 0.0033810060969461375, 0.002837437090826178, 0.006527421686581825, 0.004096702568146426, 0.0022504266939815665, 0.0020820732657984564, 0.002353890976756645, 0.0032831139227971207, 0.003632600783363138, 0.0013772999126135943, 0.004014513609335246]
loss,
[0.10861053317785263, 0.08968689292669296, 0.061390720307826996, 0.03888184577226639, 0.030201617628335953, 0.02265336364507675, 0.005644366145133972, 0.0035832650028169155, 0.003306381404399872, 0.0031844316981732845, 0.003676814492791891, 0.0030511394143104553, 0.0025305836461484432, 0.003499550512060523, 0.0027384553104639053, 0.004127867519855499, 0.0027660808991640806, 0.002540609799325466, 0.0025403255131095648, 0.002423379337415099, 0.003099645022302866, 0.0032833456061780453, 0.0029125928413122892, 0.0025090123526751995, 0.0030361786484718323, 0.0029009587597101927, 0.002346102148294449, 0.0032663324382156134, 0.0027023213915526867, 0.0032830543350428343, 0.0033871009945869446, 0.0028350818902254105, 0.002818603068590164, 0.0035281996242702007, 0.002428073901683092, 0.0035220454446971416]

2022-04-20 15:31:49.908425