2022-04-27 01:21:16.592050

reference phi, theta, psi, translation: 16.672973292337613, -0.0, 55.56417970941693, 0.9538894295692444, -3.184936285018921, 2.279534101486206

phi,theta,psi,rot_x,rot_y,rot_z,phi_err,theta_err,psi_err
26.607018987257597,-4.879078348390559,61.415046110949504,1.4386786222457886,-3.2383759021759033,2.121750593185425,9.934045694919984,4.879078348390559,5.850866401532571
27.554386715705874,-5.680657381552636,60.98964826906277,1.460817575454712,-3.243072986602783,2.1172502040863037,10.881413423368262,5.680657381552636,5.425468559645836
25.97125131893447,-4.266199621765283,60.84942448540241,1.414154291152954,-3.304344415664673,2.0689923763275146,9.298278026596858,4.266199621765283,5.2852447759854755
21.161012048777536,1.0312350084537965,60.42669724748115,1.3176405429840088,-3.363162040710449,2.030773639678955,4.488038756439924,1.0312350084537965,4.862517538064218
19.504651901461713,3.050093308535748,57.00135054853058,1.2476701736450195,-3.217705011367798,2.2482497692108154,2.8316786091241006,3.050093308535748,1.437170839113648
18.62128475308375,1.896665527704002,54.81176607044833,1.1465201377868652,-3.1493136882781982,2.3605239391326904,1.9483114607461367,1.896665527704002,0.7524136389686049
16.94187613241372,0.34436791971409164,55.31394889898435,0.9930905103683472,-3.202467203140259,2.3203258514404297,0.2689028400761089,0.34436791971409164,0.25023081043258344
16.182311285384113,-0.20343409960776598,55.258501423302185,0.9219470620155334,-3.1993095874786377,2.3082895278930664,0.4906620069534995,0.20343409960776598,0.30567828611474823
16.604353796841078,-0.007714698002273288,55.46727981566197,0.9518008828163147,-3.1845998764038086,2.2879374027252197,0.06861949549653446,0.007714698002273288,0.09689989375496566
16.594098267802305,-0.044721262034284864,55.54429361364844,0.9482682943344116,-3.180725574493408,2.2778778076171875,0.07887502453530715,0.044721262034284864,0.01988609576849143
16.669693093988712,-0.006794607932330951,55.507400346846616,0.9534680247306824,-3.175962209701538,2.2777106761932373,0.003280198348900143,0.006794607932330951,0.05677936257031746
16.720099890063405,-0.031877693186563964,55.56338057728404,0.9555221199989319,-3.177037477493286,2.2752840518951416,0.04712659772579286,0.031877693186563964,0.000799132132890179
16.64421990347915,-0.009580651510765073,55.56324397350065,0.9528001546859741,-3.1781439781188965,2.2749440670013428,0.028753388858461904,0.009580651510765073,0.0009357359162862622
16.65423466834968,-0.026081331877623737,55.61005809007191,0.9526330232620239,-3.181617259979248,2.2730982303619385,0.018738623987932357,0.026081331877623737,0.04587838065497607
16.684820255452998,0.015009737678087252,55.53914365101426,0.9557190537452698,-3.1784021854400635,2.278047800064087,0.011846963115385023,0.015009737678087252,0.02503605840267653
16.673724613146312,-0.06541688389928338,55.61560420367796,0.9527081251144409,-3.181429862976074,2.273287773132324,0.0007513208086997736,0.06541688389928338,0.051424494261027576
16.609257872665147,-0.06278538742895247,55.64287714903382,0.9495664834976196,-3.183401107788086,2.270810604095459,0.06371541967246586,0.06278538742895247,0.07869743961688869
16.660853121655425,0.030687813524284995,55.50769404498093,0.9545966386795044,-3.1755013465881348,2.278189182281494,0.012120170682187847,0.030687813524284995,0.05648566443600345
16.722304333618027,-0.05841187636648265,55.61338780729229,0.9543362855911255,-3.1794610023498535,2.273010730743408,0.04933104128041421,0.05841187636648265,0.04920809787535774
16.65072053602171,-0.02866371373827093,55.62398143069498,0.9530103206634521,-3.1800637245178223,2.27128267288208,0.022252756315904065,0.02866371373827093,0.05980172127804906
16.726161682951794,-0.030939520845545906,55.606752278513625,0.9566108584403992,-3.179870843887329,2.2730987071990967,0.05318839061418146,0.030939520845545906,0.04257256909669138
16.696653558190047,-0.006099872657078927,55.60663275020315,0.9554583430290222,-3.17885422706604,2.272099733352661,0.02368026585243399,0.006099872657078927,0.04245304078621359
16.636098808556003,0.0027382392494115816,55.62333256272383,0.9531533122062683,-3.1801109313964844,2.270522356033325,0.03687448378160951,0.0027382392494115816,0.05915285330689812
16.68030720795891,0.007362876483951607,55.60297518390261,0.9554367661476135,-3.1791677474975586,2.2734899520874023,0.007333915621298814,0.007362876483951607,0.03879547448567422
16.67480890567705,-0.05319378099703494,55.57948957844152,0.9525100588798523,-3.179263114929199,2.2747414112091064,0.0018356133394377139,0.05319378099703494,0.015309869024584088
16.653024017319296,0.001958140866584554,55.58760384317549,0.9539194703102112,-3.178786039352417,2.273796558380127,0.019949275018316115,0.001958140866584554,0.023424133758560117
16.722895144981234,-0.05150720107350001,55.60624001432588,0.955114483833313,-3.1788246631622314,2.2725958824157715,0.04992185264362092,0.05150720107350001,0.042060304908943635
16.724274843193577,0.02238756842749568,55.593757843617674,0.958517849445343,-3.177184820175171,2.272916316986084,0.051301550855963995,0.02238756842749568,0.02957813420074018
16.67175239602347,-0.010940138651604746,55.602435598958174,0.9536034464836121,-3.1794545650482178,2.2723236083984375,0.0012208963141411289,0.010940138651604746,0.03825588954124015
16.662509442529153,-0.013103210357911366,55.58454050333275,0.9534112215042114,-3.179882526397705,2.2747600078582764,0.010463849808459713,0.013103210357911366,0.020360793915813247
16.673669971632954,-0.02846736820251608,55.522676064925356,0.952916145324707,-3.177821159362793,2.277745008468628,0.0006966792953413403,0.02846736820251608,0.04150364449157706
16.62879733633326,-0.03755135643616168,55.562769275353325,0.9497441649436951,-3.17960786819458,2.275247573852539,0.0441759560043522,0.03755135643616168,0.0014104340636080792
16.67313038668852,-0.03272604337059499,55.56792948327127,0.9527663588523865,-3.178875207901001,2.2747883796691895,0.00015709435090727197,0.03272604337059499,0.0037497738543379455
16.674064415057522,-0.003222857081723905,55.613705411088695,0.9547269940376282,-3.180234432220459,2.2724075317382812,0.0010911227199095208,0.003222857081723905,0.049525701671761624
16.679661755082346,-0.02308513079620073,55.65758937650603,0.9555671215057373,-3.1823220252990723,2.2698898315429688,0.00668846274473367,0.02308513079620073,0.09340966708909804
16.643992799689247,-0.011233481988609666,55.54857614225804,0.9517061114311218,-3.1782050132751465,2.276122808456421,0.02898049264836544,0.011233481988609666,0.015603567158890996

Errors:
rotation,[20.663990444843115, 21.987539364566732, 18.84972242434762, 10.381791302957938, 7.318942756773497, 4.5973906274187435, 0.863501570222784, 0.9997743926760136, 0.1732340872537734, 0.14348238233808344, 0.06685416885154856, 0.07980342304524701, 0.03926977628551324, 0.09069833652053216, 0.0518927591961488, 0.11759269896901073, 0.205198246718307, 0.09929364864247629, 0.1569510155222546, 0.11071819133222405, 0.12670048055641875, 0.07223317929572651, 0.09876557633791921, 0.05349226659092464, 0.07033926336105674, 0.04533154964346078, 0.14348935862606457, 0.10326725348419985, 0.050416924506986024, 0.043927854082184324, 0.07066769198943448, 0.08313774650412195, 0.036632911575840206, 0.053839681473395046, 0.12318326063003243, 0.05581754179586611]
translation,[0.09908907901583852, 0.1082260165525124, 0.11606944873008285, 0.11267097473286203, 0.08772212169079818, 0.06823186858485553, 0.04636264682717428, 0.020262104693177463, 0.003999246356123365, 0.005590979499106474, 0.008219074940369886, 0.008255862419732196, 0.008219742078567904, 0.006557626499172464, 0.005567889884769528, 0.006580931746610119, 0.007163166562238921, 0.00804428747698438, 0.007907790237551282, 0.008721754040992735, 0.0069940916797994745, 0.008635600446892155, 0.009079814493992089, 0.007607575636909836, 0.007518809717921293, 0.008095947958727479, 0.008460349697594793, 0.008765323976861694, 0.008474832086943884, 0.0068054491677322915, 0.0068626154331665745, 0.00761401855893773, 0.007738066540815325, 0.007544556177047745, 0.007115710618959881, 0.007763769585762859]
loss,
[0.15402555465698242, 0.14751863479614258, 0.11910419166088104, 0.06182058900594711, 0.030784454196691513, 0.015402687713503838, 0.006652915384620428, 0.00308941095136106, 0.0012544074561446905, 0.0010284376330673695, 0.001501413993537426, 0.0019382921746000648, 0.001180366612970829, 0.0012302682735025883, 0.0012915529077872634, 0.0016757422126829624, 0.001441311789676547, 0.0010620057582855225, 0.002283059060573578, 0.0012823592405766249, 0.0009515599231235683, 0.001185945700854063, 0.0009955971036106348, 0.0011158771812915802, 0.0010216479422524571, 0.001025624107569456, 0.0013884761137887836, 0.0010134079493582249, 0.0019937993492931128, 0.001174724893644452, 0.0013982856180518866, 0.0018185956869274378, 0.0014434223994612694, 0.0012293120380491018, 0.0020040494855493307, 0.0013772491365671158]

2022-04-27 01:25:44.737515