2022-04-27 01:25:48.148957

reference phi, theta, psi, translation: -86.91639066027085, -0.0, 34.793557367935236, -2.296917200088501, -0.12373751401901245, 3.3104169368743896

phi,theta,psi,rot_x,rot_y,rot_z,phi_err,theta_err,psi_err
-76.53055527251121,6.8177051513072,38.18892636661862,-2.336111545562744,-0.9462913274765015,3.345968008041382,10.385835387759641,6.8177051513072,3.395368998683381
-76.33319695644369,6.751929761169299,38.38642470156412,-2.350881814956665,-0.9512664079666138,3.3372418880462646,10.583193703827163,6.751929761169299,3.592867333628881
-75.44764243998402,6.69452675704174,39.23057802636975,-2.4150872230529785,-0.9895452260971069,3.2959978580474854,11.468748220286827,6.69452675704174,4.437020658434513
-75.6719526825164,7.501554910734255,41.03290443889062,-2.537797212600708,-1.039131760597229,3.195467948913574,11.244437977754444,7.501554910734255,6.239347070955382
-78.14011667118139,9.826023594897126,43.27301865645263,-2.7102444171905518,-1.058569073677063,3.046905755996704,8.77627398908946,9.826023594897126,8.479461288517392
-81.25453949873463,12.17147183344138,42.746236901620804,-2.7017791271209717,-1.0683350563049316,3.0121617317199707,5.6618511615362195,12.17147183344138,7.9526795336855685
-84.49939161867844,9.159024698993028,39.81677559679151,-2.5936055183410645,-0.7562683820724487,3.1616950035095215,2.4169990415924048,9.159024698993028,5.023218228856273
-85.91326126743859,5.31446162034947,37.73368401315351,-2.4980525970458984,-0.48170673847198486,3.2509119510650635,1.003129392832264,5.31446162034947,2.940126645218271
-86.4448958716757,1.4864168778313278,36.3081210805343,-2.4144318103790283,-0.2406201958656311,3.2998034954071045,0.4714947885951517,1.4864168778313278,1.5145637125990632
-87.07395629423388,-0.07450001714692725,34.225452968624836,-2.28342866897583,-0.1129349023103714,3.359261989593506,0.15756563396303136,0.07450001714692725,0.5681043993103998
-86.78508710366653,0.3581806038647854,34.440525380304784,-2.2824206352233887,-0.1497306078672409,3.335021734237671,0.13130355660432258,0.3581806038647854,0.35303198763045174
-86.83274816369487,-0.07584062208733433,34.56500557792827,-2.2818105220794678,-0.12252947688102722,3.3176565170288086,0.08364249657597611,0.07584062208733433,0.2285517900069678
-86.86116175064213,0.2699422812613234,34.83911814479381,-2.295213222503662,-0.1422375738620758,3.3061606884002686,0.055228909628723954,0.2699422812613234,0.04556077685857218
-86.94202436022591,0.26556375223820317,34.66245871700601,-2.286207914352417,-0.13775978982448578,3.3121590614318848,0.02563369995506548,0.26556375223820317,0.1310986509292249
-86.81555657755395,0.17498762780279598,34.77589449874158,-2.2942731380462646,-0.13727369904518127,3.3125200271606445,0.10083408271690075,0.17498762780279598,0.017662869193657116
-86.93222303876694,0.27539226697295727,34.70707692775912,-2.2901551723480225,-0.13928034901618958,3.3134384155273438,0.015832378496085653,0.27539226697295727,0.08648044017611767
-86.85068424045532,0.17789315662079772,34.78706527312914,-2.2935781478881836,-0.13720403611660004,3.3092122077941895,0.06570641981552683,0.17789315662079772,0.006492094806098692
-86.85465258036311,0.26015385420761117,34.82558754004801,-2.2954347133636475,-0.1419929713010788,3.3076415061950684,0.06173807990774094,0.26015385420761117,0.032030172112776256
-86.78870710392663,0.37491320709800263,34.766441516930286,-2.291992425918579,-0.15107595920562744,3.3110930919647217,0.12768355634422335,0.37491320709800263,0.027115851004950287
-86.93436088797715,0.19394246755379702,34.76295129026441,-2.293248414993286,-0.13446414470672607,3.3115363121032715,0.01797022770630008,0.19394246755379702,0.030606077670825016
-86.83121137113162,0.15118570793784955,34.660068150796505,-2.287097930908203,-0.13585993647575378,3.3154165744781494,0.08517928913923356,0.15118570793784955,0.13348921713873096
-86.81924487970576,0.3076163246540951,34.773729328774685,-2.2926852703094482,-0.1464487910270691,3.3122904300689697,0.09714578056508572,0.3076163246540951,0.01982803916055076
-86.89076379050496,0.35991558088233144,34.820208766076625,-2.2962498664855957,-0.14640268683433533,3.3096988201141357,0.025626869765886795,0.35991558088233144,0.026651398141389393
-86.86273269415123,0.28154757899263283,34.69255936067825,-2.2883858680725098,-0.14225918054580688,3.314232587814331,0.05365796611961571,0.28154757899263283,0.10099800725698316
-86.88129714831533,0.14179103162905995,34.66333981140894,-2.2871110439300537,-0.13283634185791016,3.314646005630493,0.03509351195552313,0.14179103162905995,0.13021755652629707
-86.85950884486299,0.33569556912220516,34.741907477431596,-2.2916910648345947,-0.1458304077386856,3.3129680156707764,0.056881815407862746,0.33569556912220516,0.051649890503639995
-86.88120835585612,0.19178121188547131,34.71014709779104,-2.2899043560028076,-0.13639500737190247,3.3133511543273926,0.03518230441473236,0.19178121188547131,0.08341027014419922
-86.93020130277262,0.23798968371837692,34.746067062636136,-2.291846990585327,-0.1378568857908249,3.312161445617676,0.013810642501766779,0.23798968371837692,0.04749030529909959
-86.89529220592468,0.1630864483967833,34.68140907685821,-2.2878129482269287,-0.1342281699180603,3.315308094024658,0.021098454346173412,0.1630864483967833,0.11214829107702684
-86.86208382618008,0.30185826064252214,34.77350734762666,-2.2934422492980957,-0.14362157881259918,3.311394691467285,0.05430683409076664,0.30185826064252214,0.020050020308573835
-86.8511691838864,0.23852193423261034,34.79154929231925,-2.294722080230713,-0.14057588577270508,3.311379909515381,0.0652214763844512,0.23852193423261034,0.0020080756159828184
-86.87508850635979,0.22026318404740328,34.68159007687122,-2.2887678146362305,-0.13826316595077515,3.315291404724121,0.04130215391106162,0.22026318404740328,0.11196729106401904
-86.88095563885682,0.23611437741921876,34.7152355887227,-2.290775775909424,-0.1388639658689499,3.313760757446289,0.0354350214140311,0.23611437741921876,0.07832177921253702
-86.81285865283179,0.2444560235409121,34.843902692307395,-2.2982802391052246,-0.14240942895412445,3.3093621730804443,0.10353200743905688,0.2444560235409121,0.05034532437215944
-86.85713193903182,0.23485076779250952,34.698238662973125,-2.2890005111694336,-0.13956895470619202,3.3136026859283447,0.05925872123903275,0.23485076779250952,0.0953187049621107
-86.87689850648984,0.2405519271110147,34.74319155299556,-2.291476011276245,-0.13937532901763916,3.311642646789551,0.03949215378101201,0.2405519271110147,0.05036581493967418

Errors:
rotation,[20.598909537750224, 20.927990798625345, 22.60029563576308, 24.985339959444083, 27.08175887250398, 25.786002528663168, 16.599241969441707, 9.257717658400004, 3.4724753790255427, 0.8001700504203584, 0.8425161480995598, 0.38803490867027823, 0.37073196774861955, 0.42229610312249355, 0.29348457971335384, 0.3777050856451606, 0.25009167124242326, 0.35392210622812836, 0.5297126144471762, 0.2425187729309221, 0.3698542142158141, 0.4245901443797316, 0.41219384878960763, 0.4362035523692317, 0.3071021001108801, 0.4442272750337079, 0.3103737864444029, 0.2992906315192433, 0.2963331938199836, 0.3762151150418626, 0.3057514862330444, 0.37353262902248396, 0.3498711780457869, 0.39833335535212844, 0.38942819399365297, 0.3304098958317009]
translation,[0.1579505536533441, 0.16037880424629058, 0.17308901291806755, 0.1797172442828332, 0.18190187378709055, 0.15385244648279972, 0.12760252577696996, 0.09691385616241366, 0.06473272791625817, 0.032298497130756054, 0.012907882214995503, 0.00266544451421602, 0.0038551226876961664, 0.004204223367937132, 0.0006601007829898364, 0.0008579192206727981, 0.0024552448064110166, 0.0025217987114132256, 0.0013161245098354257, 0.0008259385060247482, 0.001083956556364285, 0.00010902827553493921, 0.0002104200592034644, 0.0011058829789174496, 0.0018112307763891167, 0.00013996013140626928, 0.0011708672780867957, 0.0009947946623700687, 0.0008220429545344743, 0.0005160895906719531, 9.277913660010739e-05, 0.00015727685116750934, 0.0002546114474890615, 0.000527187962618747, 0.0013688687613750972, 0.0015799018443631851]
loss,
[0.10883685201406479, 0.09514504671096802, 0.10018967092037201, 0.08848313987255096, 0.08038356155157089, 0.05197024345397949, 0.035057153552770615, 0.023416688665747643, 0.011687136255204678, 0.004256993532180786, 0.002741832984611392, 0.001380203990265727, 0.0009497886057943106, 0.0014641426969319582, 0.0015567878726869822, 0.0016941905487328768, 0.0012904764153063297, 0.0014636493287980556, 0.001488410634920001, 0.0017096891533583403, 0.0010178869124501944, 0.0015253995079547167, 0.0018888458143919706, 0.0015606045490130782, 0.0011717290617525578, 0.0019526116084307432, 0.0012202274519950151, 0.0012293427716940641, 0.001607173471711576, 0.0011382200755178928, 0.001439246698282659, 0.0012361562112346292, 0.0013062668731436133, 0.0015335445059463382, 0.0012109233066439629, 0.0013061678037047386]

2022-04-27 01:30:15.259276