2022-04-27 01:30:18.692861

reference phi, theta, psi, translation: -33.091320547511735, -0.0, 74.32085247222868, -2.1190009117126465, -3.251617431640625, 1.089412808418274

phi,theta,psi,rot_x,rot_y,rot_z,phi_err,theta_err,psi_err
-22.822884158753556,1.294954214858955,81.82337814338081,-1.5357718467712402,-3.6827800273895264,0.7731812596321106,10.268436388758179,1.294954214858955,7.502525671152128
-22.86546185049212,1.2831672679875308,81.76900300739833,-1.5377119779586792,-3.681004762649536,0.7768582701683044,10.225858697019614,1.2831672679875308,7.4481505351696455
-24.65100136558039,2.850746412224751,81.54234317979146,-1.6192165613174438,-3.6186892986297607,0.8125201463699341,8.440319181931343,2.850746412224751,7.221490707562779
-25.65597490948856,3.851091276057141,81.22936342145397,-1.6694256067276,-3.5979204177856445,0.8296928405761719,7.4353456380231755,3.851091276057141,6.908510949225288
-26.777684924048707,4.916067293816774,81.01619321745787,-1.7291717529296875,-3.5745017528533936,0.8323798179626465,6.313635623463028,4.916067293816774,6.695340745229188
-28.943469607968048,6.3000284725414115,80.27000871101231,-1.8220244646072388,-3.533381462097168,0.8559855818748474,4.147850939543687,6.3000284725414115,5.94915623878363
-32.228636919487855,8.077709719012562,77.81574415730832,-1.9532201290130615,-3.4471912384033203,0.9877906441688538,0.8626836280238805,8.077709719012562,3.4948916850796365
-33.06547169659782,12.198240793419808,74.81832930042656,-1.9006468057632446,-3.4356377124786377,1.1352927684783936,0.025848850913916976,12.198240793419808,0.4974768281978754
-30.298029309070394,10.217485812060621,74.6453274389393,-1.8037893772125244,-3.458261013031006,1.1625299453735352,2.7932912384413413,10.217485812060621,0.3244749667106248
-33.60316467862873,11.992911760653008,72.56252272324645,-1.9299447536468506,-3.346862316131592,1.2614104747772217,0.5118441311169946,11.992911760653008,1.7583297489822343
-35.856225519762496,11.24027419998418,71.63365797725973,-2.044362783432007,-3.231384038925171,1.3244373798370361,2.7649049722507613,11.24027419998418,2.6871944949689492
-37.4482674832116,9.961308295955556,71.44812271864551,-2.1544415950775146,-3.157069444656372,1.3420178890228271,4.356946935699867,9.961308295955556,2.8727297535831724
-38.3496885291132,8.914492319479479,70.34520426203936,-2.1955878734588623,-3.078308582305908,1.4237480163574219,5.258367981601467,8.914492319479479,3.97564821018932
-38.475271802287644,8.10151015002761,69.58753820759901,-2.1837856769561768,-3.0428740978240967,1.4739240407943726,5.3839512547759085,8.10151015002761,4.733314264629669
-39.16636741798246,7.813069744351055,69.74767199268996,-2.2297332286834717,-3.0033652782440186,1.457473874092102,6.075046870470722,7.813069744351055,4.5731804795387205
-39.60555199670886,7.806597671067413,69.63465968268292,-2.2477524280548096,-2.9769773483276367,1.461098313331604,6.514231449197126,7.806597671067413,4.686192789545757
-40.67261879036162,8.039221595304857,69.5571575261708,-2.279486894607544,-2.9378421306610107,1.4589327573776245,7.581298242849883,8.039221595304857,4.763694946057882
-40.76557083477632,7.103692944073478,69.282693204563,-2.291684150695801,-2.9085614681243896,1.4752953052520752,7.674250287264584,7.103692944073478,5.038159267665677
-41.00847626732407,7.008112129827511,69.51080103227392,-2.3142683506011963,-2.888005018234253,1.4622929096221924,7.917155719812335,7.008112129827511,4.810051439954762
-41.742847961600084,6.634772186713056,69.25400641004894,-2.3486902713775635,-2.8443925380706787,1.4772642850875854,8.65152741408835,6.634772186713056,5.066846062179735
-42.47411533489833,5.938061673758368,69.16550764897309,-2.3978774547576904,-2.796895742416382,1.477616786956787,9.382794787386594,5.938061673758368,5.155344823255589
-43.364601247938744,6.361727966508231,69.03197062051018,-2.4199886322021484,-2.770616054534912,1.4779996871948242,10.273280700427009,6.361727966508231,5.2888818517185
-43.410985062592296,6.504632057575318,69.31373641434071,-2.4274239540100098,-2.759385347366333,1.459639549255371,10.31966451508056,6.504632057575318,5.00711605788797
-43.710666442615775,5.910848081980996,69.43168695111765,-2.45458984375,-2.731070041656494,1.454100489616394,10.61934589510404,5.910848081980996,4.889165521111025
-44.48418536611972,5.589070784551309,68.84702275816457,-2.4699814319610596,-2.6778416633605957,1.4879710674285889,11.392864818607983,5.589070784551309,5.4738297140641095
-44.52882065234576,5.402465603205836,68.6943202188906,-2.4629127979278564,-2.669214963912964,1.4870352745056152,11.437500104834022,5.402465603205836,5.626532253338084
-44.22573100792644,5.260614226802906,68.68713485988374,-2.4517099857330322,-2.6706390380859375,1.4930518865585327,11.134410460414706,5.260614226802906,5.633717612344938
-44.311214240483736,5.112776902525791,68.7868624519551,-2.4582018852233887,-2.665623426437378,1.4808248281478882,11.219893692972,5.112776902525791,5.533990020273578
-44.1856070616472,5.342307338973488,68.99164518365042,-2.4491491317749023,-2.6724531650543213,1.468927264213562,11.094286514135462,5.342307338973488,5.32920728857826
-44.802205804064684,5.21655501609501,68.95319121862325,-2.475865125656128,-2.6434009075164795,1.4662271738052368,11.710885256552949,5.21655501609501,5.367661253605434
-44.689347173313976,5.197354527405404,69.58557111311805,-2.482875347137451,-2.654832363128662,1.4269466400146484,11.598026625802241,5.197354527405404,4.73528135911063
-45.632446033531,5.51639347901798,69.66687768499787,-2.51885724067688,-2.6177313327789307,1.4137163162231445,12.541125486019261,5.51639347901798,4.653974787230808
-45.828253896656925,5.454966149094652,69.89065517277501,-2.5327389240264893,-2.6045453548431396,1.4020187854766846,12.73693334914519,5.454966149094652,4.430197299453667
-44.45460040172981,5.504234924206831,71.24225398687214,-2.493755578994751,-2.686854600906372,1.3230655193328857,11.363279854218078,5.504234924206831,3.0785984853565367
-45.87128750352259,5.8004499091948105,71.08732480592874,-2.5506598949432373,-2.6191773414611816,1.3242707252502441,12.779966956010853,5.8004499091948105,3.233527666299935
-45.81546095234149,5.4476783050979485,71.33781516354979,-2.5540449619293213,-2.6185176372528076,1.3112950325012207,12.724140404829754,5.4476783050979485,2.983037308678888

Errors:
rotation,[19.06591627476926, 18.957176500176793, 18.512556301718874, 18.194947863305604, 17.92504366250899, 16.39703565086873, 12.435285032116079, 12.7215664725316, 13.335252017212587, 14.263085640752237, 16.69237366720389, 17.190984985238593, 18.148508511270265, 18.218775669433185, 18.461297094360496, 19.007021909810298, 20.384214784212624, 19.81610249900374, 19.735319289594607, 20.35314566298114, 20.476201284400553, 21.92389051865374, 21.83141263054385, 21.41935949819606, 22.455765317223403, 22.466497961377943, 22.028742299562552, 21.86666061577137, 21.76580114168721, 22.295101526253394, 21.530662512318273, 22.711493752268048, 22.62209679769351, 19.946113263781445, 21.813944531505598, 21.15485601860659]
translation,[0.03326186669987141, 0.033088381406829015, 0.01571711302156409, 0.02108068861777923, 0.02595786809823597, 0.035475109606516675, 0.052242967458666634, 0.05604048549974472, 0.038846575728323174, 0.03302287496030587, 0.01552348473007914, 0.01976201817866574, 0.009124483864631827, 0.006150155573052096, 0.016637335868381342, 0.024934627076335758, 0.03670017472627096, 0.04514828498886292, 0.05184369986520565, 0.05756326731832351, 0.0617721990095248, 0.06664399693604617, 0.0767463523362375, 0.08167801662829444, 0.09594131596503841, 0.10660076793030937, 0.11036394394301219, 0.1143513838039536, 0.11985239770348999, 0.12378993529357762, 0.1261345643719194, 0.13295597723127717, 0.13702068091780406, 0.1338855041687519, 0.14272974546014794, 0.14535045385207557]
loss,
[0.15915757417678833, 0.17054447531700134, 0.15286676585674286, 0.15733930468559265, 0.14177922904491425, 0.13798636198043823, 0.12863315641880035, 0.11273353546857834, 0.111322782933712, 0.1045580729842186, 0.10300157964229584, 0.0992920845746994, 0.09342446178197861, 0.10649281740188599, 0.09776489436626434, 0.1033693179488182, 0.09802012145519257, 0.10094436258077621, 0.09471198916435242, 0.09919776767492294, 0.10095544159412384, 0.08855864405632019, 0.10276573896408081, 0.09433828294277191, 0.09238167107105255, 0.09804615378379822, 0.09426607936620712, 0.10183060169219971, 0.09490110725164413, 0.09747325628995895, 0.09744303673505783, 0.10341672599315643, 0.08829997479915619, 0.10115381330251694, 0.08583812415599823, 0.08961151540279388]

2022-04-27 01:34:48.054109