2022-04-27 14:13:36.708598

reference phi, theta, psi, translation: 132.9853677440357, -8.537735924097414e-07, 76.34363348549546, 2.865516185760498, 2.6707684993743896, 0.9517420530319214

phi,theta,psi,rot_x,rot_y,rot_z,phi_err,theta_err,psi_err
143.3552887910292,-3.0579185397180266,69.36864430507845,2.3124754428863525,2.981729030609131,1.6183615922927856,10.369921046993511,3.0579176859444344,6.974989180417012
143.0262785787097,-2.390917563546455,69.43624951748323,2.3138484954833984,2.983675956726074,1.608304738998413,10.040910834674008,2.3909167097728625,6.907383968012226
141.46384548531262,1.8501739686233674,68.62285594960476,2.2708494663238525,3.0150201320648193,1.599472999572754,8.478477741276919,1.8501748223969599,7.720777535890704
141.24519746960218,3.6541970865652704,67.79857506018926,2.2867343425750732,3.0260279178619385,1.5662868022918701,8.259829725566476,3.6541979403388627,8.545058425306195
140.04431360973052,2.615542453884088,69.71209353730336,2.4281888008117676,3.0030648708343506,1.4295437335968018,7.058945865694824,2.6155433076576804,6.631539948192099
137.5866612821982,1.9350315278921213,72.5707531011963,2.622335910797119,2.9329721927642822,1.2403496503829956,4.601293538162508,1.9350323816657138,3.7728803842991567
135.50111766064816,1.2909458572657988,74.31065499979785,2.762340784072876,2.843946933746338,1.1204760074615479,2.5157499166124637,1.2909467110393913,2.032978485697612
134.70370673542752,0.7740729580776694,74.66034019473499,2.795339822769165,2.7862865924835205,1.0844427347183228,1.7183389913918177,0.7740738118512618,1.6832932907604743
133.44420619209882,0.34668492489487923,75.23708136825087,2.8518526554107666,2.7052438259124756,1.0396735668182373,0.45883844806311913,0.34668577866847167,1.1065521172445898
132.72781497081286,-0.06055518930475803,75.99865429089645,2.8743410110473633,2.6534857749938965,0.9782620668411255,0.25755277322284087,0.06055433553116562,0.3449791945990057
133.11033288509026,-0.005950424836987725,76.67119569771093,2.8596959114074707,2.673976421356201,0.9282504320144653,0.12496514105455958,0.005949571063395315,0.32756221221546866
132.97835996994726,0.019572143893633886,76.33885235307645,2.8618805408477783,2.6645705699920654,0.9503422379493713,0.007007774088435781,0.019572997667226297,0.004781132419012124
133.03416261546627,0.13489897520717664,76.40870469771818,2.8585643768310547,2.6710519790649414,0.9465688467025757,0.04879487143057304,0.13489982898076905,0.06507121222271905
132.94276102399317,0.015359876608547065,76.39122624363212,2.8647286891937256,2.664402961730957,0.9482215642929077,0.04260672004252797,0.015360730382139474,0.047592758136659086
132.93463309888085,0.04923476897694545,76.37887726161273,2.8634796142578125,2.66389799118042,0.9474313855171204,0.05073464515484716,0.04923562275053786,0.035243776117269476
132.98240344193593,0.09305964653251525,76.37866552574846,2.8617889881134033,2.6686317920684814,0.9490252137184143,0.0029643020997696112,0.09306050030610766,0.03503204025300022
132.98947951791607,0.0039462234787871735,76.34778624051083,2.8625876903533936,2.6673338413238525,0.9509063959121704,0.004111773880367764,0.003947077252379584,0.004152755015368825
132.93986502378507,-0.010336587830776036,76.43180439749116,2.864729881286621,2.6642560958862305,0.9437147378921509,0.04550272025062441,0.010335734057183627,0.0881709119957037
132.97012276180823,0.07552831341794927,76.44633904004495,2.862687826156616,2.6665384769439697,0.9440397620201111,0.015244982227471837,0.07552916719154168,0.10270555454948749
133.04692140883586,0.0017583433321251313,76.41191488662808,2.859269618988037,2.6700150966644287,0.9461352229118347,0.061553664800158,0.0017591971057175412,0.06828140113262293
132.96897529002769,-0.07544323322337465,76.43576590720977,2.863527297973633,2.663729667663574,0.944731593132019,0.016392454008013146,0.07544237944978224,0.09213242171431091
133.0348183136266,-0.02020112800525902,76.44145545478838,2.861008882522583,2.670360803604126,0.943102240562439,0.04945056959090266,0.02020027423166661,0.09782196929292297
132.93821211800594,-0.0606711791691502,76.44465881350912,2.865833282470703,2.6631085872650146,0.9432107210159302,0.0471556260297632,0.06067032539555779,0.10102532801366237
132.9765568000064,-0.04352211959633091,76.41763175496338,2.8638205528259277,2.665666341781616,0.9455500841140747,0.008810944029306711,0.043521265822738506,0.07399826946792132
132.93875853313955,-0.04747795525591442,76.42285001948927,2.865436553955078,2.6637275218963623,0.9451371431350708,0.046609210896150444,0.04747710148232201,0.07921653399381512
132.92836298522278,0.01645789552813116,76.43807451114922,2.8654301166534424,2.6641433238983154,0.9438811540603638,0.05700475881292277,0.01645874930172357,0.09444102565376511
132.89195807694662,0.04435506011999946,76.44984975727833,2.8677234649658203,2.6631946563720703,0.9436430931091309,0.09340966708907672,0.04435591389359187,0.10621627178286985
132.93968743886666,0.05028849002904057,76.40172424438641,2.864192247390747,2.664168357849121,0.9458686113357544,0.04568030516904287,0.050289343802632974,0.058090758890955385
132.95155830764415,0.03880622721993247,76.39334360227481,2.8634815216064453,2.6661200523376465,0.9472253322601318,0.03380943639155021,0.038807080993524874,0.049710116779351665
132.98315476274462,-0.05824518538639856,76.40821292409794,2.863865375518799,2.6664226055145264,0.9468783140182495,0.002212981291080496,0.05824433161280615,0.06457943860247894
132.97699393211326,-0.04905475465461324,76.42166839676285,2.8646252155303955,2.6660919189453125,0.9457368850708008,0.008373811922439245,0.04905390088102083,0.07803491126739459
132.93823943876262,-0.022128876941456974,76.42037749100973,2.8661651611328125,2.664619207382202,0.9458942413330078,0.047128305273076876,0.022128023167864563,0.07674400551427141
133.00163725463867,0.04244577201264598,76.4354175675621,2.8620100021362305,2.6687510013580322,0.944101095199585,0.01626951060296733,0.04244662578623839,0.09178408206663846
132.91534464466474,0.005166777053303339,76.42573235931901,2.866105556488037,2.66363787651062,0.9450446963310242,0.07002309937095674,0.005167630826895749,0.08209887382355419
132.99919204691582,-0.02928675742551041,76.4383750394727,2.8619682788848877,2.66787052154541,0.9438169598579407,0.01382430288012415,0.029285903651918,0.0947415539772436
132.9789473662159,-0.025257511637155866,76.47525806099078,2.8630692958831787,2.668022632598877,0.9414256811141968,0.006420377819807754,0.025256657863563455,0.13162457549532292

Errors:
rotation,[20.402827913354958, 19.339211512459098, 18.04943009956458, 20.45908609121153, 16.306029121544604, 10.309206304127379, 5.839675113349466, 4.175706094003553, 1.9120763439761805, 0.6630863033530122, 0.4584769243334236, 0.0313619041746742, 0.24876591263406114, 0.10556020856132653, 0.1352140440226545, 0.1310568426588775, 0.012211606148116172, 0.14400936630351174, 0.193479703968501, 0.13159426303849847, 0.1839672551721063, 0.16747281311549223, 0.20885127943898335, 0.12633047931996655, 0.17330284637228757, 0.16790453376841147, 0.24398185276553844, 0.15406040786263123, 0.12232663416442674, 0.1250367515063656, 0.13546262407085466, 0.14600033395521284, 0.1505002184558442, 0.15728960402140668, 0.13785176050928574, 0.16330161117869413]
translation,[0.07464079787699607, 0.07287659353896814, 0.06831221491669304, 0.07243700576483825, 0.08689181867172824, 0.09409093049399164, 0.08882584912965008, 0.06195473317014155, 0.034867747213939815, 0.0012177569814015854, 0.007491322230535502, 0.0070206998167421375, 0.0059703394122818665, 0.005605626545919229, 0.007014820609558825, 0.004706096153710426, 0.004554553890028679, 0.006761219393350615, 0.006626446737958425, 0.006259322548187285, 0.007727105906631948, 0.005505921079904219, 0.006853300626048053, 0.006043801391983017, 0.006274236790061671, 0.006298354291682351, 0.005348749349741944, 0.006696320880402951, 0.00559064119616437, 0.005198842634274392, 0.00514555596485522, 0.004987564680164702, 0.0056276985972374405, 0.0058789498546820695, 0.006307675675878421, 0.005983839369134714]
loss,
[0.09100060909986496, 0.09436717629432678, 0.07570365071296692, 0.04072213172912598, 0.02695508860051632, 0.022526871412992477, 0.015923399478197098, 0.013011207804083824, 0.0069867386482656, 0.0028879097662866116, 0.0019958026241511106, 0.002275684382766485, 0.0018232150468975306, 0.001237531192600727, 0.0015009440248832107, 0.0016592030879110098, 0.00115628179628402, 0.002315349644050002, 0.0012110094539821148, 0.0018577182199805975, 0.0011805952526628971, 0.0017933128401637077, 0.0015585003420710564, 0.0015165426302701235, 0.0018352854531258345, 0.0015447762561962008, 0.0015645454404875636, 0.001473379204981029, 0.0015867081237956882, 0.0019021481275558472, 0.001684902235865593, 0.001452803611755371, 0.0016477153403684497, 0.001404022565111518, 0.0014093288918957114, 0.0017379488563165069]

2022-04-27 14:18:17.247356