2022-04-27 13:54:31.312382

reference phi, theta, psi, translation: -86.91639066027085, -0.0, 34.793557367935236, -2.296917200088501, -0.12373751401901245, 3.3104169368743896

phi,theta,psi,rot_x,rot_y,rot_z,phi_err,theta_err,psi_err
-76.53055527251121,6.8177051513072,38.18892636661862,-2.336111545562744,-0.9462913274765015,3.345968008041382,10.385835387759641,6.8177051513072,3.395368998683381
-76.28870510419021,6.782750415777773,38.28837050583942,-2.34024977684021,-0.9576283693313599,3.340651512145996,10.627685556080635,6.782750415777773,3.494813137904181
-75.36901330225884,5.720837253139787,39.046695673534664,-2.432373285293579,-0.9893032312393188,3.2637648582458496,11.547377358012014,5.720837253139787,4.253138305599428
-77.05202655526334,6.64836465106329,39.08220582702956,-2.4726836681365967,-0.9532767534255981,3.240380048751831,9.86436410500751,6.64836465106329,4.2886484590943255
-79.65419202525479,6.435856009216501,39.11073211209812,-2.525033712387085,-0.8187336325645447,3.22115421295166,7.2621986350160626,6.435856009216501,4.317174744162884
-81.83363708751416,4.7592445493885815,39.0284658986399,-2.556896924972534,-0.626552939414978,3.2278592586517334,5.082753572756687,4.7592445493885815,4.234908530704665
-83.20569914836466,3.5928578274769154,39.28773987953358,-2.584001064300537,-0.5075581669807434,3.1991348266601562,3.710691511906191,3.5928578274769154,4.494182511598346
-84.0929202309818,2.406741267049018,39.432314493695245,-2.5883803367614746,-0.40216493606567383,3.171105146408081,2.8234704292890456,2.406741267049018,4.638757125760009
-85.89680051153886,0.7563367274328089,39.004587557301534,-2.5651352405548096,-0.22475458681583405,3.1639952659606934,1.019590148731993,0.7563367274328089,4.211030189366298
-87.39860201567375,-0.43318278212044214,36.64583978404558,-2.4100773334503174,-0.08392150700092316,3.232588768005371,0.48221135540289595,0.43318278212044214,1.8522824161103415
-87.15745535683727,0.03436455693323203,34.30761672924551,-2.2601473331451416,-0.11733250319957733,3.3219480514526367,0.2410646965664256,0.03436455693323203,0.48594063868972626
-87.13128207193779,-0.06286681642443367,34.810967520129594,-2.291642665863037,-0.1139058917760849,3.301896095275879,0.21489141166694026,0.06286681642443367,0.017410152194358375
-87.0175321015004,-0.0763440525530273,34.86299648613217,-2.2952685356140137,-0.1161869689822197,3.300541877746582,0.10114144122954372,0.0763440525530273,0.06943911819693227
-87.07521304904115,-0.12606816436640575,34.71372953201071,-2.287893772125244,-0.1105373203754425,3.3071858882904053,0.15882238877030375,0.12606816436640575,0.07982783592452591
-86.9326874916305,-0.007463216919749907,34.7897836884188,-2.2899861335754395,-0.12270674109458923,3.3038601875305176,0.016296831359653652,0.007463216919749907,0.0037736795164349246
-86.92826152904833,0.0419702864555736,34.77174174372622,-2.29006290435791,-0.12616945803165436,3.304180860519409,0.01187086877747845,0.0419702864555736,0.021815624209018836
-86.95699613488658,-0.05283687933292982,34.821124011425404,-2.2939541339874268,-0.11971236765384674,3.302490711212158,0.04060547461573094,0.05283687933292982,0.02756664349016802
-86.9677195318835,-0.010940356870815281,34.82207340772004,-2.292588472366333,-0.12211859226226807,3.30112361907959,0.05132887161265387,0.010940356870815281,0.028516039784804548
-86.97402379648742,-0.05936465048730393,34.8017877458851,-2.291712522506714,-0.1178847998380661,3.302901029586792,0.05763313621656607,0.05936465048730393,0.008230377949864476
-86.96171579560306,-0.0542720001016366,34.79486193406671,-2.290421485900879,-0.11940430104732513,3.3007099628448486,0.045325135332205946,0.0542720001016366,0.0013045661314734502
-86.89437013038673,-0.02666518670527759,34.8408735034105,-2.2937159538269043,-0.12306254357099533,3.300183057785034,0.022020529884116513,0.02666518670527759,0.047316135475263366
-86.9299554159625,-0.03262162639018727,34.7549360632734,-2.289048194885254,-0.12196768820285797,3.306753635406494,0.013564755691646724,0.03262162639018727,0.038621304661837996
-87.03447097064203,-0.029184213894383866,34.83683344651644,-2.2937371730804443,-0.11846941709518433,3.3006980419158936,0.11808031037118383,0.029184213894383866,0.04327607858120075
-87.00527191194023,-0.04201084032250947,34.77815187626227,-2.290029287338257,-0.11803629994392395,3.304722309112549,0.08888125166937755,0.04201084032250947,0.0154054916729649
-86.99187791097783,-0.14093153047853688,34.754932648178816,-2.289443016052246,-0.11283744871616364,3.304826498031616,0.07548725070698481,0.14093153047853688,0.038624719756420234
-86.97487757013367,-0.09741085914061051,34.81837827537906,-2.2931172847747803,-0.11647520959377289,3.3019649982452393,0.05848690986282179,0.09741085914061051,0.024820907443825035
-87.02333093210574,-0.07056350063271075,34.856432674339786,-2.296760320663452,-0.1164107471704483,3.3021938800811768,0.10694027183488686,0.07056350063271075,0.06287530640454975
-86.97791017412516,-0.018690470506699336,34.75266844046895,-2.287890672683716,-0.12070853263139725,3.303880453109741,0.061519513854307206,0.018690470506699336,0.04088892746628403
-86.99485587345596,0.030088902159581366,34.70114149337038,-2.2850067615509033,-0.12279335409402847,3.3062119483947754,0.07846521318511179,0.030088902159581366,0.09241587456485689
-86.99848270390524,-0.0511204049648684,34.75141168566167,-2.2886343002319336,-0.11787483096122742,3.305058240890503,0.08209204363438971,0.0511204049648684,0.04214568227356352
-86.91545492435456,-0.024533272692705745,34.846798692515485,-2.2947423458099365,-0.12314873188734055,3.302643299102783,0.0009357359162862622,0.024533272692705745,0.05324132458024877
-87.06078085932492,-0.11450320414246788,34.81184519943795,-2.2933294773101807,-0.11158031225204468,3.3023085594177246,0.14439019905407235,0.11450320414246788,0.01828783150271107
-87.00199342113862,-0.04978231039604046,34.75656164829586,-2.2892086505889893,-0.11842234432697296,3.3044347763061523,0.08560276086777208,0.04978231039604046,0.03699571963937842
-86.92021556620605,-0.049225002526219794,34.88811450680489,-2.296612024307251,-0.12141437828540802,3.299466609954834,0.003824905935204015,0.049225002526219794,0.09455713886965356
-86.97269873978844,-0.0675659556872486,34.77744153658859,-2.289964199066162,-0.11828520894050598,3.303107261657715,0.05630807951759209,0.0675659556872486,0.016115831346645848
-86.92682035913346,-0.11880132729049218,34.816049180872085,-2.2932960987091064,-0.11700581014156342,3.30247163772583,0.010429698862608916,0.11880132729049218,0.022491812936848987

Errors:
rotation,[20.598909537750224, 20.90524910976259, 21.52135291675123, 20.801377215165125, 18.015229388395447, 14.076906652849933, 11.797731850981453, 9.868968822098072, 5.986957065531099, 2.7676765536336796, 0.7613698921893839, 0.29516838028573233, 0.24692461197950327, 0.36471838906123544, 0.027533727795838483, 0.07565677944207089, 0.12100899743882879, 0.0907852682682737, 0.1252281646537345, 0.100901701565316, 0.09600185206465747, 0.08480768674367199, 0.19054060284676844, 0.1462975836648519, 0.25504350094194195, 0.18071867644725734, 0.24037907887214735, 0.12109891182729057, 0.20096998990955006, 0.17535813087282165, 0.07871033318924078, 0.2771812346992513, 0.17238079090319097, 0.14760704733107738, 0.13998986655148654, 0.1517228390899501]
translation,[0.1579505536533441, 0.1585935210940308, 0.15782348224026865, 0.15491508923583286, 0.14283262361638904, 0.13412813781111677, 0.11243728834215272, 0.08194265001788192, 0.048246026317437796, 0.0018781706313442115, 0.011505527653963732, 0.010293315272782877, 0.009271858233671715, 0.008175354801656987, 0.009364872819236147, 0.008950595597067235, 0.008318708997930635, 0.010147388243809452, 0.009313558839410874, 0.01180376459290855, 0.010247678602058663, 0.007543723047978013, 0.009950826211471586, 0.008771809852198054, 0.009169164872280255, 0.009322524610829497, 0.007058302985643472, 0.010601491357564718, 0.01026184536125374, 0.009294526613373932, 0.007640224688401531, 0.009058239940947566, 0.009463871219097975, 0.009232771684092533, 0.01012836270668771, 0.008789209062876502]
loss,
[0.07452523708343506, 0.07080907374620438, 0.04775839298963547, 0.037544142454862595, 0.03297242522239685, 0.026006709784269333, 0.021669939160346985, 0.022158991545438766, 0.014159068465232849, 0.005926288198679686, 0.003034684807062149, 0.0026588751934468746, 0.0019549487624317408, 0.0017898741643875837, 0.001436931430362165, 0.0017419512150809169, 0.001790970447473228, 0.0017350384732708335, 0.0015230904100462794, 0.001429048366844654, 0.0017321774503216147, 0.001414990401826799, 0.001293862471356988, 0.0018349684542044997, 0.001536408206447959, 0.0014700440224260092, 0.0019102264195680618, 0.001353861065581441, 0.002103824634104967, 0.0013577662175521255, 0.0018018133705481887, 0.0016299525741487741, 0.0015615576412528753, 0.0012665697140619159, 0.0013226389419287443, 0.0018098516156896949]

2022-04-27 13:59:19.526556