2022-04-27 13:49:41.228378

reference phi, theta, psi, translation: 16.672973292337613, -0.0, 55.56417970941693, 0.9538894295692444, -3.184936285018921, 2.279534101486206

phi,theta,psi,rot_x,rot_y,rot_z,phi_err,theta_err,psi_err
26.607018987257597,-4.879078348390559,61.415046110949504,1.4386786222457886,-3.2383759021759033,2.121750593185425,9.934045694919984,4.879078348390559,5.850866401532571
26.663040198830043,-5.063714229607013,61.333889803231415,1.4316620826721191,-3.24079966545105,2.122908353805542,9.99006690649243,5.063714229607013,5.769710093814481
26.31854594766211,-6.869521464065987,60.108553866131125,1.3082119226455688,-3.2823336124420166,2.136902093887329,9.645572655324496,6.869521464065987,4.544374156714191
26.29296688922041,-6.836976656670016,57.41897563514184,1.2617186307907104,-3.2447502613067627,2.210897207260132,9.619993596882797,6.836976656670016,1.8547959257249076
24.430200132734097,-3.2472706172278127,57.869303667499125,1.3184142112731934,-3.2090935707092285,2.208292007446289,7.757226840396484,3.2472706172278127,2.3051239580821914
19.369581495530127,2.1921486519503133,54.73852936707287,1.203660011291504,-3.1082234382629395,2.33331036567688,2.6966082031925147,2.1921486519503133,0.825650342344062
17.645233645216003,0.37968145880241405,55.692471152597285,1.0308424234390259,-3.1659960746765137,2.2730917930603027,0.97226035287839,0.37968145880241405,0.1282914431803519
16.247606186302143,-0.11913864645823916,55.231197742095056,0.9206006526947021,-3.1732404232025146,2.2891557216644287,0.4253671060354698,0.11913864645823916,0.3329819673218779
16.580219323408837,0.05578609800585699,55.677540359071635,0.9537580013275146,-3.188018560409546,2.2723963260650635,0.09275396892877552,0.05578609800585699,0.11336064965470172
16.513549846920345,-0.09593188580433795,55.507806743102236,0.9417847990989685,-3.1821916103363037,2.2807443141937256,0.15942344541726783,0.09593188580433795,0.05637296631469724
16.667567197609547,-0.0408416058593668,55.550830104684145,0.9518980383872986,-3.1810028553009033,2.278932571411133,0.00540609472806608,0.0408416058593668,0.013349604732788123
16.601906881570923,-0.030554181405267083,55.40150167886016,0.9477945566177368,-3.175779342651367,2.2875888347625732,0.07106641076669007,0.030554181405267083,0.16267803055677632
16.493197590740998,-0.024637810999360847,55.56589067180403,0.943687915802002,-3.184112310409546,2.2776665687561035,0.17977570159661482,0.024637810999360847,0.001710962387093673
16.526699668619912,-0.030511005726279534,55.461013117098474,0.943608820438385,-3.1802892684936523,2.28334641456604,0.14627362371770047,0.030511005726279534,0.10316659231845904
16.64500366768641,-0.02691452050613846,55.5122122151169,0.9514116644859314,-3.1806020736694336,2.2808454036712646,0.02796962465120245,0.02691452050613846,0.051967494300036776
16.44898919133809,-0.029007197789698444,55.47790417491592,0.9398119449615479,-3.1808903217315674,2.2811625003814697,0.22398410099952315,0.029007197789698444,0.08627553450101288
16.54352925473482,-0.06212281703508787,55.4392555494974,0.9432241320610046,-3.179922103881836,2.2838871479034424,0.12944403760279144,0.06212281703508787,0.1249241599195301
16.487395345041072,-0.07990175252024533,55.4796629486272,0.9405661821365356,-3.1809768676757812,2.279963970184326,0.1855779472965402,0.07990175252024533,0.08451676078973236
16.6298133269723,-0.08062299295022188,55.5423675003025,0.9493985176086426,-3.181427001953125,2.2782208919525146,0.0431599653653123,0.08062299295022188,0.021812209114436598
16.565817869543867,-0.06458704566539773,55.52295268758674,0.9451141953468323,-3.181649684906006,2.2796316146850586,0.10715542279374546,0.06458704566539773,0.041227021830195554
16.503705836779062,-0.04978935878698557,55.490809817352655,0.9423310160636902,-3.1813695430755615,2.2815823554992676,0.1692674555585505,0.04978935878698557,0.07336989206427802
16.630127515674122,-0.07708517429309346,55.49824106316963,0.9485839605331421,-3.1803808212280273,2.2808470726013184,0.04284577666349065,0.07708517429309346,0.06593864624730372
16.58148803104717,-0.09192865186345543,55.48242576014647,0.9458165764808655,-3.1788997650146484,2.2811243534088135,0.09148526129044399,0.09192865186345543,0.08175394927046398
16.55708376514271,-0.010609110620430304,55.49879089339782,0.9469634890556335,-3.1806302070617676,2.280897617340088,0.11588952719490209,0.010609110620430304,0.06538881601911584
16.531492753869966,-0.012868242678022274,55.51596540406582,0.9454053640365601,-3.1813294887542725,2.279590368270874,0.14148053846764697,0.012868242678022274,0.04821430535111659
16.628493392915196,-0.04234930409522903,55.491089855108626,0.9499489665031433,-3.179626941680908,2.2816553115844727,0.04447989942241648,0.04234930409522903,0.07308985430830717
16.60042643806832,-0.08818337446721011,55.51101351691756,0.9466511607170105,-3.1806180477142334,2.2806882858276367,0.07254685426929086,0.08818337446721011,0.0531661924993756
16.553059076174282,-0.03400013439291641,55.54085461340134,0.9457250833511353,-3.181802272796631,2.2784061431884766,0.11991421616333042,0.03400013439291641,0.023325096015589963
16.571753303932606,-0.0072919188668977945,55.49590855356807,0.9474883675575256,-3.1801180839538574,2.281311511993408,0.10121998840500623,0.0072919188668977945,0.06827115584886201
16.543532669829407,-0.01976695945624732,55.46183956998805,0.9454178810119629,-3.1782450675964355,2.2821707725524902,0.12944062250820565,0.01976695945624732,0.10234013942888254
16.569634237742612,-0.04429196534694286,55.52114951764585,0.9464111924171448,-3.1808927059173584,2.2798821926116943,0.10333905459500059,0.04429196534694286,0.043030191771080695
16.57642856841948,-0.02362420068964613,55.51782663061464,0.9478753805160522,-3.1809115409851074,2.2799291610717773,0.09654472391813229,0.02362420068964613,0.04635307880229078
16.573995313527664,-0.05824910864117686,55.47750802394406,0.9462490677833557,-3.179598093032837,2.2816319465637207,0.0989779788099483,0.05824910864117686,0.08667168547287218
16.633349657415074,-0.09276800883641483,55.59021297543844,0.9494858980178833,-3.183955669403076,2.2757437229156494,0.03962363492253829,0.09276800883641483,0.026033266021507018
16.60218691932689,-0.04344994591626841,55.54887667058152,0.9492417573928833,-3.182311773300171,2.278038501739502,0.07078637301072277,0.04344994591626841,0.015303038835412508
16.547125349332834,-0.02839703828919854,55.45835617351134,0.9457960724830627,-3.178884744644165,2.282332181930542,0.12584794300477853,0.02839703828919854,0.10582353590559279

Errors:
rotation,[20.663990444843115, 20.823491229913923, 21.059468276104674, 18.31176617927772, 13.309621415706488, 5.71440719748689, 1.4802332548611559, 0.8774877198155868, 0.2619007165893342, 0.31172829753630305, 0.059597305320221006, 0.2642986227287335, 0.20612447498306935, 0.27995122176243903, 0.10685163945737769, 0.3392668332902345, 0.3164910145574094, 0.3499964606065179, 0.14559516742997078, 0.21296949028933876, 0.29242670640981405, 0.18586959720388785, 0.2651678624243634, 0.19188745383444822, 0.20256308649678584, 0.15991905782595267, 0.21389642123587657, 0.1772394465718368, 0.17678306312076603, 0.2515477213933355, 0.19066121171302414, 0.1665220034100692, 0.24389877292399734, 0.15842490978046014, 0.1295393577624037, 0.26006851719956986]
translation,[0.09908907901583852, 0.09914699657310777, 0.09821526697311977, 0.09299584771878155, 0.08141915193453642, 0.03755490873588574, 0.00038618141029900244, 0.011527605412747555, 0.0016249560503673877, 0.004331539291315245, 0.003918573885571597, 0.004101219875617623, 0.004109730570443837, 0.0039327797419410615, 0.0032672133660280878, 0.005583919676888982, 0.004006210136125787, 0.006018393982419212, 0.004576273834646649, 0.0046097875240755926, 0.004378564662428808, 0.00410799471511325, 0.005771607443631588, 0.00426379060711124, 0.0048177880492676906, 0.003923691308647115, 0.004465399357263422, 0.005039420803901962, 0.004310335167805768, 0.005789110715682, 0.0047613474011498624, 0.0043754617028879395, 0.004830851442731543, 0.003957811946766476, 0.004017297788145413, 0.0051036984087389214]
loss,
[0.1250769942998886, 0.1145462915301323, 0.09130547940731049, 0.07650212943553925, 0.0585177056491375, 0.020268326625227928, 0.00504235690459609, 0.004502575378865004, 0.0012899104040116072, 0.001304894220083952, 0.0008577235857956111, 0.001197864767163992, 0.0013732806546613574, 0.0013322586892172694, 0.0012114597484469414, 0.0009461287409067154, 0.001225293381139636, 0.0011086610611528158, 0.0010093551827594638, 0.0011512537021189928, 0.0008750936249271035, 0.0014094242360442877, 0.0009612252470105886, 0.0009888430358842015, 0.0011749252444133162, 0.001361136557534337, 0.0008632924291305244, 0.0016151734162122011, 0.0012870505452156067, 0.0009733191691339016, 0.0009630469139665365, 0.0009367435704916716, 0.0009750567842274904, 0.0009083542390726507, 0.0008353232406079769, 0.0011347243562340736]

2022-04-27 13:54:27.404469