2022-04-27 12:19:07.814103

reference phi, theta, psi, translation: 16.672973292337613, -0.0, 55.56417970941693, 0.9538894295692444, -3.184936285018921, 2.279534101486206

phi,theta,psi,rot_x,rot_y,rot_z,phi_err,theta_err,psi_err
26.607018987257597,-4.879078348390559,61.415046110949504,1.4386786222457886,-3.2383759021759033,2.121750593185425,9.934045694919984,4.879078348390559,5.850866401532571
26.50229169671379,-4.865202179215294,61.34051508672633,1.4316670894622803,-3.2417125701904297,2.121983528137207,9.829318404376178,4.865202179215294,5.776335377309394
25.167744449879585,-5.235898544407805,58.61819975904517,1.3024649620056152,-3.2276644706726074,2.216245651245117,8.494771157541972,5.235898544407805,3.0540200496282353
20.94738763720163,-2.430904993013971,55.58195869182648,1.1186940670013428,-3.1899287700653076,2.3014352321624756,4.274414344864017,2.430904993013971,0.017778982409545563
16.895150808301665,1.2076550254427607,54.32140288427102,1.0028351545333862,-3.1311233043670654,2.3614821434020996,0.22217751596405222,1.2076550254427607,1.24277682514591
16.35247861836581,-0.025769794280191608,55.56871837012041,0.9384064674377441,-3.1865146160125732,2.2750630378723145,0.3204946739718011,0.025769794280191608,0.0045386607034743065
16.58433451238377,-0.07122090557302223,55.558309161825306,0.9463793039321899,-3.1831746101379395,2.2738747596740723,0.08863877995384328,0.07122090557302223,0.005870547591626973
16.688611010442354,-0.0266381423376575,55.48525004336827,0.952519416809082,-3.1768836975097656,2.2828097343444824,0.015637718104741793,0.0266381423376575,0.07892966604866558
16.620949448976916,-0.08037055771658247,55.5619564828421,0.9488297700881958,-3.1811771392822266,2.276677131652832,0.052023843360696986,0.08037055771658247,0.002223226574834314
16.478507561383594,-0.06055595083504894,55.325597786613805,0.9382167458534241,-3.172412633895874,2.289257287979126,0.1944657309540183,0.06055595083504894,0.23858192280312807
16.547943264485944,-0.0625933346957588,55.41070535876675,0.9445761442184448,-3.1751608848571777,2.284367084503174,0.12503002785166828,0.0625933346957588,0.15347435065018544
16.60530319313571,-0.052811938500617474,55.48331026964399,0.9480398893356323,-3.1782805919647217,2.2831063270568848,0.06767009920190148,0.052811938500617474,0.0808694397729468
16.607985749932233,-0.06987818892806798,55.35374499618343,0.9460194110870361,-3.1734797954559326,2.2876827716827393,0.06498754240537963,0.06987818892806798,0.2104347132335036
16.42539942549216,0.06460825288572958,55.43158524705948,0.9414604306221008,-3.178215265274048,2.282089948654175,0.24757386684545324,0.06460825288572958,0.13259446235745287
16.690542246430176,-0.08944141390387779,55.64159307346986,0.9534926414489746,-3.1847236156463623,2.273550271987915,0.01756895409256387,0.08944141390387779,0.07741336405292998
16.662669951974646,0.07806290980668877,55.45831860747091,0.9576908946037292,-3.1761832237243652,2.282648801803589,0.010303340362966651,0.07806290980668877,0.10586110194602583
16.55731599157449,-0.05964899845259183,55.41366283067737,0.9447774887084961,-3.1758832931518555,2.2842044830322266,0.11565730076312164,0.05964899845259183,0.1505168787395661
16.615128420256774,-0.022738804807641653,55.41492300057923,0.948950469493866,-3.176454782485962,2.2850303649902344,0.05784487208083888,0.022738804807641653,0.14925670883770437
16.58642967291167,-0.03435489893597074,55.487766968077416,0.9473752975463867,-3.1789610385894775,2.28015398979187,0.08654361942594235,0.03435489893597074,0.07641274133951725
16.584602597308695,0.08890906642843524,55.48380204326423,0.9529829025268555,-3.1772425174713135,2.281214714050293,0.08837069502891737,0.08890906642843524,0.0803776661527067
16.604350381746492,0.10143860982129306,55.44931300305024,0.953116774559021,-3.1755714416503906,2.2822909355163574,0.06862291059112025,0.10143860982129306,0.11486670636669061
16.751628043272184,-0.131741183679232,55.65600477261859,0.9564006328582764,-3.183997631072998,2.273897171020508,0.07865475093457164,0.131741183679232,0.09182506320165373
16.49291413789044,-0.11410128797996551,55.38572394187743,0.9375970363616943,-3.177175283432007,2.28696346282959,0.18005915444717147,0.11410128797996551,0.17845576753950354
16.490229873546628,-0.12325694494943593,55.444859719711395,0.9369805455207825,-3.17865252494812,2.2819716930389404,0.18274341879098444,0.12325694494943593,0.11931998970553792
16.61704941096084,0.008619941292750453,55.40459575455417,0.9494398832321167,-3.1742074489593506,2.284196138381958,0.055923881376774176,0.008619941292750453,0.1595839548627609
16.686452670664632,-0.1116185915232577,55.57426106863188,0.9514088034629822,-3.181079864501953,2.2758536338806152,0.013479378327019731,0.1116185915232577,0.010081359214943575
16.636991855789983,0.06341606300140905,55.43215215276059,0.9543086886405945,-3.1759796142578125,2.2840065956115723,0.03598143654762964,0.06341606300140905,0.1320275566563467
16.585604927569392,-0.009684766266883974,55.553507538838794,0.9497067928314209,-3.1821506023406982,2.27807354927063,0.08736836476822063,0.009684766266883974,0.010672170578139628
16.610475353884702,0.027067976442126142,55.52213647998092,0.9522461295127869,-3.1800100803375244,2.280034065246582,0.06249793845291052,0.027067976442126142,0.04204322943601113
16.553752340375038,0.08374663774693714,55.3934283952612,0.9495949149131775,-3.174103260040283,2.2869677543640137,0.11922095196257487,0.08374663774693714,0.17075131415572997
16.52024513985425,0.046945461878760184,55.47954342031672,0.9474156498908997,-3.1787893772125244,2.2812867164611816,0.15272815248336258,0.046945461878760184,0.08463628910021015
16.64085603531292,0.03303738522192924,55.345999561664634,0.9518837928771973,-3.171748399734497,2.2885096073150635,0.03211725702469437,0.03303738522192924,0.21818014775229955
16.56455086945283,-0.038625964810491215,55.50834632804666,0.9466241002082825,-3.1803290843963623,2.279974937438965,0.10842242288478232,0.038625964810491215,0.055833381370270274
16.67489086794709,0.039186485806460336,55.41991245376793,0.9549481272697449,-3.175180435180664,2.2854256629943848,0.0019175756094789165,0.039186485806460336,0.14426725564900522
16.538107792081124,0.04640489473348347,55.46685634393342,0.9486236572265625,-3.1788227558135986,2.282031297683716,0.13486550025648825,0.04640489473348347,0.09732336548351128
16.53301588605488,0.02078091243564711,55.47559898607104,0.9467809796333313,-3.179131031036377,2.280646562576294,0.13995740628273268,0.02078091243564711,0.08858072334589195

Errors:
rotation,[20.663990444843115, 20.470855960900867, 16.784689751578014, 6.723098320287534, 2.672609366552723, 0.350803128955467, 0.1657302331184925, 0.12120552649106488, 0.13461762765211377, 0.4936036045921953, 0.3410977131976125, 0.20135147747546575, 0.3453004445669512, 0.4447765820886357, 0.18442373204937162, 0.19422735211568126, 0.3258231779552796, 0.2298403857261849, 0.19731125970143035, 0.2576574276100593, 0.2849282267791039, 0.30222099781545736, 0.4726162099666405, 0.4253203534459583, 0.22412777753228552, 0.135179329065221, 0.2314250562053854, 0.10772530161324423, 0.13160914433104778, 0.373718903865242, 0.2843099034623329, 0.28333478999892314, 0.2028817690655438, 0.18537131706494447, 0.278593760473483, 0.24931904206427175]
translation,[0.09908907901583852, 0.09938988691899642, 0.09512581965314304, 0.05833639646493349, 0.016859454022792875, 0.00491551429698589, 0.00636293005319466, 0.004827389325866349, 0.005781090114063581, 0.008051493715015567, 0.007175120658755141, 0.004614034954582458, 0.006278653493687614, 0.006786114751015759, 0.0036428516770250496, 0.004244548863042041, 0.00665009898797031, 0.004748881621063461, 0.005906451353173026, 0.005338629303564879, 0.006015512037023996, 0.0033315199874808243, 0.005742810538398757, 0.007553434148089622, 0.006879737226674898, 0.00571489853824847, 0.004438197082776263, 0.004015188045416451, 0.00399686271772115, 0.005351481658831148, 0.0053907433715494335, 0.005790753483821298, 0.005104025235976195, 0.004111705152824996, 0.004657975693410421, 0.005632982232698147]
loss,
[0.10424697399139404, 0.1190561056137085, 0.08860687911510468, 0.0484786294400692, 0.016153883188962936, 0.0023143065627664328, 0.00250999815762043, 0.002164460951462388, 0.0017891684547066689, 0.001317179761826992, 0.0007669778424315155, 0.001566651277244091, 0.001558674848638475, 0.002076024655252695, 0.0014284681528806686, 0.0013600289821624756, 0.0017280172323808074, 0.0007297288393601775, 0.0015314895426854491, 0.0010827146470546722, 0.0012971265241503716, 0.0016478132456541061, 0.0016769969370216131, 0.0012233846355229616, 0.0009758798405528069, 0.0018232772126793861, 0.0007624720456078649, 0.0011752669233828783, 0.0013376795686781406, 0.001457352191209793, 0.0009806634625419974, 0.0017304320354014635, 0.0009202491492033005, 0.0007840546313673258, 0.0014708719681948423, 0.0011268279049545527]

2022-04-27 12:21:45.321870