2022-04-20 09:03:44.622239

reference phi, theta, psi, translation: 164.57178246643477, -4.268868188959204e-07, 11.003265705708584, 0.2046843022108078, 0.7416750192642212, 3.957021951675415

phi,theta,psi,rot_x,rot_y,rot_z,phi_err,theta_err,psi_err
174.68706040079186,1.035587752499106,3.46078983121423,-0.0498787984251976,0.24902896583080292,4.223120212554932,10.115277934357096,1.035588179385925,7.542475874494354
174.4761851403569,1.6160023138721258,3.724477821859035,-0.08309876918792725,0.2773698568344116,4.2034592628479,9.904402673922135,1.6160027407589448,7.2787878838495494
175.50212053482784,1.3309611120979121,3.5071994725205857,-0.06931156665086746,0.2590439021587372,4.15330171585083,10.93033806839307,1.3309615389847311,7.496066233187998
177.22414782837146,1.1496738418529813,5.324447500500407,-0.06151820346713066,0.37246063351631165,4.037783145904541,12.652365361936688,1.1496742687398003,5.678818205208177
177.85682825118974,2.10945221960326,7.104032798179719,-0.13470695912837982,0.4934272766113281,3.993781805038452,13.28504578475497,2.109452646490079,3.899232907528865
178.46091750214234,1.2383132760143227,7.005629835920522,-0.07660939544439316,0.491184800863266,4.015769004821777,13.889135035707568,1.2383137029011417,3.997635869788062
178.15853136720753,0.9794613305672023,7.752489250433436,-0.051487550139427185,0.5362321734428406,3.9860472679138184,13.586748900772761,0.9794617574540212,3.2507764552751475
178.84947330364602,0.33018920795785,8.956891511501281,-0.012267768383026123,0.6236307621002197,3.9761006832122803,14.277690837211253,0.3301896348446689,2.046374194207303
178.98173308673415,0.4043415768265328,9.746916440908207,-0.017005037516355515,0.6757938861846924,3.9582104682922363,14.409950620299384,0.4043420037133517,1.2563492648003773
179.16586132637937,1.1383954562438476,10.551087545859875,-0.0710906907916069,0.7334216833114624,3.942115545272827,14.594078859944602,1.1383958831306666,0.45217815984870846
179.9198595692354,0.6408862070027254,9.393020434347752,-0.04464547336101532,0.6559182405471802,3.9682564735412598,15.34807710280063,0.6408866338895443,1.6102452713608315
-179.469285650068,0.13176039641374346,9.386444669724321,-0.015604047104716301,0.6526876091957092,3.9664580821990967,15.958931883497257,0.13176082330056235,1.6168210359842625
-179.28948775035659,0.7341861993999407,9.269861878328667,-0.06019831448793411,0.6449191570281982,3.9653146266937256,16.138729783208646,0.7341866262867596,1.7334038273799166
-179.9371262874572,1.5313584891989855,8.94678795417154,-0.10862350463867188,0.6246317625045776,3.975306749343872,15.491091246107999,1.5313589160858045,2.0564777515370434
179.7725597095949,1.4864069954625934,9.625022323659222,-0.1029312014579773,0.6685099601745605,3.9636917114257812,15.200777243160132,1.4864074223494124,1.3782433820493623
179.21550314126702,1.7361138463985157,9.621708828138118,-0.11286511272192001,0.674367368221283,3.9661097526550293,14.643720674832252,1.7361142732853347,1.3815568775704659
179.4718128200609,1.5383958358339809,10.162283296225132,-0.10537746548652649,0.7043064832687378,3.943371295928955,14.900030353626136,1.5383962627207999,0.8409824094834519
179.45574821513304,1.7657162270246516,9.420482063679435,-0.11950822174549103,0.6567443013191223,3.963008165359497,14.883965748698273,1.7657166539114706,1.582783642029149
-179.88898711418696,0.9887773263276726,9.585741905742477,-0.07306575775146484,0.6659268140792847,3.9605531692504883,15.53923041937827,0.9887777532144915,1.4175237999661068
-179.71715321504777,0.6891086867426176,9.543404978172154,-0.05266358330845833,0.6648769378662109,3.968762159347534,15.711064318517458,0.6891091136294365,1.4598607275364301
-179.93319209849528,0.9148637077759121,9.177502352824462,-0.06710319221019745,0.6404082775115967,3.9786922931671143,15.49502543506992,0.914864134662731,1.8257633528841222
-179.7365236315339,0.592113953823722,9.416158553934816,-0.04454663768410683,0.6554587483406067,3.9690804481506348,15.691693902031318,0.5921143807105409,1.5871071517737683
-179.35761205713828,0.7337961133414538,9.963969607447458,-0.0620829313993454,0.6909595727920532,3.9535183906555176,16.070605476426977,0.7337965402282727,1.0392960982611257
-179.5982942631112,0.9608628605382299,9.790847363876082,-0.07402928173542023,0.6821088790893555,3.9636003971099854,15.82992327045406,0.9608632874250488,1.2124183418325014
-179.67894513683072,1.5108675124115865,9.086684742525387,-0.11095815896987915,0.6325104236602783,3.9722561836242676,15.749272396734511,1.5108679392984055,1.916580963183197
-179.60520641455125,2.1033141896916216,9.522096495509006,-0.15364281833171844,0.6577321887016296,3.9542040824890137,15.823011119013984,2.1033146165784404,1.4811692101995781
-179.5802352429457,2.372736861255223,9.433933267476128,-0.1744665503501892,0.6510698795318604,3.9498298168182373,15.847982290619541,2.3727372881420417,1.5693324382324558
-179.63326483166168,2.31572775827167,9.327216684336557,-0.16847677528858185,0.6483327746391296,3.9641857147216797,15.794952701903526,2.315728185158489,1.6760490213720267
-179.72032242282265,2.4580528425309485,9.259093231328496,-0.17959322035312653,0.642170786857605,3.9665255546569824,15.707895110742584,2.4580532694177673,1.744172474380088
179.91383534238744,2.256278213459704,8.819409195019034,-0.1596350371837616,0.6152394413948059,3.981412410736084,15.342052875952675,2.256278640346523,2.18385651068955
-179.9328915701718,1.9719262896642886,8.741954849831089,-0.14112913608551025,0.6080948114395142,3.975141763687134,15.49532596339344,1.9719267165511076,2.261310855877495
-179.79479880553248,1.9785067154772131,9.007722633078162,-0.1424228698015213,0.6254429221153259,3.966031074523926,15.63341872803278,1.9785071423640321,1.9955430726304222
-179.88379617041772,2.0981166929063266,9.346796275366044,-0.14909645915031433,0.6472735404968262,3.9585843086242676,15.544421363147535,2.0981171197931454,1.6564694303425398
179.91838424837468,2.309878847945315,9.273437482359169,-0.16307438910007477,0.6451613903045654,3.9605865478515625,15.34660178193991,2.309879274832134,1.7298282233494149
179.9043687001978,2.325301363258424,9.198736557180386,-0.16415385901927948,0.6371495723724365,3.962592840194702,15.332586233763038,2.3253017901452426,1.8045291485281982
-179.90757888910773,2.32115566879682,9.295633889614418,-0.1672435849905014,0.6432138085365295,3.953472852706909,15.520638644457506,2.3211560956836386,1.7076318160941657

Errors:
rotation,[18.693341988237375, 18.79919329853063, 19.757365840565797, 19.480857835884667, 19.293731338773913, 19.125084608396772, 17.81698711350193, 16.654254666263224, 16.070641888813114, 16.18465290292398, 17.599209008051005, 17.707513742782083, 18.606320236875323, 19.078927913730844, 18.065428047558907, 17.76139182568805, 17.279409025830386, 18.232466044638894, 17.945531972558868, 17.860034159683323, 18.235652922616772, 17.870915434515627, 17.843698114916375, 18.003204899711612, 19.176721299216116, 19.407494945792003, 19.79005201699404, 19.78672990843404, 19.910120854540438, 19.78218802698875, 19.72856353582204, 19.607468943027232, 19.29900791328322, 19.38630928012146, 19.46241717243648, 19.54942655623531]
translation,[0.19962134480110283, 0.1822912311106375, 0.13082051866296052, 0.024263082378186418, 0.004727338677789739, 0.015293247119638309, 0.008844882388416409, 0.00640003295238234, 0.015606935937869437, 0.020737870582602902, 0.008781155086366788, 0.0112987662790065, 0.013260730249654351, 0.005582025289457171, 0.010139921284398667, 0.006512590868950063, 0.023969158380420907, 0.012294616811041159, 0.014316915629516203, 0.006714923082394186, 0.0006676424486879995, 0.008044242398378643, 0.017204751299227716, 0.008582324745462167, 0.007299837769349615, 0.019651907877398678, 0.02419913623503689, 0.010744816864487028, 0.0089451641827063, 0.0007004223184789993, 0.007268967200237064, 0.013559287484262939, 0.01720532031983346, 0.015027274841314942, 0.014283362911951869, 0.02218365193414762]
loss,
[0.07224155962467194, 0.068219855427742, 0.06717780232429504, 0.042679302394390106, 0.035118043422698975, 0.039545491337776184, 0.03252511844038963, 0.037704452872276306, 0.04466203972697258, 0.03683919459581375, 0.03266584128141403, 0.0329674631357193, 0.03290548548102379, 0.036001428961753845, 0.028141982853412628, 0.034405216574668884, 0.0322175994515419, 0.03580274432897568, 0.03372213989496231, 0.036146752536296844, 0.03164256364107132, 0.030444055795669556, 0.03312709182500839, 0.03496522828936577, 0.03428814187645912, 0.03635722026228905, 0.04179918020963669, 0.032342322170734406, 0.033643897622823715, 0.0338500551879406, 0.02988329343497753, 0.03557547926902771, 0.034015849232673645, 0.03740371763706207, 0.030502919107675552, 0.031973570585250854]

2022-04-20 09:07:26.068276