2022-04-21 01:34:12.921695

reference phi, theta, psi, translation: -33.091320547511735, -0.0, 74.32085247222868, -2.1190009117126465, -3.251617431640625, 1.089412808418274

phi,theta,psi,rot_x,rot_y,rot_z,phi_err,theta_err,psi_err
-22.822884158753556,1.294954214858955,81.82337814338081,-1.5357718467712402,-3.6827800273895264,0.7731812596321106,10.268436388758179,1.294954214858955,7.502525671152128
-23.224357555525028,1.524640597821076,81.40218086783362,-1.552536129951477,-3.681793689727783,0.7906160950660706,9.866962991986707,1.524640597821076,7.081328395604942
-25.338309641380434,3.310361719284938,78.71155078771217,-1.6197445392608643,-3.642643928527832,0.9087886810302734,7.753010906131301,3.310361719284938,4.39069831548349
-25.618352519992836,3.1966779954384243,73.44084406937506,-1.6350491046905518,-3.5828545093536377,1.1687867641448975,7.472968027518899,3.1966779954384243,0.880008402853619
-30.0884791053344,0.7860966790880678,72.12664054098374,-1.9364817142486572,-3.4044060707092285,1.2676657438278198,3.002841442177335,0.7860966790880678,2.1942119312449364
-32.54582407435408,0.2650520208309651,73.84316270205632,-2.1186704635620117,-3.3321001529693604,1.1437698602676392,0.5454964731576553,0.2650520208309651,0.47768977017236125
-32.492190013896554,0.21500282789108188,74.01003105366891,-2.10083270072937,-3.3092095851898193,1.1272050142288208,0.5991305336151811,0.21500282789108188,0.31082141855976886
-32.641521854815124,0.04696529048440911,73.92914795351761,-2.0958590507507324,-3.2772297859191895,1.1213384866714478,0.44979869269661066,0.04696529048440911,0.39170451871106593
-33.068015942063646,-0.09855487355059402,74.19695967087381,-2.1153650283813477,-3.2492449283599854,1.0986084938049316,0.023304605448089433,0.09855487355059402,0.12389280135487013
-33.07663222570162,0.0001875721117658712,74.22506589930842,-2.111131191253662,-3.2435171604156494,1.0949574708938599,0.01468832181011237,0.0001875721117658712,0.09578657292026094
-33.220493085095015,-0.10865830094726468,74.2899595266127,-2.1218364238739014,-3.2381033897399902,1.0889025926589966,0.12917253758327973,0.10865830094726468,0.030892945615974554
-33.20069578178573,-0.044840330904387014,74.3057919051088,-2.1214935779571533,-3.241370439529419,1.0890467166900635,0.10937523427399753,0.044840330904387014,0.01506056711987469
-33.25507433286279,0.049422526810531456,74.31847556639751,-2.12184739112854,-3.240171432495117,1.0878781080245972,0.16375378535105511,0.049422526810531456,0.0023769058311700064
-33.24360986034092,-0.0769189259896911,74.29620914970327,-2.1223299503326416,-3.2377736568450928,1.0883374214172363,0.15228931282918268,0.0769189259896911,0.024643322525406575
-33.232521048223404,-0.01815095647295452,74.34637005896785,-2.1197903156280518,-3.2390544414520264,1.0860321521759033,0.141200500711669,0.01815095647295452,0.02551758673916993
-33.20775819738753,-0.01689894978078612,74.32194530249588,-2.120382070541382,-3.2392666339874268,1.0878652334213257,0.11643764987579175,0.01689894978078612,0.0010928302671970869
-33.16427379803664,0.011779780102466865,74.34061220949752,-2.117359161376953,-3.241286277770996,1.0859363079071045,0.07295325052490398,0.011779780102466865,0.01975973726884206
-33.15252245756963,-0.048517804244672,74.30500643335425,-2.116948127746582,-3.240711212158203,1.0882976055145264,0.061201910057896214,0.048517804244672,0.015846038874428814
-33.12751371992363,-0.0789917843917584,74.31510145294753,-2.1159350872039795,-3.2420308589935303,1.0887233018875122,0.036193172411891794,0.0789917843917584,0.005751019281149183
-33.18449457307446,-0.08953869183717841,74.28239167701234,-2.1191511154174805,-3.2395951747894287,1.0901058912277222,0.0931740255627247,0.08953869183717841,0.03846079521633783
-33.21639155649842,-0.02633054251816786,74.33956036036534,-2.119581699371338,-3.239487886428833,1.0855207443237305,0.1250710089866871,0.02633054251816786,0.018707888136660245
-33.221753254996884,-0.012856718438724952,74.36128719211516,-2.1189329624176025,-3.2381913661956787,1.0839678049087524,0.13043270748514857,0.012856718438724952,0.040434719886476955
-33.26824293758257,-0.052032665801355814,74.35658119177701,-2.1222922801971436,-3.2354657649993896,1.0839464664459229,0.17692239007083543,0.052032665801355814,0.0357287195483309
-33.22670172705055,0.0031878262482076497,74.39937915711631,-2.1203835010528564,-3.2384164333343506,1.081482172012329,0.13538117953881823,0.0031878262482076497,0.0785266848876347
-33.21030585794794,-0.06471068347715747,74.32413779321945,-2.120279312133789,-3.238372564315796,1.0870572328567505,0.11898531043620153,0.06471068347715747,0.0032853209907699465
-33.13287541842209,-0.017890710199521234,74.33455383170372,-2.1153156757354736,-3.242868185043335,1.0865918397903442,0.04155487091035326,0.017890710199521234,0.013701359475035702
-33.212453952441905,0.008426992996513977,74.33527100156657,-2.120729446411133,-3.239885091781616,1.0865283012390137,0.12113340493016977,0.008426992996513977,0.01441852933788823
-33.20748498982072,0.03199026052926433,74.33942375658194,-2.1185083389282227,-3.240318536758423,1.086042881011963,0.11616444230898537,0.03199026052926433,0.018571284353257056
-33.14439111736273,-0.0345991013186047,74.34201239827738,-2.1175873279571533,-3.241589307785034,1.0872169733047485,0.053070569850994787,0.0345991013186047,0.02115992604869632
-33.189559158344025,0.009258080769126927,74.33757960550604,-2.118126630783081,-3.2416300773620605,1.0866411924362183,0.09823861083228991,0.009258080769126927,0.016727133277356643
-33.18927229039888,-0.05964508010317879,74.30251341430719,-2.120293617248535,-3.2404680252075195,1.0887041091918945,0.09795174288714747,0.05964508010317879,0.018339057921494373
-33.16761717563536,-0.04662798689521971,74.33137779373966,-2.117438316345215,-3.240269422531128,1.0862491130828857,0.0762966281236217,0.04662798689521971,0.010525321510982621
-33.26879959799993,-0.05672828888372446,74.38395658997042,-2.12231707572937,-3.236504077911377,1.0831018686294556,0.1774790504881949,0.05672828888372446,0.0631041177417444
-33.1547627596174,-0.022997584519654463,74.33584473745685,-2.1166741847991943,-3.2403833866119385,1.086331844329834,0.06344221210566303,0.022997584519654463,0.014992265228173096
-33.1883809507122,-0.034137548123642864,74.33404839770515,-2.118662118911743,-3.2408080101013184,1.0869498252868652,0.09706040320046583,0.034137548123642864,0.013195925476466641
-33.19936047980299,0.001795527037405131,74.32755288780446,-2.119037389755249,-3.2399580478668213,1.0874015092849731,0.10803993229125552,0.001795527037405131,0.006700415575778607

Errors:
rotation,[19.06591627476926, 18.472931985412725, 15.45407094089973, 11.549654425810942, 5.983150052510339, 1.2882382641609815, 1.1249547800660318, 0.8884685018920857, 0.24575228035355356, 0.11066246684213918, 0.268723784146519, 0.16927613229825925, 0.21555321799275656, 0.25385156134428033, 0.18486904392379344, 0.13442942992377496, 0.1044927678962129, 0.12556575317699703, 0.12093597608479938, 0.22117351261624094, 0.1701094396415152, 0.1837241458103505, 0.2646837754205221, 0.21709569067466059, 0.18698131490412895, 0.0731469405849102, 0.14397892726457198, 0.16672598719150677, 0.1088295972182958, 0.12422382487877348, 0.17593588091182064, 0.13344993652982404, 0.2973114571136638, 0.10143206185349059, 0.14439387680057533, 0.11653587490443926]
translation,[0.03326186669987141, 0.04208189311748001, 0.0576757141721993, 0.07694773628003748, 0.08553451832093995, 0.07981558938550126, 0.047468457549233456, 0.017359630805731996, 0.0013272192232092195, 0.009163025298724925, 0.009535759675936006, 0.007046490821593032, 0.008141801027131024, 0.009693811426805254, 0.010625243691866793, 0.009646788274752183, 0.010133578519498698, 0.010175111138619464, 0.009529346379920867, 0.009424241743925421, 0.01052412075699749, 0.012329877447805337, 0.012758292459984055, 0.01205313139182529, 0.010639649648537919, 0.009756564888244945, 0.009326853671501212, 0.01027947494070336, 0.009423137942337512, 0.009261893097463059, 0.008498685753383306, 0.010827014850160133, 0.012136833284599469, 0.011115202157623294, 0.009558956206538127, 0.009924004539840325]
loss,
[0.21591603755950928, 0.22240695357322693, 0.1850924789905548, 0.05564684420824051, 0.030614888295531273, 0.015848105773329735, 0.008117616176605225, 0.0026234311517328024, 0.002173591637983918, 0.00200303690508008, 0.0020152549259364605, 0.0018984767375513911, 0.003111346624791622, 0.002058495068922639, 0.0022239007521420717, 0.0026451065205037594, 0.001656190725043416, 0.001109689474105835, 0.0025040735490620136, 0.0016874135471880436, 0.0017750472761690617, 0.0019279846455901861, 0.0017407111590728164, 0.0017535041552037, 0.0017972950590774417, 0.0018974117701873183, 0.0021619764156639576, 0.0020339570473879576, 0.0022947899997234344, 0.0017082541016861796, 0.001633429666981101, 0.0014026174321770668, 0.0026277154684066772, 0.003055066801607609, 0.0021166305523365736, 0.0017064963467419147]

2022-04-21 01:38:46.432665