2022-04-19 21:43:15.569360

reference phi, theta, psi, translation: 175.36684180812657, -0.0, 39.4597479484966, 0.2069414258003235, 2.553555727005005, 3.112318754196167

phi,theta,psi,rot_x,rot_y,rot_z,phi_err,theta_err,psi_err
-174.60268024378553,2.426304892454245,32.24175771288345,-0.3459881842136383,2.1274664402008057,3.6064906120300293,10.030477948087878,2.426304892454245,7.217990235613151
-174.5910279410615,2.451585817010151,32.17463402881515,-0.34780049324035645,2.122816562652588,3.6092491149902344,10.042130250811965,2.451585817010151,7.28511391968145
-174.39213283243072,2.3391232966132494,31.937527426872744,-0.34929776191711426,2.1086504459381104,3.616464138031006,10.241025359442688,2.3391232966132494,7.522220521623854
-174.51319110528004,2.3736632219152702,31.805421323040942,-0.34429723024368286,2.0999135971069336,3.6204442977905273,10.11996708659342,2.3736632219152702,7.654326625455656
-174.4659125358452,2.3158566866957093,31.90435319807399,-0.34265607595443726,2.1053519248962402,3.6164450645446777,10.167245656028228,2.3158566866957093,7.555394750422607
-174.23641817973277,2.107784364082658,31.372267801351658,-0.3388967216014862,2.075162649154663,3.6267340183258057,10.39674001214064,2.107784364082658,8.087480147144941
-174.35561864112785,1.7892491644188115,30.601740500704178,-0.3208503723144531,2.0439205169677734,3.625427484512329,10.277539550745587,1.7892491644188115,8.85800744779242
-174.24068021777487,1.9482205783408946,31.007481058159616,-0.3406778872013092,2.0572800636291504,3.619178295135498,10.392477974098597,1.9482205783408946,8.452266890336983
-174.079665338281,1.9950237187491986,31.0053671146115,-0.34477031230926514,2.056060791015625,3.6194868087768555,10.553492853592445,1.9950237187491986,8.4543808338851
-173.6324108910502,1.936021909321899,30.539230609420223,-0.3525742292404175,2.023991823196411,3.631863594055176,11.000747300823264,1.936021909321899,8.920517339076376
-173.7515157297969,1.8743169516130351,30.886392049459044,-0.343211829662323,2.0402255058288574,3.6283957958221436,10.88164246207657,1.8743169516130351,8.573355899037555
-173.63077164564942,1.7797434789869322,31.075629270603418,-0.339703232049942,2.051565170288086,3.6216769218444824,11.002386546223988,1.7797434789869322,8.38411867789318
-173.27016497822942,1.6915516666163575,30.45663996197643,-0.34637901186943054,2.0137455463409424,3.6284234523773193,11.362993213644017,1.6915516666163575,9.00310798652017
-172.91634751884442,1.7105155159927579,29.798373650527278,-0.36048248410224915,1.9742283821105957,3.627614974975586,11.716810673029045,1.7105155159927579,9.66137429796932
-173.27808799766663,2.241694062976478,30.562716214881313,-0.3795625865459442,2.0150835514068604,3.608018159866333,11.355070194206803,2.241694062976478,8.897031733615286
-173.52247216616968,2.702870406982475,30.670001411269286,-0.39604178071022034,2.0156092643737793,3.6011836528778076,11.110686025703785,2.702870406982475,8.789746537227312
-173.23837727783217,2.7988299242059367,30.431344356385285,-0.41271457076072693,1.9928834438323975,3.598220109939575,11.394780914041235,2.7988299242059367,9.028403592111314
-173.29881079160845,2.945901202900414,30.7456184355705,-0.4217964708805084,2.0067853927612305,3.5735838413238525,11.33434740026496,2.945901202900414,8.7141295129261
-172.93233016150225,3.0677159778432017,30.338320594984296,-0.4413204789161682,1.9745607376098633,3.5493271350860596,11.700828030371213,3.0677159778432017,9.121427353512303
-173.0181446582343,3.384934367903014,30.68652363887155,-0.45065614581108093,1.9909799098968506,3.497763156890869,11.615013533639171,3.384934367903014,8.77322430962505
-175.43620920933722,5.543781933342246,33.74003483940662,-0.5239632725715637,2.184513807296753,3.2971489429473877,9.196948982536242,5.543781933342246,5.71971310908998
-177.94325746494707,6.74210547810937,36.93556957844835,-0.47974827885627747,2.3845021724700928,3.1648428440093994,6.689900726926339,6.74210547810937,2.524178370048247
179.71254966754717,7.255448380312631,38.53679473123653,-0.40681493282318115,2.4949324131011963,3.1041297912597656,4.3457078594206,7.255448380312631,0.9229532172600656
179.2717839000279,5.892253529554242,37.92646268738253,-0.3138495683670044,2.4731881618499756,3.1577653884887695,3.904942091901347,5.892253529554242,1.5332852611140666
178.37502104314026,5.048662958819888,38.77266506893917,-0.21767958998680115,2.5237278938293457,3.1218912601470947,3.0081792350136993,5.048662958819888,0.6870828795574297
177.91483021762147,3.615260581152849,38.90492826712188,-0.11969602853059769,2.5336251258850098,3.1268763542175293,2.5479884094949057,3.615260581152849,0.5548196813747168
177.06949868518402,2.4925868442075108,39.064515637079225,-0.016519974917173386,2.539977550506592,3.1234748363494873,1.70265687705745,2.4925868442075108,0.3952323114173737
176.24385175793455,1.3104812329281799,38.943064628352644,0.0924721285700798,2.527019500732422,3.130312919616699,0.8770099498079844,1.3104812329281799,0.5166833201439545
175.3801333562514,-0.014890488063722337,39.4140573980438,0.2079426795244217,2.542597770690918,3.105647563934326,0.013291548124840347,0.014890488063722337,0.045690550452796685
175.30852565299298,0.19986818446242824,39.26906272724818,0.19816020131111145,2.539958953857422,3.117595911026001,0.058316155133582015,0.19986818446242824,0.19068522124841536
175.22332587328626,0.027782009572955704,39.478851987605125,0.21282091736793518,2.5503664016723633,3.108168363571167,0.143515934840309,0.027782009572955704,0.01910403910852665
175.3236476918154,0.16686115841847324,39.3626738849178,0.20019041001796722,2.545884609222412,3.1146864891052246,0.043194116311155994,0.16686115841847324,0.09707406357880188
175.2849068588431,0.04718615383692428,39.44353649450157,0.2089759111404419,2.548689126968384,3.10969614982605,0.08193494928346468,0.04718615383692428,0.01621145399502666
175.35120067492724,0.12328671466837475,39.338317430337526,0.20103883743286133,2.5435333251953125,3.115905284881592,0.01564113319932403,0.12328671466837475,0.12143051815907313
175.30598482262175,0.1202990206576854,39.461250590114005,0.20380949974060059,2.5494465827941895,3.1083879470825195,0.06085698550481311,0.1202990206576854,0.0015026416174066526
175.36695109115328,0.09554158093995302,39.36407748879223,0.2012793868780136,2.5450196266174316,3.11382794380188,0.00010928302671686652,0.09554158093995302,0.09567045970436538

Errors:
rotation,[19.674773076155276, 19.778829987503567, 20.10236917767979, 20.147956933964345, 20.038497093146546, 20.59200452336824, 20.924796162956817, 20.792965442776474, 21.002897406226744, 21.85728654922154, 21.32931531272716, 21.166248703104102, 22.057652866780543, 23.088700486991122, 22.493795990798567, 22.60330296991357, 23.222014430358485, 22.994378116091475, 23.889971361726715, 23.773172211167235, 20.460444024968467, 15.956184575083956, 12.524109456993296, 11.330480882569656, 8.743925073391017, 6.718068672022472, 4.590476032682334, 2.704174502880119, 0.07387258664135937, 0.44886956084442564, 0.19040198352179136, 0.30712933830843114, 0.14533255711541562, 0.2603583660267719, 0.18265864777990515, 0.19132132367103527]
translation,[0.170370405351016, 0.1705368549429318, 0.16973161799111214, 0.16837050011835242, 0.16751319226295536, 0.1610484873628657, 0.14311128032818754, 0.14582152009285476, 0.14582428389035407, 0.14155431941698193, 0.1456606712702211, 0.14509693881928243, 0.1330765332263848, 0.11460581476189802, 0.1188620772466562, 0.1147189135246709, 0.10276832754940912, 0.08901696334034526, 0.054379338556386436, 0.018740189713033928, 0.04141339543119438, 0.0396079092924162, 0.0279041413121508, 0.007866037701010242, 0.010831336300789474, 0.004847771254085309, 0.005230926221805987, 0.0070466193528764265, 0.012038088982805561, 0.004956549930572152, 0.0049181904975643675, 0.003365606963269485, 0.005001987326519242, 0.0038662179294952637, 0.005797560158946169, 0.004521974750546498]
loss,
[0.11773742735385895, 0.13918326795101166, 0.13121941685676575, 0.13611696660518646, 0.135454922914505, 0.13180814683437347, 0.1300070881843567, 0.12780791521072388, 0.1260797083377838, 0.12825457751750946, 0.12587153911590576, 0.14273667335510254, 0.12523338198661804, 0.11482980102300644, 0.13781118392944336, 0.12468849122524261, 0.11356793344020844, 0.1227002963423729, 0.11808820068836212, 0.12067383527755737, 0.07225121557712555, 0.04002898558974266, 0.024382606148719788, 0.0206272192299366, 0.01684596762061119, 0.02034222148358822, 0.014593715779483318, 0.006493041291832924, 0.0014886539429426193, 0.0017587555339559913, 0.0017294849967584014, 0.0013492067810148, 0.0010211383923888206, 0.0008468854939565063, 0.0017531014746055007, 0.0022987802512943745]

2022-04-19 21:46:06.375841