2022-04-29 01:00:25.312295

reference phi, theta, psi, translation: 16.672973292337613, -0.0, 55.56417970941693, 0.9538894295692444, -3.184936285018921, 2.279534101486206

phi,theta,psi,rot_x,rot_y,rot_z,phi_err,theta_err,psi_err
26.607018987257597,-4.879078348390559,61.415046110949504,1.4386786222457886,-3.2383759021759033,2.121750593185425,9.934045694919984,4.879078348390559,5.850866401532571
25.017289042842545,-4.568559637257811,61.62187789939583,1.3547630310058594,-3.302675485610962,2.0912792682647705,8.344315750504933,4.568559637257811,6.057698189978893
21.310116785906207,-5.063221904482581,61.52143313746162,1.1037641763687134,-3.43296480178833,2.0710487365722656,4.637143493568594,5.063221904482581,5.957253428044687
17.810817921264622,-2.3849479001143323,59.44603917701823,0.9977381229400635,-3.3959145545959473,2.167414426803589,1.1378446289270094,2.3849479001143323,3.881859467601295
15.08319724414566,-1.5518385203598535,60.0917037894487,0.8897536993026733,-3.4459142684936523,2.108361005783081,1.5897760481919523,1.5518385203598535,4.5275240800317675
14.718571010399115,-1.8757347562042461,60.90387475346575,0.8661737442016602,-3.462893486022949,2.056445837020874,1.9544022819384974,1.8757347562042461,5.339695044048817
15.0351058821996,-1.831858478847158,60.81857252092146,0.8848302960395813,-3.4551644325256348,2.059187412261963,1.6378674101380124,1.831858478847158,5.254392811504523
14.909312580708184,-1.9401955548918532,60.8392679941066,0.8723359107971191,-3.463592290878296,2.0617403984069824,1.763660711629429,1.9401955548918532,5.275088284689666
14.8153991871678,-1.4665654226611873,60.573054541016184,0.882932722568512,-3.4461700916290283,2.0713822841644287,1.857574105169812,1.4665654226611873,5.00887483159925
15.106788717538885,-1.6666699401511842,61.01729687482298,0.8942049741744995,-3.458280086517334,2.044886350631714,1.5661845747987275,1.6666699401511842,5.453117165406049
14.877874927505907,-1.5322230427382566,61.0177476673082,0.8847358226776123,-3.454440116882324,2.0410969257354736,1.7950983648317056,1.5322230427382566,5.453567957891266
14.737273775893902,-1.628828862410499,61.02737823403792,0.8727046251296997,-3.44622802734375,2.032325267791748,1.9356995164437105,1.628828862410499,5.463198524620985
14.542358960001955,-1.5516884778833882,61.34341108693441,0.8650754690170288,-3.4524593353271484,2.010662078857422,2.1306143323356572,1.5516884778833882,5.779231377517476
14.821385847975318,-1.5710954996452915,61.15043775231404,0.8766975402832031,-3.446413040161133,2.0210580825805664,1.8515874443622948,1.5710954996452915,5.586258042897107
14.584557576241588,-1.6461776667331187,61.430284262987804,0.8648446798324585,-3.4619946479797363,2.008463144302368,2.0884157160960246,1.6461776667331187,5.866104553570871
14.780992109223861,-1.5595926690919133,61.223582248135706,0.8797456622123718,-3.4522902965545654,2.0243096351623535,1.8919811831137512,1.5595926690919133,5.659402538718773
14.81557677208622,-1.8878911185250875,61.05478095298801,0.8678680658340454,-3.4463412761688232,2.0314648151397705,1.8573965202513918,1.8878911185250875,5.490601243571078
14.62084978639645,-1.3988448623230019,61.221581002708895,0.8758373260498047,-3.447707176208496,2.0202155113220215,2.0521235059411627,1.3988448623230019,5.6574012932919615
14.763751004211457,-1.7603960229645819,61.04443321639544,0.8682926893234253,-3.442655086517334,2.0290160179138184,1.9092222881261556,1.7603960229645819,5.4802535069785066
14.718702491540638,-1.5499692963265952,61.11618435362642,0.8730574250221252,-3.4455506801605225,2.022995710372925,1.9542708007969747,1.5499692963265952,5.5520046442094895
14.860292313035002,-1.5412064253822277,61.26757549657976,0.8842389583587646,-3.4478986263275146,2.018197774887085,1.8126809793026109,1.5412064253822277,5.703395787162826
14.728046190325216,-1.5032267693452812,61.279193648357946,0.8770538568496704,-3.451343536376953,2.01590633392334,1.9449271020123966,1.5032267693452812,5.715013938941013
14.812532215263689,-1.5280701033508348,61.19783243496476,0.879649817943573,-3.4464645385742188,2.0205743312835693,1.860441077073924,1.5280701033508348,5.633652725547826
14.953847121643959,-1.7409181703488947,61.31581029249839,0.880877673625946,-3.4470584392547607,2.0137670040130615,1.719126170693654,1.7409181703488947,5.751630583081457
14.85052855761647,-1.5673242645601533,61.29131723413472,0.8809053897857666,-3.4454894065856934,2.0160555839538574,1.8224447347211434,1.5673242645601533,5.72713752471779
14.628351041652417,-1.5392834090226,61.27035538357195,0.8692359924316406,-3.449808120727539,2.0142734050750732,2.0446222506851957,1.5392834090226,5.70617567415502
14.79726674246871,-1.8828555112156615,60.94105147311813,0.8642646670341492,-3.436671257019043,2.03401780128479,1.8757065498689034,1.8828555112156615,5.376871763701196
14.69839633913819,-1.6727682956395795,61.200803567253715,0.867721438407898,-3.4454216957092285,2.01554012298584,1.9745769531994224,1.6727682956395795,5.636623857836781
14.799935638886891,-1.4469372354513494,61.20324877497658,0.8820899724960327,-3.441415309906006,2.0161795616149902,1.8730376534507212,1.4469372354513494,5.639069065559646
14.840763094650644,-1.6829561380330589,61.11393722138949,0.8758499622344971,-3.4406347274780273,2.021660566329956,1.832210197686969,1.6829561380330589,5.549757511972558
14.779352863823059,-1.5739697381280595,61.065873180200114,0.8750201463699341,-3.438704252243042,2.025146007537842,1.893620428514554,1.5739697381280595,5.501693470783181
14.782576713111304,-1.6235292078482118,61.16929590461245,0.8737602233886719,-3.4428703784942627,2.019188642501831,1.8903965792263087,1.6235292078482118,5.605116195195514
14.870173889216717,-1.5919793126290351,61.356012785953084,0.8813270926475525,-3.4466373920440674,2.009612798690796,1.8027994031208951,1.5919793126290351,5.79183307653615
14.89314381539547,-1.5160292999940888,61.28329176185996,0.8844459652900696,-3.442516565322876,2.0138332843780518,1.779829476942142,1.5160292999940888,5.719112052443023
14.828634386231993,-1.5814365621628022,61.25630568444924,0.8786247968673706,-3.4448282718658447,2.014040470123291,1.8443389061056195,1.5814365621628022,5.6921259750323046
14.702663499822155,-1.4761782250075386,61.20195103903428,0.8736123442649841,-3.443528652191162,2.0151243209838867,1.970309792515458,1.4761782250075386,5.637771329617344

Errors:
rotation,[20.663990444843115, 18.970573577741636, 15.657618826095863, 7.404651996642636, 7.669138648583573, 9.169832082191562, 8.724118700489694, 8.978944551210947, 8.33301435943025, 8.68597168035596, 8.780889365461228, 9.027726903475195, 9.461534187736522, 9.008940986904694, 9.600697936400014, 9.110976390924437, 9.235888882347556, 9.108369661556125, 9.149871818069244, 9.05624474133306, 9.057283191847665, 9.163167810298692, 9.022163905972585, 9.211674924124006, 9.116906523999088, 9.290081333862815, 9.13543382478576, 9.283969106675784, 8.959043954461716, 9.064923847692587, 8.969283637425795, 9.119041982270033, 9.18661179228608, 9.014970829379255, 9.117901443300726, 9.08425934714034]
translation,[0.09908907901583852, 0.10608000510030724, 0.12733065509367947, 0.11922080041404204, 0.10543649112103637, 0.0884412284334779, 0.08728572447709215, 0.092972854474616, 0.08545747365251088, 0.08479920811382335, 0.07764110673934255, 0.06380056010168023, 0.05673036053407721, 0.05923019221685699, 0.06365897909905716, 0.06644239663522278, 0.06244078628834959, 0.059720255907655506, 0.05821243443462443, 0.058682918491443914, 0.060692948659347934, 0.06092123786141723, 0.05966840073717172, 0.057075499905212546, 0.05688675354727657, 0.05715251646307529, 0.05480936050992469, 0.05375462985411694, 0.05377041193901544, 0.0544790399464512, 0.05440213672144889, 0.05469249285847244, 0.054772550889502725, 0.05405038303063581, 0.0548449962534443, 0.05320879963555125]
loss,
[0.11008477210998535, 0.0985192283987999, 0.08111339807510376, 0.05204368755221367, 0.04770990461111069, 0.04597000405192375, 0.044859644025564194, 0.043667539954185486, 0.047585248947143555, 0.03939526528120041, 0.038257915526628494, 0.03732733428478241, 0.04316083714365959, 0.04223354160785675, 0.041296541690826416, 0.04326295852661133, 0.042663805186748505, 0.03583339601755142, 0.040618956089019775, 0.04110053926706314, 0.03976815938949585, 0.0375501774251461, 0.03634653240442276, 0.04002629593014717, 0.04059057682752609, 0.040593232959508896, 0.04195995628833771, 0.04305146262049675, 0.03421875461935997, 0.04040805622935295, 0.041192635893821716, 0.040341541171073914, 0.0454564206302166, 0.039213474839925766, 0.040596120059490204, 0.03494033217430115]

2022-04-29 01:04:55.797910