2022-04-28 13:48:10.541462

reference phi, theta, psi, translation: 132.9853677440357, -8.537735924097414e-07, 76.34363348549546, 2.865516185760498, 2.6707684993743896, 0.9517420530319214

phi,theta,psi,rot_x,rot_y,rot_z,phi_err,theta_err,psi_err
143.3552887910292,-3.0579185397180266,69.36864430507845,2.3124754428863525,2.981729030609131,1.6183615922927856,10.369921046993511,3.0579176859444344,6.974989180417012
142.3808257021435,-3.1982354735281278,68.06034206013001,2.366764783859253,2.915388584136963,1.6842209100723267,9.395457958107812,3.1982346197545355,8.283291425365448
139.1907312087757,-2.9889703367110276,63.53166709322309,2.522981882095337,2.709336280822754,1.903351902961731,6.205363464740003,2.9889694829374354,12.811966392272367
135.79047179464658,0.37413052575210504,63.333168135564186,2.6376101970672607,2.5913686752319336,1.9096167087554932,2.805104050610879,0.37413137952569747,13.010465349931273
132.89600154893526,1.551494870666517,63.174680426063205,2.7540111541748047,2.4757156372070312,1.906624674797058,0.08936619510043897,1.5514957244401095,13.168953059432255
133.0967954501553,1.2378877044807186,63.897191496845494,2.7677879333496094,2.500412940979004,1.8615689277648926,0.11142770611959918,1.237888558254311,12.446441988649966
133.49387532774315,1.5684827232946412,64.62447003966845,2.7604598999023438,2.5378518104553223,1.8064420223236084,0.5085075837074555,1.5684835770682337,11.719163445827007
133.2284951577315,0.34039262043456686,65.29723001253637,2.813427209854126,2.5192079544067383,1.7628201246261597,0.24312741369578816,0.3403934742081593,11.046403472959085
132.21709440581432,0.8166453175849158,65.50977183912883,2.852818012237549,2.493691921234131,1.7471861839294434,0.7682733382213769,0.8166461713585081,10.833861646366628
132.29805946823566,0.7867205690987367,66.30982604755827,2.868147611618042,2.5084855556488037,1.689822793006897,0.6873082758000351,0.786721422872329,10.033807437937185
132.62375020861856,1.0816960474877857,67.17678878909716,2.8641860485076904,2.556886672973633,1.6346070766448975,0.3616175354171389,1.0816969012613782,9.1668446963983
133.15882722819734,1.0438637205591812,69.68667840340174,2.891639232635498,2.656700849533081,1.46463143825531,0.17345948416163992,1.0438645743327737,6.656955082093717
134.1192474481495,1.2357446688390559,72.60500649988393,2.880998134613037,2.7884621620178223,1.2658742666244507,1.1338797041138093,1.2357455226126484,3.738626985611532
133.49759095065164,0.8332969745224438,74.15832129073905,2.9504098892211914,2.7719156742095947,1.1495461463928223,0.5122232066159427,0.8332978282960362,2.1853121947564063
132.97845559259565,0.19739776392262354,74.38257689175808,2.980982542037964,2.7356374263763428,1.1308152675628662,0.0069121514400478645,0.19739861769621594,1.961056593737382
132.34813841523018,-0.03657618702864087,74.70584291498561,3.006613254547119,2.7000327110290527,1.1072676181793213,0.6372293288055175,0.03657533325504846,1.6377905705098499
131.05482843550993,-0.31347917517368046,74.98978753916138,3.0540874004364014,2.6328165531158447,1.0822302103042603,1.9305393085257663,0.313478321400088,1.3538459463340757
130.97390435422363,-0.364841869972812,74.98392040666434,3.041288375854492,2.625091552734375,1.077299952507019,2.0114633898120644,0.36484101619921955,1.3597130788311205
131.4035095926391,-0.42606896136290995,75.3653796416204,3.0171594619750977,2.6365251541137695,1.0469661951065063,1.5818581513966024,0.4260681075893175,0.9782538438750663
131.7687607886947,-0.3344007327005635,75.4313387784352,2.9852213859558105,2.6524813175201416,1.0373274087905884,1.2166069553410068,0.33439987892697104,0.912294707060255
131.90201777940163,-0.4819040160598752,75.59436173354507,2.973783016204834,2.6535868644714355,1.0229768753051758,1.083349964634067,0.48190316228628277,0.7492717519503884
132.05512329983665,-0.3953843903116589,75.7578013301943,2.9604156017303467,2.6573421955108643,1.0076903104782104,0.9302444441990474,0.39538353653806646,0.5858321553011621
131.97346155811996,-0.221707308064106,75.63901068014944,2.945390224456787,2.64365553855896,1.0145914554595947,1.0119061859157341,0.22170645429051358,0.7046228053460197
131.99826880518546,-0.28282581977412075,76.05963421980633,2.940786361694336,2.638498544692993,0.9810307025909424,0.987098938850238,0.2828249660005283,0.2839992656891326
132.41395411807244,-0.08558515263748262,75.99525285668979,2.912769079208374,2.6539814472198486,0.981096088886261,0.5714136259632596,0.08558429886389021,0.3483806288056712
132.49276084071604,-0.3786774393226939,76.11703512959112,2.905733585357666,2.6516482830047607,0.9721306562423706,0.49260690331965407,0.37867658554910144,0.2265983559043434
132.7500130856154,-0.17833626150685397,76.00782040476261,2.8866398334503174,2.6620795726776123,0.9788523316383362,0.2353546584203059,0.17833540773326156,0.3358130807328479
132.56395873262426,-0.09138678790253563,76.23672053441726,2.891880989074707,2.6533472537994385,0.9620776176452637,0.42140901141144127,0.09138593412894322,0.10691295107820054
132.6922706663721,-0.09637896393487197,76.21890740106186,2.881880521774292,2.656771659851074,0.9616743326187134,0.29309707766358883,0.09637811016127956,0.124726084433604
132.70060349715953,-0.04283348995986816,76.30295287879886,2.878589391708374,2.6556315422058105,0.9555892944335938,0.28476424687616486,0.04283263618627575,0.04068060669659701
132.8044906744354,-0.04486803119479334,76.33313548474115,2.872291326522827,2.6588242053985596,0.9516129493713379,0.18087706960028527,0.04486717742120093,0.01049800075431051
132.84803996058344,-0.14829653189061054,76.30408669020109,2.867588758468628,2.6570920944213867,0.9534357190132141,0.13732778345226393,0.14829567811701813,0.03954679529437044
132.96773219559873,-0.009073861367434924,76.34777258013249,2.860027551651001,2.66382098197937,0.9497203826904297,0.017635548436970794,0.009073007593842514,0.004139094637025664
132.99423332957838,-0.0008936586598666464,76.32722054091992,2.856834650039673,2.6634292602539062,0.9511110186576843,0.008865585542679355,0.0008928048862742367,0.016412944575534993
132.97927521529604,0.00446019513730146,76.35391292019634,2.856175661087036,2.662593126296997,0.9479571580886841,0.006092528739657155,0.00446104891089387,0.010279434700876777
133.06875069342323,-0.038145163201147414,76.3679967702649,2.852043867111206,2.66616153717041,0.948505163192749,0.0833829493875271,0.03814430942755501,0.024363284769435722

Errors:
rotation,[20.402827913354958, 20.876984003227797, 22.006299339949805, 16.18970078006785, 14.809814978972803, 13.795758253023877, 13.796154606602697, 11.629924360863033, 12.418781155946514, 11.507837136609549, 10.610159133076817, 7.87427914058813, 6.108252212337989, 3.530833229668385, 2.165367362873646, 2.311595232570416, 3.59786357625993, 3.7360174848424044, 2.986180102860986, 2.463301541328233, 2.3145248788707384, 1.911460136038276, 1.9382354455522675, 1.5539231705398988, 1.005378553632821, 1.097881844773099, 0.7495031468864153, 0.619707896618585, 0.5142012722584723, 0.3682774897590376, 0.23624224777579672, 0.32517025686365253, 0.030847650667838972, 0.026171335004488587, 0.0208330123514278, 0.14589054358451783]
translation,[0.07464079787699607, 0.08441068733784185, 0.13164529607520947, 0.13045914040913242, 0.13407972444413918, 0.13758237245564953, 0.1310896588782411, 0.1365222436754321, 0.14136788862059912, 0.13711670907535733, 0.14178031955677994, 0.1599070084339198, 0.17340544037531114, 0.17718326068461554, 0.16990812600008987, 0.15885216935748314, 0.14384355028629425, 0.1283320884153376, 0.11020593343314555, 0.09479546892393298, 0.08364815891609823, 0.07264591394465025, 0.05465546601941096, 0.03978256041811079, 0.02970730090227125, 0.02097724160639025, 0.015784609185993226, 0.009764631276410363, 0.004771049336092403, 0.00022404391894692566, 0.0031057235607940825, 0.007170246978413175, 0.008981648768320305, 0.011182171873436175, 0.012949682751035141, 0.013389051279163233]
loss,
[0.14382842183113098, 0.14754550158977509, 0.07341641187667847, 0.07219245284795761, 0.05563011020421982, 0.05243758484721184, 0.06187271326780319, 0.0473039373755455, 0.05421518534421921, 0.059203874319791794, 0.060458987951278687, 0.045484237372875214, 0.027599334716796875, 0.02205980196595192, 0.022228246554732323, 0.016101839020848274, 0.01138903945684433, 0.013119596056640148, 0.01186108123511076, 0.0086279958486557, 0.006599534302949905, 0.00951579213142395, 0.006897917948663235, 0.0040665254928171635, 0.0036102826707065105, 0.0017076272051781416, 0.002302541397511959, 0.0015672247391194105, 0.0016120332293212414, 0.0013491599820554256, 0.0019008427625522017, 0.0013509243726730347, 0.0013565914705395699, 0.001357274129986763, 0.0016331663355231285, 0.0019275404047220945]

2022-04-28 13:50:44.697094