2022-04-28 13:37:38.735015

reference phi, theta, psi, translation: -86.91639066027085, -0.0, 34.793557367935236, -2.296917200088501, -0.12373751401901245, 3.3104169368743896

phi,theta,psi,rot_x,rot_y,rot_z,phi_err,theta_err,psi_err
-76.53055527251121,6.8177051513072,38.18892636661862,-2.336111545562744,-0.9462913274765015,3.345968008041382,10.385835387759641,6.8177051513072,3.395368998683381
-76.51315878069518,6.100706526522912,38.63577441759377,-2.3845179080963135,-0.9193617701530457,3.318169593811035,10.40323187957567,6.100706526522912,3.8422170496585366
-77.50032602143712,5.015403212949425,40.34513854041619,-2.577115535736084,-0.8569895029067993,3.173227548599243,9.416064638833731,5.015403212949425,5.551581172480951
-79.93941389480536,7.009523170179194,38.708044649201675,-2.4851889610290527,-0.843635618686676,3.2329654693603516,6.976976765465494,7.009523170179194,3.914487281266439
-82.89534218266846,7.331399340439336,36.11488819872547,-2.366009473800659,-0.7132153511047363,3.3227994441986084,4.021048477602392,7.331399340439336,1.321330830790231
-83.62019600833605,5.159502673659441,34.26330587700505,-2.2647817134857178,-0.5496938228607178,3.3939433097839355,3.2961946519347975,5.159502673659441,0.5302514909301834
-85.30510122374065,2.7924417905077346,34.173102983731276,-2.2696640491485596,-0.3502565026283264,3.3765416145324707,1.6112894365301997,2.7924417905077346,0.6204543842039598
-86.83787080557238,0.21182029913944359,34.62516588413774,-2.290616989135742,-0.13766628503799438,3.331707715988159,0.07851985469847023,0.21182029913944359,0.16839148379749247
-87.1816615472558,-0.11042733473600604,34.97614881501718,-2.3024704456329346,-0.11036570370197296,3.2994155883789062,0.2652708869849505,0.11042733473600604,0.18259144708194697
-86.93367786906015,-0.013207883445631067,34.91378577280038,-2.2986907958984375,-0.12346695363521576,3.2948806285858154,0.017287208789298347,0.013207883445631067,0.12022840486514497
-86.82825389922101,0.028871920960358243,34.97260053174336,-2.30147385597229,-0.13098616898059845,3.296518564224243,0.0881367610498387,0.028871920960358243,0.17904316380812446
-86.82746842746646,0.25622473783544536,34.94625990720921,-2.299571990966797,-0.14404389262199402,3.2997004985809326,0.08892223280439282,0.25622473783544536,0.15270253927397448
-86.75500695056179,0.26951872068082383,34.882435204510024,-2.2958269119262695,-0.14700861275196075,3.3015081882476807,0.1613837097090567,0.26951872068082383,0.0888778365747882
-86.76598989474716,0.2055511288513346,34.956713511733916,-2.2996063232421875,-0.1431644856929779,3.2988531589508057,0.15040076552368475,0.2055511288513346,0.16315614379868038
-86.81013340735296,0.32897764358527243,34.83878346552447,-2.2917873859405518,-0.1482449471950531,3.304941177368164,0.10625725291788513,0.32897764358527243,0.04522609758923579
-86.77302498959229,0.07543461563926888,34.93256879301792,-2.297832727432251,-0.13550791144371033,3.298522710800171,0.14336567067856265,0.07543461563926888,0.1390114250826855
-86.88581873354588,0.2186824932080364,34.96660704074668,-2.2998178005218506,-0.13895907998085022,3.297846794128418,0.03057192672497422,0.2186824932080364,0.17304967281144457
-86.89905564015736,0.08698599665415419,34.88753052563086,-2.29581618309021,-0.13026943802833557,3.3005616664886475,0.017335020113492305,0.08698599665415419,0.09397315769562198
-86.76435064934637,0.13418997248441622,34.8677059015649,-2.2944607734680176,-0.13862201571464539,3.3036036491394043,0.15204001092448038,0.13418997248441622,0.07414853362966056
-86.69516083305413,0.22898321106521372,34.90336631922153,-2.296933650970459,-0.14691667258739471,3.301422595977783,0.22122982721671747,0.22898321106521372,0.10980895128629697
-86.89812673443024,0.17147502550367147,34.91479322570296,-2.29677152633667,-0.13398544490337372,3.3000760078430176,0.018263925840614093,0.17147502550367147,0.12123585776772217
-86.89001929988544,0.0805836672676206,34.94780011486705,-2.2992019653320312,-0.13066673278808594,3.298708200454712,0.026371360385411435,0.0805836672676206,0.15424274693181417
-86.80119951991858,0.166229400459478,34.89541597902763,-2.2960917949676514,-0.13917885720729828,3.302328586578369,0.11519114035226607,0.166229400459478,0.10185861109239625
-86.86111393931793,0.12483342287731647,34.915687980484236,-2.2977042198181152,-0.13423755764961243,3.301378011703491,0.05527672095291791,0.12483342287731647,0.12213061254900026
-86.84029552272774,0.07931448217884658,34.93021579284885,-2.299097776412964,-0.13301227986812592,3.301687717437744,0.07609513754310626,0.07931448217884658,0.13665842491361246
-86.81569318133735,0.13333737030838175,34.886994355781006,-2.2965497970581055,-0.13696923851966858,3.3035154342651367,0.10069747893349756,0.13333737030838175,0.09343698784577015
-86.81535850206802,0.21169381025152506,34.90565784768807,-2.297102689743042,-0.1411086916923523,3.301511764526367,0.10103215820282685,0.21169381025152506,0.11210047975283288
-86.79965589716616,0.20898041548650786,34.93580288758992,-2.2982866764068604,-0.14142103493213654,3.2996952533721924,0.116734763104688,0.20898041548650786,0.14224551965468635
-86.9265813025125,0.1583694864051421,34.86122405204255,-2.2950375080108643,-0.13317380845546722,3.30238938331604,0.010190642241653336,0.1583694864051421,0.06766668410731569
-86.89612548900342,0.055609797370399894,34.90629305528088,-2.296762228012085,-0.12808267772197723,3.3012683391571045,0.02026517126742533,0.055609797370399894,0.11273568734564066
-86.946969417185,0.1427078682493849,34.88368512912814,-2.2960379123687744,-0.13168084621429443,3.30206561088562,0.030578756914152905,0.1427078682493849,0.09012776119290322
-86.86597703400699,0.20153762091479754,34.89534767713594,-2.2962188720703125,-0.13728868961334229,3.3039610385894775,0.05041362626386103,0.20153762091479754,0.10179030920070176
-86.84759016476131,0.1603738794675956,34.94317607679895,-2.299697160720825,-0.13667955994606018,3.300645112991333,0.06880049550953515,0.1603738794675956,0.14961870886371287
-86.75711064882616,0.17492614917059202,34.923525622556824,-2.2983522415161133,-0.1408562958240509,3.302727460861206,0.15928001144469306,0.17492614917059202,0.12996825462158768
-86.80677978447049,0.16617652247260925,34.90859141393659,-2.2986204624176025,-0.1388389766216278,3.30210018157959,0.10961087580035667,0.16617652247260925,0.11503404600135525
-86.84232408891123,0.11860466673411606,34.80211559496526,-2.2916488647460938,-0.13463197648525238,3.3072822093963623,0.07406657135962291,0.11860466673411606,0.00855822703002218

Errors:
rotation,[20.598909537750224, 20.34615545575712, 19.98304902426411, 17.900987216911126, 12.67377864883196, 8.985948816524422, 5.024185611241894, 0.45873163763540625, 0.5582896688029035, 0.15072349710007438, 0.2960518458183214, 0.49784950991381266, 0.5197802669646687, 0.5191080381736998, 0.48046099409239335, 0.35781171140051704, 0.4223040927444552, 0.19829417446326847, 0.36037851703855717, 0.5600219895682281, 0.3109748091120077, 0.2611977745848462, 0.3832791519041403, 0.30224075637923464, 0.2920680446355653, 0.3274718370876495, 0.4248264482071848, 0.4679606982458822, 0.23622681275411112, 0.18861065598346588, 0.263414386356441, 0.35374155637936033, 0.37879308384084365, 0.46417441523687275, 0.3908214442743212, 0.20122946512376116]
translation,[0.1579505536533441, 0.15711673511896684, 0.14563167432832902, 0.1329978129703271, 0.10984603812466887, 0.08593935561922539, 0.052385286144049026, 0.014381552203574621, 0.0062445188099866655, 0.011743109169519705, 0.008570728161623187, 0.006603626071330915, 0.007152089146546636, 0.00731009299114227, 0.006591350404469232, 0.008859636720266018, 0.008161669902058577, 0.008511629778716667, 0.006509204879289854, 0.006594122116630352, 0.008242682796718803, 0.008085328325704744, 0.006606233340205492, 0.0066337148462984885, 0.005624589832955884, 0.005446835715535059, 0.0066323256550440135, 0.007435244085446158, 0.007360966715445727, 0.007462056569251807, 0.00710509858390207, 0.005259037115090237, 0.00601439099421075, 0.0049306288603432336, 0.005362113849288974, 0.005225744607812111]
loss,
[0.14233574271202087, 0.12721136212348938, 0.06613919138908386, 0.05687979981303215, 0.04146376997232437, 0.035171009600162506, 0.01310389768332243, 0.005753920879215002, 0.0019598444923758507, 0.00589318573474884, 0.00148646323941648, 0.0020692069083452225, 0.0012971971882507205, 0.0019250621553510427, 0.0019862332846969366, 0.0019126966362819076, 0.0012089277151972055, 0.0017579812556505203, 0.0011168471537530422, 0.0022222748957574368, 0.0018136061262339354, 0.0012588349636644125, 0.0011217736173421144, 0.0018804323626682162, 0.0018774878699332476, 0.0014738824684172869, 0.0015118422452360392, 0.0017236347775906324, 0.0020780484192073345, 0.0014834748581051826, 0.0012514855479821563, 0.003124216105788946, 0.002175508765503764, 0.0014957599341869354, 0.00137607054784894, 0.002122132573276758]

2022-04-28 13:40:12.033920