2022-04-21 13:56:59.947182

reference phi, theta, psi, translation: 175.36684180812657, -0.0, 39.4597479484966, 0.2069414258003235, 2.553555727005005, 3.112318754196167

phi,theta,psi,rot_x,rot_y,rot_z,phi_err,theta_err,psi_err
-174.60268024378553,2.426304892454245,32.24175771288345,-0.3459881842136383,2.1274664402008057,3.6064906120300293,10.030477948087878,2.426304892454245,7.217990235613151
-173.8595420017098,1.5926108841617965,33.06635962118992,-0.3376150131225586,2.18432879447937,3.567462205886841,10.773616190163636,1.5926108841617965,6.393388327306681
-173.9077358164934,0.6813259109400923,35.36569157885594,-0.31707021594047546,2.3147125244140625,3.4779629707336426,10.725422375380049,0.6813259109400923,4.094056369640661
-174.59330922424428,0.43192886863990565,36.642967689499585,-0.27657562494277954,2.398444890975952,3.413320302963257,10.039848967629155,0.43192886863990565,2.8167802589970137
-175.08793786355827,0.04295458823877763,37.538210829296915,-0.22655634582042694,2.4547629356384277,3.3772778511047363,9.545220328315168,0.04295458823877763,1.9215371191996837
-175.47027819291725,-0.058247098824748496,37.731249050714396,-0.20253662765026093,2.468050956726074,3.3614284992218018,9.162879998956214,0.058247098824748496,1.7284988977822024
-176.0802277461777,-1.1533582247180107,39.2642542740725,-0.12669983506202698,2.552629232406616,3.288921356201172,8.552930445695722,1.1533582247180107,0.1954936744240996
-176.95006599735717,-1.7213531197772476,39.10192799825797,-0.049678243696689606,2.5490756034851074,3.285198926925659,7.6830921945162345,1.7213531197772476,0.35781995023862834
-176.99985807640658,-1.8452202214406996,38.43528787488639,-0.030926354229450226,2.5117831230163574,3.3160009384155273,7.633300115466852,1.8452202214406996,1.0244600736102072
-176.7774124755176,-1.9884225859416662,38.32109735724753,-0.03701704367995262,2.508906841278076,3.3177719116210938,7.855745716355841,1.9884225859416662,1.1386505912490676
-177.1645066165389,-2.179331851206834,38.47169278316256,-0.016780462116003036,2.514714479446411,3.3108675479888916,7.4686515753345475,2.179331851206834,0.988055165334039
-177.73055171381455,-2.210411937990333,38.65106379605085,0.011001728475093842,2.5180139541625977,3.305476427078247,6.902606478058885,2.210411937990333,0.8086841524457498
-177.15210299300617,-2.458344237143076,38.40961660889089,0.005119048058986664,2.5106711387634277,3.3124072551727295,7.481055198867239,2.458344237143076,1.0501313396057057
-177.74373397891267,-3.120424603477877,38.84578565909874,0.06615082919597626,2.5329086780548096,3.286494255065918,6.889424212960762,3.120424603477877,0.6139622893978611
-178.130186082152,-2.9152134595565204,38.93320866538032,0.07180161774158478,2.537837505340576,3.280359983444214,6.502972109721441,2.9152134595565204,0.5265392831162785
-177.96717678742047,-3.183825421689368,38.80009852374052,0.07747943699359894,2.526607036590576,3.283524990081787,6.665981404452964,3.183825421689368,0.6596494247560756
-177.62946491409835,-2.952320957820889,38.04513039402234,0.05104798823595047,2.4838483333587646,3.3165884017944336,7.003693277775085,2.952320957820889,1.4146175544742619
-177.68274038962446,-2.6027080708526573,37.64307813871871,0.038803018629550934,2.465223789215088,3.335491180419922,6.950417802248978,2.6027080708526573,1.816669809777892
-177.80908522889135,-2.7212493294864717,37.885450816511195,0.05415704473853111,2.4793288707733154,3.3252322673797607,6.824072962982086,2.7212493294864717,1.5742971319854036
-178.0430601890993,-3.317500025859242,38.64287098414142,0.09528879076242447,2.5203311443328857,3.288783311843872,6.590098002774141,3.317500025859242,0.8168769643551812
-177.85451964725027,-2.8510497879467525,38.11078900251367,0.06289223581552505,2.486510992050171,3.320803165435791,6.778638544623163,2.8510497879467525,1.348958945982929
-177.7318767705135,-3.0740265652804344,38.2117972550544,0.06947298347949982,2.4929842948913574,3.3132481575012207,6.901281421359954,3.0740265652804344,1.247950693442199
-177.63094023495907,-3.2430325365214476,38.33721318859418,0.07329854369163513,2.5028016567230225,3.3039112091064453,7.0022179569143645,3.2430325365214476,1.1225347599024218
-177.48674128120177,-2.566757103891686,37.794926904346426,0.031407661736011505,2.4705002307891846,3.337385892868042,7.146416910671633,2.566757103891686,1.6648210441501732
-177.38782648164164,-2.5922408462199256,38.02658643042575,0.02807328663766384,2.484429359436035,3.328023910522461,7.245331710231767,2.5922408462199256,1.4331615180708468
-177.78987873694527,-3.041530520482954,38.72382580127899,0.06606020778417587,2.524658203125,3.2913897037506104,6.843279454928165,3.041530520482954,0.7359221472176074
-177.93441920016107,-3.440113180996864,38.85655686741985,0.09452494978904724,2.5310120582580566,3.282402753829956,6.698738991712389,3.440113180996864,0.6031910810767513
-177.51563298139092,-2.9803449633991086,37.98920822019286,0.057701751589775085,2.482046365737915,3.328136682510376,7.11752521048254,2.9803449633991086,1.4705397283037414
-177.72560665685546,-3.157965079609707,38.330096131479024,0.07405504584312439,2.500964879989624,3.3112127780914307,6.907551535018001,3.157965079609707,1.1296518170175744
-177.7773931511425,-3.1798367016614457,38.424369817498125,0.0761755183339119,2.508681058883667,3.30356502532959,6.855765040730944,3.1798367016614457,1.035378130998474
-177.90795904731644,-3.21036658288128,38.41340736388025,0.08369556069374084,2.5076448917388916,3.3037760257720947,6.725199144556996,3.21036658288128,1.0463405846163454
-177.83144726823397,-3.1277809579454896,38.37374445536999,0.07732541859149933,2.5052478313446045,3.3077468872070312,6.801710923639462,3.1277809579454896,1.0860034931266114
-177.8925501405489,-3.346344510269326,38.75980723782662,0.08737604320049286,2.5256996154785156,3.288050889968872,6.740608051324557,3.346344510269326,0.6999407106699778
-177.87001051628786,-3.172642374007229,38.51314178614078,0.07871505618095398,2.5123801231384277,3.3008859157562256,6.7631476755855715,3.172642374007229,0.9466061623558204
-177.80773285143567,-3.279670340521985,38.575125752858646,0.08401097357273102,2.5154759883880615,3.2986807823181152,6.825425340437732,3.279670340521985,0.8846221956379523
-177.7760680944435,-3.075758679731549,38.43742913919119,0.07260390371084213,2.507605791091919,3.306428909301758,6.857090097429932,3.075758679731549,1.0223188093054105

Errors:
rotation,[19.674773076155276, 18.759615401632114, 15.500804655960803, 13.288558095266074, 11.50971203575363, 10.949625995563165, 9.901782344837832, 9.762265264532111, 10.50298041051776, 10.982818893546575, 10.63603859187542, 9.921702568494968, 10.989530775616021, 10.6238111058365, 9.94472485239424, 10.509456250898408, 11.370631790070236, 11.369795682879527, 11.119619424453962, 10.724474992988565, 10.978647278552845, 11.223258680082587, 11.367785253338234, 11.377995058713491, 11.27073407452254, 10.620732122628727, 10.742043253786004, 11.56840990218539, 11.195168431645282, 11.070979873390863, 10.98190631205462, 11.015495374711563, 10.78689327226386, 10.88239621194862, 10.98971787659767, 10.955167586466892]
translation,[0.170370405351016, 0.16554399285535482, 0.1586986163842372, 0.1497547457672992, 0.15016218399531223, 0.14397574091060505, 0.1340809541177972, 0.1273307840550162, 0.12890399824862975, 0.12863008961946942, 0.12650444260151428, 0.12419182350210978, 0.12525633115397206, 0.11869608247501073, 0.11694738782060554, 0.11269579865265467, 0.11276632784128626, 0.11668209045771416, 0.11702428663056352, 0.11341513948988347, 0.11789828759353593, 0.11584724362687027, 0.1143769412054585, 0.1212804033867485, 0.12205314440439885, 0.11754676441073997, 0.11484811826778785, 0.12102452017091103, 0.11910484469854232, 0.11770537413751914, 0.1173918569985517, 0.11898386710764708, 0.11592696750490195, 0.11785873133279878, 0.11808461443966678, 0.11927238851708921]
loss,
[0.13191241025924683, 0.11909943073987961, 0.111753448843956, 0.10672964155673981, 0.10386484116315842, 0.10823100060224533, 0.11086201667785645, 0.10426326841115952, 0.10864909738302231, 0.11691200733184814, 0.09803889691829681, 0.1066608726978302, 0.0999869629740715, 0.10384596884250641, 0.10127878189086914, 0.09877028316259384, 0.10298067331314087, 0.10845167934894562, 0.10355661809444427, 0.1006530374288559, 0.09878349304199219, 0.10496198385953903, 0.08999656140804291, 0.10261058807373047, 0.10638976097106934, 0.10178789496421814, 0.1017686128616333, 0.10287152975797653, 0.09843069314956665, 0.10447822511196136, 0.10891663283109665, 0.10259708017110825, 0.10779307782649994, 0.11288458108901978, 0.10825308412313461, 0.10651274770498276]

2022-04-21 14:01:40.029665