2022-04-27 04:22:19.656460

reference phi, theta, psi, translation: -139.02455270626928, -8.537736090602699e-07, 56.38966954231551, -2.2014424800872803, 2.5346622467041016, 2.231398344039917

phi,theta,psi,rot_x,rot_y,rot_z,phi_err,theta_err,psi_err
-129.04008655489625,6.852725648450977,53.065809209147574,-2.6847352981567383,1.8050535917282104,2.604990243911743,9.984466151373027,6.852726502224586,3.3238603331679357
-129.673026524903,7.062668736257314,52.276854058119405,-2.659816265106201,1.8106584548950195,2.634486436843872,9.351526181366268,7.062669590030923,4.112815484196105
-132.60386069775547,8.825119187154108,49.439371495748084,-2.630810022354126,1.8046221733093262,2.685140609741211,6.420692008513811,8.825120040927716,6.950298046567426
-131.00111582787696,5.881080770959913,50.06491778597828,-2.5990188121795654,1.8576881885528564,2.684980869293213,8.023436878392317,5.881081624733522,6.324751756337228
-131.9809064643153,4.545415716396701,49.67445294660158,-2.515547037124634,1.966020107269287,2.702280044555664,7.043646241953979,4.54541657017031,6.715216595713926
-133.09145424222433,2.984543298241739,50.98589366347363,-2.4686989784240723,2.112649440765381,2.6351990699768066,5.933098464044946,2.984544152015348,5.403775878841877
-134.9703846413815,2.180365028522542,52.581620513979956,-2.4213812351226807,2.2714385986328125,2.5443131923675537,4.05416806488779,2.1803658822961514,3.808049028335553
-136.86068047531754,1.473324140568805,53.69132476352652,-2.340005397796631,2.4143788814544678,2.477790355682373,2.163872230951739,1.473324994342414,2.698344778788993
-137.32365801801768,0.6362813243017932,54.263264314055874,-2.303920030593872,2.4657630920410156,2.4338600635528564,1.7008946882515943,0.6362821780754022,2.1264052282596353
-137.5552970535295,0.8720908905440647,54.13417032364804,-2.2893476486206055,2.4506378173828125,2.428499460220337,1.4692556527397755,0.8720917443176738,2.2554992186674667
-137.6729675525505,0.7105089243456187,54.909325077458206,-2.292178153991699,2.473677158355713,2.3730626106262207,1.351585153718787,0.7105097781192278,1.4803444648573034
-137.88824145481092,0.6603607686314463,55.032224086288835,-2.2701244354248047,2.4731178283691406,2.354357957839966,1.136311251458352,0.6603616224050554,1.3574454560266744
-138.25698970772157,0.43932532350280984,55.47815689191521,-2.2509303092956543,2.4984378814697266,2.3148269653320312,0.767562998547703,0.43932617727641887,0.9115126504002973
-138.53161795386947,0.21992853243591318,55.74889193023618,-2.232574701309204,2.5120391845703125,2.289374351501465,0.49293475239980467,0.21992938620952224,0.6407776120793329
-138.74373630873336,0.10698002560889176,55.94676934068062,-2.214991569519043,2.5192623138427734,2.270522356033325,0.28081639753591503,0.10698087938250082,0.44290020163489174
-138.87648786544173,0.09103686350685508,56.10611765401701,-2.205714225769043,2.5215632915496826,2.2530226707458496,0.14806484082754423,0.09103771728046414,0.2835518882984971
-139.0325850087332,-0.040905596580808896,56.22654754946268,-2.1941380500793457,2.52892804145813,2.2400712966918945,0.008032302463931273,0.040904742807199836,0.16312199285282958
-138.97869481618181,0.03486033804364289,56.276728949294764,-2.1988062858581543,2.525027275085449,2.236953020095825,0.04585789008746133,0.03486119181725195,0.11294059302074544
-139.06024727487176,0.028167531204200156,56.38933144795159,-2.1972522735595703,2.5314738750457764,2.2293550968170166,0.0356945686024801,0.028168384977809217,0.00033809436391862846
-139.05467384050903,0.030158087935468824,56.359852351493814,-2.196336269378662,2.529803991317749,2.2311813831329346,0.03012113423974938,0.030158941709077885,0.02981719082169576
-139.04093149989896,-0.03880625459685825,56.3168084993444,-2.1935856342315674,2.529682159423828,2.2335691452026367,0.016378793629684196,0.03880540082324919,0.07286104297111251
-139.08132523865044,0.0341828092383763,56.350997011234895,-2.1952028274536133,2.5305283069610596,2.2311465740203857,0.05677253238116009,0.03418366301198536,0.03867253108061419
-139.04634100972163,-0.03349036920765021,56.36070612514007,-2.1943483352661133,2.5313260555267334,2.230520486831665,0.02178830345235383,0.03348951543404115,0.028963417175440043
-139.05736493504202,-0.010068668837997261,56.38526407030085,-2.1955270767211914,2.5315747261047363,2.2288732528686523,0.03281222877274104,0.0100678150643882,0.004405472014660461
-139.08562825782752,0.03465164999709713,56.35396814352385,-2.194591522216797,2.5304627418518066,2.2304866313934326,0.06107555155824684,0.03465250377070619,0.03570139879165879
-139.0315604803577,-0.04407922460909377,56.43866248923201,-2.196113348007202,2.5326881408691406,2.2256360054016113,0.007007774088435781,0.04407837083548471,0.048992946916499136
-139.0354127070496,0.05219924573595544,56.353793973700014,-2.197171926498413,2.5279312133789062,2.230635404586792,0.010860000780326118,0.0522000995095645,0.03587556861549501
-139.04875889668781,-0.046190150091236455,56.37506659787002,-2.1942880153656006,2.5316805839538574,2.229435682296753,0.02420619041853911,0.046189296317627394,0.014602944445492483
-139.04089051876394,9.5643795267059e-05,56.32778119824602,-2.1946775913238525,2.5291640758514404,2.2323923110961914,0.016337812494668924,9.649756887611927e-05,0.06188834406948729
-139.04116372633075,-0.01600028122408755,56.35513952096651,-2.1951370239257812,2.530198574066162,2.23112416267395,0.0166110200614753,0.015999427450478488,0.034530021348999185
-139.03942885828155,-0.004288182204685446,56.36476325750706,-2.1960508823394775,2.530087471008301,2.229280710220337,0.014876152012277544,0.004287328431076386,0.02490628480845203
-139.0701510491683,-0.02010236322048068,56.40977420413744,-2.1947038173675537,2.532785654067993,2.2263078689575195,0.04559834289901232,0.02010150944687162,0.020104661821932268
-139.08084712540852,-0.0007420957594631048,56.41602041213341,-2.195181369781494,2.532618999481201,2.2261035442352295,0.05629441913924893,0.0007412419858540446,0.0263508698179038
-139.02561821577982,0.03451160683415453,56.368222748321664,-2.197539806365967,2.5281383991241455,2.229555606842041,0.0010655095105391865,0.03451246060776359,0.02144679399384586
-139.09136561673034,-0.0244712491111662,56.39318367464348,-2.1933107376098633,2.532763719558716,2.227139711380005,0.06681291046106708,0.02447039533755714,0.0035141323279717085
-139.07357980413164,-0.02708563998660026,56.40543020382531,-2.194056510925293,2.532604455947876,2.2273855209350586,0.049027097862364144,0.0270847862129912,0.01576066150980182

Errors:
rotation,[20.161052986765547, 20.527011255593294, 22.19611009600895, 20.229270259463068, 18.304279407838216, 14.32141849490217, 10.042582975519494, 6.3355420040831465, 4.463582094586632, 4.596846615724916, 3.5424393966953183, 3.154118329890082, 2.118401826224419, 1.3536417506886598, 0.8306974785533077, 0.5226544464065055, 0.21205903812396068, 0.1936596749254587, 0.06420104794420795, 0.09009726677052303, 0.1280452374240459, 0.12962872647375964, 0.08424123606183502, 0.047285515851789695, 0.13142945412061183, 0.10007909184041963, 0.09893566890538563, 0.08499843118165898, 0.07832265413303233, 0.06714046886095297, 0.04406976525180596, 0.0858045141678162, 0.08338653094300677, 0.057024764112148636, 0.09479743812659593, 0.09187254558515717]
translation,[0.12242333873291766, 0.12743158760566775, 0.13873951456512845, 0.1420025859422367, 0.15163685196070276, 0.15241461984432725, 0.15169908503785567, 0.14550798032985401, 0.12960539590538556, 0.10944448246061178, 0.09253275763246638, 0.06920987607282214, 0.05143192920644335, 0.035314942372155045, 0.019567579443877214, 0.006143418594112937, 0.0027746235473662395, 0.004409319812331169, 0.005423791311948811, 0.005961630452882893, 0.006213891016796147, 0.006143938354038703, 0.006455273632796299, 0.006568594010114559, 0.00688435091461681, 0.007339811904809146, 0.006984898712489418, 0.006866250050774347, 0.006597123034349117, 0.006399549098356161, 0.006992406977944121, 0.007675820424351443, 0.0076332589971181974, 0.007252272861966169, 0.007988921627100076, 0.00754647844651668]
loss,
[0.12650083005428314, 0.12425225973129272, 0.060924090445041656, 0.036908045411109924, 0.029556861147284508, 0.030327077955007553, 0.020077472552657127, 0.016102701425552368, 0.016859890893101692, 0.008248729631304741, 0.010401712730526924, 0.007986869663000107, 0.005618969909846783, 0.003924247343093157, 0.002141902456060052, 0.0012866522883996367, 0.0008646040223538876, 0.001080416957847774, 0.0010608852608129382, 0.0010954493191093206, 0.0007840427570044994, 0.000809318560641259, 0.0006595367449335754, 0.0009570526890456676, 0.0010955729521811008, 0.0007988882716745138, 0.000551135279238224, 0.001041823299601674, 0.0011248879600316286, 0.0009649425628595054, 0.0009955100249499083, 0.0005406096461229026, 0.0009218372870236635, 0.0007178012165240943, 0.0009404439479112625, 0.0006304008420556784]

2022-04-27 04:26:45.184109