2022-04-27 04:26:48.703330

reference phi, theta, psi, translation: 132.9853677440357, -8.537735924097414e-07, 76.34363348549546, 2.865516185760498, 2.6707684993743896, 0.9517420530319214

phi,theta,psi,rot_x,rot_y,rot_z,phi_err,theta_err,psi_err
143.3552887910292,-3.0579185397180266,69.36864430507845,2.3124754428863525,2.981729030609131,1.6183615922927856,10.369921046993511,3.0579176859444344,6.974989180417012
142.25754078762478,-2.0447391039606893,69.27003686403097,2.323961019515991,2.973674774169922,1.6031298637390137,9.272173043589078,2.044738250187097,7.073596621464489
141.20309618355822,-4.647354423707566,68.54691790641255,2.3981075286865234,2.9099631309509277,1.5746432542800903,8.217728439522517,4.647353569933974,7.796715579082914
140.65681765374057,-4.96198880550496,68.56896575705335,2.427818775177002,2.8824262619018555,1.5812857151031494,7.671449909704876,4.961987951731368,7.774667728442111
139.94190175331536,-4.291236795122266,68.70218176662527,2.4640121459960938,2.8496007919311523,1.572500228881836,6.956534009279665,4.291235941348674,7.6414517188701865
139.3204228407359,-4.436114227696473,68.92940849993326,2.504181385040283,2.8202998638153076,1.5492180585861206,6.335055096700188,4.436113373922881,7.4142249855622
138.41590088895111,-4.33739663848149,69.199330745743,2.548417091369629,2.774074077606201,1.5221130847930908,5.430533144915415,4.337395784707898,7.144302739752462
136.11444132735863,-2.5743135674663855,70.21413976205598,2.6482126712799072,2.7033796310424805,1.4243319034576416,3.129073583322935,2.5743127136927932,6.129493723439481
134.13348156237984,2.319408802322849,73.52901498137076,2.737234115600586,2.7199835777282715,1.1618345975875854,1.148113818344143,2.3194096560964415,2.814618504124695
132.79160893766078,-0.007613286509401341,76.29800782183978,2.8707516193389893,2.655723810195923,0.9497160315513611,0.19375880637491605,0.007612432735808931,0.045625663655684434
133.22532594995658,0.12641502724583784,76.33448103200764,2.8446028232574463,2.6754837036132812,0.9496700763702393,0.23995820592088535,0.12641588101943024,0.009152453487814682
133.03610238919055,-0.09632951824327321,76.48329719364388,2.857175588607788,2.6649417877197266,0.9400205612182617,0.05073464515484716,0.0963286644696808,0.13966370814841866
133.08702827964217,0.06298693288532463,76.21851808027917,2.8485605716705322,2.666185140609741,0.956483006477356,0.10166053560647015,0.06298778665891704,0.12511540521629172
132.98678842338308,0.011349236205510883,76.36232088306461,2.8555774688720703,2.6619231700897217,0.9483636617660522,0.0014206793473761081,0.011350089979103292,0.01868739756915261
132.9632515915032,0.0330995123957049,76.28257159431556,2.8553318977355957,2.658728837966919,0.9523755311965942,0.02211615253250443,0.033100366169297304,0.06106189117990368
133.19521847609516,-0.01183563354544038,76.38520884697333,2.8443856239318848,2.669855833053589,0.9456350207328796,0.20985073205946492,0.011834779771847971,0.041575361477868
132.98032706442822,-0.07024073439249236,76.43723439788131,2.857801914215088,2.661123514175415,0.9413983225822449,0.00504067960747534,0.07023988061889995,0.09360091238585255
133.05674322086233,0.021776509405511825,76.38365156384256,2.850797414779663,2.6638784408569336,0.944329023361206,0.07137547682663126,0.021777363179104236,0.040018078347102914
133.12749032028532,0.06945343044130863,76.29196310442431,2.8450164794921875,2.666590452194214,0.9507065415382385,0.14212257624961921,0.06945428421490103,0.05167038107114763
133.04080155933954,-0.035120733000463804,76.44708353066447,2.8537025451660156,2.662294626235962,0.9409962296485901,0.05543381530384295,0.035119879226871396,0.10345004516901213
133.0362116722173,-0.04671294643433088,76.45071719130293,2.8537449836730957,2.6627509593963623,0.9411940574645996,0.050843928181592446,0.046712092660738475,0.10708370580746873
133.05353303195244,-0.022644850815603294,76.3566996373777,2.853489875793457,2.663886308670044,0.9484389424324036,0.06816528791674159,0.022643997042010883,0.013066151882242139
133.05998073052893,-0.01413919094130663,76.36355031711523,2.8529891967773438,2.6653800010681152,0.9477586150169373,0.07461298649323567,0.01413833716771422,0.019916831619767095
133.0640651836526,-0.04885343276395981,76.37252518568462,2.8530478477478027,2.664485454559326,0.9467042088508606,0.07869743961688869,0.0488525789903674,0.028891700189163316
133.0124016327706,-0.12440328008834751,76.40658050888631,2.8572986125946045,2.662100315093994,0.9441953301429749,0.02703388873490553,0.12440242631475511,0.06294702339084779
133.09098978936078,0.0657267210366869,76.25882302657142,2.8486576080322266,2.665799379348755,0.9538716673851013,0.10562204532507735,0.06572757481027931,0.08481045892403927
133.05667491897063,0.00433504102235097,76.36488903419254,2.851623296737671,2.6638598442077637,0.9468497633934021,0.07130717493492966,0.00433589479594338,0.021255548697084237
133.03466804946487,0.01904637919649631,76.33489084335784,2.852508544921875,2.662236213684082,0.9494373798370361,0.04930030542917052,0.019047232970088722,0.008742642137619328
132.9724723468827,-0.025923813817807638,76.41627937750772,2.857358932495117,2.660940170288086,0.9430367946624756,0.012895397152988153,0.025922960044215227,0.07264589201226102
133.06940639158356,0.03021690145045356,76.31989857812967,2.8507490158081055,2.66567063331604,0.9500702023506165,0.08403864754785673,0.03021775522404597,0.023734907365792424
133.026116652624,-0.01363130633997934,76.39536533826914,2.8535945415496826,2.662275552749634,0.9451467990875244,0.040748908588312815,0.013630452566386932,0.05173185277368475
133.13361016978166,-0.01693002459614361,76.37130258182319,2.8483266830444336,2.6672866344451904,0.946922779083252,0.1482424257459627,0.016929170822551198,0.027669096327727516
133.02466865251995,0.0020083497784290226,76.31233755871847,2.85374116897583,2.6630001068115234,0.9506805539131165,0.039300908484250385,0.0020092035520214322,0.03129592677699122
133.0555957490818,-0.020981540661455283,76.38684126218496,2.853727340698242,2.6653213500976562,0.9454575777053833,0.07022800504608995,0.020980686887862872,0.043207776689499156
133.05968020220544,-0.032162751240427064,76.39546096091752,2.852964162826538,2.6647331714630127,0.9452210664749146,0.07431245816974297,0.032161897466834656,0.051827475422058455
132.99603649951928,-0.028494703008182694,76.40463390497284,2.8556835651397705,2.6617422103881836,0.9439831972122192,0.010668755483578707,0.028493849234590283,0.061000419477380774

Errors:
rotation,[20.402827913354958, 18.39050791524066, 20.661797588539404, 20.408105589878353, 18.889221669498525, 18.185393456185267, 16.912231669375775, 11.832880020455208, 6.28214197856528, 0.24699690276640943, 0.3755265404281303, 0.2867270177729466, 0.2897637274816789, 0.03145816689563201, 0.11627840988170542, 0.2632608733091809, 0.16888147261222786, 0.1331709183528384, 0.26324724153566786, 0.19400373969972648, 0.20463972664979965, 0.10387543684099461, 0.10866815528071698, 0.1564417187964194, 0.21438333844050844, 0.2561600790593959, 0.09689861842795727, 0.07709018053687858, 0.11146424920946439, 0.1379913101376951, 0.10611121392838449, 0.1928406928962414, 0.07260603881326304, 0.13441646862345197, 0.15830183105863607, 0.10016302419554976]
translation,[0.07464079787699607, 0.06930543377434972, 0.05522722791006185, 0.05581978531492826, 0.05106871674576485, 0.046259014774133966, 0.03172044330861645, 0.012386035982803634, 0.0011635423692624158, 0.006697978545895822, 0.012192298175354388, 0.012546361748161594, 0.01395325517654733, 0.01372287566779562, 0.01506387093042072, 0.01704304832168191, 0.014309159762931678, 0.01677323097684802, 0.01756860747404776, 0.01654241037776849, 0.016163241034276687, 0.013887178433509284, 0.01341261029709262, 0.014212980621232774, 0.013363581342852981, 0.014761443977350908, 0.015605390448149237, 0.015442423222179258, 0.01436142599058332, 0.014264058975787641, 0.0156569123747321, 0.015653147560843905, 0.013766378498168308, 0.013469438228708164, 0.014457375069331313, 0.014799184872845927]
loss,
[0.13516151905059814, 0.14068064093589783, 0.10799171775579453, 0.1073853000998497, 0.09769078344106674, 0.10639693588018417, 0.10735450685024261, 0.0925545021891594, 0.030545201152563095, 0.004789290484040976, 0.0012887606862932444, 0.0009309066226705909, 0.001333846477791667, 0.0009954037377610803, 0.0010975447949022055, 0.001223636674694717, 0.0010631622280925512, 0.0011204847833141685, 0.0014245384372770786, 0.0010690533090382814, 0.0007799795712344348, 0.0010713996598497033, 0.0010089807910844684, 0.0006818454712629318, 0.001074128900654614, 0.0007962373783811927, 0.0009433908853679895, 0.0009676488116383553, 0.001371440477669239, 0.0010355961276218295, 0.0010041435016319156, 0.0010307066841050982, 0.0008566789329051971, 0.0012543525081127882, 0.0008467689040116966, 0.001139116007834673]

2022-04-27 04:31:13.793576