2022-04-20 15:18:20.202740

reference phi, theta, psi, translation: -33.091320547511735, -0.0, 74.32085247222868, -2.1190009117126465, -3.251617431640625, 1.089412808418274

phi,theta,psi,rot_x,rot_y,rot_z,phi_err,theta_err,psi_err
-22.822884158753556,1.294954214858955,81.82337814338081,-1.5357718467712402,-3.6827800273895264,0.7731812596321106,10.268436388758179,1.294954214858955,7.502525671152128
-23.530934011515633,0.4293573785966421,80.70403308182077,-1.6102797985076904,-3.631295919418335,0.8249021172523499,9.560386535996102,0.4293573785966421,6.383180609592088
-23.236329169592768,-3.659388924276013,78.01407919042714,-1.6872349977493286,-3.564033269882202,0.9147970676422119,9.854991377918967,3.659388924276013,3.69322671819846
-20.223684698409176,-3.184439506736561,76.31843008745811,-1.4256752729415894,-3.6556506156921387,0.9823049306869507,12.867635849102559,3.184439506736561,1.9975776152294316
-22.197013434537777,0.5776050787223023,76.13603671586209,-1.4571163654327393,-3.6267313957214355,0.9648939371109009,10.894307112973959,0.5776050787223023,1.8151842436334107
-26.83840701331741,1.2547036991520593,74.50343025893228,-1.7216289043426514,-3.4580636024475098,1.0773499011993408,6.252913534194324,1.2547036991520593,0.1825777867036038
-31.758392055510818,0.3625793224014694,74.6407034008712,-2.0310680866241455,-3.287255048751831,1.0603625774383545,1.3329284920009172,0.3625793224014694,0.3198509286425235
-33.42842453399771,-0.07857830276243365,74.24283122133961,-2.132233142852783,-3.2306950092315674,1.0931836366653442,0.33710398648597817,0.07857830276243365,0.07802125088906564
-33.0385539210788,0.03823625591333625,74.22749061646377,-2.1124496459960938,-3.2488083839416504,1.0952602624893188,0.05276662643293406,0.03823625591333625,0.09336185576491118
-32.90557013793865,0.005196868542333522,74.27757639364748,-2.105994462966919,-3.255171298980713,1.0929208993911743,0.18575040957308175,0.005196868542333522,0.04327607858120075
-33.0135451834328,-0.10194376544940947,74.21187680402112,-2.1107072830200195,-3.244870185852051,1.0961276292800903,0.07777536407893848,0.10194376544940947,0.1089756682075631
-33.06234005486337,-0.10604276215082795,74.22945771094473,-2.113224983215332,-3.2435100078582764,1.0933592319488525,0.02898049264836544,0.10604276215082795,0.09139476128395074
-33.06519507393643,0.005586164545686602,74.31693877383425,-2.112994432449341,-3.246614456176758,1.0883078575134277,0.02612547357530559,0.005586164545686602,0.003913698394427456
-33.08125626376972,-0.05592408515408368,74.26864933640226,-2.114459753036499,-3.244201183319092,1.0921950340270996,0.010064283742018176,0.05592408515408368,0.052203135826417224
-32.899638118644496,-0.06870475921311317,74.28159937506861,-2.105017900466919,-3.2523324489593506,1.0903840065002441,0.19168242886723874,0.06870475921311317,0.03925309716007064
-32.84323441647853,-0.07231293961884887,74.28626439427173,-2.10319447517395,-3.2544336318969727,1.0908504724502563,0.24808613103320454,0.07231293961884887,0.034588077956954066
-32.93252206440352,-0.04664814470057382,74.26631341170612,-2.1062216758728027,-3.2514259815216064,1.0922188758850098,0.15879848310821387,0.04664814470057382,0.05453906052255775
-33.17001115693945,0.02888713385604346,74.26076729810008,-2.118048906326294,-3.2412238121032715,1.0910584926605225,0.0786906094277171,0.02888713385604346,0.06008517412860215
-33.02947318457726,-0.036662605200599864,74.2466834480315,-2.1111984252929688,-3.2463207244873047,1.0932059288024902,0.06184736293447202,0.036662605200599864,0.0741690241971753
-32.948289556102495,-0.05999448387236809,74.23147944693906,-2.107255697250366,-3.250108242034912,1.0937687158584595,0.14303099140924047,0.05999448387236809,0.08937302528961766
-32.88810192913634,-0.0026474366592715575,74.2624475246359,-2.1043920516967773,-3.2562804222106934,1.0919907093048096,0.203218618375395,0.0026474366592715575,0.058404947592777035
-32.977505690277226,-0.0400958166196458,74.19351042534296,-2.10921573638916,-3.2497684955596924,1.0971583127975464,0.11381485723450879,0.0400958166196458,0.12734204688571538
-33.055059073208135,-0.050218782864648794,74.20008789751368,-2.112588882446289,-3.2455251216888428,1.0971510410308838,0.036261474303600494,0.050218782864648794,0.1207645747149968
-32.93960497057282,0.04431922086846611,74.26074680753257,-2.1048405170440674,-3.251342296600342,1.0936305522918701,0.15171557693891202,0.04431922086846611,0.060105664696109784
-33.049611997345046,0.0009964806072356837,74.27878533713057,-2.112417221069336,-3.2482197284698486,1.091539978981018,0.04170855016668895,0.0009964806072356837,0.04206713509810811
-33.01171127764065,-0.026053016525047892,74.36281032430007,-2.1109085083007812,-3.247880458831787,1.0859745740890503,0.07960926987108508,0.026053016525047892,0.041957852071391244
-32.96351404776245,0.007837938093099015,74.36296741865098,-2.10834002494812,-3.2514846324920654,1.0868773460388184,0.12780649974928338,0.007837938093099015,0.04211494642230207
-32.86363960662394,-0.029034729352564927,74.25208612766498,-2.102571964263916,-3.2551960945129395,1.094302773475647,0.22768094088779378,0.029034729352564927,0.06876634456369857
-32.96725699142762,-0.029213957186605227,74.27834820502369,-2.108582019805908,-3.249497413635254,1.0909299850463867,0.12406355608411701,0.029213957186605227,0.04250426720498979
-33.05840586590144,-0.10081679364447226,74.22287340858485,-2.1149179935455322,-3.2451741695404053,1.0940933227539062,0.03291468161029343,0.10081679364447226,0.0979790636438338
-33.010673088886804,-0.039152696390510326,74.22491563514667,-2.1100032329559326,-3.246734380722046,1.094905138015747,0.08064745862493083,0.039152696390510326,0.09593683708200729
-32.98630980411737,-0.0007778630969831164,74.30296420679241,-2.108945608139038,-3.249887466430664,1.0893484354019165,0.10501074339436656,0.0007778630969831164,0.017888265436269535
-33.07597994263588,-0.01749284556952428,74.30547771640698,-2.1140799522399902,-3.2464723587036133,1.090381383895874,0.015340604875852648,0.01749284556952428,0.01537475582169634
-33.0636309606165,-0.015658232286948834,74.17914653751842,-2.112691879272461,-3.2445287704467773,1.0976678133010864,0.027689586895235152,0.015658232286948834,0.14170593471025938
-33.05928696030437,0.02468139364704294,74.31236254709034,-2.1119871139526367,-3.2486724853515625,1.08882737159729,0.0320335872073656,0.02468139364704294,0.008489925138334797
-33.02918631663213,0.005184909049072792,74.2592578262935,-2.110438346862793,-3.2476582527160645,1.0922503471374512,0.062134230879607344,0.005184909049072792,0.061594645935173276

Errors:
rotation,[19.06591627476926, 16.372924524184832, 17.20760702039344, 18.04965297106855, 13.287096435329671, 7.690195020049987, 2.01535874304491, 0.49370354013747747, 0.18436473811118148, 0.23422335669661604, 0.28869479773591106, 0.22641801608314413, 0.03562533651541965, 0.11819150472251908, 0.2996402852404225, 0.3549871486090075, 0.25998568833134544, 0.16766291741236272, 0.17267899233224718, 0.2923985005712262, 0.26427100262744363, 0.28125272073986995, 0.20724483188324608, 0.25614046250348793, 0.08477216587203275, 0.1476201384675242, 0.17775938426468446, 0.32548201480405725, 0.19578178047571201, 0.2317105388985995, 0.21573699209744845, 0.12367687192761921, 0.04820820626707327, 0.18505375389244338, 0.06520490599274334, 0.1289137858638534]
translation,[0.03326186669987141, 0.025935770073993503, 0.01682711675474824, 0.013775738867914278, 0.00528884036203614, 0.020780793851569612, 0.02417852790595809, 0.008833779156934618, 0.004120876470485868, 0.00299929528386933, 0.007975572739383985, 0.008504064359419417, 0.0074907392562391095, 0.0076142032840014195, 0.006491878042299781, 0.005620338969768213, 0.006096988197570319, 0.008434434645996802, 0.00734269827613776, 0.006199171506881207, 0.0031925846053351137, 0.004524646123834408, 0.00618111579707481, 0.006503790278303612, 0.0056231425995845186, 0.008194381735573408, 0.0063864860706877025, 0.0043922317686915235, 0.0067682097980030775, 0.006073264866137684, 0.007173855459353895, 0.006691138852819023, 0.006473940916736254, 0.006789487815543005, 0.006218132205843219, 0.006921633929258597]
loss,
[0.17724037170410156, 0.15940505266189575, 0.10145193338394165, 0.05715702474117279, 0.035526879131793976, 0.031585995107889175, 0.007417845539748669, 0.0023009160067886114, 0.0019397683208808303, 0.0018713788595050573, 0.002197539433836937, 0.0017927908338606358, 0.0019953835289925337, 0.0017333229770883918, 0.0018471175571903586, 0.0021204031072556973, 0.0020111962221562862, 0.0027303267270326614, 0.00223585800267756, 0.0019700622651726007, 0.002186613157391548, 0.0021442975848913193, 0.001697726547718048, 0.00255572353489697, 0.002653661649674177, 0.0026080969255417585, 0.002815338782966137, 0.002691765781491995, 0.0018801772966980934, 0.002084283158183098, 0.002549296012148261, 0.0014711781404912472, 0.0016846244689077139, 0.0013856058940291405, 0.003291595494374633, 0.0015971818938851357]

2022-04-20 15:22:49.825088