2022-04-21 17:43:53.397547

reference phi, theta, psi, translation: -139.02455270626928, -8.537736090602699e-07, 56.38966954231551, -2.2014424800872803, 2.5346622467041016, 2.231398344039917

phi,theta,psi,rot_x,rot_y,rot_z,phi_err,theta_err,psi_err
-129.04008655489625,6.852725648450977,53.065809209147574,-2.6847352981567383,1.8050535917282104,2.604990243911743,9.984466151373027,6.852726502224586,3.3238603331679357
-130.33002242116652,7.111246345218166,54.66077107846686,-2.730949640274048,1.8828917741775513,2.4810564517974854,8.694530285102758,7.111247198991775,1.728898463848651
-132.14406602320855,5.0238058819422085,54.93688147566463,-2.6475155353546143,2.058264970779419,2.4024853706359863,6.880486683060724,5.023806735715818,1.4527880666508821
-135.33186557301525,0.06240784692064899,55.98638443786669,-2.3789424896240234,2.419523000717163,2.2800443172454834,3.692687133254026,0.06240870069425805,0.4032851044488197
-139.48003070126074,-0.20902483243701145,57.17749429703604,-2.204735517501831,2.595168113708496,2.20013165473938,0.4554779949914689,0.2090239786634024,0.7878247547205319
-138.7471650636967,0.05850043680063643,56.14798671362919,-2.2039639949798584,2.5111353397369385,2.24163556098938,0.2773876425725632,0.05850129057424549,0.24168282868632218
-139.01902025304156,-0.010758098332792216,56.17686133834542,-2.1919169425964355,2.5231378078460693,2.2415380477905273,0.00553245322771545,0.010757244559183156,0.21280820397009137
-139.0051413086481,-0.030273191964840296,56.306426611805975,-2.19671368598938,2.5283875465393066,2.2340192794799805,0.019411397621183824,0.030272338191231235,0.08324293050953457
-139.09557301325907,-0.05657194722669448,56.351700520719405,-2.192326307296753,2.5335965156555176,2.2303061485290527,0.07102030698979434,0.05657109345308542,0.037969021596104824
-139.0028600254653,0.02763789959751402,56.24600334331346,-2.196146249771118,2.524726390838623,2.2373206615448,0.021692680803965914,0.027638753371123082,0.14366619900204824
-138.94485805903358,0.012610649284615347,56.20788405755562,-2.19739031791687,2.5217113494873047,2.240002393722534,0.07969464723569786,0.012611503058224408,0.1817854847598923
-139.09788161719854,-0.04664195276998416,56.30210310206136,-2.1899666786193848,2.53179669380188,2.2343099117279053,0.07332891092926275,0.0466410989963751,0.08756644025415028
-139.0483081042026,-0.07876053907759081,56.28899255394952,-2.1918320655822754,2.5307223796844482,2.23496413230896,0.02375539793331427,0.07875968530398175,0.10067698836598993
-139.05236523656959,-0.01620181070324109,56.24144419204247,-2.1921393871307373,2.527312755584717,2.237776279449463,0.02781253030030939,0.01620095692963203,0.1482253502730373
-139.0261373101567,-0.02675198664166672,56.275810288851396,-2.1940183639526367,2.528355836868286,2.23574161529541,0.001584603887437197,0.02675113286805766,0.11385925346411341
-139.0091711202584,-0.03253772640495425,56.26935576008573,-2.194272041320801,2.5274345874786377,2.235830068588257,0.015381586010875026,0.032536872631345186,0.12031378222977906
-139.0923764847275,-0.02816564579229988,56.28519838386558,-2.1906092166900635,2.5307674407958984,2.2348999977111816,0.06782377845823362,0.02816479201869082,0.10447115844993249
-139.04952387787483,-0.047915500417068775,56.24497198474879,-2.1917293071746826,2.528872013092041,2.2372920513153076,0.024971171605557174,0.047914646643459714,0.14469755756672242
-139.09901542860075,-0.10617781587152829,56.298947554664814,-2.1891283988952637,2.533759355545044,2.234208106994629,0.0744627223314751,0.10617696209791923,0.09072198765069572
-139.0052779124315,-0.0033725434873344167,56.237055795500744,-2.194178342819214,2.5255112648010254,2.238065719604492,0.019274793837780635,0.0033716897137253564,0.15261374681476525
-139.03190198981622,-0.01495038415646374,56.2593870989921,-2.194338798522949,2.527880907058716,2.2364063262939453,0.007349283546943752,0.01494953038285468,0.13028244332340932
-139.03228448040974,-0.02591001289475088,56.30241046057401,-2.1944851875305176,2.5290119647979736,2.2338316440582275,0.007731774140466996,0.02590915912114182,0.08725908174150021
-139.0650010865341,-0.05397538277271502,56.28015428916352,-2.1921567916870117,2.5299830436706543,2.2345480918884277,0.040448380264820116,0.05397452899910596,0.10951525315199007
-139.0642497657254,-0.11001016951348787,56.259895948085266,-2.1896770000457764,2.5313916206359863,2.235949993133545,0.039697059456131,0.11000931573987881,0.12977359423024382
-139.05694146331348,-0.02899816063297532,56.25743707998406,-2.1925318241119385,2.52843976020813,2.236879587173462,0.03238875704420252,0.02899730685936626,0.13223246233145147
-139.05587595380297,-0.058006669823320964,56.266975439159985,-2.1916403770446777,2.530379056930542,2.23576283454895,0.031323247533691756,0.0580058160497119,0.1226941031555242
-139.0277355744225,0.029144992322164588,56.27310894903465,-2.1961655616760254,2.5262985229492188,2.2356748580932617,0.003182868153231766,0.02914584609577365,0.11656059328085888
-139.07248697386441,-0.08221187768273354,56.27117259040496,-2.190692186355591,2.531402826309204,2.235774517059326,0.047934267595138635,0.08221102390912448,0.11849695191055076
-139.0646322563189,-0.014084504548270376,56.289808761555335,-2.1940579414367676,2.529505491256714,2.2345404624938965,0.04007955004962582,0.014083650774661316,0.09986078076017435
-139.0489638023629,0.016318759383276957,56.24060407877457,-2.1935393810272217,2.526394844055176,2.236783266067505,0.02441109609361547,0.016319613156886018,0.14906546354094274
-139.03134191430428,0.0008013990837020419,56.2474752490796,-2.194369077682495,2.52679443359375,2.2378149032592773,0.006789208035002048,0.0008022528573111021,0.14219429323591015
-139.05444161407726,-0.043952004266235134,56.291072346551786,-2.192962884902954,2.5298357009887695,2.2342965602874756,0.029888907807986698,0.04395115049262607,0.09859719576372328
-139.03031738592878,-0.012241745906003883,56.307567253397366,-2.1953439712524414,2.5291171073913574,2.2338004112243652,0.005764679659506555,0.012240892132394822,0.08210228891814353
-139.06994614349318,-0.024523624083302806,56.27277426976532,-2.192509412765503,2.5294063091278076,2.235635995864868,0.04539343722390754,0.024522770309693746,0.11689527255018817
-139.0556573877495,-0.01726447136522716,56.247799683065175,-2.1924307346343994,2.5282514095306396,2.236949920654297,0.0311046814802296,0.0172636175916181,0.14186985925033468
-139.06562946393774,-0.05856381234395554,56.28037285521696,-2.1912479400634766,2.53031587600708,2.2349636554718018,0.041076757668463415,0.05856295857034648,0.10929668709854923

Errors:
rotation,[20.161052986765547, 17.534675947943185, 13.357081485427424, 4.158380938397103, 1.4523267283754033, 0.5775717618331309, 0.22909790175698996, 0.13292666632194963, 0.16556042203898458, 0.19299763317713725, 0.27409163505381456, 0.2075364501797881, 0.20319207160328595, 0.1922388375029787, 0.14219499021960827, 0.16823224087199928, 0.20045972892685693, 0.2175833758157393, 0.27136167208009004, 0.17526023036627125, 0.15258125725320776, 0.12090001500310903, 0.20393816241591614, 0.27947996942625364, 0.19361852623502024, 0.21202316673892785, 0.1488893075298643, 0.2486422434148139, 0.15402398158446148, 0.18979617279144423, 0.14978575412822331, 0.17243725406433605, 0.1001078607100449, 0.18681148008378945, 0.19023815832218238, 0.20893640333735913]
translation,[0.12242333873291766, 0.1112144497209826, 0.09412613396414482, 0.05690986551267674, 0.02304616763353895, 0.0076741761737553205, 0.00680075221588794, 0.005071686608435044, 0.006247361532451201, 0.005845632666715339, 0.005565212265854491, 0.006443909273269988, 0.005740946004300973, 0.006153437374215365, 0.005605290546837338, 0.005996427443555774, 0.006413938647434669, 0.005666606284913556, 0.005721414448037976, 0.006012273773839283, 0.005359676612641806, 0.005999024940364528, 0.006259869051771894, 0.005945523547664422, 0.005730329799294331, 0.005617614820248917, 0.005763151006054734, 0.005483590704918662, 0.005528410642583026, 0.006518950666687395, 0.0052425080749589625, 0.006053006480472689, 0.005482031121390563, 0.005826172447126687, 0.005864610019025385, 0.006314811223973926]
loss,
[0.14244671165943146, 0.1301753968000412, 0.08868120610713959, 0.03489580377936363, 0.007667473517358303, 0.0015065118204802275, 0.0014669884694740176, 0.0012233261950314045, 0.0010878676548600197, 0.0013479276094585657, 0.001542787766084075, 0.0013175802305340767, 0.0012443806044757366, 0.0010881370399147272, 0.0012520552845671773, 0.001302893739193678, 0.001231728820130229, 0.0012334766797721386, 0.0012857214314863086, 0.0010458803735673428, 0.001378272078000009, 0.0011607445776462555, 0.0013080760836601257, 0.0013265544548630714, 0.0012681582011282444, 0.0012395898811519146, 0.0012062886962667108, 0.0014176478143781424, 0.0014609533827751875, 0.0014203725149855018, 0.001560903387144208, 0.0013095913454890251, 0.0011900558602064848, 0.0012800304684787989, 0.0010332516394555569, 0.0013719229027628899]

2022-04-21 17:55:40.188778