2022-04-20 21:18:24.655567

reference phi, theta, psi, translation: 164.57178246643477, -4.268868188959204e-07, 11.003265705708584, 0.2046843022108078, 0.7416750192642212, 3.957021951675415

phi,theta,psi,rot_x,rot_y,rot_z,phi_err,theta_err,psi_err
174.68706040079186,1.035587752499106,3.46078983121423,-0.0498787984251976,0.24902896583080292,4.223120212554932,10.115277934357096,1.035588179385925,7.542475874494354
173.97830533099798,0.26070383635964123,4.465868389280885,0.016690419986844063,0.3384300768375397,4.216028213500977,9.406522864563215,0.2607042632464601,6.537397316427699
170.04193070853626,-3.6443012015012406,9.946547502422048,0.36707815527915955,0.7355708479881287,4.141157627105713,5.470148242101487,3.644300774614422,1.056718203286536
165.58103853895253,-5.91112617813186,11.38569226620583,0.5995034575462341,0.7315323948860168,4.122257232666016,1.0092560725177577,5.911125751245041,0.38242656049724566
164.519162689069,-3.100249901358641,11.198971969770605,0.42546096444129944,0.7247750163078308,4.104053974151611,0.052619777365777054,3.100249474471822,0.19570626406202152
164.36437694209818,-2.289349509189023,12.069881706876116,0.38499483466148376,0.7852082252502441,4.019430160522461,0.20740552433659332,2.2893490823022042,1.0666160011675316
164.51129431114515,-0.3567867388213323,11.019302136106127,0.23241794109344482,0.7359958291053772,3.9541525840759277,0.06048815528961882,0.35678631193451343,0.0160364303975431
164.60938948800487,-0.4280010966378177,11.323300195685055,0.24082273244857788,0.7582972049713135,3.9584429264068604,0.03760702157009632,0.4280006697509988,0.32003448997647155
164.58146767467784,-0.4350382064598497,11.069644899157353,0.2374853938817978,0.7403177618980408,3.9615821838378906,0.009685208243070065,0.4350377795730308,0.06637919344876941
164.58925409033168,-0.4917321639015918,11.237045151751548,0.24408479034900665,0.7507140636444092,3.957744598388672,0.017471623896909705,0.4917317370147729,0.23377944604296452
164.62041341332525,-0.4661502852046251,11.181081143013403,0.2416432648897171,0.7474274039268494,3.9620187282562256,0.04863094689048353,0.4661498583178062,0.17781543730481886
164.54857348363507,-0.4836718979755907,11.098575019160588,0.24062733352184296,0.7398735880851746,3.9545629024505615,0.023208982799701516,0.4836714710887718,0.09530931345200422
164.54096465289967,-0.4926653596791973,11.23267895332462,0.24495932459831238,0.7487189173698425,3.951683282852173,0.030817813535094274,0.4926649327923784,0.22941324761603532
164.5813447312728,-0.5545012456825353,11.266911861444722,0.2494286298751831,0.7514702081680298,3.955545425415039,0.009562264838024248,0.5545008187957164,0.26364615573613825
164.62436126266553,-0.49161423136333204,11.119546261233467,0.24165841937065125,0.7423520088195801,3.959620237350464,0.05257879623076178,0.49161380447651315,0.1162805555248827
164.47962955415295,-0.4189911263754878,11.197759611192929,0.23989596962928772,0.7488356232643127,3.9608588218688965,0.09215291228181854,0.4189906994886689,0.19449390548434486
164.5748697119396,-0.48890982161411783,11.230916764518755,0.2452075183391571,0.7495099306106567,3.957007884979248,0.0030872455048438496,0.48890939472729894,0.22765105881017078
164.5631627677022,-0.5228549486152232,11.134645248167425,0.24489779770374298,0.7426508665084839,3.9573776721954346,0.0086196987325593,0.5228545217284043,0.13137954245884131
164.58135839165112,-0.5210463484785652,11.252334530208623,0.24666017293930054,0.7501548528671265,3.9515128135681152,0.009575925216353198,0.5210459215917463,0.2490688245000392
164.56015748446742,-0.425754022008076,11.22870378322767,0.23961152136325836,0.7502989172935486,3.955110549926758,0.011624981967344183,0.4257535951212571,0.22543807751908673
164.57556639123496,-0.47996558369934833,11.238809048104706,0.24397951364517212,0.7500346302986145,3.9537012577056885,0.0037839248001887427,0.47996515681252944,0.23554334239612196
164.57485605156128,-0.34786597052464024,11.210502182863234,0.23264092206954956,0.7498464584350586,3.951604127883911,0.0030735851265148995,0.34786554363782135,0.20723647715465
164.61927960192304,-0.4494484013881592,11.193885186386238,0.24008190631866455,0.7469998598098755,3.955864429473877,0.04749713548827117,0.44944797450134033,0.190619480677654
164.64576707552436,-0.465209987443707,11.150028541725586,0.23992614448070526,0.7450774908065796,3.9571075439453125,0.07398460908959237,0.4652095605568881,0.14676283601700213
164.5724791457301,-0.5138435340106656,11.112993548498485,0.2429860681295395,0.740075945854187,3.9541969299316406,0.000696679295344893,0.5138431071238467,0.10972784278990133
164.5492018610387,-0.4431688077404575,11.321866709733,0.24195924401283264,0.7548385262489319,3.9483208656311035,0.022580605396058218,0.44316838085363863,0.3186010040244156
164.52424434981148,-0.46766453435523914,11.133339828262306,0.24125634133815765,0.7425795793533325,3.956374168395996,0.04753811662328644,0.46766410746842024,0.1300741225537223
164.61642458285,-0.4886271699911124,11.19945605942803,0.24320773780345917,0.7485621571540833,3.9590508937835693,0.044642116415218425,0.4886267431042935,0.19619035371944626
164.6073131104972,-0.47054653601940816,11.175135463340908,0.24077695608139038,0.7471334934234619,3.9603145122528076,0.035530644062419015,0.47054610913258926,0.17186975763232404
164.54398359651282,-0.45680350899404015,11.108752001023907,0.23973415791988373,0.7414681911468506,3.960651159286499,0.02779886992195202,0.45680308210722126,0.10548629531532328
164.64661401898144,-0.4605328784352631,11.138096201245574,0.23917856812477112,0.7450953125953674,3.960258960723877,0.0748315525466694,0.4605324515484442,0.1348304955369901
164.63623213144302,-0.4530878694200385,11.197427493244536,0.24093759059906006,0.7484135627746582,3.9594883918762207,0.06444966500825444,0.4530874425332196,0.19416178753595226
164.5478358232047,-0.48634716669350936,11.156219254434557,0.2425452619791031,0.7452148199081421,3.955502986907959,0.02394664323006168,0.48634673980669046,0.15295354872597322
164.56519816407487,-0.46757610611236367,11.185880204678984,0.24141272902488708,0.7465142607688904,3.9561679363250732,0.006584302359897265,0.46757567922554477,0.18261449897040016
164.52843808596188,-0.46448504563775306,11.093689726356736,0.2405567318201065,0.7406675219535828,3.956536293029785,0.04334438047288813,0.46448461875093416,0.09042402064815214
164.5939396001023,-0.3790103563797434,11.249520492270577,0.236789271235466,0.7532522082328796,3.9591028690338135,0.0221571336675197,0.3790099294929245,0.24625478656199284

Errors:
rotation,[18.693341988237375, 16.204624444237375, 10.171167220002445, 7.302808384260044, 3.3485755158996207, 3.563370607806329, 0.43331089762167535, 0.7856421812975667, 0.5111021812648703, 0.7429828069546471, 0.6925962425131086, 0.6021897673404775, 0.752895993943508, 0.827709239369879, 0.6604731562321576, 0.7056375172548324, 0.7196476990423135, 0.6628537629198049, 0.7796906713081387, 0.662816654607688, 0.7192924240088401, 0.5581756059189862, 0.6875645906672655, 0.6859570056634826, 0.624267629209093, 0.7843499902741125, 0.645276346645429, 0.7294592132389581, 0.6779465108273324, 0.5900882473444966, 0.6701944996321036, 0.7116988950774263, 0.6632469317627254, 0.6567744805558422, 0.5982530198719744, 0.6474218497224371]
translation,[0.19962134480110283, 0.19849370348457374, 0.19083714923606365, 0.19823851327702613, 0.15809237170135138, 0.08233579284978365, 0.0023535770801492717, 0.006479380372064192, 0.006023943870254733, 0.004573180294388024, 0.008008579615156108, 0.0007589202057181055, 0.001689008338021658, 0.0028842026408835153, 0.004720168693041593, 0.007027543015282411, 0.0036949188934416455, 0.0027703632226590003, 0.0014853618448924522, 0.0016445368793318593, 0.0004751938452072224, 0.0022870468157796253, 0.0017995002160731133, 0.0026540789234772433, 0.0009393287486156865, 0.004025335517428452, 0.0015532842113490375, 0.005401698298554969, 0.006230759494475713, 0.005454449206948375, 0.005704566081523588, 0.005667118315964004, 0.001262102364997908, 0.0020867367180734675, 0.001318910196637546, 0.00594349969151331]
loss,
[0.10861053317785263, 0.09209251403808594, 0.07067746669054031, 0.05419180914759636, 0.029118498787283897, 0.01817856729030609, 0.0034640799276530743, 0.0031647521536797285, 0.003187676891684532, 0.0028719312977045774, 0.0031873383559286594, 0.002842102898284793, 0.0027566286735236645, 0.003314899979159236, 0.002728143474087119, 0.003632389474660158, 0.0030346065759658813, 0.0026192977093160152, 0.0026186034083366394, 0.0025127287954092026, 0.0032365024089813232, 0.0034034373238682747, 0.002838017186149955, 0.0027046154718846083, 0.0030487608164548874, 0.0024976804852485657, 0.0023283218033611774, 0.003165941685438156, 0.002761285286396742, 0.003397029358893633, 0.003666207892820239, 0.0031452812254428864, 0.002726853359490633, 0.00336410291492939, 0.0025709548499435186, 0.00353116518817842]

2022-04-20 21:27:26.388277