2022-04-20 22:12:17.036211

reference phi, theta, psi, translation: 132.9853677440357, -8.537735924097414e-07, 76.34363348549546, 2.865516185760498, 2.6707684993743896, 0.9517420530319214

phi,theta,psi,rot_x,rot_y,rot_z,phi_err,theta_err,psi_err
143.3552887910292,-3.0579185397180266,69.36864430507845,2.3124754428863525,2.981729030609131,1.6183615922927856,10.369921046993511,3.0579176859444344,6.974989180417012
141.73911576924246,-2.7496411991401337,66.93807367760522,2.3802759647369385,2.889554262161255,1.7452701330184937,8.753748025206761,2.7496403453665414,9.405559807890242
135.44511010945405,0.8475418623126834,62.14283008777104,2.5714290142059326,2.6779983043670654,1.949836254119873,2.45974236541835,0.8475427160862757,14.200803397724421
130.63626078279322,5.409914936016726,63.595754758205324,2.710663080215454,2.5719659328460693,1.8478105068206787,2.3491069612424837,5.409915789790318,12.747878727290136
129.26742257123095,3.4042722615590932,68.04110824742725,2.940316915512085,2.518357992172241,1.5594669580459595,3.717945172804747,3.4042731153326855,8.302525238068213
129.24250604113877,1.1167817352708107,72.87001100949125,3.075272560119629,2.5350377559661865,1.2351776361465454,3.7428617028969313,1.1167825890444032,3.473622476004209
130.45862122285953,0.14745809068412255,74.84261745311512,3.0529356002807617,2.60854172706604,1.0859270095825195,2.5267465211761646,0.14745894445771496,1.5010160323803348
130.9019551415067,0.6539995951210633,74.42896753660081,2.9973366260528564,2.610416889190674,1.1084758043289185,2.0834126025289947,0.6540004488946557,1.9146659488946511
131.39308672396567,0.5066991003065855,75.16169657038144,2.9723899364471436,2.631197929382324,1.0511579513549805,1.5922810200700326,0.5066999540801779,1.1819369151140222
131.7374648619177,0.22229678725762086,75.40885379568752,2.9463841915130615,2.6329572200775146,1.0280054807662964,1.2479028821180123,0.22229764103121327,0.9347796898079395
132.35831539709352,0.16899082210090066,75.86886703628788,2.9061009883880615,2.6536874771118164,0.9911052584648132,0.6270523469421789,0.16899167587449307,0.4747664492075785
132.66561926823073,0.03592881412209794,76.03521629352353,2.881605386734009,2.654916763305664,0.9748824834823608,0.3197484758049711,0.03592966789569035,0.30841719197192674
132.89212200148668,0.15153787703082036,76.17880736044472,2.862924575805664,2.6626455783843994,0.9630311131477356,0.09324574254901563,0.15153873080441277,0.16482612505073746
133.10768277169228,-0.0002937635933928338,76.29022140618596,2.8502161502838135,2.6655235290527344,0.9527463912963867,0.1223150276565832,0.00029290981980042405,0.05341207930949565
133.15763877528175,0.06953738177302449,76.26565321574142,2.843637704849243,2.6666252613067627,0.9537491202354431,0.17227103124605492,0.0695382355466169,0.07798026975403616
133.15716066203987,0.09775185138683828,76.32597061630182,2.84391188621521,2.669407606124878,0.9484988451004028,0.17179291800417218,0.09775270516043069,0.017662869193642905
133.16516564374712,0.05903779572477492,76.27139740483341,2.8436131477355957,2.667459726333618,0.9539199471473694,0.17979789971141713,0.059038649498367325,0.07223608066205145
133.1549886618838,-0.015577780660838996,76.29192895347846,2.8460683822631836,2.6676394939422607,0.9530413150787354,0.16962091784810696,0.015576926887246587,0.05170453201699843
133.14918300108928,0.04572376269691761,76.26949861224415,2.8457276821136475,2.6676599979400635,0.9544716477394104,0.16381525705358513,0.045724616470510016,0.0741348732513103
133.09588020480652,0.09545680350154329,76.20896947581949,2.8464062213897705,2.664520025253296,0.9578888416290283,0.11051246077082055,0.0954576572751357,0.1346640096759728
133.09650858221016,0.0653639751207767,76.27570042401051,2.8477377891540527,2.665541410446167,0.952945351600647,0.11114083817446385,0.0653648288943691,0.06793306148495049
133.10888488498622,0.059672913299216306,76.27849397138105,2.8461251258850098,2.6648948192596436,0.9532032012939453,0.12351714095052557,0.05967376707280871,0.06513951411440644
133.06448865538113,0.09397061010520766,76.30633382243802,2.848957061767578,2.6636228561401367,0.9501004219055176,0.0791209113454272,0.09397146387880007,0.03729966305743915
133.2403796868873,0.10255426586023092,76.36928767601803,2.8401715755462646,2.673316240310669,0.9463453888893127,0.2550119428516098,0.10255511963382333,0.025654190522573117
133.24883546107978,0.0715957604372915,76.2654073289313,2.837498188018799,2.670541524887085,0.9527596831321716,0.26346771704407956,0.07159661421088391,0.07822615656415621
133.29384640771016,-0.023461657169943098,76.34545031581469,2.83948016166687,2.673266887664795,0.9489704370498657,0.30847866367446386,0.023460803396350687,0.001816830319228302
133.12929349022622,0.04399488894025977,76.26553710252554,2.8451852798461914,2.666581869125366,0.9542804956436157,0.14392574619051857,0.043995742713852176,0.0780963829699175
133.05101952233787,0.06747140522095556,76.31423635130773,2.8495476245880127,2.6626741886138916,0.95034259557724,0.0656517783021684,0.06747225899454797,0.029397134187732377
133.10469114883583,0.13082939425091206,76.22696019409331,2.845212936401367,2.666116714477539,0.95540851354599,0.11932340480012726,0.13083024802450446,0.11667329140215088
133.13231243383936,0.03842134366616296,76.27333034836852,2.8446431159973145,2.6657392978668213,0.9528945088386536,0.14694468980366082,0.03842219743975537,0.0703031371269418
133.07151008984792,0.078166413962523,76.27888329216374,2.847954750061035,2.663480281829834,0.9522966146469116,0.08614234581222036,0.0781672677361154,0.06475019333171872
133.11238194184125,0.09138127511105319,76.23818219489964,2.845003366470337,2.6657328605651855,0.9560192823410034,0.12701419780555057,0.0913821288846456,0.10545129059582337
133.11538722507606,0.044416145789172586,76.2791906506764,2.84619402885437,2.665975570678711,0.9528336524963379,0.13001948104036387,0.04441699956276499,0.06444283481906155
133.1034890355419,0.1033697748251544,76.2568217811446,2.84604549407959,2.665074110031128,0.9545404314994812,0.11812129150621331,0.10337062859874681,0.08681170435086472
133.1704522101647,0.06857164482861154,76.27787925435575,2.843266725540161,2.6684927940368652,0.9529419541358948,0.18508446612901253,0.06857249860220395,0.06575423113970658
133.13330964145817,0.05834695275831926,76.23747185522595,2.8450686931610107,2.666004180908203,0.9559326767921448,0.14794189742247,0.05834780653191167,0.10616163026951142

Errors:
rotation,[20.402827913354958, 20.908948178463547, 17.50808847922905, 20.506901478322938, 15.424743526205646, 8.333266767945544, 4.175221498014214, 4.6520790003183015, 3.2809178892642326, 2.404980212957165, 1.2708104720242503, 0.6640953356725883, 0.40961059840416586, 0.17602001678587928, 0.31978953654670794, 0.28720849235824575, 0.3110726298718359, 0.23690237675235198, 0.28367474677540544, 0.340634127721929, 0.24443872855378346, 0.24833042213774073, 0.21039203828166642, 0.38322125300800625, 0.4132904878191197, 0.33375629739004287, 0.26601787187428827, 0.16252117148444872, 0.36682694422678264, 0.255670024370358, 0.22905980688005448, 0.3238476172860195, 0.2388793154221904, 0.3083036244558248, 0.31941119587092304, 0.3124513342238931]
translation,[0.07464079787699607, 0.09939228036507686, 0.1624117748154621, 0.13745678871415468, 0.14254186017596115, 0.14132618265774965, 0.12869598484421818, 0.09525228405343977, 0.07535833353929267, 0.05181595372519254, 0.02716750345185215, 0.006522442816773832, 0.004536368756975051, 0.014105952766103158, 0.017800736201518674, 0.01700113314503504, 0.01722303707243622, 0.015572482808155819, 0.015460597346308447, 0.016250787239426856, 0.01580497097905731, 0.017316640045304865, 0.016887532501651314, 0.017556453958520457, 0.019777643587343796, 0.01745873207661308, 0.016606600766645663, 0.017040406486040993, 0.016627648074250878, 0.017879805828533435, 0.01717297128701123, 0.0168856845713643, 0.01663789266833504, 0.01693629288956977, 0.017014088783337655, 0.016679830792562633]
loss,
[0.2171856015920639, 0.17699700593948364, 0.0870913714170456, 0.055541664361953735, 0.03750733286142349, 0.01967501826584339, 0.01502582710236311, 0.012171182781457901, 0.007256305776536465, 0.005513783544301987, 0.0027956857811659575, 0.0014988387702032924, 0.001625880948267877, 0.0015602016355842352, 0.001502202358096838, 0.0018056401750072837, 0.0014525777660310268, 0.0016069533303380013, 0.0015115196583792567, 0.0015762340044602752, 0.0014184595784172416, 0.001547705614939332, 0.0014795130118727684, 0.0012599255423992872, 0.0013084542006254196, 0.0017375883180648088, 0.001267560408450663, 0.0014509253669530153, 0.0015894079115241766, 0.0011798860505223274, 0.0015724645927548409, 0.0012220714706927538, 0.001297797542065382, 0.001352008432149887, 0.0017427976708859205, 0.0015514022670686245]

2022-04-20 22:21:18.331636